Tag: IT 

ID, Score, Rating, Votes, Title 
6709783, 64.2, 9.1, 16677, 浪潮之巅 
4889838, 50.5, 9.1, 2101, 鸟哥的Linux私房菜 
4010196, 56.3, 8.1, 23303, 世界因你不同 
1102259, 46.6, 8.4, 2681, 人月神话 
10546125, 48.3, 9.3, 1211, JavaScript高级程序设计（第3版） 
26665230, 38.8, 8.5, 648, 硅谷之谜 
25857804, 29.7, 8.0, 222, 硅谷百年史 
26644070, 33.0, 9.0, 160, 凤凰项目 
1786294, 29.1, 8.8, 101, C语言编程：一本全面的C语言入门教程（第三版） 
6021440, 59.6, 8.8, 12937, 黑客与画家 
4736118, 43.3, 7.9, 3026, 结网 
10799984, 39.6, 7.5, 2743, 大数据 
26835090, 30.2, 8.1, 221, 软技能 
26462816, 28.2, 8.1, 154, GitHub入门与实践 
25881855, 36.5, 8.5, 435, 大教堂与集市 
1089508, 35.7, 7.8, 846, 数字化生存 
6860890, 38.5, 8.3, 757, 黑客 
3852290, 40.5, 9.0, 508, 现代操作系统（第3版） 
4789228, 36.1, 8.7, 338, In The Plex 
1998341, 30.1, 9.1, 95, 计算机系统要素 
1108725, 39.5, 8.2, 1028, 人件 
26268767, 31.2, 8.6, 166, Wireshark网络分析就这么简单 
4031906, 38.9, 8.9, 438, 冒号课堂 
26765979, 22.2, 8.8, 34, 架构即未来：现代企业可扩展的Web架构、流程和组织(原书第2版) 
24335672, 36.7, 7.4, 1772, 淘宝技术这十年 
6862062, 33.4, 8.6, 237, 持续交付 
25908079, 38.8, 8.5, 646, 新经济，新规则 
4163938, 47.5, 8.7, 2110, 软件随想录 
25884108, 31.4, 8.1, 270, 程序员的呐喊 
1132623, 32.8, 8.4, 261, 成为技术领导者 
3360807, 46.1, 9.1, 1084, Effective java 中文版（第2版） 
5432475, 31.7, 8.7, 167, 穿越计算机的迷雾 
4006425, 39.0, 7.7, 1811, 我是一只IT小小鸟 
6756090, 40.1, 8.4, 902, 松本行弘的程序世界 
24749903, 31.6, 8.3, 231, 世界是数字的 
3319935, 42.6, 8.2, 1757, 走出软件作坊 
21632268, 26.7, 7.6, 187, 数字乌托邦 
4164024, 39.2, 8.2, 965, 高效程序员的45个习惯 
25752043, 44.8, 8.7, 1378, 信息简史 
10561367, 33.7, 8.1, 409, Head First Python（中文版） 
6966465, 36.3, 8.4, 467, 剑指Offer 
2130190, 51.9, 9.1, 2591, Java编程思想 （第4版） 
4822685, 48.9, 9.2, 1479, 编码 
4860526, 36.4, 7.5, 1441, 乔布斯的魔力演讲 
20471120, 38.2, 7.5, 2089, 打造Facebook 
26710788, 21.7, 8.6, 35, wireshark网络分析艺术 
1966719, 33.6, 8.6, 247, Founders at Work 
26340695, 23.0, 9.2, 31, 三位一体 
24536403, 33.9, 7.7, 680, 代码的未来 
4199741, 40.9, 8.5, 920, 代码整洁之道 
2000732, 41.8, 8.8, 765, Head First Java（第二版·中文版） 
1205456, 32.2, 7.8, 439, 未来之路 
3816827, 42.9, 8.2, 1869, 沸腾十五年 
4253716, 35.9, 9.5, 168, Unix &amp; Linux大学教程 
10750155, 55.2, 8.7, 7415, 数学之美 
3227098, 50.0, 9.2, 1734, 编程珠玑 
4058336, 34.0, 8.2, 387, 项目管理修炼之道 
10432364, 31.7, 8.1, 287, 奇思妙想 
1072313, 22.5, 7.7, 76, 硅谷之火 
24533314, 19.4, 8.6, 24, HTML5 Canvas核心技术 
25856314, 32.2, 8.8, 166, Web性能权威指南 
25723064, 36.2, 7.9, 814, 大型网站技术架构 
26368668, 22.3, 8.6, 39, 编程导论 
26598045, 26.3, 7.5, 194, Web全栈工程师的自我修养 
21372237, 31.5, 8.4, 210, 极客与团队 
26419762, 25.2, 8.2, 83, 成为技术领导者 
1139336, 56.6, 9.4, 3629, C程序设计语言 
26897884, 24.8, 8.0, 91, 智能主义 
1152111, 46.4, 8.6, 2007, 程序员修炼之道 
1723351, 22.2, 9.1, 29, 软件工程的事实与谬误 
1445661, 29.6, 8.3, 166, 软件测试的艺术 
24740308, 37.8, 9.2, 284, 浪潮之巅（下册） 
5401859, 32.3, 8.3, 263, 门后的秘密 
26369253, 12.2, 7.4, 12, 图解服务器端网络架构 
6790578, 24.5, 8.2, 74, 总开关 
26590145, 17.6, 7.5, 34, python黑帽子 
3652388, 47.0, 8.8, 1739, 程序员的自我修养 
10779571, 24.2, 7.8, 96, 金领简历 
1148282, 51.9, 9.5, 1659, 计算机程序的构造和解释 
1477390, 54.9, 9.3, 3200, 代码大全（第2版） 
11614538, 37.6, 8.7, 431, 程序员的职业素养 
5376270, 29.4, 8.9, 99, 调试九法 
1230413, 54.6, 9.5, 2437, 深入理解计算机系统 
3360866, 33.5, 8.6, 244, JAVA核心技术卷2 
3699395, 35.1, 7.9, 665, 观止-微软创建NT和未来的夺命狂奔 
3215423, 31.9, 7.5, 588, IT不再重要 
10746113, 42.8, 8.7, 1003, HTTP权威指南 
21792530, 32.6, 8.2, 303, 编写可维护的JavaScript 
1864527, 36.5, 9.2, 233, Oracle 9i &amp; 10g编程艺术 
4875599, 30.7, 8.7, 141, C++程序设计原理与实践 
25981248, 24.0, 7.5, 121, 程序员健康指南 
26265544, 32.6, 9.1, 140, 图解密码技术 
26284938, 22.3, 9.0, 31, Automate the Boring Stuff with Python 
1231972, 35.3, 8.1, 547, 最后期限 
10793814, 27.5, 8.7, 84, 黑客攻防技术宝典（第2版） 
4214837, 32.2, 8.1, 316, 苹果往事 
2350559, 17.9, 8.3, 22, The Science of Programming 
5388602, 25.3, 8.1, 91, 物联网导论 
25965995, 35.2, 8.5, 355, 构建之法 
3267945, 40.3, 7.9, 1730, 疯狂的程序员 
2185076, 30.6, 8.9, 120, 计算机系统概论 
1853323, 48.0, 7.9, 7198, 圈子圈套2 
5948760, 42.8, 8.8, 889, A Byte of Python 
26285268, 26.4, 7.4, 218, 第一本Docker书 
1767741, 55.7, 9.2, 4051, C++ Primer 中文版（第 4 版） 
1031341, 34.7, 7.6, 909, 联想风云 
1921558, 30.2, 7.4, 477, 华为的世界 
26875239, 27.4, 9.3, 56, SRE 
26851260, 11.7, 7.4, 11, 极简设计 
24739213, 39.5, 9.1, 397, 浪潮之巅（上册） 
5355285, 36.9, 8.4, 518, 编程人生 
1176933, 25.6, 8.0, 105, 探索需求 
1474667, 35.0, 7.9, 655, 搜 
5954810, 30.9, 8.0, 274, 项目百态 
1467587, 49.2, 9.0, 1951, UNIX编程艺术 
6511603, 26.3, 7.3, 242, 十亿美金的教训 
4924164, 34.2, 8.3, 364, 软件开发者路线图 
19952400, 41.2, 9.4, 392, 算法（第4版） 
10797189, 39.7, 8.6, 668, 编写可读代码的艺术 
25854872, 27.4, 7.3, 301, 算法帝国 
26419771, 21.0, 9.4, 21, 数据库索引设计与优化 
10545193, 26.2, 7.5, 189, IT创业疯魔史 
4803982, 26.7, 7.8, 154, 团队之美 
24529132, 29.1, 7.7, 270, 改变未来的九大算法 
7056800, 42.9, 9.5, 461, Ruby元编程 
1774940, 30.4, 7.8, 311, 修炼 
26871829, 11.1, 7.3, 10, 区块链革命 
1879670, 33.5, 7.3, 1069, 撬动地球的Google 
4818689, 26.1, 8.4, 84, 探索式软件测试 
3590768, 47.8, 9.1, 1397, JavaScript语言精粹 
26663519, 25.0, 7.5, 149, MacTalk 跨越边界 
1152971, 46.3, 9.0, 1238, DOOM启世录 
25943598, 24.0, 7.5, 122, 埃隆·马斯克传 
5914587, 49.7, 8.5, 3969, 启示录 
7007204, 25.7, 7.4, 188, 编程大师访谈录 
5978700, 21.8, 8.3, 43, I&#39;m Feeling Lucky 
1391207, 40.6, 8.8, 627, 计算机网络（第4版） 
6851207, 24.8, 7.6, 129, 新机器的灵魂 
10484692, 40.7, 9.0, 524, Java并发编程实战 
25927585, 28.1, 8.0, 166, 代码之髓 
26652166, 19.6, 8.0, 35, 写给程序员的数据挖掘实践指南 
6758780, 32.5, 8.1, 330, 大规模Web服务开发技术 
25826578, 33.2, 7.1, 1369, MacTalk 人生元编程 
4923179, 34.7, 7.9, 619, 我编程，我快乐 
6901098, 19.1, 8.3, 27, The Idea Factory 
3004255, 46.9, 8.4, 2843, 编程之美 
3042029, 31.2, 8.5, 181, Linux系统管理技术手册 
24744419, 24.6, 7.7, 114, 大数据时代的历史机遇——产业变革与数据科学 
4743056, 31.5, 8.1, 275, 用户故事与敏捷方法 
3671502, 28.5, 7.6, 267, 大话通信 
11442031, 24.5, 7.3, 164, 编程ING 
1273942, 21.7, 7.5, 76, 惠普之道 
2044286, 31.6, 7.9, 346, 中国的新革命 
1786651, 26.5, 8.0, 124, 我与商业领袖的合作与冲突 
3142280, 36.3, 7.9, 829, 梦断代码 
6954094, 20.5, 7.1, 87, 互联网创业启示录 
5343318, 26.6, 8.3, 98, 研磨设计模式 
26860970, 12.2, 7.8, 10, 区块链 
26630833, 30.3, 8.1, 224, 电商数据化运营 
25815142, 34.0, 9.0, 186, 游戏引擎架构 
26541801, 39.1, 7.9, 1408, 增长黑客 
1801050, 30.3, 7.9, 275, 软件测试 
5313010, 45.4, 7.9, 4493, Facebook效应 
19930393, 23.6, 9.0, 38, 老码识途 
1139426, 46.0, 8.9, 1322, 数据结构与算法分析 
4076215, 27.8, 9.1, 67, Oracle性能诊断艺术 
4275054, 29.2, 6.9, 762, 网民的狂欢 
2243615, 51.6, 9.2, 2212, Head First 设计模式（中文版） 
25954934, 24.3, 7.4, 142, 缔造企鹅 
2248759, 31.4, 8.2, 245, 修改代码的艺术 
5334585, 27.3, 8.1, 130, Scrum敏捷软件开发 
24284785, 25.6, 7.5, 168, 金融e时代 
5372651, 42.5, 8.3, 1532, 程序员的思维修炼 
26425227, 20.5, 8.6, 29, How Music Got Free 
25768396, 39.7, 8.7, 604, 深入浅出Node.js 
4866934, 39.2, 7.9, 1413, Python基础教程 
5362856, 38.7, 8.9, 421, 高性能JavaScript 
1885170, 58.1, 9.4, 4547, 算法导论（原书第2版） 
25863515, 37.2, 8.1, 767, 图解HTTP 
25918029, 22.6, 7.8, 71, Linux就是这个范儿 
6967574, 22.5, 8.3, 48, 死亡之旅 
3784712, 31.5, 7.9, 343, 网络江湖三十六计 
20502598, 23.2, 7.9, 73, IT项目经理成长手记 
24530471, 12.2, 7.4, 12, 软件系统架构 
10789820, 32.3, 7.5, 641, Node.js开发指南 
10779534, 30.4, 8.3, 189, Think Python 
4848587, 30.8, 7.7, 374, 分布式Java应用 
3558788, 36.8, 8.0, 801, 卓有成效的程序员 
6721224, 28.9, 8.1, 174, 为什么中国没出Facebook 
26022847, 23.5, 8.6, 47, 精通AngularJS 
1470267, 25.5, 9.4, 40, The Elements of Programming Style, 2nd Edition 
1130500, 41.2, 9.3, 429, 计算机程序设计艺术（第1卷） 
1171841, 23.6, 8.2, 63, 网络游戏开发 
1037303, 28.1, 7.9, 183, 游向彼岸 
24868904, 29.6, 8.2, 181, 高效能程序员的修炼 
7055340, 30.3, 9.0, 106, 深入理解C#（第2版） 
3288728, 26.0, 8.7, 66, 设计模式 
1052241, 51.6, 9.1, 2472, 设计模式 
3354490, 37.4, 8.4, 563, MySQL必知必会 
4050757, 28.6, 7.9, 198, 免费文化 
26432720, 18.8, 7.8, 35, 高效团队开发 
25848344, 16.9, 7.9, 23, 图解CIO工作指南（第4版） 
26241601, 15.6, 8.0, 17, 响应式Web设计全流程解析 
1228179, 23.1, 8.6, 44, 软件需求 
24713754, 22.7, 9.0, 33, 汪博士解读PMP考试 
5338024, 34.0, 8.5, 288, 与孩子一起学编程 
3529767, 21.2, 7.6, 64, 游戏设计基础 
25866380, 26.9, 8.1, 121, 互联网思维的企业 
6087548, 23.1, 7.5, 102, 大话存储Ⅱ 
26702824, 17.1, 7.0, 45, 分布式服务框架：原理与实践 
4723970, 45.1, 7.7, 5885, 人人都是产品经理 
1475470, 31.7, 8.3, 236, 仍然不足够 
25861795, 30.1, 7.4, 464, 重来2 
1232061, 40.8, 8.7, 726, JAVASCRIPT权威指南(第四版) 
26274202, 34.1, 8.7, 245, Flask Web开发：基于Python的Web应用开发实战 
1186901, 29.6, 8.4, 150, 代码 
1173548, 39.4, 9.0, 427, 程序设计实践 
3264684, 26.0, 7.6, 165, 新数字秩序的革命 
25928983, 41.8, 7.6, 3649, 周鸿祎自述 
1106304, 34.0, 7.9, 546, Borland传奇 
4901568, 20.6, 8.3, 35, 搜索引擎技术基础 
26852057, 19.6, 7.6, 47, Python Web开发实战 
25934516, 16.3, 7.5, 26, 单元测试的艺术（第2版） 
6965746, 42.2, 8.2, 1634, 科技想要什么 
1788421, 52.6, 9.4, 2037, UNIX环境高级编程 
25972633, 15.6, 6.0, 87, 大型分布式网站架构设计与实践 
10546925, 37.4, 8.2, 703, 白帽子讲Web安全 
26831424, 14.5, 6.6, 34, 区块链：定义未来金融与经济新格局 
25829182, 13.2, 7.5, 14, 探索吧！深入理解探索式软件测试 
25959139, 19.3, 7.6, 44, Java特种兵（上册） 
24316255, 27.4, 7.8, 177, Go Web编程 
4719162, 37.9, 8.9, 372, 高性能网站建设进阶指南 
5360749, 21.6, 7.2, 99, It Girl好感度100分 
25910544, 27.5, 7.6, 218, 编写高质量代码：改善Python程序的91个建议 
1193565, 37.7, 8.6, 485, Word排版艺术 
10583161, 26.6, 8.4, 91, Linux入门很简单 
1395496, 28.6, 9.3, 67, Joel on Software 
4999476, 23.2, 8.1, 63, 软件人才管理的艺术 
2046281, 29.4, 7.4, 402, 大道至简 
2377310, 49.9, 9.2, 1709, C专家编程 
10588021, 38.4, 8.0, 1078, 技术元素 
24250054, 35.3, 8.5, 357, SQL必知必会 
11620809, 30.1, 8.3, 180, 精益开发实战 
11530329, 32.3, 8.4, 237, 30天自制操作系统 
3567853, 44.2, 9.0, 899, Getting Real 
1019155, 30.8, 8.5, 170, 小沃森自传 
6424904, 36.4, 8.0, 742, 大话数据结构 
25800026, 25.7, 7.1, 269, 移动风暴 
1395123, 32.3, 8.0, 353, 乐者为王 
25808614, 20.0, 6.5, 149, 互联网金融 
25735333, 24.7, 8.1, 83, 自制编程语言 
3132277, 41.5, 8.6, 906, 高性能网站建设指南 
6963066, 15.2, 8.0, 16, Google總部大揭密 
4187479, 26.3, 8.7, 70, 完美软件 
1141154, 32.4, 8.4, 242, 程序开发心理学 
1758235, 33.5, 9.3, 137, Linear Algebra and Its Applications, 4e 
6559158, 20.8, 7.2, 83, 项目经理应该知道的97件事 
3924175, 43.2, 8.6, 1182, 构建高性能Web站点 
26331204, 17.5, 8.0, 24, 我读管理经典 
20444115, 17.2, 7.6, 29, 新物种起源 
4719230, 27.9, 7.5, 266, 编程之魂 
6003832, 25.7, 7.9, 116, 软件框架设计的艺术 
6860558, 32.2, 7.2, 951, 一只iPhone的全球之旅 
25957954, 18.0, 7.7, 32, Zabbix企业级分布式监控系统 
6920100, 35.3, 7.6, 1023, 20个月赚130亿 
24737847, 23.1, 7.3, 122, 七周七数据库 
5345682, 34.9, 8.1, 512, Maven实战 
26826933, 11.8, 6.5, 19, 区块链将如何重新定义世界 
1323748, 23.1, 7.8, 78, 微软的秘密 
4191517, 22.3, 7.0, 142, 云计算 
3776720, 27.3, 7.4, 265, 就这么做产品 
20560942, 21.4, 8.3, 40, 深入理解计算机网络 
4065258, 31.9, 8.8, 158, 算法：C语言实现 
21966356, 33.6, 8.1, 402, 沃兹传 
1595292, 19.3, 7.7, 41, 知识英雄 2.0 
1480239, 21.5, 7.9, 54, GPU精粹 
26593127, 20.4, 7.2, 76, 可视化未来 
1236778, 25.3, 8.2, 84, 开源软件文集 
1011731, 36.2, 9.0, 261, 信息规则 
25894685, 31.0, 8.1, 252, 啊哈!算法 
5431184, 23.1, 7.3, 123, 谁偷了MySpace 
20471318, 19.4, 6.4, 144, 驾驭大数据 
1138768, 38.4, 8.6, 543, 深入Java虚拟机(原书第2版) 
25883177, 12.7, 7.2, 15, 流程的永恒之道 
2071057, 26.6, 7.7, 165, PHP程序设计 
4722708, 29.2, 7.9, 222, 系统程序员成长计划 
6989995, 23.2, 8.7, 42, 嵌入式系统开发之道 
4031899, 23.1, 7.1, 153, 一线架构师实践指南 
2970300, 35.1, 7.9, 671, 计算机网络 
4935377, 21.7, 6.6, 200, 黑莓帝国 
26578004, 15.5, 8.1, 16, Two Scoops of Django 
7006719, 33.3, 8.1, 381, 这就是搜索引擎 
24693051, 22.7, 7.5, 93, 大数据的冲击 
25923638, 16.0, 6.6, 49, 大话移动APP测试：Android与 iOS应用测试指南 
4195531, 32.6, 8.4, 249, 超越对手 
1128908, 22.9, 8.1, 60, 完美商店 
10746257, 20.2, 7.4, 62, 软件架构师的12项修炼 
4881987, 31.8, 7.7, 454, 编写高质量代码 
1007738, 29.3, 8.4, 144, 快速软件开发 
6962113, 17.8, 8.1, 24, Python for Kids 
10793898, 23.2, 7.9, 73, 精彩绝伦的CSS 
1797269, 16.4, 7.9, 21, 知识英雄 
5939015, 18.3, 7.3, 45, 互联网的未来 
6121205, 21.8, 8.1, 49, 无界 
4019512, 32.6, 7.0, 1386, 正在爆发的互联网革命 
3012601, 29.9, 8.3, 173, SQL语言艺术 
1002310, 26.0, 6.8, 419, 走出华为 
3650828, 25.0, 7.4, 164, 云攻略 
3352459, 26.0, 7.1, 285, 星球Google 
1036413, 38.0, 9.0, 347, 密码故事 
4062233, 25.7, 7.3, 211, 华为研发 
7564417, 32.7, 7.7, 535, Linux/Unix设计思想 
4249686, 26.5, 7.6, 180, 算法之道 
5346169, 23.9, 8.6, 50, 海量数据库解决方案 
6809087, 24.9, 7.2, 198, 大话处理器 
10555435, 36.2, 8.1, 637, 七周七语言 
24696924, 18.9, 6.9, 74, 一个程序员的奋斗史 
21241209, 20.2, 7.6, 53, 硅谷之光 
6806862, 35.5, 9.2, 199, The Linux Command Line 
3729677, 34.9, 8.1, 505, MySQL性能调优与架构设计 
26366419, 19.9, 8.3, 31, 软件随想录 卷1 
20440954, 17.9, 7.2, 45, 云计算 
6526452, 33.6, 8.1, 403, Git权威指南 
1769687, 16.9, 7.7, 26, The Art of Software Testing, Second Edition 
1106248, 30.0, 7.3, 516, Java夜未眠 
19949020, 30.0, 7.2, 592, 程序员的数学 
3117898, 39.9, 8.7, 621, Python源码剖析 
10591096, 31.7, 8.5, 198, 正则指引 
2985736, 21.0, 8.2, 40, 信息改变了美国 
3296317, 43.0, 9.1, 676, 编译原理 
2338446, 22.8, 8.6, 42, 深入浅出PMP 
3253845, 26.5, 8.6, 77, Head First PHP &amp; MySQL 
25790070, 32.1, 7.4, 704, 移动的帝国 
1071093, 19.2, 7.4, 50, 黑客伦理与信息时代精神 
4914146, 24.1, 7.1, 189, 大巧不工 
5291100, 17.6, 6.3, 103, It Girl时尚品位100分 
3519360, 30.1, 7.5, 413, Shell脚本学习指南 
26382780, 31.7, 9.1, 121, JavaScript设计模式与开发实践 
1029781, 25.5, 7.5, 163, 硅谷商战 
1088718, 18.4, 7.4, 43, 上帝与拉里.埃里森的不同 
7007666, 34.5, 7.2, 1545, 认知盈余 
5951422, 22.0, 8.0, 55, Learning Android 
1503819, 39.1, 8.7, 549, Linux内核设计与实现 
3265691, 28.7, 8.6, 110, 软件需求最佳实践 
25906749, 24.1, 8.2, 68, The Innovators 
22190840, 22.5, 8.4, 45, iOS 6编程实战 
4185489, 28.3, 6.7, 841, 壹百度 
1102235, 38.5, 8.4, 682, 机器学习 
11577300, 27.7, 7.1, 411, Go语言编程 
1012253, 20.1, 7.4, 61, 极客与怪杰 
1498757, 32.4, 8.2, 294, The Art of Deception 
25814870, 16.2, 7.9, 20, 3D打印 
4861648, 15.9, 7.5, 24, SQL注入攻击与防御 
1229968, 19.4, 8.7, 23, 罗彻斯特城堡 
25880845, 19.4, 7.5, 48, 程序员的修炼 
4927826, 13.5, 7.6, 14, 敏捷项目管理 
1062827, 39.5, 9.1, 398, 信号与系统 
1241385, 38.9, 8.9, 439, More Effective C++中文版 
6533251, 19.9, 6.5, 144, X光下看腾讯 
20366373, 24.0, 7.4, 135, 永无止境 
3376907, 36.6, 7.8, 995, 思科九年 
10522003, 39.2, 8.3, 861, 艾伦·图灵传 
3890177, 19.4, 7.7, 42, 万维网的定律 
5998157, 22.7, 7.7, 78, 人人都有好工作 
1441780, 35.7, 8.1, 583, 游戏之旅 
1996256, 38.6, 9.2, 318, Algorithms 
1723151, 37.9, 8.8, 413, Linux设备驱动程序 
20644893, 19.9, 6.1, 252, O2O 
7162014, 21.5, 8.0, 50, HTML5 Canvas基础教程 
1232071, 34.6, 8.5, 322, 如何求解问题 
4199336, 24.1, 7.0, 212, 百度那些人和事 
6862061, 34.0, 9.2, 161, 计算机科学概论（第11版） 
1812186, 22.4, 6.9, 162, 连线 
3793884, 34.4, 7.6, 855, 轻公司 
1898098, 40.3, 8.4, 932, 精通CSS 
1917706, 29.2, 8.0, 203, 重构与模式 
3288908, 45.9, 9.0, 1164, 集体智慧编程 
5259531, 22.7, 6.8, 196, 被谷歌 
1471662, 25.6, 7.5, 166, GOOGLE HACKS 
1087767, 37.8, 9.1, 307, TCP/IP详解 卷2：实现 
1319751, 38.7, 8.6, 569, C++Primer Plus 
5324552, 18.7, 8.0, 30, 实战无线通信应知应会 
26606473, 12.0, 7.7, 10, 深度实践KVM 
2013757, 23.3, 7.9, 75, 电子商务管理视角 
1060517, 14.6, 7.9, 15, 地区优势 
1313040, 22.6, 7.7, 77, 再造宏碁 
1470842, 26.9, 8.4, 95, Exceptional C++ Style中文版 
4111350, 20.7, 7.2, 82, Android基础教程 
4114150, 23.2, 7.0, 174, 虚拟化与云计算 
2226913, 29.3, 8.5, 133, C语言核心技术 
5320866, 50.4, 8.3, 5941, 重来 
1782316, 18.4, 8.3, 24, Concepts, Techniques, and Models of Computer Programming 
4088038, 39.3, 8.9, 467, Perl语言入门 
1801383, 21.0, 7.7, 57, IT咨询指南 
5253765, 20.5, 6.9, 105, 高效人士的116个IT秘笈 
24750332, 12.5, 7.1, 15, WebGL入门指南 
25747269, 31.8, 7.7, 454, 颠覆医疗 
3224524, 32.7, 7.8, 482, 代码之美 
2994636, 28.5, 7.5, 298, 计算机组成原理 
1827702, 51.9, 8.5, 5678, 点石成金 
24851357, 19.3, 7.1, 66, 程序员，你伤不起 
26208613, 15.3, 7.9, 17, 黑客简史：棱镜中的帝国 
4232093, 23.2, 8.3, 55, 黑客大曝光（第6版） 
25866394, 12.3, 6.6, 20, 软件定义网络 
24738301, 24.5, 7.5, 133, 深入理解C++11 
4210586, 21.4, 8.1, 46, Java消息服务 
25919428, 18.2, 7.1, 52, 图解网络硬件 
25897253, 17.2, 7.2, 39, 互联网创业原创精品-互联网创业密码 
2970338, 20.2, 8.1, 37, 思科网络技术学院教程CCNA 1网络基础 
6838110, 29.2, 7.5, 347, YES！产品经理（上、下册） 
25981760, 15.4, 6.7, 39, 自然计算：DNA、量子比特和智能机器的未来 
26135794, 28.3, 8.4, 122, 不敢止步 
2154713, 44.0, 8.9, 968, 精通正则表达式 
3216811, 23.6, 8.4, 55, SOA实践指南 
1476966, 24.0, 7.1, 185, 互联网商规11条 
2980249, 25.5, 9.4, 40, Microsoft SQL Server 2005技术内幕：T-SQL查询 
4828875, 34.5, 8.6, 287, Python Cookbook 
19934150, 30.5, 7.7, 354, 大数据 
1139244, 22.8, 6.8, 199, 编程高手箴言 
3234692, 38.9, 8.7, 532, 编程珠玑II 
1984936, 18.3, 7.6, 36, Smart and Gets Things Done 
3636082, 17.9, 8.0, 26, Linux Networking Cookbook（中文版） 
6978720, 15.1, 6.9, 31, 完美网页的视觉设计法则 
20365163, 34.9, 7.7, 816, 创客 
4719159, 28.2, 8.6, 102, Windows内核原理与实现 
24867990, 15.7, 7.5, 23, ASP.NET MVC 4 Web编程 
2305250, 22.0, 8.5, 39, 游戏编程精粹6 
1085729, 20.0, 7.1, 77, IT史记1 
2193687, 27.4, 8.2, 123, HTML XHTML CSS 基础教程（第6版） 
1436134, 33.1, 8.9, 176, 算法引论 
1096216, 37.4, 8.8, 376, C++语言的设计和演化 
1216773, 18.3, 7.0, 59, Web数据挖掘:将客户数据转化为客户价值 
26108604, 13.7, 5.9, 57, 进化 
4184775, 23.8, 6.6, 331, 企鹅凶猛 
4263333, 23.7, 7.0, 192, 我在华为的日子 
25837646, 15.8, 7.4, 25, 逆袭大学 
3290016, 25.1, 7.3, 188, 互联网时代的软件革命 
3932520, 40.4, 7.5, 3255, 免费 
1041679, 19.3, 7.4, 51, 联想为什么 
1801393, 15.9, 7.1, 32, 人机交互 
23018926, 13.3, 6.8, 22, 从菜鸟到测试架构师 
2076710, 25.0, 7.4, 166, 软件架构设计 
3120034, 24.7, 7.5, 140, JavaScript王者归来 
1214074, 32.5, 7.9, 414, Java与模式 
2248414, 20.4, 8.5, 30, 游戏编程精粹5 
1215826, 35.3, 8.3, 436, Essential C++中文版 
3735649, 37.1, 8.8, 360, Orange&#39;S:一个操作系统的实现 
1391740, 40.8, 8.4, 1014, 逻辑的引擎 
6382788, 17.8, 6.2, 123, 云计算核心技术剖析 
4746407, 30.9, 8.5, 173, 深入PHP 
26387551, 20.3, 5.8, 465, 互联网+ 
1787855, 28.2, 9.3, 63, Programming From The Ground Up 
14267904, 26.0, 8.2, 95, 算法精解 
26740503, 24.5, 7.9, 94, Python网络数据采集 
1929984, 34.8, 8.4, 367, 数据库系统概念 
6793130, 23.7, 8.0, 75, 黑客江湖1 
3186371, 17.9, 8.0, 26, 竞争力的探求 
6854527, 22.6, 7.7, 77, 微公司，我第一！ 
3329887, 33.2, 8.6, 232, Ruby编程语言 
4170079, 19.7, 7.8, 41, 精益和敏捷开发大型应用指南 
5394309, 48.9, 8.4, 3961, 简约至上 
26803935, 11.1, 5.7, 32, 区块链 
1792387, 33.0, 8.2, 325, UML和模式应用 
4937268, 18.2, 7.1, 52, 并发的艺术 
4287404, 23.3, 7.9, 75, Web编程入门经典 
4714009, 23.7, 6.6, 327, 谷歌小子 
3012360, 45.3, 9.0, 1067, C和指针 
6068947, 32.5, 7.6, 584, MongoDB权威指南 
26230343, 13.4, 6.4, 31, Python网络编程攻略 
3082278, 33.2, 8.8, 195, JavaScript DOM高级程序设计 
6849800, 24.7, 8.2, 76, C++反汇编与逆向分析技术揭秘 
26586598, 26.0, 8.8, 62, 性能之巅 
1435554, 31.5, 8.9, 137, 计算机科学概论 
1119904, 36.6, 8.9, 305, C++设计新思维 
4326057, 45.9, 8.9, 1303, Excel图表之道 
1837608, 25.2, 7.8, 117, Java面向对象编程 
2297549, 46.4, 8.2, 3451, 用户体验的要素 
11530748, 29.0, 8.2, 161, Android开发精要 
25880219, 14.9, 6.6, 38, Python开发实战 
5379664, 38.6, 7.6, 1929, 浅薄 
1473329, 32.5, 8.4, 247, Java解惑 
4076216, 37.9, 8.0, 976, 锦绣蓝图 
2345964, 36.4, 8.5, 434, 超越CSS 
10545050, 18.0, 7.9, 28, 硅谷中关村人脉网络 
3794471, 36.3, 8.1, 658, 锋利的jQuery 
1921361, 27.7, 6.8, 624, 谁认识马云 
10765766, 13.3, 7.3, 16, 软件性能测试过程详解与案例剖析 
3561971, 16.5, 6.5, 62, 系统集成项目管理工程师教程 
3049700, 21.7, 7.4, 84, ACM图灵奖 
4818685, 16.7, 6.8, 49, 架构实战 
3393767, 22.2, 8.1, 53, 深入解析Oracle 
2308234, 37.0, 8.5, 480, CSS权威指南（第三版） 
5375620, 58.8, 8.8, 11221, 失控 
6709809, 54.3, 8.4, 9917, 暗时间 
1038662, 20.9, 8.1, 42, 我看英特尔：华裔副总裁的现身说法 
2038779, 26.8, 7.8, 157, 版本控制之道 
6558082, 12.9, 7.4, 14, 网络攻防技术与实践 
3907181, 24.7, 8.0, 89, LINUX系统编程 
5040112, 19.0, 7.4, 48, Java Web开发实战经典（基础篇） 
11527017, 29.2, 8.2, 168, 你早该这么玩Excel-II 
6847455, 24.1, 8.0, 80, 高可用MySQL 
2035459, 11.1, 7.3, 10, 数据库设计入门经典 
6002211, 13.8, 6.8, 25, 华尔街狂人 
6723066, 36.6, 7.1, 2824, 乔布斯传 
2178611, 13.8, 6.9, 23, 软件测试工程师面试指导 
6075127, 16.8, 6.3, 83, 程序员成长路线图 
25748470, 14.2, 6.8, 27, 互联网产品之美 
2296343, 17.7, 8.3, 21, Reversing 
1781451, 40.7, 8.7, 715, JAVA 2核心技术 卷Ⅰ 
20406711, 12.5, 7.0, 16, 张成功项目管理记 
2797855, 12.7, 7.6, 12, Credit Risk Scorecards 
3078298, 28.2, 8.0, 168, Linux操作系统之奥秘 
3246500, 23.7, 7.6, 104, 天书夜读 
21329264, 28.1, 7.2, 397, 谁是谷歌想要的人才 
20172479, 16.8, 7.6, 27, 秩序之美 
3687100, 14.6, 7.3, 21, 数据重现 
2257609, 48.2, 8.0, 6381, 圈子圈套3 
6041346, 18.6, 6.9, 68, 网站搜索设计 
6776309, 16.9, 7.9, 23, HTML、XHTML、CSS与JavaScript入门经典 
4201514, 18.6, 7.5, 41, 精通Hibernate（第2版） 
