Tag: 三毛 

ID, Score, Rating, Votes, Title 
1361264, 70.7, 9.0, 53326, 撒哈拉的故事 
1029111, 65.8, 8.9, 28987, 哭泣的骆驼 
3054373, 51.7, 9.2, 2237, 荷西 我爱你 
1036490, 60.1, 8.8, 13991, 万水千山走遍 
21346636, 53.3, 9.4, 2279, 三毛典藏全集 
2136140, 59.1, 8.7, 13735, 雨季不再来 
2068249, 58.0, 9.0, 7462, 温柔的夜 
3713237, 54.9, 8.8, 6118, 亲爱的三毛 
3607117, 57.1, 8.9, 7535, 稻草人手记 
3698390, 52.3, 8.6, 5290, 送你一匹马 
3723589, 52.2, 8.6, 5197, 滚滚红尘 
1760548, 57.7, 9.2, 5526, 三毛作品集 
25803923, 39.2, 7.9, 1416, 你是我不及的梦 
1013801, 51.7, 8.8, 3658, 倾城 
1065239, 53.4, 8.5, 7298, 我的宝贝 
1037716, 48.6, 8.7, 2554, 我的灵魂骑在纸背上 
1082369, 47.8, 8.4, 3289, 滚滚红尘 
1082399, 55.8, 8.6, 9464, 闹学记 
1291079, 26.0, 8.8, 62, 剎那時光(譯作) 
5417810, 42.7, 8.2, 1789, 三毛1943-1991 
1313317, 43.8, 8.4, 1682, 三毛私家相册 
1382836, 50.9, 8.7, 3680, 傾城 
3759808, 47.1, 8.6, 2261, 流星雨 
1382840, 50.0, 8.7, 3157, 背影 
26416549, 30.4, 8.3, 188, 兰屿之歌 清泉故事 
2073521, 48.8, 9.2, 1453, 三毛全集 
1061572, 46.4, 8.5, 2293, 随想 
1050870, 52.1, 9.3, 2127, 三毛经典作品（上下） 
1382829, 50.4, 8.6, 3883, 萬水千山走遍 
1082414, 43.4, 8.6, 1240, 我的快乐天堂 
1082415, 43.2, 8.2, 1948, 谈心 
4741362, 30.4, 9.3, 88, 三毛·撒哈拉之恋 
1382833, 47.4, 8.4, 3093, 送你一匹馬 
1033347, 45.3, 8.7, 1478, 高原的百合花 
5501097, 33.4, 7.5, 793, 三毛的最后一封信 
1382832, 37.6, 8.7, 433, 我的快樂天堂 
1820623, 31.9, 7.6, 523, 美丽与哀愁-一个真实的三毛 
2137727, 33.3, 8.4, 281, 三毛 昨日、今日、明日 
3041293, 27.5, 8.7, 85, 三毛说书（有声书） 
1389906, 44.3, 8.6, 1430, 我的寶貝 
3290172, 30.5, 8.7, 137, 送你一匹马 
1351536, 29.3, 9.2, 79, 娃娃看天下（全集1） 
5261221, 11.1, 4.9, 104, 三毛之谜 
20444211, 17.3, 6.1, 122, 撒哈拉的眼泪 
2268814, 30.9, 8.8, 135, 倾城 
3041306, 29.8, 8.7, 122, 闹学记 
3182452, 30.2, 8.9, 112, 闹学记 
3041280, 29.4, 8.8, 107, 随想 
3041300, 27.4, 8.5, 97, 我的宝贝 
3290157, 30.4, 9.0, 108, 温柔的夜 
1450271, 24.5, 8.3, 68, 凄美的欢颜 
3738140, 36.0, 9.3, 200, 三毛流浪记全集 
1792257, 34.7, 9.2, 177, 三毛流浪记 
1723594, 29.7, 9.3, 79, 三毛作品选（台湾文学丛书） 
2378247, 26.5, 8.3, 96, 我的宝贝 
1856940, 23.8, 8.8, 44, 三毛经典作品集续编——走出寂寞 
1948777, 28.7, 8.6, 111, 雨季不再来 
3144474, 27.1, 9.1, 61, 万水千山走遍 
3041308, 20.8, 8.4, 34, 阅读大地（有声书） 
3041272, 27.4, 8.7, 83, 谈心 
1090043, 68.0, 8.5, 82961, 倾城之恋 
3143034, 22.8, 8.1, 59, 三毛 昨日、今日、明日 
1438218, 18.7, 7.2, 54, 在西撒哈拉踏寻三毛的足迹 
1015275, 35.2, 9.1, 208, 三毛从军记 
25783592, 17.4, 6.2, 109, 撒哈拉不哭泣：三毛传 
3657207, 29.2, 9.1, 83, 撒哈拉的故事 
3538059, 18.3, 6.4, 110, 听三毛讲远行 
2137715, 22.4, 7.8, 69, 谈心 
1103404, 28.3, 8.7, 96, 名家名著经典文集 
3290179, 24.8, 8.6, 58, 梦里花落知多少 
3053817, 28.7, 9.1, 77, 背影 
1053772, 13.0, 5.8, 52, 哭泣的百合 
1059987, 17.5, 6.4, 89, 三毛，你为什么失约 
20387103, 21.2, 8.2, 41, 三毛散文集 
6748307, 22.3, 9.6, 23, 夢中的橄欖樹 
3244227, 24.2, 8.6, 53, 夏日烟愁 
5976294, 27.9, 9.4, 57, 撒哈拉歲月 
3598751, 31.5, 9.1, 119, 梦里花落知多少 
1642776, 27.2, 9.3, 55, 张乐平连环漫画全集 
3932742, 22.7, 9.0, 33, 三毛经典作品集 
3040310, 20.5, 8.6, 29, 兰屿之歌 
3186273, 16.7, 7.4, 30, 兰屿之歌 
3243026, 23.6, 9.2, 34, 稻草人手记 
3041304, 17.3, 7.8, 26, 流星雨（有声书） 
2301377, 44.1, 9.2, 720, 玛法达 
1142614, 19.5, 7.4, 53, 三毛传奇 
1005121, 38.3, 9.1, 332, 三毛流浪记 
1451560, 18.8, 7.3, 50, 三毛传(永远流浪)/侠情小说名家传记 
2368750, 21.8, 8.8, 32, 背影 
10443156, 12.9, 7.4, 14, 三毛的回声 
3332786, 32.8, 9.3, 124, 三毛流浪记选集 
1016300, 55.8, 7.2, 142814, 梦里花落知多少 
3240019, 18.5, 8.1, 27, 随想 
5350892, 20.1, 9.2, 20, 奔走在日光大道 
3657210, 25.4, 9.1, 47, 哭泣的骆驼 
3144458, 21.3, 8.4, 37, 谈心 
4079506, 10.8, 7.0, 11, 三毛的生死簿 
25723522, 15.3, 7.6, 20, 烟花易冷：三毛与荷西 
2269110, 24.3, 9.1, 40, 三毛从军记 
2378017, 14.7, 7.6, 18, 清泉故事 
