Tag: 中国文学 

ID, Score, Rating, Votes, Title 
26821461, 45.5, 8.8, 1376, 北鸢 
1082154, 77.2, 9.1, 119709, 活着 
1008145, 77.4, 8.9, 179338, 围城 
1200840, 74.4, 9.0, 93680, 平凡的世界（全三部） 
20440644, 64.5, 9.2, 15231, 文学回忆录（全2册） 
1054685, 68.3, 9.0, 36543, 沉默的大多数 
26873638, 35.3, 9.2, 194, 活着本来单纯 
26882320, 34.3, 9.0, 196, 嗨，好久不见 
26931701, 34.0, 9.2, 159, 长安十二时辰 
4238362, 69.1, 8.6, 82617, 送你一颗子弹 
26931507, 38.3, 7.7, 1589, 罗曼蒂克消亡史 
22714154, 54.9, 8.7, 6991, 繁花 
3633461, 58.1, 8.6, 13695, 一句顶一万句 
26890235, 39.1, 8.1, 1071, 白事会 
3674537, 68.2, 9.1, 30687, 明朝那些事儿（1-9） 
26889865, 34.4, 7.5, 980, 我不知道该如何像正常人那样生活 
26882355, 31.9, 8.3, 243, 去别处 
26278687, 54.4, 7.8, 28692, 皮囊 
26921077, 26.3, 8.9, 61, 回望 
1089243, 68.4, 8.8, 52313, 黄金时代 
1090043, 68.0, 8.5, 82932, 倾城之恋 
1960287, 37.2, 8.4, 547, 蒙着眼睛的旅行者 
1767945, 63.7, 8.8, 24715, 一只特立独行的猪 
26854325, 26.6, 8.6, 78, 喜剧作家 
26890756, 33.2, 8.5, 252, 你是我的虚荣 
1253310, 52.6, 8.9, 3714, 人间草木 
26791998, 37.0, 8.3, 585, 山中的糖果 
1085799, 63.8, 8.6, 35099, 白鹿原 
3071717, 64.9, 8.8, 29580, 爱你就像爱生命 
26757657, 36.3, 8.3, 519, 望春风 
1057244, 67.5, 8.6, 63767, 边城 
26923541, 28.0, 8.6, 99, 一定要给你个惊喜 
1528482, 40.3, 9.3, 377, 声律启蒙 
26669243, 41.3, 8.2, 1394, 慈悲 
5337248, 58.4, 8.9, 9184, 台北人 
1082334, 64.2, 8.3, 64578, 穆斯林的葬礼 
6880158, 60.5, 8.7, 17186, 陆犯焉识 
3339812, 50.1, 9.3, 1593, 木心作品八种 
1060852, 59.8, 8.8, 13277, 呼兰河传 
1029791, 67.8, 8.7, 56201, 许三观卖血记 
26883447, 33.8, 9.4, 134, 在人群中消失的日子 
26791930, 31.9, 8.2, 270, 生于一九八四 
1692648, 56.2, 8.9, 6537, 一个人的村庄 
1014578, 63.4, 9.0, 17227, 我的精神家园 
1393473, 42.8, 8.8, 898, 遍地风流 
3610681, 58.5, 9.2, 6158, 海子诗全集 
26821459, 40.4, 7.8, 2043, 茧 
26791617, 36.8, 8.0, 800, 大好河山可骑驴 
1077847, 65.8, 9.5, 12165, 史记（全十册） 
26802388, 34.3, 7.6, 835, 自在独行 
1254588, 63.8, 8.9, 21250, 城南旧事 
26853566, 32.1, 8.2, 280, 出家 
1883245, 63.7, 9.4, 10223, 诗经 
1830445, 52.3, 9.0, 3121, 阿城精选集 
26803179, 32.8, 8.4, 261, 平原上的摩西 
26923390, 37.3, 9.0, 312, 长夜难明 
1322455, 56.0, 8.8, 7231, 遥远的救世主 
1014278, 61.9, 8.4, 36287, 红玫瑰与白玫瑰 
1147193, 51.1, 9.0, 2589, 世说新语 
1227844, 52.4, 8.8, 4094, 雅舍谈吃 
26894367, 30.7, 8.6, 153, 尘土 
3311253, 56.5, 9.0, 5939, 额尔古纳河右岸 
1883991, 55.4, 9.3, 3462, 王小波全集 
1209899, 62.8, 9.0, 15714, 我与地坛 
4238144, 52.0, 9.1, 2649, 岁朝清供 
1949679, 53.5, 8.7, 5564, 素履之往 
4884218, 58.8, 8.8, 11273, 我的阿勒泰 
1760432, 54.4, 9.2, 3355, 受戒 
1022060, 64.9, 8.3, 72817, 狼图腾 
1963684, 63.4, 8.6, 32733, 半生缘 
26772667, 30.4, 8.7, 135, 我坐在火山的最边缘 
4881850, 56.4, 9.0, 5873, 阿勒泰的角落 
1082349, 57.9, 8.2, 25777, 长恨歌 
26657573, 32.2, 8.3, 257, 眼前 
2070844, 63.8, 8.8, 25001, 梦里花落知多少 
26746839, 39.2, 8.5, 692, 清明上河图密码3 
1020961, 58.3, 8.7, 12069, 棋王 
21360827, 45.8, 9.0, 1152, 朱生豪情书全集 
1080309, 60.4, 8.4, 28092, 尘埃落定 
1456692, 49.0, 8.5, 3547, 金瓶梅 
1061242, 53.6, 8.8, 4967, 写在人生边上 
4842446, 59.8, 8.7, 15563, 巨流河 
1449351, 65.8, 8.8, 34495, 呐喊 
1073349, 55.5, 8.8, 6694, 写在人生边上 人生边上的边上 石语 
5275059, 63.0, 7.9, 116787, 1988：我想和这个世界谈谈 
26889862, 28.6, 8.6, 109, 我还是很喜欢你 
26309691, 46.4, 8.3, 2985, 月光落在左手上 
1792668, 54.9, 8.5, 9434, 苏东坡传 
1398441, 49.4, 9.1, 1770, 汪曾祺散文 
1418686, 58.0, 8.6, 13548, 红拂夜奔 
6529759, 43.7, 9.4, 567, 水蛇腰 
3616310, 53.9, 7.6, 38786, 小团圆 
1012401, 31.6, 8.5, 193, 蓝色笔记本 
26890728, 31.3, 8.3, 221, 给青年编剧的信 
5269439, 56.2, 8.4, 13751, 城门开 
26610864, 40.7, 8.2, 1260, 浮生六记 
3013624, 50.9, 9.1, 2237, 棋王.樹王.孩子王 
25897707, 44.8, 9.0, 989, 沈从文的后半生 
3017857, 61.2, 8.5, 26823, 金锁记 
1442720, 55.1, 9.4, 2941, 鲁迅全集（2005最新修订版） 
26822709, 22.2, 8.9, 32, 聋哑时代 
26672441, 40.1, 8.5, 803, 收山 
1143694, 55.4, 8.2, 16628, 动物凶猛 
1418180, 57.9, 8.9, 8527, 思维的乐趣 
26303224, 41.6, 8.1, 1685, 说部之乱 
1391191, 59.8, 8.5, 21423, 京华烟云 
1007305, 81.4, 9.5, 112466, 红楼梦 
25744944, 43.9, 8.5, 1516, 既见君子 
3448867, 49.7, 9.0, 2105, 采桑子 
26870405, 30.7, 7.9, 296, 龙头凤尾 
1058679, 55.1, 8.7, 7243, 人·兽·鬼 
1119590, 45.5, 8.0, 3886, 老残游记 
4903692, 43.0, 9.0, 745, 东京梦华录 
1964774, 57.5, 9.0, 6902, 论语 
3297888, 48.9, 8.4, 3993, 云雀叫了一整天 
5337243, 52.9, 8.6, 5876, 纽约客 
1023000, 47.2, 8.6, 2296, 常识与通识 
3194071, 52.7, 8.6, 5615, 少年巴比伦 
26914805, 24.0, 9.5, 31, 九幽 
10607710, 50.1, 8.0, 9053, 世间的盐 
6864307, 47.1, 7.4, 14960, 像我这样笨拙地生活 
1085883, 58.2, 8.6, 14022, 青铜时代 
1018577, 61.0, 8.9, 13751, 霸王别姬 青蛇 
3544376, 54.2, 9.1, 3665, 顾城的诗顾城的画 
26899537, 33.6, 9.3, 140, 长安十二时辰 上 
1401425, 63.4, 8.3, 56135, 兄弟（上） 
1004992, 58.9, 8.8, 11461, 张爱玲文集 
4124727, 58.2, 8.1, 32523, 孤独六讲 
1029111, 65.8, 8.9, 28982, 哭泣的骆驼 
1026036, 52.5, 8.6, 5476, 北岛诗歌集 
1073708, 56.1, 9.0, 5606, 牡丹亭 
26880577, 28.7, 8.3, 141, 世界上到底有没有百分之百的异性恋 
10796035, 42.8, 9.2, 598, 中国古典诗词感发 
3803820, 56.5, 8.4, 14298, 人生 
26921427, 16.7, 7.9, 22, 迷你 
25716611, 44.8, 8.5, 1748, 花街往事 
4000908, 39.6, 8.9, 486, 金瓯缺 
1255625, 71.8, 9.1, 53324, 天龙八部 
1043485, 52.2, 8.1, 11269, 檀香刑 
1760548, 57.7, 9.2, 5526, 三毛作品集 
1317899, 47.6, 8.1, 4955, 生死场 
10877051, 45.7, 9.0, 1123, 顾城哲思录 
2988943, 52.8, 8.3, 9012, 青灯 
1082150, 56.0, 8.3, 15654, 白银时代 
21346636, 53.3, 9.4, 2279, 三毛典藏全集 
3010130, 51.4, 7.7, 19733, 悲观主义的花朵 
1050566, 48.2, 8.0, 6374, 一地鸡毛 
3389984, 51.5, 8.6, 4631, 俗世奇人 
1124305, 47.0, 8.1, 4422, 扶桑 
2240482, 50.2, 8.0, 9248, 走到人生边上 
25764295, 43.4, 8.4, 1568, 百年好合 
1807769, 46.6, 8.8, 1624, 假如你愿意你就恋爱吧 
26309861, 40.6, 8.4, 974, 摇摇晃晃的人间 
25802944, 40.6, 8.2, 1241, 大唐李白·少年游 
1393724, 50.4, 9.0, 2345, 楚辞 
26451439, 38.8, 8.1, 1022, 木心谈木心 
6397275, 59.7, 9.0, 9789, 此生未完成 
26897973, 25.9, 7.5, 179, 中国特色的译文读者 
1752755, 54.8, 8.6, 7964, 第九个寡妇 
1465007, 50.8, 8.2, 7422, 生死疲劳 
1052990, 56.5, 8.9, 6781, 草房子 
1393218, 52.4, 9.1, 2793, 大明宫词 
5288327, 48.9, 8.3, 4626, 鸟，看见我了 
26716260, 33.0, 8.2, 329, 中国文学史 
3518332, 56.5, 8.9, 6824, 绿毛水怪 
1098643, 53.4, 8.7, 5476, 聊斋志异 
25731506, 42.4, 8.0, 2245, 乱时候，穷时候 
1458164, 52.0, 8.3, 7877, 她是女子，我也是女子 
26461519, 36.3, 8.0, 735, 面包会有的 
1288913, 45.4, 8.3, 2511, 半生为人 
1015584, 51.7, 8.0, 12174, 看上去很美 
1027247, 51.6, 7.9, 14100, 丑陋的中国人 
1261153, 54.8, 8.4, 10752, 青蛇 
25934176, 41.0, 8.4, 1043, 雪隐鹭鸶 
1043815, 58.3, 8.2, 27899, 骆驼祥子 
3018339, 50.1, 7.7, 15298, 万物生长 
4836601, 39.2, 8.3, 855, 扪虱谈鬼录 
26303593, 33.7, 8.4, 302, 三个胡安在海边 
1491239, 48.2, 8.5, 3070, 吾国与吾民 
1603309, 36.2, 7.7, 1052, 笑林广记 
3406518, 50.7, 8.5, 4668, 追随她的旅程 
26301984, 37.2, 8.2, 683, 白色流淌一片 
1010349, 47.7, 8.0, 5845, 丰乳肥臀 
10601137, 48.4, 7.7, 10955, 你永远都无法叫醒一个装睡的人 
5333599, 51.6, 8.2, 8599, 春天责备 
1774227, 52.5, 9.6, 1620, 脂砚斋重评石头记庚辰校本 
26284529, 38.0, 7.6, 1710, 群山之巅 
26303995, 30.2, 8.5, 154, 飞毡 
3532347, 53.3, 9.5, 2019, 金庸全集 
1181370, 46.1, 9.3, 876, 文心雕龙注(上下) 
26880812, 27.4, 7.6, 216, 读在大好时光 
3394338, 54.0, 7.5, 49178, 他的国 
26599283, 35.9, 8.2, 545, 梅子青时 
5040220, 53.7, 9.0, 3853, 蒋勋说红楼梦（第一辑） 
5363767, 75.1, 9.2, 73701, 三体Ⅲ 
26808364, 33.7, 8.1, 412, 四季红 
4919996, 44.9, 8.7, 1393, 张枣的诗 
1398395, 60.2, 8.6, 19293, 狂人日记 
25819935, 29.8, 8.5, 143, 中国古典文心 
3018322, 46.0, 7.6, 8299, 活着活着就老了 
25897333, 39.4, 7.5, 2630, 我讲个故事，你可别当真啊 
26865082, 33.8, 7.7, 669, 就这样吧 
26868921, 24.6, 8.7, 53, 新新日报馆：机械崛起 
3264665, 49.3, 8.6, 3249, 三十而立 
4169424, 50.6, 7.9, 11632, 蛙 
1036613, 54.6, 8.9, 5047, 茶馆 
1038476, 47.3, 8.7, 2052, 小说稗类 
25981277, 32.4, 8.2, 294, 抚顺故事集 
3323311, 44.4, 8.9, 1037, 从文自传 
26775414, 31.3, 8.9, 134, 茶，汤和好天气 
26272073, 40.1, 8.1, 1277, 一生里的某一刻 
1829614, 50.9, 8.6, 4220, 琼美卡随想录 
26775412, 31.4, 8.9, 136, 最朴素的生活和最遥远的梦想 
25852518, 43.1, 7.6, 4683, 南方有令秧 
1915958, 55.8, 9.2, 4149, 野草 
1029553, 61.5, 8.7, 20375, 西游记（全二册） 
1083883, 46.3, 8.7, 1760, 席慕蓉经典作品 
26351113, 31.3, 7.7, 411, 中国民间传说 
1980436, 55.2, 8.7, 7343, 流言 
26896093, 12.9, 8.1, 10, 坐拥书城意未足 
1008732, 47.6, 8.4, 3213, 失败之书 
3264642, 51.4, 8.7, 3976, 似水流年 
5367304, 50.0, 8.3, 5511, 城邦暴力团（上） 
11501640, 48.3, 8.4, 3579, 柔软 
1200843, 46.2, 8.1, 3832, 芙蓉镇 
1026425, 56.1, 7.4, 92936, 三重门 
26825931, 27.1, 9.1, 61, 一曲终了 
1290398, 47.4, 8.4, 3058, 白蛇 
1626883, 42.4, 8.1, 1931, 阅微草堂笔记 
1076598, 47.4, 8.7, 2102, 宋诗选注 
6527141, 44.6, 8.2, 2517, 停车暂借问 
1144385, 43.4, 7.8, 3602, 镜花缘 
1070272, 39.4, 8.4, 801, 子不语 
2243213, 57.3, 7.9, 40253, 山楂树之恋 
24540864, 43.5, 6.8, 24523, 第七天 
26851547, 27.7, 8.1, 141, 软埋 
2267883, 50.5, 7.9, 11626, 色，戒 
3623831, 44.7, 8.1, 2920, 温故一九四二 
1013416, 59.7, 8.5, 20845, 雷雨 
4912688, 47.8, 8.5, 2889, 干校六记 
1470622, 41.9, 8.2, 1556, 二十年目睹之怪现状 
4799445, 43.9, 7.9, 3421, 太阳黑子 
26285194, 42.8, 9.1, 660, 故事新编 
26852313, 25.6, 8.5, 71, 马口鱼的诱惑 
20425053, 50.6, 7.7, 16844, 我所理解的生活 
3024497, 48.1, 8.4, 3481, 天浴 
5908161, 43.0, 8.5, 1304, 雨天的书 
3506871, 51.9, 7.6, 26480, 曾有一个人，爱我如生命 
5423772, 38.8, 7.8, 1500, 西夏旅馆 
4922655, 52.7, 8.4, 7600, 酥油 
1018881, 39.6, 9.0, 441, 穆旦诗全集 
1888215, 46.5, 8.4, 2650, 即兴判断 
1042053, 45.0, 8.1, 3111, 儒林外史 
1449348, 58.6, 8.8, 10993, 彷徨 
2218216, 58.8, 9.5, 4440, 金庸作品集 
1819978, 49.2, 8.5, 3631, 温莎墓园日记 
5905348, 48.2, 8.2, 4743, 笑谈大先生 
1792984, 49.5, 8.2, 5957, 一个女人的史诗 
26576515, 40.4, 8.1, 1368, 清明上河图密码 2 
1049477, 50.3, 8.0, 9423, 一半是海水一半是火焰 
1146304, 40.9, 8.6, 818, 日光流年 
1016631, 51.1, 8.5, 5037, 西厢记 
6718314, 46.3, 8.0, 4549, 晚来寂静 
1083090, 37.8, 9.3, 260, 杨绛文集（共8卷） 
1000517, 53.9, 8.8, 5174, 故事新编 
2068249, 58.0, 9.0, 7459, 温柔的夜 
26281730, 30.4, 7.9, 276, 南华录 
26761291, 35.9, 9.0, 251, 人间草木 
1079838, 47.8, 8.7, 2218, 湘行散记 
1186176, 36.0, 8.3, 497, 海上花列传 
25913612, 42.8, 8.1, 2091, 给孩子的诗 
1763806, 50.6, 8.5, 4577, 万寿寺 
2136140, 59.1, 8.7, 13734, 雨季不再来 
26847644, 29.1, 9.0, 88, 苏东坡传 
26689989, 41.4, 8.0, 1874, 余罪2 
1041414, 45.9, 8.6, 1868, 威尼斯日记 
10354427, 43.4, 8.2, 2026, 蒋勋说唐诗 
25696089, 43.4, 7.4, 7065, 1980年代的爱情 
3713237, 54.9, 8.8, 6116, 亲爱的三毛 
1014561, 59.7, 9.0, 9755, 古文观止 
1021709, 49.4, 8.6, 3316, 桃花扇 
1040382, 54.4, 8.9, 4947, 人间词话手稿本全编 
1036490, 60.1, 8.8, 13989, 万水千山走遍 
3369793, 67.1, 8.7, 50100, 亲爱的安德烈 
1893879, 45.8, 8.5, 2063, 张居正（全四册） 
26341367, 31.2, 8.1, 264, 小词大雅 
3054373, 51.7, 9.2, 2237, 荷西 我爱你 
3447140, 35.8, 9.3, 193, 废名集（全六册） 
25881958, 40.7, 9.0, 525, 人间词话七讲 
4059800, 44.8, 8.0, 3454, 私语书 
2016749, 51.6, 8.1, 10047, 金陵十三钗 
1734830, 45.7, 9.2, 923, 汪曾祺精选集 
1136988, 48.5, 8.9, 1949, 命若琴弦 
10556006, 43.0, 8.8, 927, 状元媒 
1078566, 42.7, 7.6, 4305, 桃之夭夭 
1491630, 43.8, 8.7, 1174, 小窗幽记 
25986158, 38.3, 8.3, 732, 桃花井 
2237621, 46.9, 8.4, 2816, 十八岁出门远行 
1151873, 49.0, 8.2, 5433, 我是你爸爸 
1394402, 39.4, 8.4, 790, 死水微澜 
19963470, 34.5, 8.0, 534, 掉伞天 
6937888, 45.4, 8.5, 1927, 树犹如此 
19965972, 44.0, 7.5, 6648, 我读书少，你可别骗我 
1949674, 44.8, 8.1, 2956, 我纷纷的情欲 
10767124, 48.8, 8.6, 2984, 乡村教师 
24529235, 44.5, 8.4, 1882, 刀背藏身 
3239913, 45.6, 8.0, 4019, 推拿 
6048071, 42.9, 8.6, 1132, 七声 
24878188, 29.0, 9.5, 63, 汪曾祺全集（全十六卷） 
3607117, 57.1, 8.9, 7535, 稻草人手记 
26348835, 22.4, 9.1, 30, 大胆使用了绿色 
26870160, 26.9, 8.5, 89, 黑锅 
3911404, 35.0, 8.5, 344, 一把青 
2010284, 46.8, 8.0, 4999, 春风沉醉的晚上 
1260251, 44.7, 8.7, 1355, 茶人三部曲（全三册） 
26278884, 27.9, 8.4, 114, 文化不是味精 
1002299, 68.9, 8.9, 47730, 笑傲江湖（全四册） 
26775415, 26.7, 9.2, 54, 到山中去 
1088581, 60.8, 8.9, 13377, 浮生六记 
1053914, 43.4, 8.5, 1395, 游园惊梦 
1015104, 48.0, 9.3, 1158, 陶渊明集 
5408346, 38.6, 8.6, 561, 九栋 
26148896, 40.3, 8.5, 829, 北平无战事 
1291570, 43.9, 8.9, 948, 简媜散文 
26394204, 32.4, 8.4, 242, 爱情故事 
6127284, 36.7, 8.5, 451, 酒徒 
11535030, 42.2, 8.3, 1452, 一个一个人 
25781954, 20.8, 8.1, 41, 哥伦比亚中国文学史 
1776300, 52.9, 8.7, 5036, 席慕容诗集 
10549863, 53.2, 8.6, 6182, 光明与磊落 
1203426, 62.2, 9.0, 14248, 人间词话 
1417905, 43.1, 7.1, 11819, 废都 
1006967, 52.5, 9.3, 2241, 宋词三百首 
2257188, 45.5, 7.6, 7528, 致女儿书 
3345595, 44.8, 8.5, 1748, 猫城记 
1950196, 33.6, 9.3, 139, 汪曾祺作品自选集 
26811407, 35.9, 7.9, 770, 殉罪者 
1096790, 54.4, 8.6, 7444, 黑铁时代 
3860856, 54.8, 8.1, 17798, 可爱的洪水猛兽 
26293322, 32.2, 8.4, 234, 杨牧诗选 1956-2013 
1972266, 46.5, 7.7, 7645, 余欢 
1080350, 40.3, 9.1, 450, 春秋来信 
26662811, 32.0, 8.3, 250, 痖弦诗集 
1049688, 54.9, 8.5, 9416, 妞妞 
10482102, 42.9, 8.1, 2133, 蒋勋说宋词 
1911687, 42.5, 7.4, 5804, 厚黑学 
26862572, 17.1, 8.2, 20, 诗人和鲸鱼 
1073253, 46.9, 8.8, 1717, 闲话闲说 
3698390, 52.3, 8.6, 5288, 送你一匹马 
4872671, 57.7, 8.2, 24855, 佛祖在一号线 
1963395, 46.8, 8.5, 2461, 鱼丽之宴 
25975888, 34.3, 8.5, 303, 食事 
1082577, 51.9, 8.7, 4333, 黑铁时代 
3409620, 39.4, 9.1, 390, 东周列国志 
6840152, 39.4, 8.0, 1296, 甘南纪事 
5288540, 38.0, 7.6, 1705, 朱雀 
3621542, 48.9, 8.4, 4007, 蓝房子 
25789686, 38.2, 8.3, 722, 相遇 
1794267, 38.1, 8.8, 426, 朦胧诗选 
1987453, 44.6, 7.9, 3887, 人生不过如此 
26561444, 34.7, 7.7, 790, 少女哪吒 
26853723, 24.0, 9.3, 34, 唐人街 
26799357, 28.0, 8.6, 98, 情关西游 
1394097, 23.9, 8.5, 54, 萎靡不振 
1281653, 45.5, 7.8, 5342, 秦腔 
6902639, 53.5, 7.9, 20114, 青春 
25774772, 38.3, 8.5, 591, 做饭 
26801831, 34.3, 7.3, 1269, 在宇宙间不易被风吹散 
1082162, 56.4, 8.3, 16714, 第一炉香 
1054889, 52.0, 7.7, 21911, 行者无疆 
1082522, 54.1, 8.2, 13322, 家 
6844469, 42.4, 8.1, 1943, 走夜路请放声歌唱 
26307520, 29.3, 8.1, 187, 没有街道的城市 
24716172, 35.1, 8.8, 262, 黄金时代 
3662594, 49.6, 8.1, 6967, 荒人手记 
1008357, 59.9, 8.5, 21603, 水浒传（全二册） 
3297466, 53.2, 9.2, 2821, 我的团长我的团（上部） 
1608873, 46.1, 9.2, 968, 山海經 
1469028, 42.0, 9.4, 441, 文選（全六冊） 
4881999, 44.9, 8.4, 2027, 离魂 
25875151, 23.4, 8.8, 41, 风诗的情韵 
2032964, 47.3, 9.1, 1298, 正红旗下 
26236436, 32.4, 7.2, 990, 我们夜里在美术馆谈恋爱 
1456183, 49.5, 8.2, 5940, 我的帝王生涯 
26593903, 30.3, 8.5, 155, 洗牌年代 
26797014, 23.9, 8.6, 50, 去年天气旧亭台 
6808941, 41.0, 8.0, 1720, 七日谈 
26586889, 36.9, 9.0, 294, 阿城精选集 
5423777, 38.3, 8.1, 928, 睡觉大师 
20413880, 41.5, 8.1, 1660, 古书之美 
4160794, 43.2, 8.4, 1519, 多余的话 
1854151, 44.6, 9.2, 780, 金圣叹批评本水浒传 
26263052, 33.4, 7.9, 487, 毫无必要的热情 
26384375, 35.8, 7.8, 855, 平乐镇伤心故事集 
3007268, 48.0, 9.3, 1170, 传习录 
2297786, 46.3, 7.6, 8756, 北京，北京 
1071921, 46.3, 8.1, 3864, 现实一种 
25735727, 48.8, 8.2, 5216, 站在两个世界的边缘 
2349498, 41.5, 9.4, 409, 古诗十九首集释 
1276297, 44.3, 9.0, 909, 顾城诗全编 
26791407, 31.3, 6.5, 2491, 孤独深处 
1398461, 43.0, 8.7, 1029, 梁实秋散文 
1415311, 41.3, 8.1, 1590, 美食家 
10527371, 40.1, 8.9, 525, 马雁散文集 
2257283, 32.8, 9.1, 143, 唐人小说 
26742811, 26.1, 8.4, 84, 兽性大发的兔子 
19987957, 37.9, 7.3, 2663, 寡人有疾 
1204398, 45.9, 8.8, 1455, 幽梦影 
26662022, 24.8, 7.4, 157, 情史失踪者 
1040924, 43.5, 8.1, 2351, 金粉世家（上下） 
1812895, 46.8, 8.2, 3700, 东宫·西宫 
6041632, 41.3, 8.1, 1588, 雷峰塔 
26743857, 23.2, 8.1, 63, 给所有的失去一个温暖的结局 
1157014, 51.3, 8.8, 3465, 伤逝 
24862876, 38.7, 7.4, 2713, 黄雀记 
1008660, 44.3, 8.4, 1832, 马桥词典 
4917570, 39.0, 9.0, 403, 旧人旧事 
2031604, 44.4, 8.8, 1149, 离婚 
4874131, 58.3, 8.2, 27895, 东霓 
1083509, 45.1, 8.1, 3166, 人面桃花 
4154985, 41.0, 8.2, 1328, 天工开物·栩栩如真 
20433605, 39.2, 7.8, 1620, 因自由而美丽 
3225756, 41.7, 8.2, 1495, 灰故事 
10946178, 41.3, 8.0, 1830, 无尾狗 
26416411, 33.6, 8.8, 207, 雪山短歌 
1049215, 45.3, 7.5, 8532, 借我一生 
26928770, 18.9, 8.1, 29, 打开文学的方式 
3723589, 52.2, 8.6, 5195, 滚滚红尘 
1777932, 53.0, 8.6, 5900, 寻找无双·东宫西宫 
1006781, 46.7, 8.9, 1478, 七缀集 
23186549, 39.3, 7.8, 1664, 我们家 
25748787, 44.8, 7.7, 5534, 平生欢 
20493284, 32.9, 7.6, 637, 寻欢者不知所终 
25741244, 39.7, 7.1, 5640, 我承认我不曾历经沧桑 
1080753, 38.4, 8.2, 846, 受活 
1044446, 54.1, 8.7, 6170, 在黑暗的河流上 
2117496, 31.2, 8.3, 218, 中国神话史 
10618099, 37.9, 8.5, 552, 奇迹集 
26775411, 23.1, 8.6, 44, 祝，一切安好 
4238754, 57.3, 8.0, 33168, 失恋33天 
25849895, 39.4, 8.9, 475, 人间草木 
26825519, 21.6, 9.7, 20, 吾国与吾民 
2071207, 41.3, 8.4, 1089, 到黑夜想你没办法 
2075175, 42.7, 8.8, 882, 缘缘堂随笔 
26774892, 30.0, 8.1, 214, 我们爱过又忘记 
25779213, 38.9, 8.4, 733, 蒋勋说文学 
4917641, 42.0, 8.9, 705, 故乡的食物 
26586174, 27.8, 8.0, 157, 万物停止生长时 
2008406, 44.4, 8.2, 2405, 红楼梦魇 
26852314, 20.6, 8.9, 25, 山羊的胡子 
1921597, 45.8, 8.9, 1285, 大学·中庸 
2079345, 40.9, 8.1, 1485, 侠隐 
26710589, 26.4, 8.4, 88, 落花生 
25887874, 33.6, 7.7, 635, 惜别 
1207819, 49.0, 8.1, 6294, 过把瘾就死 
25784438, 40.6, 8.2, 1230, 不留心，看不见 
24827456, 43.6, 8.6, 1273, 万箭穿心 
26210632, 40.5, 8.1, 1386, 2018 
1462101, 37.9, 8.4, 613, 北岛诗选 
5975571, 41.9, 8.0, 2028, 天香 
6896040, 42.7, 8.2, 1784, 好小猫 
5336240, 44.4, 8.3, 2096, 异乡记 
1703544, 52.4, 7.5, 35457, 兄弟（下） 
1982001, 48.5, 8.6, 2819, 月牙儿 
4270633, 36.0, 9.0, 253, 沈从文家书 
26873214, 25.5, 8.8, 57, 什么人需要什么人 
3223719, 36.9, 8.2, 644, 围炉夜话 
4207781, 63.7, 8.8, 24579, 孩子你慢慢来 
3598313, 59.0, 8.0, 45448, 西决 
24704604, 39.2, 8.5, 690, 诗里特别有禅 
11516338, 45.1, 8.7, 1433, 我是你流浪过的一个地方 
1256656, 27.0, 8.8, 73, 菰蒲深处 
3464389, 45.2, 9.1, 936, 大淖记事 
1049464, 34.6, 9.3, 161, 唐诗百话 
1025808, 37.3, 8.5, 497, 梦溪笔谈 
3511129, 53.0, 9.4, 2170, 我的团长我的团（下部） 
26844800, 22.7, 7.3, 113, 小镇忧郁青年的十八种死法 
25833271, 32.4, 9.0, 147, 萧红全集（精装·全5册·插图本） 
2339264, 41.8, 8.6, 952, 人为什么活着 
1033843, 48.7, 8.7, 2562, 张看（上下） 
1066627, 43.7, 8.2, 2140, 中国现代文学三十年 
26636873, 29.1, 8.5, 128, 山海经 精美绘本 
26857129, 23.5, 7.9, 77, 把日子过成诗 
24876477, 44.8, 7.4, 9403, 很高兴见到你 
1318622, 49.4, 8.8, 2540, 青铜葵花 
23778103, 33.4, 9.2, 146, 木心作品二辑五种 
2058479, 44.5, 9.1, 852, 史铁生散文 
1053331, 44.2, 8.5, 1583, 王朔自选集 
1397889, 45.3, 8.5, 1891, 穗子物语 
26578484, 31.8, 7.3, 756, 世界上有趣的事太多 
5399267, 38.4, 8.7, 492, 北岛作品精选 
3843961, 45.2, 9.4, 698, 唐诗三百首 
4833920, 44.6, 7.4, 8975, 十八岁给我一个姑娘 
5293823, 41.7, 7.9, 2264, 四喜忧国 
3395241, 44.0, 9.1, 788, 豆汁记 
1705507, 48.3, 8.0, 6471, 胭脂扣 
1001204, 50.5, 7.9, 11557, 山居笔记 
26849731, 31.7, 8.1, 286, 看了高兴的爱情故事 
26745463, 21.3, 7.6, 65, 米米朵拉 
1062423, 46.9, 8.3, 3272, 牛棚杂忆 
25799286, 36.1, 8.2, 565, 博尔赫斯的面孔 
5914483, 28.4, 9.4, 61, 金克木集（全八卷） 
3264644, 48.1, 8.8, 2076, 地久天长 
3652211, 44.9, 8.6, 1575, 爱默生家的恶客 
25761068, 35.1, 8.5, 347, 天桥上的魔术师 
10956248, 41.7, 9.1, 558, 蒋勋说红楼梦 
2375977, 45.9, 8.4, 2411, 香椿树街故事 
25835907, 38.3, 8.0, 1059, 天使坠落在哪里 
26352443, 30.0, 8.7, 127, 诗经名物图 
20432906, 31.7, 8.7, 166, 装点《红楼梦》 
26340273, 27.4, 6.8, 581, 我们这个时代的怕和爱 
1793990, 42.9, 8.9, 814, 早晨从中午开始 
1418711, 43.8, 8.7, 1167, 中国现代小说史 
22264311, 35.8, 8.3, 482, 无声无光集 
26849123, 32.0, 9.1, 127, 厚积落叶听雨声 
26705854, 25.4, 9.1, 47, 无愁河的浪荡汉子·八年（上卷） 
1020241, 50.3, 7.6, 19096, 千年一叹 
5910655, 41.1, 8.3, 1201, 古炉 
10508054, 40.6, 7.6, 2893, 云中人 
1001013, 40.3, 8.8, 597, 杨绛散文 
26413835, 37.5, 8.2, 720, 匠人 
3274851, 49.0, 8.0, 7349, 原谅我红尘颠倒 
6970480, 28.9, 9.7, 55, 周作人译文全集 
1132550, 50.6, 9.4, 1531, 宋词鉴赏辞典 
21734703, 29.5, 8.0, 214, 失业之旅 
26921893, 13.9, 8.1, 12, 呼兰河传 
25923591, 24.5, 5.7, 2105, 老师好美 
5367303, 47.7, 8.4, 3272, 城邦暴力团（下） 
1881118, 41.3, 7.6, 3305, 解密 
4038671, 26.1, 8.5, 77, 陈映真文选 
1011754, 62.4, 8.9, 17157, 海子的诗 
26210607, 45.9, 8.4, 2395, 时间移民 
1731521, 46.5, 8.2, 3474, 生死桥 
1899764, 39.0, 8.4, 739, 长征 
1391993, 36.3, 8.6, 381, 被压抑的现代性 
1881837, 40.0, 8.1, 1261, 三言二拍 
2002992, 37.8, 8.4, 601, 爱，是不能忘记的 
25874670, 33.8, 8.3, 339, 大地上的事情 
3321680, 25.7, 9.2, 46, 小舟 
1055128, 51.1, 9.0, 2584, 传奇(上下) 
1024468, 47.0, 9.0, 1375, 金锁记 
1764991, 53.5, 8.9, 4262, 我的阴阳两界·革命时期的爱情 
5400595, 42.0, 7.8, 2759, 中国，少了一味药 
3160327, 41.8, 8.0, 2007, 无出路咖啡馆 
26052898, 34.9, 7.7, 822, 我从新疆来 
1921699, 41.5, 9.5, 377, 汪曾祺小说 
24748615, 40.0, 8.4, 877, 天幕红尘 
4165852, 42.0, 7.5, 4452, 你是那人间的四月天 
1044547, 66.2, 8.9, 31189, 射雕英雄传（全四册） 
1578609, 51.8, 8.9, 3292, 张爱玲作品集 
2284204, 40.5, 7.4, 3868, 道士下山 
25909313, 28.3, 7.3, 361, 阳光猛烈，万物显形 
1962885, 42.3, 8.1, 1906, 山河入梦 
1088022, 60.0, 8.9, 11754, 亮剑 
23780549, 36.5, 7.8, 977, 愿你的道路漫长 
1021677, 36.8, 9.1, 265, 中国一九五七 
26586126, 29.4, 8.4, 147, 黑糖匣 
25918436, 34.0, 8.3, 352, 大唐李白·凤凰台 
2226332, 40.0, 9.4, 329, 稼轩词编年笺注(增订本) 
20452802, 36.8, 7.8, 1030, 带灯 
26265745, 46.1, 8.2, 3227, 清明上河图密码 
1474736, 48.0, 9.0, 1603, 鲁迅杂文全集 
1009043, 47.4, 8.4, 3099, 日出 
26324803, 34.0, 8.2, 387, 木心诗选 
4902836, 37.5, 8.7, 422, 王小波小说全集：白银时代 2010 黑铁时代 
1460596, 39.8, 7.7, 2097, 山河岁月 
1054917, 54.9, 8.5, 9353, 沧浪之水 
24839155, 30.1, 8.0, 238, 剑桥中国文学史（上卷） 
26291216, 30.3, 6.5, 1930, 我们生活在巨大的差距里 
26851548, 18.0, 7.7, 32, 朝霞 
19986372, 43.8, 8.7, 1171, 沉默的大多数 
26614139, 25.0, 8.5, 65, 西南联大国文课 
1016595, 48.8, 8.3, 4480, 雍正皇帝（全三册） 
26772419, 35.2, 7.6, 985, 幸存者 
5337250, 42.6, 8.3, 1543, 寂寞的十七岁 
26311201, 22.3, 8.3, 47, 人类学 
1078516, 36.0, 7.9, 793, 心灵史 
26628814, 33.4, 7.1, 1437, 龙与地下铁 
4917220, 40.3, 9.3, 375, 楚辞 
3146656, 47.1, 8.4, 2924, 五月女王 
6729209, 37.5, 7.7, 1363, 遣悲怀 
1086444, 37.9, 7.5, 1959, 沉沦 
5355300, 39.4, 7.9, 1478, 大日坛城 
1873569, 49.3, 9.3, 1413, 郑渊洁童话全集(33卷) 
1822857, 52.0, 9.0, 2982, 王小波全集（第二卷 杂文） 
1013801, 51.7, 8.8, 3658, 倾城 
4256704, 29.6, 9.1, 88, 中国文学史 
25788888, 31.6, 7.9, 350, 我亲爱的精神病患者 
25803923, 39.2, 7.9, 1414, 你是我不及的梦 
1006737, 44.4, 7.8, 4318, 米 
6783708, 39.2, 8.1, 1102, 怒河春醒 
7001042, 36.9, 8.5, 469, 无计花间住 
1511900, 27.0, 9.4, 50, 李渔全集 
26325635, 40.5, 7.7, 2399, 月都花落，沧海花开 
10567171, 37.1, 8.0, 854, 生命册 
1071187, 38.4, 9.0, 366, 老舍幽默诗文集 
3015561, 36.2, 8.1, 644, 第二次握手 
1056055, 44.2, 8.2, 2322, 罂粟之家 
24866359, 34.6, 8.6, 289, 春月 
10443515, 39.6, 8.8, 541, 绿毛水怪 
3197635, 46.1, 8.9, 1354, 结局或开始 
1127699, 41.9, 8.1, 1774, 慢船去中国 
3773194, 34.0, 8.9, 202, 周作人散文全集 
1892000, 30.5, 8.8, 127, 杜甫诗选注 
10440961, 33.8, 8.1, 415, 告别的年代 
5360856, 41.2, 8.0, 1786, 女少年 
25976633, 32.5, 8.0, 370, 我自己的陌生人 
25725064, 33.5, 7.2, 1240, 炸裂志 
6975925, 41.0, 7.6, 3121, 设计诗 
11602267, 47.8, 8.9, 1762, 羊道·春牧场 
1863163, 48.8, 8.4, 3902, 异兽志 
6088153, 47.2, 8.5, 2613, 人间 
26697279, 27.5, 7.7, 198, 观复猫 
4621342, 42.7, 7.8, 3172, 世纪末的华丽 
4710587, 36.9, 8.5, 472, 畜界，人界（修订版） 
6027733, 36.4, 7.5, 1438, 因为孤独的缘故 
3546250, 40.5, 7.9, 1800, 寄居者 
25798756, 29.2, 7.0, 665, 麻雀 
26394207, 29.0, 8.0, 194, 给孩子的散文 
26877378, 20.0, 8.5, 28, 大留学潮 
1029326, 36.5, 8.5, 437, 神木 
3723236, 40.6, 8.0, 1605, 我与父辈 
1277193, 39.3, 8.5, 705, 多多诗选 
25810522, 34.0, 8.2, 387, 1966年 
1489494, 48.3, 8.5, 3116, 人与永恒 
24760962, 32.4, 8.6, 203, 王道士的孤独之心俱乐部 
20278799, 48.4, 7.6, 13117, 三十六大 
1437162, 39.4, 8.1, 1132, 随想录 
6041631, 38.9, 8.1, 1033, 易经 
1050368, 37.8, 7.3, 2619, 子夜 
26853189, 25.5, 8.8, 57, 同和里 
26811967, 20.5, 7.3, 72, 你家有龙多少回 
6953273, 56.9, 8.6, 11181, 盗墓笔记 
1009706, 36.9, 9.1, 269, 中国文学欣赏举隅 
1022951, 43.9, 8.4, 1703, 长生殿 
26280494, 32.4, 7.3, 862, 活着之上 
2271222, 40.4, 9.1, 456, 鬼谷子（第二版） 
26598482, 32.1, 7.3, 800, 密林中 
3538438, 36.7, 8.0, 793, 一切因你而值得 
1093078, 44.9, 9.1, 895, 古龙作品全集（全53卷） 
1457149, 37.7, 7.8, 1225, 英儿 
1039315, 40.7, 9.2, 432, 楚辭補注 
1606404, 24.7, 9.4, 36, 曾国藩全集 (全30册) 
1437862, 36.1, 8.6, 372, 想像中国的方法 
1021990, 54.6, 9.2, 3455, 唐诗鉴赏辞典 
26390716, 29.5, 8.1, 194, 大唐李白·将进酒 
1070985, 43.2, 8.8, 949, 钱钟书散文 
26439450, 20.8, 7.0, 101, 爱我少一点，爱我久一点 
10734881, 38.5, 9.1, 339, 曾文正公嘉言钞 
1434480, 37.1, 7.6, 1446, 你别无选择 
1960244, 36.0, 8.3, 496, 两地书 
26810629, 34.6, 8.4, 351, 岁月如风小少年 
1026871, 39.7, 8.0, 1353, 林清玄散文 
6100947, 43.6, 7.6, 5130, 刘氏女 
4046893, 39.1, 8.5, 679, 海上花开 
3872290, 40.2, 8.0, 1483, 尘 
2279868, 44.4, 7.7, 5095, 风声 
1046276, 40.2, 8.1, 1301, 温暖和百感交集的旅程 
26435649, 23.0, 8.5, 46, 南方 
26333998, 28.5, 6.8, 764, 少帅 
2375972, 46.9, 8.3, 3237, 今朝风日好 
3698217, 51.0, 8.6, 4253, 花田半亩 
10522856, 57.7, 9.0, 7110, 冬牧场 
26758416, 32.0, 8.4, 225, 路邊野餐 
1961670, 44.5, 9.2, 771, 叶嘉莹说汉魏六朝诗 
5269117, 33.9, 8.8, 216, 现实即弯路 
26644804, 23.7, 7.9, 81, 在世界遗忘你之前 
1200849, 34.6, 7.8, 680, 李自成 
6829101, 38.1, 8.2, 798, 大地的谎言 
25809959, 26.9, 9.7, 42, 杜甫全集校注 
3993396, 43.8, 8.8, 1049, 纳兰词集 
2377002, 42.6, 7.9, 2676, 和我们的女儿谈话 
26310686, 31.7, 8.7, 167, 鸟道 
10430611, 31.5, 8.0, 305, 大河尽头 上卷 
1070851, 60.4, 8.5, 23513, 倚天屠龙记(共四册) 
1053088, 51.7, 9.2, 2255, 陶庵梦忆 西湖梦寻 
3662581, 41.9, 7.6, 3733, 巫言 
6025373, 46.4, 8.2, 3412, 风起陇西 
24860561, 35.0, 7.4, 1258, 且以永日 
1002513, 46.5, 9.2, 1034, 詩經注析（全二冊） 
1040681, 35.5, 9.3, 186, 先秦漢魏晉南北朝詩（全三冊） 
26315736, 31.3, 7.7, 414, 树，不在了 
26807576, 35.3, 8.4, 399, 赡养人类 
25937456, 27.4, 7.3, 301, 我的九十九次死亡 
14278377, 34.2, 8.5, 300, 不堪抄 
1047719, 51.8, 8.5, 5602, 傅雷家书 
26920860, 13.0, 7.3, 15, 脱轨 
2136303, 38.7, 9.0, 387, 章太炎国学讲义 
25961836, 28.1, 8.4, 118, 人只会老，不会死 
7059909, 45.2, 7.5, 8421, 南音 （上） 
26852526, 19.9, 8.2, 33, 甲骨时光 
4159088, 50.6, 7.8, 14060, 理想的下午 
3227346, 44.8, 8.1, 2977, 听杨绛谈往事 
1004318, 46.2, 8.3, 2893, 守望的距离：周国平散文集 
26578003, 44.9, 8.2, 2621, 无心法师 第一卷 
26540600, 27.4, 8.6, 89, 175封遗书 
25870331, 29.3, 6.8, 908, 所有年轻人都将在黎明前死去 
11612936, 47.8, 7.6, 11854, 古董局中局 
4894980, 46.0, 7.8, 5907, 心术 
26781555, 29.4, 8.3, 159, 山海变1·指间错 
1064862, 46.5, 8.1, 4017, 男生贾里  女生贾梅 
1319714, 33.0, 7.8, 502, 小说家的十三堂课 
1791664, 53.5, 8.8, 4885, 千江有水千江月 
26889013, 22.9, 8.8, 38, 看自己：现代症的心理解剖 
6557925, 20.4, 9.2, 21, 大家小书 
26785701, 38.1, 7.5, 2056, 月童度河 
3863494, 37.5, 8.0, 912, 季羡林读书与做人 
26896703, 12.0, 7.5, 11, 觅宗记 
4219498, 26.4, 9.7, 39, 李泽厚集 
2339850, 37.2, 8.6, 444, 回家 
2261591, 32.3, 8.3, 262, 怎样写作 
3268399, 56.4, 8.5, 12058, 上海堡垒 
1081144, 49.4, 9.3, 1431, 古詩源 
24283160, 44.7, 8.7, 1343, 间客 
2027666, 36.6, 9.1, 255, 杜甫诗歌讲演录 
2159115, 39.7, 9.1, 407, 世说新语精读 
1578545, 40.2, 8.4, 914, 背叛 
20400003, 38.9, 8.2, 925, 武士会 
1015403, 47.4, 7.7, 9019, 今生今世 
1924318, 48.3, 8.9, 1909, 汪曾祺谈吃 
1022914, 44.2, 9.1, 815, 谈艺录 
1003000, 64.3, 8.4, 53941, 悟空传 
1142794, 40.1, 9.0, 476, 太平广记（全十册） 
2331448, 30.3, 9.0, 106, 作文三书（全三册） 
26363718, 28.9, 8.6, 115, 谁在银闪闪的地方，等你 
11632465, 29.3, 8.9, 98, 瓶花谱 瓶史 
23008971, 59.2, 9.0, 8961, 平如美棠 
5275500, 48.6, 7.7, 11515, 尘曲 
1065239, 53.4, 8.5, 7297, 我的宝贝 
4169342, 46.8, 8.6, 2153, 女儿红 
19995776, 30.2, 6.9, 952, 我和这个世界不熟 
4169341, 47.6, 8.3, 3692, 水问 
11602263, 47.0, 9.1, 1233, 羊道·深山夏牧场 
4215678, 38.6, 7.9, 1271, 我城 
1007577, 39.6, 9.0, 441, 唐诗杂论 
1212199, 52.4, 8.9, 3597, 一百个人的十年 
3722967, 42.1, 8.3, 1421, 人生十论 
1608312, 32.8, 8.5, 235, 呻吟语 
5990251, 54.3, 8.5, 8480, 西藏生死书 
11527634, 41.8, 7.7, 3079, 蒙马特遗书 
1009160, 50.2, 7.3, 34577, 像少年啦飞驰 
1061977, 58.0, 8.7, 11643, 血色浪漫 
1224733, 38.6, 8.7, 507, 开明国语课本（上下册） 
20394952, 38.6, 8.1, 984, 九篇雪 
10570257, 42.2, 7.9, 2474, 特别的一天 
4736082, 39.2, 7.9, 1430, 像我这样的一个女子 
26933776, 18.2, 8.3, 23, 我敢活成自己想要的样子 
1083882, 44.2, 8.5, 1582, 白先勇经典作品 
1045247, 51.9, 7.7, 21422, 面包树上的女人 
26673941, 37.1, 8.2, 671, 正午故事001 
25816576, 28.6, 7.6, 271, 流浪者的乡愁 
26755836, 39.8, 8.0, 1378, 余罪3 
4199685, 47.0, 7.6, 9986, 我读 
6189764, 39.9, 7.9, 1629, 长发飞扬的日子 
6781745, 36.2, 8.7, 343, 民国语文 
10506822, 36.4, 6.8, 4751, 我是个算命先生 
6800500, 45.3, 7.6, 7245, 南音 （下） 
26785345, 38.6, 8.0, 1118, 余罪4 
25986624, 25.9, 8.5, 75, 幽僻处可有人行？ 
4267093, 34.6, 9.1, 190, 梁遇春散文 
26183860, 31.0, 8.6, 161, 学诗浅说 
19948593, 33.1, 8.0, 411, 表演与偷窥 
1165091, 39.1, 8.8, 495, 曲院风荷 
26736808, 20.0, 8.7, 25, 文章自在 
20387024, 36.7, 7.2, 2462, 晓说 
2005705, 48.9, 9.1, 1642, 唐宋词十七讲 
1005279, 50.0, 8.7, 3171, 皮皮鲁和鲁西西的故事 
26077095, 26.5, 7.8, 148, 论家用电器 
5912249, 37.3, 7.4, 2039, 生于一九九叉 
26877449, 23.5, 7.7, 91, 正午3：到海底去 
3009033, 52.2, 7.8, 18790, 杂的文 
1028977, 35.9, 8.7, 329, 玻璃屋顶 
3311009, 47.6, 7.2, 24883, 原来你非不快乐 
2221690, 34.0, 9.6, 120, 晚饭花集 
10569245, 35.1, 7.1, 2059, 不愿说谢谢的人 
10440147, 36.3, 8.3, 527, 世间的名字 
2254582, 49.8, 8.9, 2403, 以箭为翅 
26647727, 39.7, 7.8, 1801, 手机里的男朋友 
25714176, 39.7, 8.1, 1201, 雪中悍刀行 1 
1009273, 51.1, 9.1, 2305, 三毛流浪记（全集） 
19899834, 38.9, 7.2, 3916, 只愿你曾被这世界温柔相待 
1921441, 45.7, 8.9, 1263, 诗经 
25774247, 31.0, 8.3, 208, 汉字树1 
26331783, 32.3, 7.7, 495, 宋家客厅 
1916929, 37.5, 8.6, 468, 梁实秋谈吃 
5355492, 49.4, 9.1, 1772, 蒋勋说红楼梦（第二辑） 
3290010, 45.6, 7.0, 25278, 澜本嫁衣 
3239549, 61.6, 9.1, 11257, 夹边沟记事 
2230072, 26.2, 8.2, 100, 增广贤文 
1286547, 51.5, 8.6, 4645, 菜根谭 
5913472, 48.4, 9.4, 1107, 蒋勋细说红楼梦 
26613724, 42.4, 7.6, 4042, 余罪 
26798331, 34.9, 8.9, 235, 醒来觉得甚是爱你 
2039292, 37.8, 8.8, 401, 迦陵说词讲稿 
25923206, 28.6, 7.4, 344, 只要活着，就会有好事发生 
26043805, 28.3, 7.5, 287, 你因灵魂被爱 
2567919, 59.0, 8.3, 26214, 匆匆那年（上下） 
25895467, 34.4, 7.6, 858, 鲤·一间不属于自己的房间 
1793132, 47.8, 7.5, 14207, 白马啸西风 
26291984, 49.6, 8.8, 2607, 最后的耍猴人 
21242062, 49.9, 8.2, 6357, 长相思 
2026211, 54.2, 8.9, 4731, 士兵突击 
6974102, 51.3, 7.7, 19250, 盗墓笔记8·大结局（下） 
1958863, 42.5, 8.5, 1197, 搜神記 
7175432, 35.5, 8.9, 256, 张枣随笔选 
26901311, 30.4, 8.7, 134, 血日苍茫 
25762598, 40.2, 8.8, 590, 尽头 
4258636, 36.2, 8.7, 342, 烽火与流星 
3224818, 46.4, 8.5, 2278, 安妮宝贝系列 
1773575, 37.1, 8.3, 600, 花间集 
25896617, 38.7, 7.4, 2709, 第十一根手指 
6002887, 38.4, 7.5, 2149, 突然十年便过去 
7916066, 35.7, 7.6, 1105, 欲爱书 
1108762, 52.6, 9.3, 2278, 诗经 
10771015, 38.3, 7.7, 1593, 姑娘，我们一起合租吧 
6518605, 55.5, 9.3, 3525, 三体全集 
5254315, 59.0, 8.4, 21969, 盗墓笔记7 
25818124, 34.1, 8.2, 395, 翡翠岛编年 
25849892, 39.2, 8.8, 506, 人间滋味 
2775787, 42.1, 9.1, 586, 叶嘉莹说杜甫诗 
1084720, 30.5, 9.8, 65, 傅雷全集 
26609056, 34.4, 7.2, 1521, 年少荒唐 
1592351, 34.7, 8.3, 396, 清华园日记 
2345727, 47.3, 7.5, 12821, 蜗居 
2284090, 46.3, 7.5, 10430, 开到荼蘼 
26675529, 24.8, 8.0, 91, 爱因斯坦与上海神秘人 
20375477, 37.7, 8.6, 485, 这世间所有的白 
26413330, 29.2, 6.8, 887, 故事的结局早已写在开头 
1062971, 44.4, 8.9, 1032, 纳兰性德词选 
1425075, 47.8, 8.8, 1988, 大秦帝国·第一部 黑色裂变（上、下） 
26647742, 38.9, 8.8, 484, 陌生的经验 
1089521, 55.7, 8.5, 10813, 楚留香传奇 
1005358, 55.0, 9.2, 3653, 寻找家园 
1065970, 57.1, 7.8, 47939, 彼岸花 
26393369, 23.8, 7.2, 159, 我书架上的神明 
6711774, 34.6, 7.8, 684, 出神 
4124716, 48.2, 8.6, 2710, 汉字书法之美 
1255624, 67.3, 8.8, 43386, 神雕侠侣 
1288925, 48.5, 8.8, 2216, 五味 
4213445, 44.6, 8.0, 3321, 击壤歌 
1397659, 44.3, 8.0, 3167, 国画 
21770836, 40.8, 8.5, 898, 八九十枝花 
1203363, 43.9, 9.0, 862, 中国小说史略 
1802061, 36.4, 8.8, 323, 诗经原始(上下) 
20497889, 43.3, 7.4, 6932, 全世界人民都知道 
25907863, 28.6, 9.2, 71, 中国文学的抒情传统 
3266344, 61.1, 8.5, 26399, 盗墓笔记4 
25958626, 35.2, 7.9, 672, 橄榄成渣 
1910477, 45.1, 8.8, 1293, 千秋一寸心 
25731990, 36.8, 8.3, 572, 我是落花生的女儿 
26415199, 24.1, 9.8, 27, 吕楠经典三部曲（套装共3册） 
6121542, 43.8, 8.0, 2888, 当你途经我的盛放 
3079029, 56.3, 8.8, 7634, 大秦帝国 
1049219, 54.8, 7.4, 71648, 长安乱 
1045314, 41.8, 8.7, 848, 诗词格律 
1257360, 42.2, 8.8, 805, 孟子 
2049866, 40.9, 9.0, 542, 山海经校注 
1041366, 47.1, 9.3, 1014, 管锥编（全五册） 
1185908, 49.4, 8.5, 3749, 东周列国志（上下） 
1370750, 46.6, 8.6, 2076, 突然我記起你的臉 
11588848, 44.6, 8.2, 2516, 坦白书 
1453210, 53.0, 7.4, 50270, 一座城池 
1010512, 41.1, 8.6, 849, 1901年 
26877850, 32.2, 8.2, 283, 你就适可而止吧 
4154558, 40.1, 8.7, 645, 人间草木 
24754123, 38.2, 7.0, 4812, 所有人问所有人 
4773741, 46.0, 7.5, 9885, 杜拉拉3 
1089511, 45.1, 7.6, 6942, 三少爷的剑 
11613687, 35.9, 7.5, 1318, 我是爬行者小江 
1488740, 33.4, 8.4, 288, 中国古代神话 
19956258, 37.2, 8.5, 489, 容忍比自由更重要 
1823533, 46.7, 8.7, 1869, 山海经 
