Tag: 互联网 

ID, Score, Rating, Votes, Title 
5375620, 58.7, 8.8, 11218, 失控 
26838557, 42.0, 8.6, 975, 智能时代 
6709783, 64.2, 9.1, 16675, 浪潮之巅 
26658379, 47.5, 8.5, 2751, 必然 
26929955, 34.7, 8.1, 487, 腾讯传 
6021440, 59.6, 8.8, 12936, 黑客与画家 
26306686, 49.5, 8.4, 4406, 创业维艰 
26873486, 32.0, 8.5, 208, 运营之光 
26297606, 48.4, 7.6, 13182, 从0到1 
26582822, 46.3, 8.3, 2932, 重新定义公司 
5914587, 49.7, 8.5, 3969, 启示录 
25752043, 44.8, 8.7, 1378, 信息简史 
10828002, 43.0, 8.1, 2173, 游戏改变世界 
20429677, 47.9, 7.6, 12007, 大数据时代 
26915104, 28.5, 9.2, 70, 你凭什么做好互联网 
26596778, 34.9, 8.7, 279, 计算广告 
1919072, 48.2, 7.7, 10593, 长尾理论 
26541801, 39.1, 7.9, 1408, 增长黑客 
26665230, 38.8, 8.5, 648, 硅谷之谜 
6965746, 42.2, 8.2, 1634, 科技想要什么 
3567853, 44.2, 9.0, 899, Getting Real 
3932520, 40.4, 7.5, 3255, 免费 
7007666, 34.5, 7.2, 1544, 认知盈余 
3816827, 42.9, 8.2, 1869, 沸腾十五年 
4736118, 43.3, 7.9, 3025, 结网 
24714655, 39.7, 8.4, 840, 我看电商 
25800616, 37.7, 7.5, 1886, 创业时, 我们在知乎聊什么? 
25723064, 36.2, 7.9, 814, 大型网站技术架构 
26765979, 22.2, 8.8, 34, 架构即未来：现代企业可扩展的Web架构、流程和组织(原书第2版) 
6885949, 33.1, 8.8, 192, 网络、群体与市场 
3169342, 37.3, 8.1, 786, Web信息架构(第3版) 
26927349, 19.8, 7.8, 42, 从点子到产品 
2149971, 38.1, 8.7, 468, 链接 
21326266, 34.5, 8.1, 475, 与机器赛跑 
26897884, 24.8, 8.0, 91, 智能主义 
26278639, 30.0, 8.3, 175, 精益数据分析 
1089508, 35.7, 7.8, 846, 数字化生存 
25928983, 41.8, 7.6, 3649, 周鸿祎自述 
5320866, 50.4, 8.3, 5941, 重来 
25909355, 31.0, 8.3, 208, 数据化管理：洞悉零售及电子商务运营 
1011731, 36.2, 9.0, 261, 信息规则 
10750155, 55.2, 8.7, 7414, 数学之美 
25890247, 34.5, 8.4, 347, 风吹江南之互联网金融 
4243770, 44.4, 8.6, 1443, 创新者的窘境 
25886309, 35.4, 8.4, 402, 翻转课堂的可汗学院 
25804890, 32.2, 7.5, 630, 疯传 
26875239, 27.2, 9.3, 55, SRE 
4789228, 36.1, 8.7, 338, In The Plex 
5302113, 44.9, 8.3, 2297, 三双鞋 
25986746, 30.6, 7.6, 407, 零边际成本社会 
25732463, 32.5, 7.8, 461, 淘宝十年产品事 
4076216, 37.9, 8.0, 976, 锦绣蓝图 
26272662, 34.3, 7.6, 834, 腾讯方法 
25745691, 37.9, 7.2, 3176, 罗辑思维 
1676602, 27.2, 9.3, 55, 创意，未来的工作方式 
26697007, 27.0, 7.7, 179, 产品的视角：从热闹到门道 
26253507, 25.0, 9.1, 44, 互联网思想十讲 
24335672, 36.7, 7.4, 1772, 淘宝技术这十年 
25975454, 36.9, 7.9, 925, 九败一胜 
10546925, 37.4, 8.2, 703, 白帽子讲Web安全 
25915629, 39.2, 8.6, 615, 破茧成蝶：用户体验设计师的成长之路 
20492093, 35.1, 7.6, 976, 平台战略 
25766700, 35.1, 7.5, 1110, 一网打尽 
25848953, 26.1, 7.0, 333, 群体性孤独 
26279954, 25.6, 7.2, 232, 知识的边界 
20505765, 38.3, 8.8, 440, 精益创业实战 
26273310, 30.4, 8.0, 250, 颠覆式创新：移动互联网时代的生存法则 
26315800, 27.7, 7.6, 228, 智慧社会 
1026593, 33.6, 8.4, 295, 信息时代三部曲：经济、社会与文化 
26828718, 25.4, 8.8, 56, 社群营销 
3191237, 35.5, 8.0, 637, 众声喧哗 
26710938, 22.6, 6.9, 169, 爆款：如何打造超级IP 
6414998, 34.1, 8.5, 294, 精通Web Analytics 2.0 
26805266, 24.7, 6.8, 311, 超级IP 
21632268, 26.7, 7.6, 187, 数字乌托邦 
25808226, 25.8, 8.2, 92, Hooked 
5348144, 38.3, 8.4, 662, SEO实战密码 
10769749, 39.0, 8.1, 1064, 推荐系统实践 
25953932, 31.6, 8.2, 256, 第二次机器革命 
20388034, 28.7, 7.3, 394, 大连接 
25746680, 29.4, 8.3, 160, 随意搜寻 
26782574, 20.7, 8.7, 28, 整合：实现商业转型的7大法则 
20365163, 34.9, 7.7, 816, 创客 
26794863, 23.7, 7.7, 95, 如何打造超级IP 
5394309, 48.9, 8.4, 3960, 简约至上 
25747269, 31.8, 7.7, 454, 颠覆医疗 
20471120, 38.2, 7.5, 2089, 打造Facebook 
3886044, 41.6, 8.0, 1934, 瞬间之美 
26697460, 27.5, 8.3, 115, 裂变式创业 
26400900, 31.9, 7.2, 883, 创京东 
26349459, 28.2, 8.1, 155, 登高四书 
25867042, 32.0, 8.1, 305, 大型网站系统与Java中间件开发实践 
26685458, 27.8, 7.5, 262, 用户力：需求驱动的产品、运营和商业模式 
25850087, 27.2, 8.3, 109, 有的放矢 
7006719, 33.3, 8.1, 381, 这就是搜索引擎 
3396111, 34.9, 7.9, 644, 网络营销实战密码 
25856314, 32.2, 8.8, 166, Web性能权威指南 
26431332, 25.6, 7.3, 208, 社群营销 
1013042, 31.5, 8.3, 229, 孤独的狂欢 
26850028, 22.7, 8.5, 44, 阿里巴巴 
25843241, 31.9, 7.5, 590, 互联网思维独孤九剑 
26575141, 27.2, 6.6, 765, 场景革命 
26739670, 25.5, 7.7, 135, 众媒时代 
7054652, 38.8, 8.0, 1156, 创业36条军规 
19934150, 30.5, 7.7, 354, 大数据 
3685204, 39.4, 7.9, 1475, 长尾理论2.0 
26142616, 25.0, 8.2, 80, 用户体验多面手 
25790070, 32.1, 7.4, 704, 移动的帝国 
1867642, 49.3, 7.7, 13037, 世界是平的 
22993903, 24.2, 7.3, 156, 区块链 
26702493, 35.4, 8.2, 494, 时间的朋友2015 
26757535, 15.0, 7.6, 19, 资本的真相 
26830108, 16.5, 8.1, 19, 疯传：让你的产品、思想、行为像病毒一样入侵（全新修订版） 
11516567, 39.8, 8.7, 615, 四步创业法 
26422298, 18.9, 8.3, 26, 奇点系列 
26866421, 25.1, 8.2, 82, 爆品手记 
1929871, 28.4, 8.3, 133, 认同的力量 
26611892, 23.7, 7.0, 194, 共享经济 
25763770, 30.7, 7.6, 412, 孵化Twitter 
26879228, 16.5, 8.0, 20, 运营制胜 
26386566, 26.1, 7.4, 206, 一个人的电商 
20429704, 27.3, 6.9, 490, 删除 
10344930, 24.4, 7.0, 226, 社交网站的数据挖掘与分析 
26929898, 16.2, 7.3, 29, 跟小贤学运营 
2265341, 32.8, 7.2, 1080, 维基经济学 
26644961, 21.8, 7.2, 104, 玻璃笼子 
25764520, 32.0, 8.1, 304, 走出电商困局 
26807009, 21.0, 7.9, 49, 走近2050：注意力、互联网与人工智能 
26589080, 25.6, 7.1, 259, 社交红利2.0 
2284487, 25.6, 8.5, 71, 硅谷热 
6860890, 38.5, 8.3, 757, 黑客 
24749903, 31.6, 8.3, 231, 世界是数字的 
25866380, 26.9, 8.1, 121, 互联网思维的企业 
6758780, 32.5, 8.1, 330, 大规模Web服务开发技术 
25879027, 28.7, 7.8, 225, 谷歌和亚马逊如何做产品 
25795270, 32.4, 8.2, 292, 形式感+：网页视觉设计创意拓展与快速表现 
2157554, 38.2, 8.0, 1033, 赢在用户 
3924175, 43.2, 8.6, 1182, 构建高性能Web站点 
3793884, 34.4, 7.6, 855, 轻公司 
24875857, 29.4, 6.8, 929, 社交红利 
3717165, 32.0, 7.3, 790, 众包 
1072313, 22.5, 7.7, 76, 硅谷之火 
3865371, 34.4, 7.5, 968, Google将带来什么? 
26806913, 18.9, 8.3, 26, 极致：互联网时代的产品设计 
26836518, 19.2, 8.2, 29, 超级IP 
25861795, 30.1, 7.4, 464, 重来2 
25912257, 24.5, 8.1, 79, 互联网的误读 
26769527, 25.3, 9.5, 37, 互联网+风口 
26810317, 25.1, 6.9, 300, 爆品战略 
25925083, 29.4, 8.2, 174, 再看电商 
6920100, 35.3, 7.6, 1022, 20个月赚130亿 
26465430, 23.6, 7.8, 86, 共享经济时代 
26286756, 14.9, 8.0, 15, 论因特网 
26314393, 19.1, 8.6, 23, 自营销互联网方法 
25842420, 29.0, 7.5, 329, 决战大数据 
6790578, 24.5, 8.2, 74, 总开关 
3338726, 28.2, 7.5, 282, 信息乌托邦 
26688084, 22.0, 6.8, 165, 互联网运营之道 
26656350, 25.1, 8.1, 88, 增长的本质 
24740308, 37.8, 9.2, 284, 浪潮之巅（下册） 
25862775, 26.0, 7.0, 320, 游戏化思维 
5290566, 29.0, 7.6, 296, 筑巢引凤 
26825463, 11.9, 7.3, 12, 如何研究网络人群和社区 
1186899, 29.5, 8.2, 176, 思想的未来 
19975498, 28.5, 7.7, 242, 掘金黑客 
3795574, 28.2, 7.0, 526, 部落：一呼百应的力量 
25927950, 26.1, 7.5, 184, YC创业营: 硅谷顶级创业孵化器如何改变世界 
24841121, 27.2, 7.7, 186, 做自己:鬼脚七自媒体第一季 
24383461, 25.7, 7.8, 127, 网络素养 
10769591, 27.4, 7.3, 303, 神一样的产品经理 
26022186, 28.3, 6.7, 843, 跨界 
4827960, 29.2, 7.7, 273, 移动应用的设计与开发 
25784778, 29.8, 8.1, 206, 1024·人与机器共同进化 
25733421, 26.9, 8.7, 76, Web之困：现代Web应用安全指南 
26827267, 14.7, 7.7, 17, Chaos Monkeys 
26586799, 25.3, 8.1, 92, 创业无畏 
10769712, 26.4, 6.3, 1043, 爆发 
3215423, 31.9, 7.5, 588, IT不再重要 
6838110, 29.2, 7.5, 347, YES！产品经理（上、下册） 
26857852, 17.5, 7.3, 38, 硅谷密探：探秘全球科技精华 
26410894, 28.6, 7.6, 271, 众创时代 
1930183, 28.4, 8.5, 113, 千年终结 
25723443, 26.4, 7.6, 177, 产品经理的20堂必修课 
24739213, 39.5, 9.1, 397, 浪潮之巅（上册） 
26348488, 24.8, 6.9, 278, 引爆社群 
4719162, 37.9, 8.9, 372, 高性能网站建设进阶指南 
4820899, 29.1, 6.6, 1200, Facebook 
5904151, 33.4, 7.5, 803, 马云内部讲话 
6558345, 24.7, 7.1, 213, 信任代理 
5386169, 27.3, 7.5, 233, HTML5揭秘 
25960651, 20.7, 8.0, 43, 移动社交时代的互动搜索营销（全彩） 
26744929, 20.3, 8.4, 31, 互联网+秋叶课堂：我的网课创业 
1474667, 35.0, 7.9, 655, 搜 
25975442, 27.2, 8.0, 140, 互联网时代 
4019512, 32.6, 7.0, 1386, 正在爆发的互联网革命 
3821157, 38.1, 8.5, 571, Web界面设计 
2052230, 25.1, 7.9, 104, 赛博空间的奥德赛 
25779423, 28.9, 7.3, 414, 老二非死不可 
10546139, 25.0, 8.0, 95, SEO艺术 
26136156, 16.5, 7.7, 24, 数码人类学 
26697074, 22.9, 8.2, 56, 智慧之巅：DT时代的商业革命 
26648154, 20.4, 9.2, 21, O2O融合：打造全渠道营销和极致体验 
26883531, 12.7, 7.6, 12, 网易一千零一夜 
1879670, 33.5, 7.3, 1069, 撬动地球的Google 
26651382, 21.5, 6.5, 214, 微信力量 
20497858, 28.8, 8.2, 157, 网站分析实战 
24744419, 24.6, 7.7, 114, 大数据时代的历史机遇——产业变革与数据科学 
26795385, 13.0, 7.0, 18, 第四次革命 
26263689, 22.5, 6.4, 320, 微信思维 
4886100, 37.5, 8.5, 519, Web表单设计 
26387551, 20.3, 5.8, 465, 互联网+ 
5978700, 21.8, 8.3, 43, I&#39;m Feeling Lucky 
6797555, 26.8, 7.3, 267, 网络至死 
26340695, 23.0, 9.2, 31, 三位一体 
26674042, 22.9, 7.9, 70, 第九区·游戏 
26361207, 24.0, 7.7, 101, 看见未来 
6129181, 21.8, 7.9, 57, 六度分隔 
26663519, 25.0, 7.5, 149, MacTalk 跨越边界 
24890463, 28.3, 7.4, 323, 拒绝平庸 
4233474, 30.9, 7.6, 428, 设计网事 
5994771, 17.8, 7.4, 38, The Filter Bubble 
3039216, 30.9, 7.9, 305, 构建可扩展的Web站点 
26643784, 18.7, 7.0, 64, 激活个体 
10793814, 27.5, 8.7, 84, 黑客攻防技术宝典（第2版） 
26658944, 22.4, 7.8, 69, 大数据经济 
26662454, 21.9, 9.4, 24, 新网络营销推广实战从入门到精通 
3132277, 41.5, 8.6, 906, 高性能网站建设指南 
26280930, 17.7, 8.5, 19, Hooked 
26836223, 19.2, 7.0, 72, 腾讯之道 
26648171, 19.1, 7.5, 46, APP运营推广：抢占移动互联网入口、引爆下载量、留住用户 
5319798, 24.6, 7.5, 138, 搜索模式 
2281055, 31.0, 7.8, 349, 小就是大 
26369667, 22.3, 6.6, 228, 互联网+ 
22229485, 34.3, 7.8, 652, 需求 
6901098, 19.1, 8.3, 27, The Idea Factory 
26881122, 9.2, 6.5, 10, 增长黑客营销 
26629744, 14.2, 7.5, 17, 硅谷生态圈 
25826578, 33.2, 7.1, 1369, MacTalk 人生元编程 
25858761, 23.8, 7.6, 106, 互联网金融手册 
6545083, 26.6, 7.5, 204, 智能Web算法 
4066788, 28.3, 8.3, 131, 搜索引擎营销 
4201552, 33.8, 7.8, 586, 用户体验草图设计 
4306582, 25.9, 7.1, 277, 正在爆发的营销革命 
10756899, 19.5, 7.4, 53, 高扩展性网站的50条原则 
26800138, 19.9, 7.5, 53, 滴滴：分享经济改变中国 
26646553, 23.3, 7.6, 96, 指数型组织 
26386850, 17.7, 7.6, 32, 图灵的大教堂 
24828865, 25.1, 7.7, 124, 混合现实 
1029781, 25.5, 7.5, 163, 硅谷商战 
26724253, 20.6, 7.7, 53, 创新的洞见 
26613912, 13.6, 7.3, 17, 另一个地球 
26593127, 20.3, 7.2, 75, 可视化未来 
4275054, 29.2, 6.9, 762, 网民的狂欢 
6954094, 20.5, 7.1, 87, 互联网创业启示录 
25723889, 22.9, 7.4, 107, 信息时代的世界工厂 
11445674, 25.3, 6.4, 659, 产品经理修炼之道 
25848448, 19.5, 7.4, 53, 技术赋权 
26278454, 20.4, 7.2, 77, 无须等待 
3948372, 23.5, 7.3, 134, 网站交互设计模式 
25926762, 15.7, 7.2, 28, 自媒体时代，我们该如何做营销 
26148605, 15.1, 7.4, 22, 图解网站分析（修订版） 
2985736, 21.0, 8.2, 40, 信息改变了美国 
24325849, 26.5, 7.8, 148, Axure RP 6原型设计精髓 
4100376, 21.7, 7.5, 77, 互联网：碎片化生存 
4909176, 29.3, 7.7, 282, 社交网站界面设计 
26574203, 17.6, 8.6, 18, 睡鼠说 
3742366, 28.0, 8.2, 135, 胜于言传 
26872843, 16.1, 7.5, 25, 运营实战指南 
25831443, 20.6, 7.1, 88, 体验为王 
6434328, 33.7, 7.4, 963, 谁说菜鸟不会数据分析 
24284785, 25.6, 7.5, 168, 金融e时代 
24530309, 25.7, 7.4, 190, 一个媒体推手的自白 
26608019, 12.6, 7.4, 13, 智能 
3784712, 31.5, 7.9, 343, 网络江湖三十六计 
25855986, 21.1, 8.4, 36, Mastering Bitcoin 
4926708, 28.3, 7.3, 366, 网站设计解构 
26371405, 20.9, 7.4, 71, 京东平台运营攻略（全彩） 
6548683, 35.6, 7.6, 1069, 商业的常识 
4818690, 27.6, 7.9, 166, 用户体验面面观 
25854698, 27.4, 8.1, 133, 微创新 
26598926, 22.6, 7.3, 112, 品牌是什么？——互联网时代品牌系统创新 
20366340, 25.0, 7.4, 165, 小圈子·大社交 
25972633, 15.6, 6.0, 87, 大型分布式网站架构设计与实践 
6114207, 27.6, 7.0, 466, UCD火花集2 
3908071, 21.5, 5.4, 1657, 豆瓣，流行的秘密 
26357758, 23.7, 9.1, 36, 风险投资交易 
26274194, 12.0, 7.5, 11, 跨境电商——阿里巴巴速卖通宝典 
4203438, 24.2, 7.9, 89, 数字化崇拜 
5904053, 26.3, 5.8, 2901, 微博：改变一切 
25896881, 19.4, 7.8, 39, 影响力方程式 
4926083, 26.6, 7.6, 184, 妙手回春 
3279105, 43.1, 8.6, 1171, About Face 3 交互设计精髓 
26417588, 17.8, 7.9, 27, 读懂互联网+ 
26801362, 21.0, 6.6, 169, 网红经济 
2364146, 27.9, 7.6, 236, 海星模式 
25932067, 24.2, 7.2, 172, 教训 
24749380, 22.2, 7.0, 138, 微信控 控微信 
26756284, 13.5, 7.6, 14, 麦肯锡说，未来20年大机遇 
26710165, 16.3, 7.4, 28, 数字民主的迷思 
26703500, 14.9, 6.1, 63, 区块链 
25790111, 20.6, 6.9, 109, 海量运维、运营规划之道 
25818670, 19.6, 7.0, 78, 翻转世界 
7067578, 16.5, 6.0, 110, 网络营销推广实战宝典 
5988607, 23.6, 6.6, 317, 阅读的未来 
26652279, 21.0, 9.4, 21, 翻盘：互联网时代的垂直创业法则 
26717842, 18.5, 7.2, 51, 互联网生态：重构商业规则 
25775887, 15.0, 5.4, 177, 微信营销与运营 
1071093, 19.2, 7.4, 50, 黑客伦理与信息时代精神 
25808614, 20.0, 6.5, 149, 互联网金融 
26264767, 19.7, 6.4, 155, 京东技术解密 
4191825, 24.3, 7.3, 159, 公众风潮 
10433774, 23.0, 7.4, 109, 创意传播管理 
4096751, 24.1, 7.5, 125, 25岁，我赚了3个亿 
1323570, 22.2, 7.4, 92, 伊托邦 
1476966, 24.0, 7.1, 185, 互联网商规11条 
26778836, 11.5, 7.5, 10, 免费:商业的未来 
25832065, 21.2, 7.5, 70, 重新理解媒介 
25837689, 18.8, 7.5, 43, Growth Hacker Marketing 
26285693, 23.7, 7.4, 127, 慕课革命 
1789444, 37.9, 8.4, 621, 第三次浪潮 
25913009, 24.7, 7.3, 170, 传统企业，互联网在踢门 
25976086, 14.4, 7.4, 19, 忠诚度革命：用大数据、游戏化重构企业粘性 
26832701, 11.4, 7.1, 12, 白话大数据与机器学习 
26838082, 10.9, 5.9, 25, 独角兽之路 
25885293, 17.2, 7.2, 39, 好设计不简单Ⅰ：100个网站架构的实用要点 
5355455, 26.7, 7.4, 233, 新规则 
25807308, 20.7, 6.6, 157, 支付革命 
26831424, 14.5, 6.6, 34, 区块链：定义未来金融与经济新格局 
4875762, 23.7, 7.2, 155, 裂变 
1464916, 31.7, 7.4, 648, 飞得更高 
26827114, 14.7, 6.9, 28, 分享时代 
25943598, 24.0, 7.5, 122, 埃隆·马斯克传 
25838708, 12.5, 7.0, 16, 微信公众平台应用开发 
25800026, 25.7, 7.1, 269, 移动风暴 
5377414, 25.2, 7.5, 156, 榨干百度谷歌 
19896271, 16.3, 6.2, 83, 互联网进化论 
25827264, 20.3, 7.7, 50, 产品经理那些事儿 
5909797, 19.4, 8.4, 27, The Net Delusion 
26596293, 15.7, 7.2, 28, 小白学运营 
1049865, 18.8, 6.8, 80, 注意力经济 
21966361, 12.7, 6.9, 18, 拉动力 
23820914, 12.9, 4.7, 360, 微信营销解密 
26354179, 12.0, 6.5, 20, 我知道你是谁·我知道你做过什么 
26437231, 16.0, 6.9, 38, 技术管理之巅 
26916843, 17.3, 8.6, 17, 转型革命 
25922105, 12.5, 6.9, 17, 微信电商,产品这么卖才赚钱 
20471142, 20.5, 6.4, 194, 比特素养 
26628218, 24.1, 7.6, 112, 智能爆炸：开启智人新时代 
11614301, 11.9, 6.8, 16, 电商运营 
7008245, 15.6, 7.3, 26, Networked 
26354705, 14.0, 6.8, 26, 微信营销108招 
24743287, 16.3, 7.5, 26, 雷军 
1468853, 27.0, 8.5, 90, 信息烟尘 
25775590, 18.5, 7.3, 47, SIVA范式 
4720570, 14.7, 7.7, 17, 电子商务 
26815416, 13.2, 7.8, 12, 互联网时代项目管理术 
20440954, 17.8, 7.2, 44, 云计算 
6851214, 28.5, 7.3, 380, 社会化营销 
1313505, 24.4, 7.8, 99, 数字麦克卢汉 
1434831, 26.5, 8.3, 96, IT通史 
