Tag: 人性 

ID, Score, Rating, Votes, Title 
1770782, 78.2, 8.8, 247670, 追风筝的人 
26892080, 42.1, 9.0, 648, 猎豹 
26910597, 35.8, 8.6, 353, 直到那一天 
26837288, 40.9, 8.4, 1022, 钓鱼的男孩 
4011670, 60.4, 8.3, 33156, 人间失格 
20428302, 51.8, 9.1, 2563, 失明症漫记 
6880158, 60.5, 8.7, 17200, 陆犯焉识 
1056295, 57.1, 8.3, 18808, 人性的弱点全集 
3259440, 79.6, 9.1, 172643, 白夜行 
26712353, 38.2, 8.7, 473, 血疫 
20441569, 46.2, 9.1, 1089, 被淹没和被拯救的 
26883960, 18.4, 8.3, 24, 伊比库斯的预言 
26864850, 31.4, 8.4, 206, 香蕉的低语 
10560798, 55.7, 8.7, 7912, 面纱 
1460340, 49.3, 8.9, 2205, 人性的，太人性的 
2334065, 56.2, 9.4, 3445, 塔希里亚故事集 
1322992, 31.1, 8.3, 212, 理解人性 
24845582, 53.3, 8.4, 8421, 群山回唱 
2143732, 66.9, 8.7, 48345, 灿烂千阳 
3740431, 48.9, 8.4, 3954, 灵魂只能独行 
1872158, 49.1, 8.2, 5554, 蝇王 
3537590, 55.8, 8.3, 15135, 朗读者 
3646172, 64.8, 8.4, 58565, 恶意 
26413027, 47.2, 7.5, 12645, 虚无的十字架 
6085181, 49.5, 8.1, 6933, 二号首长 
5336008, 37.5, 8.3, 641, 瞬变 
26807576, 35.4, 8.4, 401, 赡养人类 
3673651, 52.3, 7.7, 23533, 岛 
3920130, 58.1, 8.6, 13631, 告白 
1027247, 51.6, 7.9, 14103, 丑陋的中国人 
1829226, 69.1, 9.1, 35263, 肖申克的救赎 
24862771, 40.6, 9.0, 514, 熔炉 
26825826, 29.1, 7.6, 301, 同栖生活 
26150549, 37.9, 8.7, 450, 人性中的善良天使 
1008988, 60.1, 8.3, 31811, 了不起的盖茨比 
26844800, 22.7, 7.3, 113, 小镇忧郁青年的十八种死法 
2070807, 42.7, 8.5, 1228, 懂得爱 
26762116, 27.4, 7.9, 159, 疯癫老人日记 
1178535, 41.3, 8.6, 869, 人性论（上下） 
4071842, 51.2, 8.6, 4438, 路西法效应 
1079104, 49.1, 8.6, 3153, 尼采：在世纪的转折点上 
24527845, 40.8, 7.0, 8667, 我讲个笑话，你可别哭啊 
26577706, 28.5, 7.8, 216, 档案 
20477116, 33.1, 9.0, 163, 对权威的服从 
1856494, 59.5, 9.3, 6327, 卡拉马佐夫兄弟 
5406559, 50.3, 8.7, 3341, 鼠疫 
25891213, 44.2, 8.8, 1123, 七号房的礼物 
4882013, 40.9, 8.1, 1476, 异常 
4799445, 43.9, 7.9, 3421, 太阳黑子 
26811334, 27.8, 8.1, 144, 疼 
10767124, 48.8, 8.6, 2986, 乡村教师 
4199233, 26.8, 9.1, 58, 人间喜剧 
1456311, 39.9, 8.5, 770, Of Mice and Men 
1082154, 77.2, 9.1, 119763, 活着 
1029791, 67.8, 8.7, 56227, 许三观卖血记 
24371383, 37.1, 7.7, 1247, 中国国民性演变历程 
3890174, 49.4, 7.7, 13454, 信 
26838835, 21.5, 7.2, 98, 一个人的世界史 
25744411, 41.2, 8.6, 859, 被嫌弃的松子的一生 
5996568, 32.5, 8.6, 207, 人性的污秽 
4009552, 53.4, 7.6, 34948, 幻夜 
5347699, 48.5, 7.8, 9415, 彷徨之刃 
2035171, 60.3, 9.0, 10678, 人生的枷锁 
3136271, 57.5, 8.6, 12465, 罗生门 
3315879, 57.1, 8.6, 11670, 恶童日记 
26919454, 14.9, 8.0, 15, 人生很短，你要做个聪明人 
1400059, 51.7, 8.7, 4165, 心 
20389191, 37.7, 8.4, 595, 冰点 
6097966, 49.5, 8.1, 6954, 发条橙 
1071821, 46.2, 8.1, 3828, 你不可不知的人性 
6967983, 41.7, 8.2, 1507, 罪行 
20473093, 42.3, 8.5, 1156, 大逃杀 
3274851, 49.0, 8.0, 7350, 原谅我红尘颠倒 
1022632, 55.3, 8.7, 7467, 罪与罚 
1211267, 47.5, 8.5, 2739, 阿甘正传 
5910655, 41.1, 8.3, 1201, 古炉 
3266351, 34.2, 8.4, 330, 人性的因素 
4189215, 38.6, 9.2, 320, 灵之舞 
1968882, 33.1, 7.6, 658, 冰鉴 
10555486, 52.3, 8.7, 4596, 分成两半的子爵 
24736900, 44.2, 8.2, 2331, 千只鹤 
26636282, 26.3, 6.8, 448, 如果你想过1%的生活 
2062557, 44.8, 9.1, 890, 地狱变 
20326626, 53.5, 8.6, 6415, 少年Pi的奇幻漂流（插图珍藏版） 
1883353, 55.1, 8.8, 6314, 野性的呼唤 
3263006, 45.1, 8.8, 1293, 飞越疯人院 
6759059, 44.3, 8.0, 3172, 二号首长2 
3088531, 24.3, 8.1, 76, 论人的天性 
10505864, 30.3, 7.6, 382, 乔姆斯基、福柯论辩录 
4918103, 39.3, 8.5, 703, 礼物 
3015561, 36.2, 8.1, 645, 第二次握手 
3312040, 31.2, 8.1, 262, 谁会认错 
1022060, 64.9, 8.3, 72841, 狼图腾 
6100947, 43.6, 7.6, 5134, 刘氏女 
2230072, 26.2, 8.2, 100, 增广贤文 
1180108, 57.5, 9.0, 6979, 恐怖宠物店1 
1316564, 39.9, 8.9, 508, 情感的迷惘 
4231214, 37.3, 7.8, 1148, 恶人 
6060470, 32.8, 7.8, 486, 裂缝 
3024497, 48.1, 8.4, 3481, 天浴 
1477442, 36.9, 9.0, 291, 为自己的人 
2255896, 47.2, 8.8, 1799, 绿里奇迹 
2113347, 38.9, 8.6, 593, 卡耐基经典全集 
4870150, 44.9, 8.3, 2298, 44号孩子 
6794021, 47.4, 7.8, 7681, 红手指 
24847418, 24.2, 6.9, 247, 素食主义者 
1082138, 55.0, 8.3, 13150, 在细雨中呼喊 
6048071, 42.9, 8.6, 1132, 七声 
1205370, 59.5, 8.1, 40904, 羊脂球 
1428004, 37.2, 8.2, 679, 羊的门 
1180102, 61.0, 8.9, 13761, 恐怖宠物店（10） 
1088418, 45.4, 9.0, 1074, 死屋手记 
1470622, 41.9, 8.2, 1556, 二十年目睹之怪现状 
1029326, 36.5, 8.5, 437, 神木 
3017857, 61.2, 8.5, 26829, 金锁记 
26390937, 39.7, 9.1, 412, 猎魔人2：宿命之剑 
20260181, 32.6, 7.8, 468, 罪责 
1292416, 61.1, 8.5, 26380, 香水 
25722933, 29.9, 7.8, 280, 穹顶之下（上下） 
1008074, 50.0, 7.5, 22021, 失乐园 
1535600, 32.5, 8.2, 297, 黑暗的心 
1772151, 33.0, 8.6, 225, 翻身 
6759677, 31.4, 8.7, 158, 走出恐惧 
1843486, 30.9, 7.6, 431, 浮城 
2219871, 29.2, 8.9, 96, 自我认知 
25933862, 31.3, 8.4, 200, 黄鸟 
4928387, 47.9, 7.5, 14379, 单恋 
1213546, 57.5, 8.3, 20035, 变形记 
26390714, 22.1, 7.6, 76, 大断裂 
4722181, 31.2, 7.5, 509, 小心，无良是一种病 
25814725, 41.6, 8.8, 740, 人间失格·斜阳 
25748132, 37.2, 8.4, 548, 复明症漫记 
1712350, 24.6, 7.7, 113, 动机心理学 
26264973, 34.1, 8.6, 266, 查无此人 
6742588, 36.7, 7.9, 896, 温故一九四二 
3813981, 30.8, 8.6, 155, 極端自我就是王 
1485495, 52.1, 8.1, 10965, 楼下的房客 
26662118, 20.0, 8.5, 28, 比空气轻 
1475128, 34.8, 8.8, 251, 人的潜能和价值 
3315714, 40.3, 7.6, 2718, 陪你到最后 
1769617, 36.3, 9.3, 209, 惡童三部曲 
3024168, 24.1, 8.8, 46, 企业的人性面 
4863905, 38.1, 7.5, 2052, 就说你和他们一样 
6833935, 37.8, 8.5, 548, 老无所依 
6088153, 47.2, 8.5, 2614, 人间 
4917079, 21.9, 7.7, 68, 人性能达到的境界 
5980471, 40.8, 8.4, 1011, 生命如歌 
2568438, 39.9, 8.6, 693, 权力与荣耀 
10569619, 50.0, 8.5, 4187, 自由 
7916072, 39.4, 7.6, 2269, 杨氏女 
1538996, 26.6, 7.9, 139, 红色皇后 
2285530, 38.5, 9.1, 342, 弗洛伊德及其后继者 
3540367, 31.9, 8.4, 224, 印象洗脑术 
3422709, 23.9, 7.6, 109, 骗经 
1455138, 45.5, 8.8, 1374, 白色巨塔（第一部） 
2075107, 30.6, 7.2, 674, 邪恶心理学 
3797441, 27.0, 9.2, 56, 大漠祭 
25913877, 15.8, 8.2, 16, 救贖者 
26695147, 20.0, 7.7, 47, 成长是一件孤独的事 
1092335, 62.0, 8.9, 16015, 教父 
1073866, 32.0, 8.6, 190, 挺经 
2080389, 27.9, 8.9, 78, 人心 
3597079, 41.9, 9.0, 634, 我的团长我的团 
25820440, 32.3, 8.3, 263, 秀拉 
20492095, 25.8, 7.1, 273, 性、谋杀及生命的意义 
6428818, 39.3, 8.4, 786, 田园交响曲 
25800697, 34.8, 7.1, 1919, 妈阁是座城 
25732872, 21.7, 7.8, 60, 灯塔里的陌生女孩 
1024197, 61.3, 8.3, 39180, 巴黎圣母院 
2016749, 51.6, 8.1, 10048, 金陵十三钗 
1064275, 62.8, 8.3, 50189, 老人与海 
11597370, 31.7, 8.5, 196, 陶偶 
10607615, 46.2, 8.8, 1538, 第三种黑猩猩 
5036712, 29.4, 8.4, 145, The Lovely Bones MTI可爱的骨头 
1436657, 53.4, 8.9, 4179, 寄生獸 (完全版) (Vol. 1) 
5326852, 33.2, 7.7, 590, 纳棺夫日记 
26365152, 27.9, 8.9, 78, 别让身边朋友害了你 
2131768, 26.4, 7.9, 134, 人性 
3293742, 36.9, 7.8, 1063, 战争画师 
1088065, 62.5, 8.6, 28148, 阿Q正传 
6853462, 35.5, 8.1, 568, 魔鬼与普里姆小姐 
26694009, 12.4, 6.4, 24, 黑暗中的4虐者 
1322455, 56.0, 8.8, 7234, 遥远的救世主 
26425191, 19.9, 8.4, 29, 奥斯维辛骷髅俱乐部 
24858349, 27.7, 9.4, 55, 珍藏麦柯里 
4293155, 32.5, 8.5, 224, 士兵的重负 
1127253, 36.1, 7.9, 807, 黑屋吊影 
26669881, 21.5, 8.7, 32, 文坛亦江湖 
4075203, 47.9, 9.1, 1425, 鼠族（一、二部） 
2157003, 37.1, 7.2, 2664, 她们谋生亦谋爱 
1752755, 54.8, 8.6, 7967, 第九个寡妇 
26603131, 17.4, 7.9, 25, 男权的神话 
2229229, 46.2, 8.0, 4456, 穿条纹衣服的男孩 
3137289, 52.7, 8.5, 6521, 姐姐的守护者 
3546574, 36.8, 8.8, 342, 扭曲的人性之材 
11511204, 39.8, 7.4, 3342, 悖论13 
10788090, 32.7, 8.2, 310, 天浴 
19980346, 26.4, 8.8, 66, 伊万·伊里奇之死 
4202417, 39.2, 8.3, 858, 幽灵代笔 
1261320, 27.1, 7.7, 184, 微精神分析学 
10527572, 19.8, 7.7, 45, 鲁米诗选 
2052580, 33.1, 7.9, 460, 神秘河 
3136230, 29.5, 7.7, 293, 红火星（全两册） 
20473122, 33.9, 8.3, 347, 圣诞假日 
20513018, 23.4, 7.0, 180, 错身而过的街道 
1386229, 46.9, 8.7, 1921, 漂流教室(1) 
4759591, 36.6, 8.2, 619, 入殓师 
26580084, 44.7, 8.7, 1347, 烛烬 
6781808, 59.3, 9.2, 6933, 杀死一只知更鸟 
5400595, 42.0, 7.8, 2760, 中国，少了一味药 
25772581, 28.9, 8.5, 124, 寂静的烽塔 
3442377, 51.2, 8.6, 4390, 第三谎言 
1918220, 39.2, 8.4, 769, 性与性格 
1279212, 43.5, 7.5, 6007, 十日谈 
1370244, 41.0, 8.3, 1167, 末日(10) 
2222424, 30.2, 7.6, 372, 女人的起源 
2131426, 39.1, 9.0, 408, 涅朵奇卡·涅茨瓦诺娃 
1417905, 43.1, 7.1, 11821, 废都 
25869090, 26.9, 7.8, 159, 完美妻子 
3442373, 51.5, 8.5, 5367, 二人证据 
6525712, 25.8, 8.1, 101, 我的朝鲜战争 
1675270, 32.3, 8.0, 355, 人性的优点全集 
4753783, 46.8, 7.4, 14107, 分身 
2568082, 35.7, 8.2, 522, 闯关东 
26751840, 14.1, 8.0, 13, 愛的進化論 
1762619, 24.9, 9.2, 41, 弗洛姆著作精选：人性、社会、拯救 
1203293, 43.4, 8.6, 1221, 张爱玲散文 
1980686, 38.6, 7.3, 3097, 第八号当铺 
25713178, 38.4, 8.6, 539, 我当道士那些年2 
1262986, 51.2, 8.1, 9297, 我不是教你诈 
1458341, 46.7, 8.6, 2111, 禁斷戀愛 
1839083, 29.3, 8.6, 122, 凶犯 
1011228, 46.3, 8.3, 2949, 远大前程 
25833211, 26.9, 8.4, 96, 在西方目光下 
1292405, 51.5, 8.6, 4673, 自私的基因 
3266350, 35.7, 8.5, 382, 问题的核心 
4105411, 50.1, 8.1, 7744, 第八日的蝉 
4191879, 35.5, 8.1, 564, 苏菲的选择 
3222662, 40.7, 8.2, 1254, 谁家有女初长成 
4753689, 43.2, 8.2, 1949, 莎拉的钥匙 
3879946, 41.3, 8.2, 1409, 光与影 
6829101, 38.1, 8.2, 799, 大地的谎言 
4848435, 25.4, 7.1, 251, 与苏格拉底吃早餐 
1313815, 29.4, 8.1, 190, 黑暗的心 
3886765, 23.4, 6.9, 205, 你可以看透任何人 
4127878, 19.9, 7.0, 83, 咀嚼爱情 
1857240, 31.5, 8.5, 191, 榆树下的欲望 漫长的旅程 
25753360, 34.4, 7.2, 1518, 本色 
4898668, 36.1, 8.4, 451, 缺月梧桐 
1016822, 30.5, 8.5, 161, 美德的起源 
20427187, 73.0, 8.8, 108297, 看见 
2240279, 26.0, 8.6, 71, 狱中二十年 
1562802, 32.4, 8.8, 170, 辛德勒的名单 
25902239, 29.1, 8.5, 127, 道林·格雷的画像 
5380072, 39.1, 8.2, 947, 思想与乡愁 
4220020, 46.1, 8.8, 1502, 相助 
4151134, 44.2, 7.8, 4217, 只爱陌生人 
4852691, 37.5, 8.4, 575, 你不可不知的人性（全二册） 
24859827, 22.6, 8.2, 53, 羽毛人 
4908885, 64.3, 9.0, 19874, 局外人 
24382569, 55.4, 8.6, 8801, 一桩事先张扬的凶杀案 
2252637, 33.5, 8.0, 443, 诱惑的艺术 
24845389, 31.8, 7.7, 456, 潜意识 
26634790, 20.0, 7.6, 50, 逃生游戏 
1000773, 26.7, 8.7, 74, 人类本性与社会秩序 
10430437, 32.7, 7.4, 798, 人生百忌 
1006737, 44.4, 7.8, 4319, 米 
2328345, 20.3, 8.9, 24, 狱中书简：致亲爱的奥尔嘉 
24325270, 33.4, 8.2, 349, 道德动物 
2060665, 26.5, 8.1, 114, 曾仕强说中国人 
2266292, 25.4, 9.0, 50, 罗生门 
3182988, 25.1, 9.4, 38, 白虎关 
5919999, 43.5, 7.6, 5051, 赎罪 
26366617, 22.8, 7.6, 88, 曲终人在 
4245064, 47.3, 8.6, 2349, 冷血 
1037631, 28.0, 8.2, 135, 荣枯鉴 
3230321, 28.0, 9.1, 70, 奥修传 
4000102, 34.4, 8.0, 523, 自殺島 1 
26667196, 25.5, 8.8, 57, 奥斯维辛集中营的志愿者 
1370271, 32.4, 8.6, 201, 浮华世家 
3550791, 11.3, 7.4, 10, 秘禁縄淫画廊 
10761494, 33.7, 7.4, 972, 女心理师 
4820710, 69.6, 9.3, 28034, 1984 
2196943, 19.7, 7.7, 44, 别跟情绪过不去 
1061615, 34.5, 7.6, 873, 方与圆 
1159937, 32.6, 7.4, 778, 淑女的眼泪 
4018165, 34.0, 7.7, 685, 人性禁岛 
3716506, 37.8, 8.1, 852, 路 
25778641, 22.9, 8.9, 36, 心殇：我在伪满洲国读书的日子 
25961341, 22.6, 7.6, 84, 三个三重奏 
10571105, 27.9, 7.1, 427, 阳谋高手 
3673771, 53.0, 9.0, 3454, 项塔兰 
25762008, 30.3, 8.5, 155, 教子 
24849600, 33.7, 7.6, 747, 第三种爱情 
1083068, 33.5, 8.1, 394, 把话说到心窝里 
1578545, 40.2, 8.4, 914, 背叛 
3266345, 52.8, 8.1, 12332, 三杯茶 
1073063, 40.6, 8.6, 779, 人论 
4882014, 36.9, 7.6, 1383, 残虐记 
3072313, 31.5, 7.4, 622, 不失者 
1858513, 70.6, 8.9, 61389, 月亮和六便士 
6425521, 28.7, 8.3, 142, 姐姐，带我回家 
1777898, 37.8, 8.0, 959, 以诈止诈 
5263065, 34.5, 8.2, 428, 异教徒的女儿 
10512506, 43.3, 7.8, 3548, 世界上的另一个你 
19928953, 27.4, 6.9, 508, 春，夏，然后是冬 
3633461, 58.1, 8.6, 13718, 一句顶一万句 
6510088, 34.5, 8.8, 239, 周国平语录 
26755527, 21.8, 6.9, 142, 不是每个故事都有结局 
3057556, 55.9, 9.0, 5450, 狂热分子 
26107112, 25.7, 7.2, 237, 小小麦田 
5063383, 29.3, 7.9, 229, 我为什么看不懂你 
4703943, 31.3, 7.5, 525, 第十层地狱 
26431326, 44.9, 8.9, 1120, 所有我们看不见的光 
26681985, 31.8, 8.1, 294, 生命里最美好的春天 
1327303, 35.0, 8.9, 237, 第三谎言 
20413742, 41.1, 7.5, 3743, 不说，就真来不及了 
3012517, 57.7, 8.5, 15026, 小姨多鹤 
24891734, 21.3, 8.7, 31, 乱世 
26653000, 32.8, 8.1, 348, 金翅雀 
1021060, 25.8, 7.7, 142, 性爱之旅 
1906155, 39.0, 8.5, 662, 爱因斯坦赤道 
3055933, 32.4, 8.0, 365, 人間失格(上，下) 
6853465, 29.5, 7.9, 236, 换心 
2180619, 55.3, 8.0, 23339, 偷书贼 
25712282, 22.9, 8.6, 43, 海里有鳄鱼 
3277407, 29.3, 8.3, 156, 性爱与文明 
1864832, 27.6, 7.7, 203, 玫瑰奇迹 
1780277, 46.4, 8.7, 1771, 法兰西组曲 
10567171, 37.1, 8.0, 854, 生命册 
4896542, 25.2, 7.5, 154, 血色天都 
2042629, 49.0, 8.7, 2685, 九三年 
10434486, 30.3, 7.3, 556, 高手过招 
26394018, 40.7, 9.1, 474, 生活与命运 
25760837, 18.8, 6.8, 80, 毒婦：木嶋佳苗的百日審判旁聽記 
3239549, 61.6, 9.1, 11272, 夹边沟记事 
21322405, 30.9, 7.8, 339, 路边草 
1127683, 28.6, 8.5, 118, 从两个蛋开始 
2076257, 26.5, 7.1, 319, 蒸发 
4010184, 35.3, 7.4, 1354, 本能 
1428345, 37.2, 7.3, 2340, 伊甸樱桃 
26257217, 29.2, 8.0, 203, The Fantasies of Robert A. Heinlein 
1317899, 47.7, 8.1, 4962, 生死场 
1941492, 17.6, 7.9, 26, 性交與戀愛的幾則故事 
4864981, 26.3, 8.4, 86, 西夏咒 
2304798, 24.0, 7.3, 148, 中国人的生活智慧 
4909239, 26.0, 7.9, 124, 桂河大桥 
6973270, 24.2, 7.8, 96, 活在自己的谎言里 
4081960, 22.1, 6.6, 218, 窥探术 
1455137, 43.2, 8.9, 848, 白色巨塔（第二部） 
20172275, 31.6, 8.3, 233, 无罪的罪人 
4215459, 29.5, 7.3, 470, 何处是归程 
1274932, 38.0, 7.7, 1483, 冷眼看人生 
1918787, 35.1, 8.0, 589, 第二类死亡 
3797322, 40.3, 8.9, 541, 悲惨世界 
1456692, 49.0, 8.5, 3548, 金瓶梅 
25787500, 27.4, 8.2, 123, 我忘记了自己自杀的理由 
3816883, 40.7, 8.3, 1111, 黑暗的左手 
1017143, 70.6, 8.5, 129856, 不能承受的生命之轻 
1899741, 33.3, 9.2, 143, 奧修禪卡 
6784957, 32.7, 8.3, 279, 性本恶 
3354670, 34.5, 8.3, 380, 卡内基沟通与人际关系 
3710671, 29.8, 8.2, 187, 冷皮 
1315844, 47.2, 9.1, 1272, 古拉格群岛（上中下） 
3336952, 22.6, 8.1, 57, 奇迹年代 
3040515, 32.8, 8.9, 169, 灼人的秘密 
26382433, 59.0, 8.2, 31526, 无声告白 
1491590, 36.4, 8.0, 746, 人性的优点 
1444504, 37.2, 8.3, 615, 四面墙 
1085172, 27.2, 8.6, 87, 两宫间 
5326323, 34.1, 8.6, 266, 贼城 
3297466, 53.2, 9.2, 2821, 我的团长我的团（上部） 
1043485, 52.2, 8.1, 11274, 檀香刑 
4178533, 34.4, 7.3, 1297, 如何说再见 
3067185, 32.0, 7.8, 417, 我们要活得有尊严 
25843222, 27.8, 8.2, 131, 你不可不知的人性 
3099576, 21.8, 7.4, 85, 非理性市场与蜥蜴式大脑思维 
1116367, 47.2, 8.7, 2018, 道德情操论 
25817260, 21.2, 7.8, 55, 轻有力 
24940983, 25.4, 8.1, 93, 严歌苓作品集：谁家有女初长成 
3273876, 44.9, 8.1, 3060, 被劫持的私生活 
26739944, 13.6, 7.8, 13, 黑暗弥漫 
4909378, 13.7, 7.7, 14, 孤独 
26280066, 20.3, 8.3, 33, 编号645 
1690488, 29.2, 8.0, 201, 四牌楼 
1046863, 28.0, 8.8, 85, 空镜救心・中国禅与现代心理诊疗 
7060372, 26.4, 7.7, 159, 我的灵魂永不下跪 
2253766, 33.8, 8.5, 278, 快乐人生/新快乐人生 
3102324, 51.7, 7.7, 20931, 秘密 
1091203, 45.7, 8.9, 1258, 少年凯歌 
6638162, 16.0, 7.6, 23, 炮楼里的女人 
10745485, 28.7, 6.5, 1296, 地狱变 
25834280, 11.5, 7.5, 10, AV女優實錄：我脫故我在 
1849791, 48.8, 8.5, 3390, 铁皮鼓 
6852586, 21.2, 6.9, 124, 拆掉思维的墙 
24843836, 28.3, 8.6, 104, 象之背 
1002400, 32.5, 8.2, 298, 城的灯 
20501253, 23.1, 8.2, 58, 我之敌 
3116096, 41.7, 8.4, 1168, 象与骑象人 
6891216, 23.1, 6.9, 191, 仓央嘉措 
1388460, 33.5, 8.3, 321, 倒淌河 
3080516, 34.1, 7.8, 620, 第五个孩子 
4312810, 48.1, 8.6, 2670, 裸猿 
2999641, 37.1, 8.2, 676, 现实一种:余华中短篇小说集 
1476003, 43.0, 8.8, 915, 異變者1 
1319446, 33.7, 7.6, 745, 灰商 
3067304, 28.2, 8.1, 154, 投影 
1426702, 25.0, 7.7, 122, 马斯洛的智慧 
4240395, 35.2, 7.4, 1307, 复乐园 
1033919, 21.8, 7.3, 93, 政治中的人性 
1791896, 27.2, 8.3, 109, 人性管理 
6731393, 18.3, 7.4, 42, 活着即修行 
25908462, 15.0, 7.9, 16, 31人说 
10826182, 12.4, 5.5, 62, 我就是教你混社会 
6435872, 26.1, 9.2, 49, 罪与罚 
1982427, 44.8, 9.0, 988, 大明王朝1566 
1946854, 31.6, 8.5, 193, 高女人和她的矮丈夫 
3261600, 58.6, 9.3, 5568, 人生的智慧 
2046995, 28.4, 7.4, 330, 17歲 1 
25831464, 31.2, 6.9, 1192, 分歧者 
4858823, 39.7, 8.6, 667, 人間失格 01 
4169424, 50.6, 7.9, 11635, 蛙 
1593819, 35.5, 8.3, 458, 砂女 
21331444, 17.9, 8.3, 22, 超高价营销 
1157681, 38.4, 8.0, 1078, 外星屠异 
3431988, 44.2, 9.1, 812, 人的境况 
3238242, 45.0, 8.0, 3544, 心理罪2：教化场 
2328458, 54.6, 9.1, 3924, 社会性动物 
1894749, 37.6, 9.2, 273, 7 SEEDS~幻海奇情~(01) 
4140451, 37.1, 8.4, 535, 潘达雷昂上尉与劳军女郎 
3080521, 31.5, 7.7, 428, 浮世畸零人 
1067016, 30.8, 8.3, 204, 命运无常 
26278687, 54.4, 7.8, 28735, 皮囊 
4922695, 24.7, 6.5, 483, 人之初性本“色” 
1465007, 50.8, 8.2, 7424, 生死疲劳 
24540864, 43.5, 6.8, 24538, 第七天 
1026317, 47.8, 7.7, 9830, 可爱的骨头 
1879305, 22.7, 8.3, 50, 人性与命运 
1082387, 67.6, 9.2, 23980, 一九八四·动物农场 
10543997, 19.6, 8.6, 25, 马克斯·弗里施小说作品 
24875416, 44.6, 8.3, 2175, 生命最后的读书会 
1205778, 35.8, 7.7, 972, 睡美人 
1431870, 55.5, 9.1, 4459, 源泉 
25697506, 17.7, 6.1, 136, 不要相信任何人 
2049781, 42.2, 8.5, 1134, 世界在你心中 
1200843, 46.2, 8.1, 3832, 芙蓉镇 
3550069, 31.2, 8.0, 290, 哺乳期的女人 
1275343, 29.1, 7.6, 298, 虚线的恶意 
11636069, 21.8, 7.7, 66, 安拉.别为我哭泣 
2143443, 36.0, 8.8, 304, 奇子 1 
6771942, 37.2, 9.2, 259, 1984 
2994137, 41.1, 8.6, 848, 深海鱼男 
4124727, 58.2, 8.1, 32541, 孤独六讲 
1870003, 45.0, 8.4, 2060, 二十位人性见证者 
1025960, 35.9, 8.0, 684, 愤怒 
3772795, 29.8, 8.0, 227, D级危楼 
1098131, 25.9, 7.7, 145, 寻枪 
26184369, 37.0, 8.6, 431, 所罗门的伪证 第Ⅲ部 
2342942, 32.2, 7.8, 439, 中国人的气质 
26425831, 56.5, 8.8, 7855, 斯通纳 
24874169, 31.0, 8.9, 127, 조명가게 1 
1257434, 35.3, 7.9, 694, 马斯洛人本哲学 
25917542, 28.4, 8.1, 160, 共情时代 
24934182, 56.2, 8.1, 22700, 一个人的朝圣 
1973333, 23.3, 7.9, 75, 探索潜意识 
6508749, 19.9, 7.8, 43, 斯大林评传 
24751065, 29.8, 8.2, 188, 人性分解 
3131626, 52.9, 9.0, 3418, 荒原狼 
2265995, 44.2, 7.1, 14947, 大象的眼泪 
3439722, 28.5, 8.4, 125, 快樂人生(01) 
1171983, 31.2, 8.6, 167, 洞察未来 
3321968, 38.7, 7.7, 1693, 说谎 
25913504, 34.6, 7.2, 1581, 邹氏女 
2382326, 44.8, 9.0, 981, the Kite Runner 
1072935, 16.2, 8.1, 18, 好人.坏人:透视人性的阴暗面 
1430530, 48.6, 8.2, 5089, 汤姆叔叔的小屋 
1437973, 48.1, 8.7, 2334, 亲密关系 
2084797, 37.9, 7.8, 1272, 佛罗伦斯月光下 
22790343, 31.6, 8.3, 233, 万箭穿心 
1465324, 56.4, 7.7, 51210, 洛丽塔 
4726678, 29.7, 7.4, 425, 雪舞 
25940556, 39.6, 8.3, 925, 锌皮娃娃兵 
1873900, 49.5, 8.6, 3358, 变形记 
3063667, 38.2, 8.8, 429, 白牙 
3803820, 56.5, 8.4, 14310, 人生 
26371317, 51.1, 8.2, 7846, 24个比利 
4915696, 24.4, 6.5, 451, 让你的爱非诚勿扰 
26349184, 23.1, 8.5, 47, 帝国政界往事 
3659826, 30.1, 7.8, 292, 天堂里的小提琴 
1080509, 22.9, 9.0, 34, 猎原 
19898714, 41.9, 7.6, 3667, 偶发空缺 
1010204, 49.3, 8.5, 3711, 宽容 
25760716, 17.6, 7.3, 39, 可笑的思维谬误 
2021076, 23.9, 8.1, 71, 暗算 
26866448, 31.0, 8.6, 161, 皮囊之下 
5063391, 20.2, 6.9, 99, 省委大院 
3066477, 75.1, 9.2, 74280, 三体Ⅱ 
3013590, 13.2, 7.8, 12, 不理性也能赚钱 
3222065, 37.7, 8.6, 484, 伦理学与生活 
5355492, 49.4, 9.1, 1773, 蒋勋说红楼梦（第二辑） 
3814007, 26.4, 8.5, 82, 心魔行銷 
1082183, 34.5, 8.0, 527, 把话说到心窝里 
1083317, 41.4, 7.8, 2456, 北回归线 
4859087, 25.4, 7.9, 111, 羚羊战略 
4144017, 26.5, 7.8, 148, 萨拉热窝的大提琴手 
4164096, 45.1, 7.6, 6982, 饥饿游戏 
1003646, 39.0, 7.5, 2444, 闲话中国人 
1762558, 18.8, 8.4, 24, Red Dust 
1499186, 49.2, 9.5, 1132, MONSTER-怪物-18 
1442720, 55.1, 9.4, 2941, 鲁迅全集（2005最新修订版） 
25903084, 22.5, 7.1, 132, 藏地情人 
1255288, 52.5, 8.0, 13948, 复活 
25907864, 47.6, 9.6, 819, 守望者 下 
1016920, 27.2, 8.2, 119, 吴越春秋(上下) 
25805685, 20.6, 8.0, 42, 笼中男孩 
5958726, 52.6, 8.0, 14282, 质数的孤独 
3035600, 45.1, 8.5, 1842, 心灵的七种兵器 
1856025, 56.9, 8.9, 7254, 道连·葛雷的画像 
20559350, 35.1, 8.3, 422, 抛锚 
1081722, 16.3, 7.7, 23, 嫉妒与社会 
6003716, 47.9, 9.1, 1428, 蒋勋说红楼梦（第三辑） 
3193774, 33.4, 7.7, 613, ブラッドハーレーの馬車 
3026511, 36.8, 8.8, 343, 死亡預告 1 
5259293, 41.7, 7.7, 3061, 蔷薇求救讯号 
1396778, 32.1, 8.3, 255, 梁山政治 
2081652, 19.5, 6.8, 93, 猎鹰者监狱 
26811407, 35.9, 7.9, 772, 殉罪者 
10946178, 41.3, 8.0, 1830, 无尾狗 
25900142, 21.6, 7.7, 64, 秘密调查师2·卧底 
10580803, 44.6, 8.4, 1908, 模仿犯BOOK2 
11539890, 22.7, 8.1, 58, 道林·格雷的画像 
2154729, 22.5, 7.3, 109, 摆谱 
1078250, 53.4, 8.2, 11683, 洗澡 
1219266, 22.7, 8.3, 50, 命若悬丝 
4931690, 29.4, 7.7, 286, 圣诞清单 
4254422, 35.6, 9.6, 151, 神隱少女故事書 
26263791, 15.0, 6.4, 47, 小中产 
25826936, 52.1, 9.5, 1696, 冰与火之歌 
1913947, 36.5, 8.3, 541, 万物简史 
4202422, 49.7, 8.3, 5295, 云图 
11525290, 34.5, 8.5, 314, 走出幻觉走向成熟 
4253993, 21.8, 7.9, 57, 好人为什么想做坏事 
10282582, 41.1, 8.3, 1187, 隐形怪物 
1146003, 30.4, 8.3, 189, 重塑证券交易心理 
4011440, 55.8, 8.0, 25421, 最初的爱情 最后的仪式 
24748615, 40.0, 8.4, 879, 天幕红尘 
2282946, 43.1, 7.8, 3388, 直面内心的恐惧 
3848870, 23.0, 7.9, 71, 看透人性的弱点 
4145657, 18.8, 7.8, 35, 鄰家女孩 
1024854, 43.2, 7.3, 8052, 成都，今夜请将我遗忘 
4881998, 48.1, 8.4, 3487, 猜火车 
5366441, 37.3, 7.9, 1007, 爱无可忍 
4884858, 40.8, 9.4, 370, 魔鬼家书 
2035179, 68.6, 9.2, 28048, 动物农场 
1089243, 68.5, 8.8, 52336, 黄金时代 
7054138, 32.7, 7.3, 906, 洗脑术 
1859108, 50.9, 8.8, 3252, 白痴 
1321789, 54.6, 8.5, 8903, 美丽新世界 
1060852, 59.8, 8.8, 13287, 呼兰河传 
2301454, 25.3, 8.2, 84, 新人性的证明 
2259198, 43.9, 9.0, 855, 合作的进化 
4105439, 38.5, 8.0, 1088, 小城 
1779134, 45.1, 8.9, 1151, 人鱼传说 高桥留美子 
4218911, 40.0, 7.7, 2171, 理由 
4282086, 40.3, 8.0, 1527, 伊斯坦布尔的幸福 
10945834, 48.8, 9.4, 1185, 蝙蝠侠：黑暗骑士归来 
1761759, 51.5, 8.9, 3128, 超越死亡 
26377910, 14.6, 7.1, 24, 西游记前传 
1103558, 13.9, 8.1, 12, 永恒的孩子 
1057378, 30.0, 7.8, 286, 非同寻常的大众幻想与群众性癫狂 
24226728, 40.9, 8.5, 915, 人间失格 
4875702, 28.5, 7.7, 240, 窗外的意大利 
5288327, 48.9, 8.3, 4626, 鸟，看见我了 
10570591, 21.9, 7.1, 118, 万恶的拖延症 
3239913, 45.6, 8.0, 4022, 推拿 
3511129, 53.0, 9.4, 2170, 我的团长我的团（下部） 
25805688, 18.0, 7.6, 34, 沉默的洁蒂 
25854601, 26.4, 8.0, 121, 极度恐慌 
24734316, 11.9, 6.6, 18, 自控力是训练出来的 
1119522, 64.3, 8.4, 54310, 呼啸山庄 
2067269, 54.1, 9.4, 2553, MONSTER-怪物-01 
3136626, 23.1, 7.5, 102, 向前进 
3105348, 16.2, 7.9, 20, 圣雄甘地 
1066972, 30.5, 8.8, 126, 少年天子. 顺治篇（上下册） 
1080309, 60.4, 8.4, 28100, 尘埃落定 
4737325, 49.6, 8.2, 6005, 维罗妮卡决定去死 
25751763, 37.7, 9.1, 303, 语言与沉默 
1008145, 77.4, 8.9, 179389, 围城 
1397889, 45.3, 8.5, 1892, 穗子物语 
1895965, 36.9, 8.6, 427, 鬼谷子 
4061279, 43.3, 9.5, 483, 怪物特別篇：沒有名字的怪物 
1006614, 43.7, 8.7, 1156, 我们内心的冲突 
1140727, 57.6, 8.8, 9355, 安德的游戏 
1443869, 33.2, 8.5, 251, 人类的性存在 
25971548, 14.3, 6.7, 30, 心理操控的艺术 
3808989, 32.5, 8.2, 301, 问问李子勋 
6746289, 55.1, 8.4, 11467, 新参者 
3298988, 41.3, 8.5, 973, 直视骄阳 
1488794, 44.4, 9.0, 929, 荒野的呼唤 
11592890, 34.4, 8.4, 340, 人间失格 
5264776, 20.6, 6.8, 119, 本能2 
4330526, 34.1, 8.4, 322, 幻想即现实 
3345595, 44.8, 8.5, 1748, 猫城记 
26765928, 36.4, 8.4, 480, 屠夫十字镇 
3711815, 34.7, 8.0, 551, 白晝之雨(01) 
2995375, 31.6, 8.1, 281, 天狗 
2129371, 27.7, 7.5, 257, 泯灭 
1097800, 42.4, 8.0, 2246, 我不是教你诈(1) 
4054970, 28.6, 8.8, 93, 太虚幻境 
6901136, 33.7, 6.9, 2101, 夜行观览车 
1124305, 47.0, 8.1, 4426, 扶桑 
6042771, 14.5, 5.8, 81, 银座妈妈桑教你读心术 
4232419, 25.1, 7.2, 209, 新君王论 
3432304, 49.7, 9.1, 1867, 大江东去（共三部） 
4718973, 47.9, 7.8, 8416, 毒笑小说 
26359462, 34.5, 7.6, 861, 床畔 
25887839, 35.7, 8.1, 592, 历史在你我身边 
2077839, 26.9, 7.4, 242, 坏坯子 
1754836, 43.0, 8.8, 922, 向加泰罗尼亚致敬 
26379807, 21.2, 8.3, 39, 我當道士那些年 
4047749, 34.5, 8.0, 526, 死亡清掃人(1) 
6265961, 38.5, 7.1, 4280, 饥饿游戏3：嘲笑鸟 
2567698, 73.9, 8.8, 124875, 三体 
1001761, 42.0, 8.1, 1799, 发条橙 莫扎特与狼帮 
11637051, 35.7, 8.1, 590, 平壤水族馆 
1491855, 42.2, 8.6, 1015, 羊脂球 
4140408, 27.3, 7.6, 211, 忍者之国 
2282130, 24.8, 6.8, 323, 非法侵入(02) 
1437488, 42.3, 9.2, 552, 群魔 
2014209, 24.5, 8.2, 74, 圣天门口（全三册） 
6984144, 12.3, 7.3, 13, The Storytelling Animal 
25878928, 30.2, 8.2, 199, 山月不知心底事 
3821057, 52.3, 8.6, 5260, 搏击俱乐部 
1431177, 45.9, 7.9, 4941, 藏獒 
3122324, 25.8, 7.3, 215, 污血之玷 
3252233, 23.1, 7.3, 124, 人間失控(04) 
5214612, 35.3, 8.2, 492, 福柯 
1449348, 58.6, 8.8, 10995, 彷徨 
1556409, 32.1, 8.4, 232, 信任论 
1482289, 38.7, 8.5, 637, 地雷震（6） 
26274414, 15.7, 6.2, 69, 老梁论成败 
3292997, 30.9, 9.2, 100, 火之鳥-文庫版(09) 
1086449, 37.7, 7.6, 1630, 男人的一半是女人 
2281642, 39.7, 9.3, 341, KAIJI 
1315249, 34.0, 8.1, 437, 人心与人生 
2980475, 38.6, 8.4, 693, 长路漫漫 
5363767, 75.1, 9.2, 73728, 三体Ⅲ 
2257878, 39.6, 7.8, 1757, 水泥花园 
2193877, 54.1, 8.1, 15680, 你在天堂里遇见的五个人 
26384630, 23.8, 6.6, 334, 红城堡 
1450049, 35.2, 8.4, 390, 解读希特勒 
3302645, 48.7, 8.1, 5935, 我在雨中等你 
1960059, 29.8, 8.1, 203, 第一死罪 
5921802, 43.3, 7.6, 4848, 邮差总按两遍铃 
1015524, 35.4, 9.2, 197, 荒野的呼唤.白牙 
3087796, 35.6, 9.2, 203, 四世同堂(第二部) 
3172156, 43.3, 8.5, 1356, 柏林谍影 
5999507, 35.0, 8.4, 380, 妈妈及生命的意义 
1863163, 48.8, 8.4, 3902, 异兽志 
2471157, 13.5, 7.6, 14, Lord of the Flies 
5904212, 49.6, 8.2, 6035, 心理罪 
6789551, 52.1, 8.8, 3886, 不存在的骑士 
2216583, 51.2, 8.8, 3396, 沉重的肉身 
1778062, 34.7, 8.9, 228, 荣格文集 
2252423, 26.9, 7.7, 175, 花園的旋轉木馬 
25900687, 38.3, 8.6, 533, 夜 
3594151, 51.6, 8.1, 10122, 柑橘与柠檬啊 
4736650, 21.6, 9.2, 25, 后来发生了战争 
4199629, 33.2, 7.2, 1169, 棚屋 
1035517, 45.6, 7.6, 7678, 男人这东西 
1703544, 52.4, 7.5, 35461, 兄弟（下） 
3391933, 36.5, 8.3, 538, 星星舟 
1017334, 39.7, 9.0, 447, 没有个性的人 
1944527, 25.0, 7.9, 103, 中国人的人性 
6042376, 32.9, 7.9, 442, 哀悼人 
4297099, 16.3, 6.7, 49, 制片人 
3720611, 23.7, 7.7, 96, 珍珠 
1912086, 43.0, 8.3, 1661, 我不是教你诈 
3176592, 36.5, 8.9, 301, 賭博破戒錄(01) 
6265779, 44.2, 8.3, 2034, 地下 
6041089, 46.5, 8.3, 3022, 家鸭与野鸭的投币式寄物柜 
25848493, 35.5, 8.4, 413, 猿猴的把戏 
2212398, 18.6, 6.4, 118, 废墟 
3896447, 29.4, 7.7, 286, 漂流網咖(01) 
10443588, 43.2, 9.1, 700, 孤高之人 the climber 1 
3795195, 23.9, 6.9, 230, 群氓时代 
6016234, 50.6, 8.8, 3058, 奇风岁月 
1186350, 46.2, 7.8, 6125, 红字 
25732560, 21.0, 8.4, 35, 以为是老大 
5942276, 35.5, 8.2, 505, 战马 
20394584, 13.0, 6.9, 19, 弗拉基米尔路 
3223711, 52.8, 8.1, 12487, 怪诞行为学 
6101205, 31.7, 8.2, 260, 你们忘了这个世界吗 
3546250, 40.5, 7.9, 1802, 寄居者 
3127875, 31.2, 8.2, 237, 賭博墮天錄(01) 
1056055, 44.2, 8.2, 2323, 罂粟之家 
3012091, 19.2, 6.3, 156, 性犯罪搜查班vol.1 
1033248, 49.9, 8.9, 2423, 幸福之路 
2139305, 53.4, 7.7, 29026, 巴别塔之犬 
2074652, 27.9, 7.5, 263, 历史的裂缝 
25895470, 26.4, 8.1, 111, 人间失格 
3865832, 45.1, 7.1, 17961, 变身 
11508896, 39.9, 8.4, 872, 夜航 
1942335, 13.0, 7.3, 15, 威克菲尔德的牧师 
5366440, 42.4, 8.6, 1047, 禁色 
4167951, 10.8, 5.8, 26, 聪明女人要读男人心理学 
3002857, 47.0, 9.2, 1106, 寄生獸 (完全版) (Vol. 8) 
10446295, 37.1, 8.1, 748, 权力 
1010349, 47.7, 8.0, 5847, 丰乳肥臀 
1083477, 49.9, 7.8, 12206, 包法利夫人 
1100202, 32.3, 8.1, 321, 你不可不知的人性2 
10580802, 46.0, 8.2, 3225, 模仿犯BOOK1 
6006299, 46.3, 9.2, 1010, What Every Man Thinks about Apart from Sex 
2359457, 20.4, 7.7, 51, 秘密 
1288752, 19.5, 7.5, 49, 亲情无价 
23860408, 24.2, 7.7, 106, 燃烧的男孩 
2277754, 26.8, 8.0, 131, 提拉米酥 
1214303, 41.6, 8.8, 735, 韩非子 
1449351, 65.8, 8.8, 34505, 呐喊 
1988741, 35.7, 7.0, 2760, 驻京办主任 
5038409, 59.1, 9.0, 8916, 金色梦乡 
1054685, 68.3, 9.0, 36564, 沉默的大多数 
3813194, 47.3, 7.9, 6326, 火车 
1534951, 50.6, 8.9, 2717, 逃避自由 
2345727, 47.3, 7.5, 12821, 蜗居 
1436656, 46.5, 9.1, 1140, 寄生獸 (完全版) (Vol. 2) 
26712787, 34.6, 8.2, 434, 可爱的诅咒 
1016486, 52.5, 8.3, 8582, 笑忘录 
5326322, 30.2, 7.6, 374, 心里住着狮子的女孩 
10775763, 33.4, 7.2, 1212, 补玉山居 
6885367, 27.9, 7.8, 193, 安娜贝尔 
6518605, 56.4, 9.4, 3536, 三体全集 
1033990, 31.6, 8.2, 257, 巴比代尔 
10594787, 69.2, 8.9, 49940, 霍乱时期的爱情 
3310167, 25.4, 7.2, 224, 异教主(全四册) 
26760976, 39.8, 8.4, 846, 怒 
1420508, 52.9, 8.9, 3900, 最后一片叶子 
1201946, 36.2, 8.0, 716, 父与子 
2254615, 46.7, 8.9, 1471, 西线无战事 
2136135, 29.1, 7.3, 429, 充满奇想的一年 
26210607, 45.9, 8.4, 2400, 时间移民 
1012307, 52.9, 9.1, 3005, 规训与惩罚 
24754844, 19.1, 7.0, 70, 好久不见 
20379212, 37.5, 7.0, 4139, 不如去死 
5422864, 34.5, 7.6, 868, 孤独的赢家 
4152754, 51.7, 7.7, 20637, 时生 
24827456, 43.6, 8.6, 1277, 万箭穿心 
2033081, 50.0, 8.2, 6399, 身份的焦虑 
1056023, 50.1, 8.5, 4208, 鼠疫 
1130367, 46.2, 8.8, 1530, 艽野尘梦 
10785712, 30.0, 7.6, 357, 搜索 
6539917, 26.3, 7.0, 349, 妹妹 
3135034, 44.7, 8.4, 1953, GANTZ殺戮都市(01) 
3989541, 40.7, 7.3, 4825, 没有悲伤的城市 
1023775, 34.6, 8.6, 293, 不正常的人 
3995526, 69.5, 8.7, 73492, 目送 
2148180, 35.2, 8.1, 535, 最后14堂星期二的课 
1482322, 41.7, 8.0, 1969, 绿化树 
6759296, 34.0, 7.9, 547, 五岁时，我杀了我自己 
3623831, 44.7, 8.1, 2923, 温故一九四二 
2065617, 31.9, 8.1, 297, 末日(01) 
1471809, 41.7, 7.7, 3060, 饺子 
21690069, 33.8, 8.3, 337, 幻世浮生 
1010472, 52.5, 8.4, 7305, 安娜·卡列尼娜（上下） 
4162766, 37.8, 7.8, 1257, 中国人的精神 
26613724, 42.4, 7.6, 4044, 余罪 
3265827, 38.4, 8.9, 404, 人的自我寻求 
20259499, 25.7, 7.4, 190, 忧郁的解剖 
1793720, 35.7, 7.6, 1093, 无耻之徒 
1785092, 26.4, 6.7, 535, 母猪女郎 
22196844, 31.3, 8.4, 200, 我知道笼中鸟为何歌唱 
3757922, 34.6, 7.9, 608, 羞耻 
1479588, 32.9, 8.0, 396, 三生石 
3651646, 34.0, 7.9, 541, 精神明亮的人 
3101457, 43.7, 7.5, 6253, 紫阳花日记 
1076323, 40.3, 8.4, 933, 也是亚当，也是夏娃 
1353654, 39.0, 8.2, 944, 強殖裝甲05 
20382491, 46.6, 8.0, 4758, 心理罪：城市之光 
26415165, 34.7, 7.9, 617, 沐猿而冠 
1105348, 38.3, 8.7, 481, 青春禁忌游戏 
26280494, 32.4, 7.3, 863, 活着之上 
1028805, 44.1, 7.7, 4830, 品人录 
26046043, 40.9, 8.3, 1160, 人类灭绝 
1119528, 49.1, 7.9, 8858, 高老头 
2059668, 26.5, 7.1, 319, 烟花散尽 
1313174, 43.5, 8.5, 1400, 荣格自传 
4074636, 56.5, 7.6, 65288, 放学后 
2064977, 63.8, 8.9, 21459, 死亡筆記 1 
3190177, 35.2, 8.7, 292, 少年犯之七人 1 
1775691, 63.0, 8.3, 51815, 少有人走的路 
25762005, 41.1, 8.5, 945, 教父3 
1078412, 30.5, 8.1, 233, 大地上的悲悯 
10608472, 46.2, 9.5, 735, 冰与火之歌·卷三·冰雨的风暴（中） 
2300515, 36.8, 7.8, 1043, 镜子里的陌生人 
1260251, 44.7, 8.7, 1355, 茶人三部曲（全三册） 
2061863, 40.2, 8.6, 727, 自私的德性 
