Tag: 人物传记 

ID, Score, Rating, Votes, Title 
6152040, 53.1, 9.1, 3108, 维特根斯坦传 
1083762, 58.0, 8.7, 11519, 人类的群星闪耀时 
26782506, 33.3, 8.8, 197, 伊莎贝拉 
5346110, 52.5, 9.0, 3210, 穷查理宝典 
26759508, 41.4, 8.1, 1618, 硅谷钢铁侠 
1092149, 56.0, 8.7, 8389, 梵高传 
1076685, 51.0, 8.8, 3267, 李鸿章传 
26262141, 39.4, 8.3, 887, 毛姆传 
26860776, 37.4, 8.5, 508, 鞋狗 
25858095, 39.6, 8.7, 593, 我是你的男人 
1037060, 50.7, 8.6, 4084, 曾国藩（上中下） 
26354318, 36.1, 9.1, 239, 梵高传 
1056164, 38.3, 9.0, 363, 慈禧全传(六卷八册) 
1491153, 47.7, 8.7, 2195, 曾国藩家书 
4010196, 56.3, 8.1, 23303, 世界因你不同 
26664352, 43.0, 8.9, 826, 褚时健传 
1002690, 50.7, 8.8, 3107, 陈寅恪的最后20年 
10522003, 39.2, 8.3, 861, 艾伦·图灵传 
26899255, 27.9, 8.1, 146, 进击的局座 
1051524, 39.3, 8.3, 880, 断头王后 
26427244, 31.5, 8.9, 138, 我所缄默的事 
2823823, 42.7, 9.2, 589, Marva Collins&#39; Way 
5922204, 44.7, 8.3, 2238, 曾国藩的正面与侧面 
5288371, 44.4, 8.4, 1842, 蒋经国传 
1780208, 39.0, 8.8, 488, 凯恩斯传 
1191433, 39.9, 7.5, 2916, 我的前半生 
1485628, 46.1, 7.9, 5131, 毛泽东传 
1313181, 46.6, 8.5, 2344, 富兰克林自传 
1752349, 49.0, 8.7, 2698, 胡雪岩（全三册） 
1065156, 29.3, 8.0, 206, 我生活的种种模式 
3323311, 44.4, 8.9, 1037, 从文自传 
2147562, 41.1, 8.6, 843, 棋与人生 
26699448, 36.1, 9.0, 257, When Breath Becomes Air 
10531723, 35.0, 8.6, 312, 爱因斯坦传 
3164123, 42.4, 8.2, 1705, 巴菲特传 
25911978, 37.2, 7.6, 1475, 知行合一王阳明（1472—1529） 
1040397, 51.4, 8.1, 9685, 假如给我三天光明 
25936051, 35.4, 8.7, 300, 我的一生 
1313174, 43.5, 8.5, 1399, 荣格自传 
6724865, 41.5, 8.7, 812, 坚不可摧 
26847644, 29.1, 9.0, 88, 苏东坡传 
2140496, 41.2, 8.5, 967, 幸福的拾荒者 
10605328, 41.0, 8.5, 927, 红顶商人胡雪岩 
5411366, 39.9, 8.5, 771, 林徽因与梁思成 
3291970, 41.8, 8.0, 2000, 滚雪球（上） 
26884352, 27.9, 9.6, 51, 生命的烤火者：杨绛传 
1006203, 34.9, 9.3, 170, 工商巨子 
1868786, 43.2, 8.0, 2589, 列侬回忆 
2146277, 44.0, 9.1, 784, 一个政治性人物的肖像 
6827362, 28.1, 9.4, 59, 汉密尔顿 
1142862, 44.6, 8.1, 2862, 拿破仑传 
1418648, 46.4, 8.4, 2609, 胡适口述自传 
26287433, 28.9, 8.7, 105, 心若菩提 
1844629, 49.4, 8.5, 3788, 灿烂涅槃 
2249020, 42.6, 7.8, 3076, 林徽因传 
3781776, 35.7, 9.2, 207, 纳博科夫传（上下册） 
24257591, 40.5, 7.3, 4602, 绝望锻炼了我 
2364215, 46.1, 8.5, 2183, 此地无人生还 
5437424, 33.0, 8.0, 403, 杜月笙传（上.中.下） 
1279648, 49.0, 8.4, 4012, 天使在人间 
5033915, 37.8, 8.4, 608, 希特勒传（上下册） 
21622634, 35.3, 8.9, 247, 滚吧，生活 
26220259, 38.0, 8.3, 700, 褚时健：影响企业家的企业家 
4137182, 41.7, 8.3, 1315, 荣辱二十年 
4312477, 30.3, 8.8, 123, 天地九重 
26109489, 36.2, 8.3, 518, 我是马拉拉 
24845545, 36.4, 8.0, 745, 阿桑奇自传 
1480812, 33.2, 8.5, 254, 思考与回忆 
2275502, 49.4, 8.1, 6808, 十年一觉电影梦 
3292060, 41.0, 8.1, 1501, 滚雪球（下） 
1097835, 43.8, 8.0, 2881, 名人传 
26660670, 29.3, 7.4, 394, 人生不怕从头再来 
26353581, 35.2, 7.4, 1310, 成龙：还没长大就老了 
4238939, 41.9, 8.1, 1790, 吴敬琏传 
25723799, 37.4, 7.7, 1341, 野心优雅 
5920388, 30.7, 9.1, 104, 李光耀：新加坡赖以生存的硬道理 
2990595, 31.2, 8.2, 239, 富兰克林传 
1808679, 36.6, 8.6, 402, 再造文明的尝试 
2078883, 34.7, 8.3, 394, 毕加索的成败 
26420844, 28.4, 7.9, 191, 玛丽莲·梦露：我的故事 
1474527, 35.6, 8.5, 380, 漫漫自由路 
4867187, 33.0, 8.0, 407, 稻盛和夫自传 
10809708, 34.4, 8.3, 379, 关于一个孩子 
1437908, 32.1, 8.6, 192, 知无涯者 
26802226, 24.7, 9.1, 42, 拿破仑大帝 
1482625, 46.9, 8.8, 1715, 德兰修女传 
1791839, 30.4, 9.4, 82, 乔伊斯传（上下册） 
3088334, 38.1, 7.8, 1329, 香奈儿的态度 
1450049, 35.2, 8.4, 390, 解读希特勒 
11601304, 35.3, 7.9, 692, 梁启超传 
6013381, 34.5, 8.4, 346, 舍我其谁：胡适（第一部） 
2051788, 29.9, 8.6, 134, 流浪王妃 
7045735, 33.6, 7.9, 505, 可可·香奈儿的传奇一生 
1464442, 41.8, 7.6, 3619, 道路与梦想 
3035631, 36.3, 8.5, 425, 康德传 
1075776, 33.8, 7.7, 669, 张爱玲传 
26422275, 32.7, 7.3, 907, 向死而生 
2142687, 35.9, 7.3, 1768, 张学良口述历史 
1859649, 46.4, 8.1, 3979, 生命的不可思议 
1143930, 39.0, 8.2, 939, 毛泽东传 
26808763, 23.2, 8.7, 42, 奥古斯都 
3604958, 27.9, 8.1, 145, 唐宁街岁月 
6080028, 32.8, 7.8, 491, 黑石的起点，我的顶点 
1069249, 33.9, 8.2, 382, 卓别林自传 
1001953, 37.0, 8.2, 665, 张居正大传 
26847603, 23.1, 8.1, 62, 我用尽青春，只为寻你：徐志摩传 
1775389, 36.5, 8.9, 301, 梁漱溟 王实味 储安平 
3722970, 32.1, 7.8, 425, 波伏娃：激荡的一生 
1054092, 33.8, 8.1, 415, 罗素自传（第一卷） 
1023860, 33.8, 8.4, 308, 最后的炼金术士：牛顿传 
1065485, 37.2, 8.6, 444, 玛丽·斯图亚特 
26310659, 33.5, 8.9, 188, 莎士比亚 
2129831, 39.3, 8.2, 985, 美与暴烈 
10515067, 35.0, 8.0, 585, 杨德昌的电影世界 
1034248, 36.1, 8.7, 339, 雍正传 
4270905, 32.6, 9.0, 150, 人生舞台 
10537637, 41.5, 7.6, 3422, 行走中的玫瑰 
1042149, 36.7, 8.1, 701, 伯格曼论电影 
1091203, 45.7, 8.9, 1258, 少年凯歌 
4258923, 25.2, 9.0, 48, 穿越歧路花园 
4317958, 25.4, 8.8, 56, 加缪传 
4898553, 42.4, 9.1, 614, 阿加西自传 
2183332, 33.1, 8.0, 409, 甘地自传 
10797092, 47.7, 8.6, 2502, 蒋介石与现代中国 
6024015, 30.5, 8.0, 255, 蚕丝：钱学森传 
26363418, 30.2, 7.2, 620, 我坚信 
25708362, 32.3, 8.6, 199, 史家高华 
4210829, 34.3, 7.1, 1720, 蒋介石传 
4860552, 36.2, 7.1, 2609, 活着就为改变世界 
26821343, 28.8, 7.6, 285, 封面民国 
6431957, 41.9, 7.8, 2714, 遇见一些人，流泪 
6531686, 38.9, 8.0, 1177, 抉择时刻 
2070169, 27.7, 8.2, 128, 国士无双伍连德 
6533206, 38.1, 7.5, 2057, 卑鄙的圣人：曹操 
1161333, 31.9, 8.6, 188, 爱因斯坦传（上下） 
2370421, 34.1, 9.1, 176, 回忆维特根斯坦 
1741716, 29.5, 8.6, 126, 周恩来与他的世纪 
1171967, 32.7, 8.8, 180, 袁世凯评传（上下） 
2604801, 32.7, 8.0, 384, 我的一个世纪 
2266339, 37.4, 8.8, 377, 贝多芬传 
3596979, 22.3, 9.2, 28, 写给孩子的哲学启蒙书(第6卷)(精) 
25861518, 25.8, 6.8, 405, 奢侈 
6723066, 36.6, 7.1, 2824, 乔布斯传 
2976741, 28.2, 8.7, 95, 基辛格 
1785342, 35.8, 8.1, 596, 达·芬奇传 
26394190, 24.2, 9.1, 39, 鹿特丹的伊拉斯谟 
26357078, 22.6, 8.5, 43, 权力的艺术 
1022604, 32.1, 8.3, 252, 人性的光辉-林肯传 
3181961, 34.6, 7.6, 883, 朱元璋传 
6784039, 31.1, 5.9, 9518, 你若安好便是晴天 
10809730, 23.0, 7.2, 133, 沿着公路直行：鲍勃·迪伦传 
3645098, 36.5, 8.6, 399, 生活在音乐中 
2077064, 33.6, 7.9, 503, 特写：阿巴斯和他的电影 
6522235, 33.1, 8.1, 366, 大法官是这样炼成的 
1820160, 28.9, 8.3, 147, 马克思传 
1435718, 28.3, 8.4, 121, 亨利·福特自传 
4880885, 36.3, 7.6, 1241, 仓央嘉措 
2998522, 31.6, 8.2, 256, 流氓的归来 
4119096, 28.8, 7.4, 354, 查理·芒格传 
1014310, 39.8, 7.3, 3980, 痛并快乐着 
1819835, 28.0, 8.5, 106, 弗洛伊德传(上、下) 
3669394, 37.5, 8.3, 641, 切·格瓦拉传 
26120130, 38.7, 9.0, 387, 天才的编辑 
10740047, 25.9, 7.9, 122, 库布里克传 
1044177, 37.4, 7.6, 1521, 李嘉诚全传 
26806186, 19.1, 8.6, 23, 道金斯传（全2册） 
1144501, 25.3, 8.4, 73, 约翰逊传 
4894612, 28.3, 8.2, 143, 个人历史 
1253222, 40.2, 8.6, 723, 居里夫人传 
1418650, 44.0, 8.5, 1532, 胡适杂忆 
25943598, 24.0, 7.5, 122, 埃隆·马斯克传 
1020207, 37.6, 8.7, 429, 贝多芬传（插图珍藏本） 
1921523, 30.6, 8.6, 151, 思想者 
2382825, 31.7, 7.4, 649, 希拉里传 
1937955, 38.0, 8.5, 566, 胡适之先生晚年谈话录 
6526783, 27.8, 7.8, 191, 蒋介石的人际网络 
2023257, 36.4, 8.7, 354, 深入非洲三万里 
1138763, 35.0, 8.5, 343, 林肯传 
1033449, 39.6, 8.6, 661, 巨人三传 
20458912, 32.8, 8.3, 284, 梁 
10831855, 36.4, 8.0, 751, 俞敏洪口述 
3393534, 30.7, 8.2, 219, 在股市大崩溃前抛出的人 
1055522, 34.6, 7.2, 1561, 亲历历史 
6798611, 62.8, 8.7, 25063, 史蒂夫·乔布斯传 
1212372, 33.3, 8.1, 384, 弗里达 
1057779, 34.5, 8.2, 423, 哈耶克传 
25870596, 31.6, 8.0, 311, 奥黛丽·赫本 
10580315, 35.4, 7.8, 794, 1912—1928：文武北洋•枭雄篇 
1981355, 41.4, 6.8, 15335, 墨迹 
6952213, 29.4, 8.1, 189, 宋美龄传 
24869530, 19.2, 8.9, 20, 一往无前 
1062756, 30.4, 8.0, 251, 林语堂传 
10863332, 23.5, 8.1, 66, 烈爱 
25952600, 32.6, 7.6, 601, 壹刻 
3277881, 33.9, 8.2, 386, 兰波传 
1046584, 33.7, 8.5, 277, 米开朗琪罗传 
1083446, 34.8, 8.7, 272, 麦哲伦航海纪\:探险史上最寂寞的壮举 
1956419, 44.4, 8.4, 1839, 一公升の眼泪 
26314527, 24.1, 8.6, 52, 若为自由故 
3284230, 40.3, 7.4, 3694, 我的成功可以复制 
1792668, 54.9, 8.5, 9434, 苏东坡传 
25897707, 44.8, 9.0, 989, 沈从文的后半生 
1434426, 35.5, 8.5, 372, 一个大学校长的自白 
1741727, 28.8, 8.0, 187, 周恩来传 
2382925, 29.6, 7.9, 242, 宋氏三姐妹 
1438426, 31.8, 8.6, 185, 三大师 
3423381, 33.4, 8.7, 220, 不可思议的惊奇 
1945073, 20.7, 7.4, 69, 没有不散的筵席 
1277262, 34.5, 8.1, 471, 孔子传 
1119207, 33.3, 8.0, 423, 周恩来 
4894978, 34.2, 7.9, 558, 本·拉登传 
10472587, 26.7, 8.0, 128, 朱鎔基傳 
1000180, 40.3, 8.9, 542, 世界摄影大师・布列松 
1321315, 34.9, 8.0, 566, 半梦 
1052336, 32.9, 8.8, 185, 顾准全传：拆下肋骨当火把 
26851260, 11.7, 7.4, 11, 极简设计 
1076285, 36.4, 8.4, 478, 漏船载酒忆当年 
24232359, 20.5, 8.6, 29, 亚当·斯密传 
1963618, 31.8, 8.5, 199, 伟大作曲家的生活 
3711441, 31.4, 8.8, 146, 马丁·路德·金自传 
5414530, 28.5, 7.5, 298, 与自己对话 
26309120, 31.1, 8.7, 150, Bream Gives Me Hiccups 
26369908, 28.4, 7.4, 326, 北野武自述 
26698164, 18.8, 7.1, 59, 回首一笑七十年 
20424526, 59.1, 8.9, 10252, 邓小平时代 
1077069, 25.3, 8.5, 68, 卡斯特罗传 
1899787, 35.7, 8.7, 315, 希尔伯特 
25848311, 20.6, 8.2, 37, 杨洁自述 
1986386, 36.2, 8.5, 420, 玛格丽特·杜拉斯 
26342628, 20.5, 8.6, 29, Becoming Steve Jobs 
1313462, 31.2, 8.2, 239, 我的大脑敞开了 
1048524, 35.3, 8.1, 550, 尼采传 
2150278, 40.9, 8.2, 1297, 切·格瓦拉语录 
1737180, 26.0, 8.0, 113, 王安石传 
10532809, 26.3, 8.6, 75, 翁山蘇姬 
1542075, 35.2, 8.6, 323, 胡雪岩全传（共七册） 
1448974, 30.4, 7.5, 438, 弗洛伊德自传 
10531017, 28.1, 8.0, 165, 宋美龄 
1750013, 33.8, 7.8, 586, 曼哈顿的中国女人 
20482611, 29.9, 7.0, 770, 幸福要回答 
5992422, 25.6, 7.3, 205, 高岗传 
2975974, 29.1, 8.7, 109, 曾国藩评传 
3124833, 28.7, 8.7, 103, 萨姆·沃尔顿自传 
26393124, 19.6, 7.5, 50, 一百零九个春天 
25928297, 28.3, 7.4, 325, 我的简史 
1011323, 30.9, 8.2, 225, 曹操传 
6310990, 19.0, 9.2, 17, 沈宗瀚自述（全三册） 
6097348, 31.8, 8.5, 200, 罗素的故事 
26369279, 17.4, 7.4, 35, 他是谁?探究真实的鲍勃·迪伦 
1069156, 34.3, 8.7, 254, 伯林传 
1016204, 38.5, 7.2, 3578, 不过如此 
1272879, 25.5, 7.8, 123, 棋行天下 
10429652, 34.5, 7.2, 1553, 因为懂得 所以慈悲 
25891899, 28.1, 7.2, 391, 圆点女王，草间弥生 
6085416, 28.9, 8.5, 123, 回忆波德莱尔 
26393438, 26.1, 7.4, 204, 在火星上退休 
21304345, 22.2, 6.7, 197, 李鸿章传 
2029914, 23.9, 7.5, 118, 通往权力之路 
4826037, 31.5, 7.2, 806, 科比24 
1801923, 39.2, 8.4, 774, 红顶商人 
1057877, 28.9, 7.8, 233, 毛泽东传 
2153226, 25.3, 8.2, 84, 约翰·穆勒自传 
1767646, 30.5, 8.1, 230, 彭德怀自述 
1451472, 33.3, 8.3, 309, 女性小传 
26285623, 28.0, 8.4, 116, 周恩来最后600天 
2041304, 29.9, 7.7, 315, 岳飞传 
1329967, 31.1, 8.5, 178, 苏轼传 
1945472, 18.7, 6.7, 86, 张宁：自己写自己 
1039544, 30.5, 7.3, 573, 梁思成、林徽因与我 
2981710, 29.1, 7.8, 241, 格雷厄姆 
1840759, 25.3, 7.3, 196, 我的一生 
1060595, 35.7, 8.2, 522, 阿加莎·克里斯蒂自传 
1118819, 33.6, 8.5, 272, 邓肯自传 
1959344, 35.4, 8.9, 254, 兄弟相爱撼山河 
1027818, 28.8, 7.5, 320, 洛克菲勒回忆录 
25782608, 36.6, 7.8, 996, 大道当然 
3321618, 19.7, 6.7, 110, 孟小冬 
6868806, 25.6, 8.3, 83, 出版人 
10739336, 29.0, 7.3, 420, 强人治国 
4091832, 31.3, 7.6, 466, 永远的林青霞 
1038909, 30.5, 8.5, 162, 马斯洛传 
1048535, 28.9, 8.5, 124, 崇祯传 
20503893, 26.8, 7.1, 337, 混搭 
1765620, 34.0, 9.0, 188, 成长 
1435907, 37.8, 8.5, 549, 我在通用汽车的岁月 
6110322, 22.4, 8.0, 59, 沃伯格家族 
1547121, 27.2, 9.0, 66, 昆剧生涯六十年 
26838502, 22.7, 7.7, 78, 一个投资家的20年 
26334681, 26.4, 9.4, 46, 我是谁人？ 
10564562, 27.5, 6.9, 516, 普京传 
1019200, 32.9, 7.2, 1086, 我的生活 
3176245, 34.3, 7.3, 1280, 无畏的希望 
1282824, 34.6, 8.1, 484, 史家陈寅恪传 
20388492, 28.4, 7.0, 547, 我的价值观 
1441951, 27.2, 8.4, 100, 我的生活与工作 
24869877, 23.9, 8.6, 50, 舉頭望明月 
4737060, 24.5, 8.2, 74, 摩根全传（下） 
4126694, 28.7, 7.2, 448, 时尚先锋香奈儿 
25762414, 26.9, 8.1, 123, 博尔赫斯大传 
1444859, 23.2, 8.4, 51, 熊彼特 
1963026, 36.4, 7.7, 1090, 勇敢抉择 
25852521, 27.7, 7.2, 363, 朴槿惠传 
25834222, 32.0, 8.5, 207, 瓜迪奥拉 
1417622, 20.1, 9.0, 22, Karl Marx 
4162721, 26.9, 7.7, 178, 丘吉尔传 
1094819, 26.2, 7.8, 141, 毛泽东传 
26360745, 18.5, 8.1, 27, 里根与撒切尔夫人 
1811560, 28.0, 8.6, 99, 梵高自传 
2040851, 28.3, 7.8, 207, 北宋政治改革家王安石 
3528911, 22.9, 8.7, 40, 策蘭傳 
1006581, 27.3, 8.5, 94, 巴尔扎克传 
24892377, 26.2, 8.2, 100, 巴黎的艺术女神：吉吉画传 
1076640, 31.0, 7.8, 346, 蒋经国传 
1051036, 32.4, 8.4, 243, 茜茜公主 
4246951, 28.6, 8.0, 180, 周作人 
1864089, 21.1, 8.4, 36, 西蒙波娃回忆录 
1662867, 20.9, 8.0, 45, 陈云传（上下） 
3611560, 27.4, 7.4, 268, 索罗斯传 
1319111, 28.9, 7.5, 323, 奥斯卡·王尔德自传 
3604385, 27.9, 9.5, 54, 又四十年 
1043980, 20.5, 8.1, 39, 我作为社会弃儿的一生 
3746259, 24.6, 8.3, 70, 汽车和我 
24748667, 27.2, 7.2, 325, 朴槿惠日记 
1474432, 36.7, 8.3, 559, 孤独的猎手 
25864487, 22.5, 7.0, 149, 中国误会了袁世凯 
3211583, 32.6, 7.8, 472, 莲灯微光里的梦 
1037602, 55.5, 8.9, 5817, 别闹了，费曼先生 
21356603, 23.4, 6.8, 229, 既要成功，也要成仁 
26308488, 19.3, 8.3, 28, 唯有时间能证明伟大 
1162468, 34.6, 8.4, 354, 假如给我三天光明 
1857410, 30.6, 8.6, 150, 马龙·白兰度传 
1077935, 29.1, 8.4, 139, 费曼传 
1106736, 27.5, 7.9, 163, 曾国藩传 
26302251, 17.1, 7.0, 45, 俾斯麦与德意志帝国 
26282953, 32.5, 8.5, 226, 大国推手 
2979793, 32.2, 8.9, 153, 我的美国之路 
1912518, 28.2, 7.8, 203, 卡夫卡 
24530426, 30.4, 8.0, 251, 金庸传(修订版) 
1214114, 26.1, 8.2, 98, 秦始皇传 
3043449, 25.0, 8.3, 75, 袁庚传 
20414014, 19.7, 8.1, 34, 克里斯汀·迪奥与我 
5433534, 25.1, 8.4, 71, 弗朗索瓦·特吕弗 
1029741, 32.2, 8.1, 317, 三生三世 
24877019, 19.3, 7.0, 73, 疯狂的钻石：锡德•巴雷特的一生与平克•弗洛伊德的黎明 
26666533, 41.4, 9.2, 482, 梵高手稿 
6954080, 23.2, 7.9, 74, 莫迪里阿尼传 
24869644, 22.9, 8.3, 52, 可可•香奈儿的私密生活 
1003373, 37.1, 7.8, 1096, 李敖快意恩仇录 
4050400, 34.5, 9.1, 185, 爱的3温暖 
25787572, 18.8, 7.5, 43, 盧芹齋傳 
1021019, 26.4, 7.8, 146, 萨德大传 
6861149, 24.3, 7.3, 159, 一天放下成功 
1126324, 21.4, 7.0, 117, 三十岁的汪涵 
1895270, 28.9, 8.2, 159, 张大千-梅丘生死摩耶梦 
2302841, 30.3, 9.2, 92, 诸葛亮集 
4916596, 20.0, 7.3, 64, 永不放弃 
26735642, 12.9, 7.4, 14, 画未了 
1068803, 25.8, 7.4, 192, 上海的女儿 
1915712, 18.2, 8.3, 23, 梅特涅 
6938349, 37.5, 7.8, 1193, 遇见一些人，流泪.第2辑 
1047079, 32.5, 7.5, 660, 美丽与哀愁:一个真实的林徽因 
1323573, 40.7, 8.7, 710, 美丽心灵 
3663000, 24.9, 7.7, 119, 梁启超和他的儿女们 
1465547, 35.3, 8.6, 325, 领袖们 
25774375, 22.8, 8.2, 55, 乔伊斯（企鹅人生） 
3300244, 34.0, 8.0, 480, 宋美龄画传 
25876364, 22.4, 8.0, 59, 无上荣耀 
1150256, 35.7, 8.8, 290, 达利 
10582666, 22.9, 7.9, 70, 加缪，一个浪漫传奇 
26745120, 13.4, 7.9, 12, 福特传 
25796007, 23.9, 7.1, 182, 帝王师：刘伯温 
2252665, 27.7, 9.5, 52, 失而复得的日记 
4893074, 25.2, 8.2, 83, 你读过赫拉巴尔吗 
19950615, 24.5, 7.5, 134, 此生名为李香兰 
1059063, 27.4, 8.3, 113, 钢铁大王卡内基自传 
2114138, 26.3, 7.8, 143, 圣女贞德 
1000317, 29.4, 7.9, 231, 一个狗娘养的自白 
3633805, 30.5, 7.4, 505, 铸就偶像 
1140492, 26.0, 7.9, 123, 奥威尔传 
6397019, 34.1, 8.1, 445, 英语大王思思来了 
1312718, 29.6, 7.7, 294, 帕格尼尼 
1085314, 29.7, 7.8, 273, 爱这个世界 
6809028, 32.1, 8.8, 164, 朱镕基讲话实录 第四卷 
1039005, 31.3, 9.1, 114, 倾听雅尼 
5942695, 26.4, 7.8, 147, 那天，约翰·列侬走了 
26916505, 16.0, 8.4, 15, 李燕聊李苦禅 
1499783, 43.0, 8.3, 1661, 将心注入 
1484422, 33.4, 8.9, 185, 凡·高自传 
1023482, 31.4, 8.6, 172, 居里夫人自传 
1060266, 30.0, 8.3, 176, 罗素自传（第二卷） 
1049435, 27.0, 8.9, 68, 隋文帝传 
1893987, 26.2, 7.7, 153, 孙中山 
10801742, 24.7, 8.3, 71, 莲灯诗梦林徽因 
6087954, 23.9, 6.2, 642, 民国女子 
3827990, 25.8, 7.3, 217, 毛泽东的读书生活 
2216459, 26.3, 8.3, 93, 冰鉴精解详注 
1080369, 30.1, 8.4, 164, 康德传 
2982254, 31.2, 8.1, 262, 蒋介石王牌悍将张灵甫传 
4136529, 28.1, 8.0, 167, 晚清有个袁世凯 
2306652, 30.7, 7.7, 364, 晚清有个李鸿章 
10433836, 26.9, 7.3, 271, 十人 
4312467, 22.4, 9.1, 30, 毛泽东文集-1-8卷 
2036683, 37.8, 7.7, 1439, 幸福深处 
5398106, 26.4, 9.1, 55, 林肯与劲敌幕僚 
4096751, 24.1, 7.5, 125, 25岁，我赚了3个亿 
6784467, 19.9, 7.8, 43, 丘吉尔传 
19975229, 31.1, 8.8, 139, 时间之线 
1069846, 20.3, 7.7, 50, 杰奎琳.肯尼迪传 
1326991, 35.2, 8.1, 537, 我的苦难，我的大学 
1138765, 25.2, 8.2, 83, 罗曼·罗兰传 
26292916, 19.9, 8.1, 35, 卓别林的最后一支舞 
20496147, 14.9, 8.0, 15, 大慈恩寺三藏法师传 
20471896, 23.7, 8.0, 74, 师友记往 
1900205, 26.3, 8.4, 86, 原子舞者 
3415676, 33.4, 7.5, 801, 我父亲的梦想 
4759149, 22.1, 8.3, 45, 建筑人生 
26575350, 23.3, 7.5, 105, 知行合一王阳明2：四句话读懂阳明心学 
4254757, 25.5, 8.1, 95, 奥本海默传 
26336549, 24.5, 8.7, 52, 儲安平傳 
26288050, 17.9, 6.3, 112, 阿里巴巴正传：我们与马云的“一步之遥” 
26680822, 14.1, 8.0, 13, 拿破仑论 
6784983, 22.8, 7.2, 127, 迭戈和弗里达 
1797907, 24.6, 8.1, 81, 本雅明思想肖像 
1958882, 29.0, 8.1, 177, 此前此后 
1588110, 20.0, 7.6, 50, 溥杰自传 
1318002, 27.6, 8.1, 137, 纪德自传 
26663582, 22.4, 7.6, 81, 帝王师：张居正 
1921017, 21.6, 7.8, 59, 拜伦传 
1225695, 34.8, 7.8, 712, 美丽与哀愁 
1028521, 30.4, 7.7, 344, 我的父亲邓小平 
3547881, 28.0, 7.5, 273, 叔本华 
1820641, 28.2, 7.6, 253, 普京大传 
1082525, 23.3, 7.0, 179, 江青全传 
1100436, 36.3, 8.2, 584, 完美的人 
5937120, 32.2, 9.2, 122, 叔本华及哲学的狂野年代 
1138197, 26.3, 8.6, 75, 涅高兹谈艺录 
2126561, 20.2, 6.6, 137, 行棋无悔 
26674220, 23.7, 8.6, 49, 章开沅口述自传 
4114162, 23.6, 8.5, 51, 希望永行 
26599211, 17.8, 8.1, 24, 你的声音可以改变世界 
1018912, 30.9, 7.8, 343, 胡适评传 
11507862, 45.9, 8.2, 3157, 独自上场 
10562618, 24.4, 8.3, 67, 凌叔华传 
1507442, 27.5, 7.6, 218, 我这三十年 
5346673, 27.9, 7.8, 192, 绝版恭亲王 
1059204, 30.2, 7.2, 617, 蒋介石评传（上、下） 
4922703, 28.1, 8.6, 100, 克里希那穆提画传 
1824685, 30.0, 6.6, 1522, 武则天正传 
1046358, 25.0, 7.9, 102, 牛顿传 
6856716, 22.4, 8.8, 35, 那些有意思的老头儿 
1017605, 28.8, 7.1, 527, 逆风飞飏 
25817226, 19.4, 8.0, 34, 艾丽丝•门罗：其人•其作•其思 
2130395, 23.8, 7.5, 116, 我的生平 
26384991, 17.9, 6.8, 64, 民国大人物 
1036793, 38.4, 8.0, 1083, 杜拉斯传 
25983635, 23.8, 8.3, 61, 驚弦：汪精衛的政治生涯 
5944705, 28.7, 7.4, 347, 非同凡“想” 
10764261, 20.1, 7.7, 48, 惟适之安 
1050941, 21.8, 8.4, 40, 达尔文传(上下)--欧文.斯通文库 
3824706, 33.6, 9.6, 113, Moonwalk 
1820623, 31.9, 7.6, 523, 美丽与哀愁-一个真实的三毛 
1099519, 17.7, 7.7, 30, 亚当·斯密传 
1595292, 19.3, 7.7, 41, 知识英雄 2.0 
25883310, 27.2, 7.8, 168, 伊丽莎白女王 
1318987, 30.7, 7.7, 369, 一代才子钱钟书 
1033917, 30.6, 7.8, 324, 贝聿铭谈贝聿铭 
26041782, 17.5, 8.0, 24, Not My Father&#39;s Son: A Memoir 
11504865, 20.9, 8.1, 42, 陶渊明传 
1426106, 32.5, 7.7, 517, 像赫本一样优雅 
1058251, 30.5, 8.2, 211, 达利自传 
1424856, 26.9, 7.7, 177, 罗斯福传 
10564525, 26.5, 8.6, 77, 浪 
3539107, 20.3, 8.9, 24, 中国科技的基石 
10521234, 25.2, 8.0, 97, 我用微软改变世界 
1019155, 30.8, 8.5, 170, 小沃森自传 
26269618, 22.3, 8.4, 44, 老梁说天下3 
1253555, 21.4, 7.6, 67, 第一人：普京自述 
1225982, 37.7, 8.7, 440, 束星北档案 
26916503, 15.3, 8.3, 14, 李燕聊齐白石 
2007245, 26.5, 8.0, 123, 梁思成传 
1510349, 20.4, 7.6, 55, 邓小平 
2072976, 25.8, 7.9, 118, 海德格尔传 
1052242, 40.0, 8.8, 569, 无法直面的人生 
1034609, 25.5, 7.8, 123, 杜甫传 
5285339, 26.5, 7.3, 250, 张亚勤 
6006578, 26.8, 6.6, 684, 蒋介石：1887～1975（上） 
3204343, 31.3, 9.1, 114, 天上之弦 
1683434, 23.1, 6.9, 192, 米兰·昆德拉传 
5249778, 24.6, 7.8, 104, 最后的大师 
1265441, 23.8, 7.7, 97, 亚历山大大帝传 
25788643, 21.4, 7.6, 66, 曼德拉传 
1782150, 34.4, 8.6, 283, 武则天 
25910821, 18.9, 8.3, 26, 黄沙与蓝天 
1144283, 31.5, 8.4, 208, Virgin商业帝国 
4903265, 47.9, 9.1, 1422, 亲爱的提奥 
1823054, 20.3, 8.4, 31, 女王伊丽莎白一世传 
26302594, 28.1, 7.2, 392, 万达哲学 
4004848, 22.8, 8.5, 45, 安妮的盒子 
1031056, 22.7, 7.0, 156, 走出女儿国 
4713794, 17.7, 7.7, 30, 盛田昭夫（上） 
1011762, 27.5, 7.3, 307, 钱钟书传 
5990589, 20.4, 8.1, 38, 我们的父亲 
1160790, 24.3, 8.1, 77, 浮世万象 
1019485, 36.6, 6.9, 4121, 心相约 
1291602, 18.0, 8.1, 25, 战争回忆录（共3册） 
4087572, 18.8, 7.6, 40, 我的伯父周恩来 
1078545, 23.1, 8.5, 47, 华罗庚 
1053221, 28.5, 8.3, 135, 建筑师林徽因 
1055572, 25.1, 8.1, 88, 万历传 
10787009, 18.0, 6.8, 66, 杜月笙全传 
2123168, 30.7, 9.0, 113, 慕勒传 
1465401, 26.6, 7.8, 150, 崔健：在一无所有中呐喊 
22275327, 20.3, 7.7, 50, 司马懿 
5946467, 31.5, 8.1, 277, 郦波评说曾国藩家训（上册） 
4863901, 21.0, 7.8, 53, 世界上最伟大的律师丹诺辩护实录 
1021530, 28.0, 7.3, 338, 宋氏三姐妹 
4910520, 21.5, 8.3, 41, 王永庆的球童 
1159949, 43.1, 7.8, 3430, 杰克·韦尔奇自传 
5377008, 27.2, 8.8, 75, 折返點1997 ~ 2008 
1019799, 17.6, 8.1, 23, 我的早年生活 
2337483, 19.0, 7.8, 36, 戈培尔日记 
20434398, 32.3, 7.6, 567, 遇见一些人.流泪-第3辑 
22988962, 19.7, 7.5, 51, 如果这都不算爱 
3267519, 32.7, 8.4, 256, 李普曼传 
6890222, 24.3, 7.5, 128, 洋蔥炒蛋到小英便當 
1139576, 28.9, 8.3, 146, 贝多芬传 
10539814, 25.4, 7.7, 133, 未剪辑的沙克 
1313464, 27.4, 8.6, 89, 古多尔的精神之旅 
1165463, 28.7, 8.3, 141, 人间鲁迅 
3042990, 32.1, 7.4, 694, 郎朗 千里之行：我的故事 
1419704, 19.1, 7.3, 54, 音乐移动群星:霍金传 
4322087, 22.3, 8.4, 44, 克洛岱尔情结 
26667961, 15.0, 7.9, 16, 温尼科特传 
24713582, 16.7, 6.8, 49, 百年袁家 
2006841, 15.7, 6.3, 63, 未名湖畔的玫瑰 
2050244, 24.3, 7.1, 196, 杨澜访谈录 
1040207, 27.4, 7.0, 442, 林彪的这一生 
1313505, 24.4, 7.8, 99, 数字麦克卢汉 
2238645, 14.6, 8.2, 13, 美国智囊六人传 
6003671, 15.9, 6.8, 40, 让·科克托 
25819541, 16.6, 7.8, 23, 爸爸丰子恺 
1037303, 28.1, 7.9, 183, 游向彼岸 
26608212, 26.9, 8.3, 103, 那些说不出的慌张 
24852538, 23.7, 8.4, 56, 大馆奴 
26248115, 19.2, 8.8, 21, 历史的事实：库比茨克回忆希特勒 
1323574, 28.7, 8.6, 111, 迷人的科学风采 
2265150, 21.8, 8.0, 53, 為世界起舞：碧娜．鮑許 Pina Bausch 
2974398, 21.1, 8.6, 32, 钢铁大王卡内基自传 
5332936, 14.6, 7.9, 15, 间谍与反间谍 
1013093, 28.7, 8.4, 129, 我是曼联教头 
3896444, 18.9, 7.6, 41, Coco Chanel 
10769652, 22.1, 8.4, 42, 书法是万人的艺术 
25775607, 13.2, 7.5, 14, 我和芭蕾 
1742915, 25.4, 7.9, 110, 贝聿铭传-现代主义大师 
10732226, 19.4, 8.7, 23, 行走利比亚 
25786645, 33.9, 7.3, 1157, 乔纳森传 
1034431, 25.2, 7.7, 128, 肯尼迪传 
1007824, 28.0, 8.0, 162, 萨特传 
3025735, 20.3, 8.2, 35, 大地的儿子－周恩来的故事 
3709135, 31.1, 7.3, 658, 唐骏日记 
1320190, 27.1, 7.6, 202, 狗娘养的战争 
1958226, 22.7, 8.0, 62, 霍布斯传 
2039633, 26.2, 8.3, 91, 陈龙川传 
1221059, 23.3, 7.6, 97, 婉容/文绣传 
26054686, 18.0, 6.5, 91, 默克尔传 
3070126, 32.5, 8.5, 226, 季羡林自述 
1691568, 22.3, 7.5, 87, 我与悲鸿 
1873650, 22.0, 8.5, 39, 哈特的一生 
1088718, 18.4, 7.4, 43, 上帝与拉里.埃里森的不同 
3018405, 29.2, 9.4, 69, 因扎吉传记 SUPERPIPPO 
3717333, 20.7, 7.4, 69, 哥德尔 
1992130, 23.3, 7.1, 158, 江青传 
26630445, 19.6, 8.6, 25, 苹果上的缺口 
1955691, 27.4, 8.0, 147, 张学良、赵一荻私人相册 
1053174, 44.0, 8.6, 1350, 你干吗在乎别人怎么想？ 
3726951, 28.2, 8.8, 88, 亨利·卡蒂埃-布勒松 
1475252, 19.0, 6.7, 93, 我曾是塞林格的情人 
20269761, 24.5, 7.6, 121, 逆战 
3106705, 26.7, 7.5, 207, 萨特自述 
1135340, 26.2, 7.8, 141, 俾斯麦 
25815585, 27.7, 7.7, 205, 大谋小计五十年：诸葛亮传 
1062177, 26.9, 6.7, 610, 日子 
1039634, 24.7, 8.3, 71, 甘地传 
1327345, 23.6, 8.5, 51, 自画像 
26640951, 21.1, 8.7, 30, 洛神赋 
1227051, 22.2, 7.6, 78, 我的童话人生 
3405373, 24.4, 7.7, 109, 孙正义 
6750340, 35.4, 7.8, 791, 卑鄙的圣人：曹操.第2部 
26771922, 27.3, 7.9, 157, 科比 
4322083, 22.3, 8.4, 44, Son of Hamas 
1959095, 18.9, 8.1, 29, 我的努力与反省 
2999595, 24.7, 8.3, 71, 太平洋的风-薛之谦旅行照相本 
1014518, 27.5, 8.4, 105, 茨维塔耶娃文集：回忆录 
1040816, 24.7, 7.7, 116, 沈从文传 
1944436, 24.4, 7.8, 99, 华盛顿传 
25924605, 19.2, 6.1, 210, 特斯拉之父 
1264285, 24.4, 7.5, 131, 霍英东全传 
2971948, 18.6, 8.2, 26, 阿波利奈尔传 
1448577, 23.4, 8.6, 46, 骆宝善评点袁世凯函牍 
1458967, 27.9, 8.7, 90, 洛克菲勒日记 
1820621, 22.8, 8.2, 55, 鲁迅与“左联” 
1062274, 29.0, 8.2, 162, 黄永玉自述 
10750460, 24.2, 7.2, 173, 司马懿吃三国 
3137155, 15.2, 6.8, 34, 一个真实的于凤至 
3376267, 26.5, 7.6, 182, 晚清有个曾国藩 
10776300, 18.4, 7.3, 46, 心学大师王阳明 
1043310, 21.8, 8.3, 43, 冯友兰学术自传 
1318419, 26.4, 7.0, 356, 比尔·盖茨全传 
25892650, 14.9, 7.4, 21, 孤独的幸存者Ⅱ 
1392592, 28.0, 8.4, 115, 权与欲的狂飙 
3035343, 28.8, 7.7, 254, 做女人要像希拉里 
4782503, 28.1, 8.0, 166, 天神下凡 
1469894, 21.5, 7.7, 62, 建筑师梁思成 
4234243, 20.5, 8.1, 39, 我这一生 
2039549, 23.0, 7.8, 76, 蒋百里传 
25982697, 23.0, 7.5, 99, 非如此不可：顾准传 
1975618, 23.1, 8.5, 47, 回忆少女时代 
10550571, 40.2, 8.4, 916, 张纯如 
2043382, 24.1, 7.6, 112, 奇人王世襄 
3644117, 18.9, 7.4, 47, 格兰特将军回忆录 
2125593, 41.3, 8.6, 872, 克里希那穆提传 
1274409, 24.1, 8.2, 69, 福泽谕吉自传 
26349050, 21.3, 7.3, 85, 成吉思汗：意志征服世界 
1187667, 28.8, 8.1, 170, 华尔街之子 
4713793, 15.4, 7.4, 23, 盛田昭夫（中） 
1280543, 34.8, 7.6, 925, 一个特立独行的人 
1082314, 28.0, 7.9, 179, 真爱让我如此幸福 
3080493, 30.2, 6.8, 1118, 21岁当总裁 
1069190, 21.9, 9.0, 29, 萨乐美的一生 
25662491, 24.3, 8.7, 50, 陶恕传 
1027743, 11.9, 7.0, 14, 达尔文自传 
1511946, 17.1, 7.8, 25, 细说中国历史丛书(1-9册) 
10550565, 17.0, 7.5, 30, 不做总统就做广告人 
2981065, 32.4, 7.8, 453, 自来水哲学 
1019818, 27.2, 8.4, 101, 林巧稚 
1518413, 19.9, 7.9, 40, 韩信 
11606575, 22.4, 8.7, 37, Grace 
1112473, 22.8, 8.5, 45, 开门 
1143323, 18.1, 8.2, 24, 周恩来生平全纪录 
3905259, 22.3, 6.5, 261, 马化腾的腾讯帝国 
1751109, 21.4, 8.3, 40, 迪士尼传奇 
4720006, 35.7, 8.0, 665, 峭壁边缘 
1493752, 19.2, 8.7, 22, 嵇康评传 
3248771, 11.6, 6.7, 16, 昌运复星 
1426188, 27.2, 7.9, 155, 李安 
3204031, 24.6, 7.5, 138, 笛卡儿的秘密手记 
3421226, 23.8, 8.2, 65, 股市之神 
3413828, 25.1, 7.5, 150, 政道 
25728352, 12.2, 4.9, 159, 邓文迪：我不是传奇 
1017848, 31.7, 8.2, 262, 杂记赵家 
5921663, 20.4, 7.6, 55, 聂卫平 
1066934, 27.1, 7.7, 185, 毛泽东自传 
1938572, 26.4, 8.5, 82, Moab Is My Washpot 
1008072, 30.2, 7.3, 538, 最好的幸福 
2299019, 20.2, 7.4, 62, 马克思传 
25929695, 19.7, 7.4, 56, 战神粟裕 
1064212, 22.5, 7.5, 90, 法柏报告 
3710549, 16.5, 7.4, 29, 民国人物列传（上下） 
1197950, 39.6, 9.1, 406, 希腊罗马名人传 
3299693, 25.7, 7.5, 172, 宋庆龄画传 
1275020, 23.6, 8.3, 58, 记者生涯 
10726363, 24.1, 7.6, 112, 安吉丽娜·朱莉 
1226831, 30.0, 7.2, 589, 张国荣画传 
3733085, 13.5, 7.5, 15, 我们家的人和事 
24722622, 20.0, 7.0, 86, 为什么是毛泽东 
1423369, 30.2, 7.7, 332, 百年萨特 
1233000, 23.0, 8.4, 49, 邓肯女士自传 
5423029, 22.7, 7.8, 73, 藏锋 
25973174, 20.3, 6.9, 102, 她认出了风暴 
1970216, 24.1, 8.8, 46, 孤独的科学之路 
1962022, 25.8, 7.3, 215, 法拉奇 
6558642, 18.2, 7.7, 33, 为了爱的缘故 
2053265, 20.2, 7.6, 53, 山口百惠自传 
3537202, 24.5, 7.0, 233, 水晶球 
11526985, 35.3, 7.2, 1827, 直到世界尽头 
4937556, 25.8, 7.3, 214, 曾国藩发迹史（上） 
1963787, 19.0, 7.1, 62, 陆游传 
26385007, 11.4, 7.1, 12, 马一浮和他的大时代 
1084908, 19.7, 8.0, 36, 亚历山大大帝 
1762854, 24.0, 8.0, 78, 格蕾丝 
3449435, 24.2, 7.4, 141, 我的愤青岁月 
1064874, 21.6, 8.1, 47, 结构与符号 
3786872, 16.1, 6.9, 39, 黄珂 
25961884, 25.6, 7.7, 138, 最贤的妻,最才的女 
4915132, 26.3, 7.0, 343, 毛泽东最后七年风雨路 
4067665, 22.2, 7.5, 85, 迈克尔·杰克逊 
3920099, 30.4, 8.4, 173, 法医学之父 
1520463, 20.6, 8.0, 42, 当代数学精英(菲尔兹奖得主及其建树与见解) 
2052972, 20.8, 8.8, 27, 风花雪月李翰祥 
20279686, 18.3, 8.7, 19, 穆旦评传 
3018006, 22.1, 6.8, 172, 乔冠华与龚澎 
4830180, 26.1, 8.4, 84, 特蕾莎修女传 
2280534, 23.7, 6.8, 250, 曾经风雅 
1050049, 18.5, 6.8, 74, 盛氏家族·邵洵美与我 
6025651, 23.8, 9.1, 37, 约翰·牛顿自传 
1448761, 45.3, 8.3, 2486, 像一块滚石 
2701310, 29.5, 7.6, 323, 康震评说苏东坡 
1438065, 21.8, 8.2, 46, 弗吉尼亚.伍尔夫 
26785876, 15.9, 7.5, 24, 知行合一王阳明3:王阳明家训 
25722413, 20.9, 8.1, 42, 袁世凯传 
3356346, 25.0, 7.5, 148, 爸爸黑泽明 
7057590, 33.6, 8.0, 452, 卑鄙的圣人：曹操.第4部 
11587576, 39.0, 7.6, 2115, 大清相国 
1763890, 31.3, 8.5, 183, 加尔文传 
1421324, 22.0, 7.9, 59, 毛泽东 
3102918, 28.1, 8.0, 166, 别说再见 
1025294, 19.5, 6.8, 94, 塞林格传 
1450314, 22.1, 8.1, 52, 赵小兰 
5980590, 20.3, 8.6, 28, 爱因斯坦传 
1786651, 26.5, 8.0, 124, 我与商业领袖的合作与冲突 
1852499, 24.1, 7.3, 152, 一个真实的陆小曼 
3425957, 21.1, 8.7, 30, 奥黛丽赫本 
1287414, 13.3, 7.1, 18, 影响世界历史的三个犹太人 
1013451, 26.3, 7.9, 131, 周恩来的最后十年 
1144500, 26.0, 8.1, 103, 史怀泽传 
2221896, 29.1, 8.3, 150, 永远的奥黛丽.赫本 
25881768, 21.8, 7.4, 85, 摩纳哥王妃 
3611792, 18.5, 7.0, 61, 视读本雅明 
1288495, 19.7, 8.0, 36, 穆青传 
2123347, 23.5, 7.5, 109, 桑迪·韦尔自传 
6982715, 33.8, 8.7, 233, 雷蒙德·卡佛 
25830669, 18.6, 7.3, 48, 世界帝国的往事：大元王朝与耶律楚材 
3181882, 17.8, 7.8, 29, 毛泽东自述 
1895298, 25.9, 8.9, 57, 领导人 
2326230, 39.5, 8.6, 644, 我的精神自传 
3809551, 22.4, 7.7, 74, 钢铁是怎样练成的 
10426391, 18.3, 7.1, 53, 上流社会 
1695533, 19.8, 7.9, 39, 薛定谔传 
1211399, 18.0, 7.6, 34, 冯友兰：云在青天水在瓶 
6791028, 15.7, 7.5, 23, 无奈的结局 
3034122, 23.0, 7.6, 91, 大江健三郎口述自传 
1801929, 36.7, 8.5, 452, 灯火楼台（全三册） 
1323575, 17.2, 7.2, 39, 恋爱中的爱因斯坦 
1012818, 22.9, 9.1, 32, 鲍林 
3344127, 23.7, 6.8, 250, 马云传 
3167082, 17.5, 7.1, 45, 宋氏家族 
1067037, 18.3, 8.7, 19, 通往《望乡》之路 
3700212, 22.5, 6.6, 244, 黄光裕真相 
22275319, 17.7, 7.4, 37, 刘备 
26335810, 23.0, 8.0, 66, 一个医生的故事 
1449924, 33.1, 8.4, 274, 沈从文传 
10738987, 14.1, 7.0, 23, 真假袁世凯辨别 
3745000, 22.5, 7.7, 76, 小先生-李易峰首张个人专辑 
24714589, 20.3, 8.0, 40, 他给的寂寞比甜蜜多 
1027122, 20.8, 7.6, 59, 广告界无冕女王 
1020847, 15.5, 7.5, 22, 拿破仑三世传 
1582703, 20.2, 7.1, 80, 金融大鳄索罗斯传 
5918585, 24.8, 7.9, 98, 今生今世张爱玲 
1865546, 30.7, 8.5, 167, 乔治·施蒂格勒回忆录 
4833863, 27.0, 7.8, 162, 我的兄弟，我的篮球 
1684505, 22.1, 7.2, 110, 澳门赌王何鸿燊全传 
1879887, 18.6, 7.5, 41, 诺贝尔奖得主的大学时代 
1719691, 27.4, 8.3, 113, 心学大师王阳明大传 
1081112, 23.7, 7.5, 115, 武则天传 
1041238, 26.8, 7.1, 338, 张曼玉画传 
1290608, 13.3, 7.4, 15, 一个青年的自白 
10750305, 19.9, 7.1, 76, 大河奔流的精神 
2005585, 19.2, 7.4, 50, 卡耐基自传 
3427928, 40.0, 8.8, 573, 契诃夫的一生 
26214387, 32.3, 8.2, 287, 安·兰德传 
3373715, 20.7, 6.7, 138, 上海滩名门闺秀 
3165829, 26.6, 7.7, 165, 贝聿铭传 
6048997, 28.6, 7.7, 247, 读我的胸针 
4937555, 23.7, 7.3, 140, 曾国藩发迹史（下） 
1014812, 26.4, 7.2, 277, 林青霞画传 
5904082, 15.6, 7.9, 18, 冯·卡门 
1400271, 21.3, 8.1, 45, 粟裕传 
2009396, 15.7, 6.4, 56, 辛普森夫人传 
1659829, 17.1, 7.1, 41, 何日君再来 
1197913, 23.9, 7.8, 91, 李昌钰 
2351092, 20.1, 7.7, 48, Shakespeare 
1145213, 25.3, 7.2, 219, 杜月笙野史 
1453759, 15.8, 7.7, 21, 避孕药的是是非非 
1015035, 18.6, 6.3, 133, 莱温斯基自述：我的爱情 
25886899, 27.7, 7.0, 475, 我对时间有耐心 
1225234, 22.5, 7.7, 75, 普京 
4830705, 22.3, 7.1, 127, 香奈儿和她的浪漫传奇 
