Tag: 人际关系 

ID, Score, Rating, Votes, Title 
26275861, 46.6, 8.6, 2084, 沟通的艺术（插图修订第14版） 
1437973, 48.1, 8.7, 2334, 亲密关系 
1183730, 43.2, 8.4, 1504, 谈话的力量 
5913475, 42.1, 8.2, 1615, 高难度谈话 
26663916, 34.7, 8.2, 442, 沟通圣经 
10586741, 41.0, 8.3, 1179, 关键对话 
1444900, 46.7, 8.7, 1865, 爱的五种语言 
26852890, 21.8, 8.5, 38, 吸引力是这样炼成的 
1101447, 39.1, 7.7, 1838, 不要用爱控制我 
1764940, 38.2, 8.3, 726, 爱是一种选择 
2381209, 28.3, 8.8, 90, 纵向社会的人际关系 
25733593, 30.1, 8.0, 236, 沃顿商学院最实用的谈判课（原书第2版） 
6430918, 19.1, 7.3, 54, 20几岁要懂得的手段和心计大全集 
1399258, 30.8, 8.5, 171, 人情、面子与权力的再生产 
3354670, 34.5, 8.3, 380, 卡内基沟通与人际关系 
25925226, 25.9, 8.5, 75, 强势 
26657426, 26.7, 8.5, 85, 高效能人士的7个习惯（人际关系篇） 
26848972, 29.8, 8.1, 203, 这里是没有我们存在的地方 
25985811, 26.2, 7.9, 128, 非暴力沟通实践篇 
3043738, 34.6, 8.1, 483, 圆通的人际关系 
1320512, 21.3, 8.2, 42, 人际沟通技巧 
2327273, 29.1, 8.4, 139, 我好-你好 
4275052, 36.2, 8.1, 643, 九型人格 
2228271, 21.3, 7.8, 56, 职场小黑书 
26890609, 14.2, 8.2, 12, 感召力 
26183848, 36.6, 7.3, 2045, 完美关系的秘密 
1445816, 31.0, 8.3, 209, 不必火星撞地球 
3813981, 30.8, 8.6, 155, 極端自我就是王 
5935767, 27.2, 8.3, 109, 皮格马利翁效应 
10740449, 26.8, 8.2, 110, 关键冲突 
25837839, 21.4, 7.5, 72, 人的七张面孔 
1170013, 24.5, 8.0, 86, 人际关系与沟通 
4988498, 27.3, 8.1, 132, 地头力 
4737260, 28.4, 8.2, 147, 卡耐基口才的艺术与人际关系 
26846721, 31.4, 8.8, 145, 如何在爱中修行 
25832927, 22.5, 7.5, 90, 为什么戴着面具的人更受欢迎 
1037315, 24.4, 7.4, 144, 口渴之前先挖井 
26429949, 20.4, 8.5, 30, 原来，懂比爱更重要 
2125536, 33.4, 8.5, 260, 懂得生命 
4047166, 26.7, 8.0, 128, 遇见懂得付出的自己 
10757905, 29.1, 8.2, 164, 卡耐基沟通的艺术与处世智慧 
10799782, 25.9, 7.8, 132, 魅力何来 
26280077, 19.1, 7.5, 46, 绝对不败交涉术 
1396778, 32.1, 8.3, 255, 梁山政治 
19987178, 29.1, 7.9, 220, 人脉是设计出来的 
1781920, 20.9, 7.8, 52, 利害冲突 
3267583, 23.0, 7.7, 83, 我和你 
6822622, 22.8, 7.5, 96, 5分钟和陌生人成为朋友 
5373043, 23.4, 7.5, 107, 人情与面子 
3359251, 27.2, 8.3, 109, 如何停止忧虑，开创人生 
1909385, 20.7, 6.8, 122, 人间游戏 
25816580, 22.2, 8.4, 43, 人与制度 
25727356, 27.1, 8.7, 79, 卡耐基语言的突破与相处的艺术 
20386245, 20.5, 6.4, 191, 情商 
5356341, 36.6, 8.0, 778, 男人来自火星，女人来自金星2 
2188534, 21.5, 8.4, 38, What Got You Here Won&#39;t Get You There 
1489474, 24.0, 8.0, 79, 与鲨共泳 
1067090, 22.2, 7.6, 77, 攻心为上 
3578156, 23.8, 6.3, 531, 心理操纵术 
4922635, 16.7, 7.4, 30, 倾听的艺术 
4901601, 24.7, 6.8, 309, 人脉手环 
26201983, 13.3, 7.1, 18, 交际有道 
10602302, 27.1, 7.1, 360, 人脉是设计出来的 
10524484, 12.5, 4.8, 232, 别让不好意思害了你 
5040160, 22.7, 7.4, 102, 从零开始做人脉 
1757904, 22.9, 7.8, 75, The Fine Art of Small Talk 
3829573, 27.7, 7.3, 324, 像女人一样行动 像男人一样思考 
7000947, 25.8, 7.9, 119, 人际网络 
1057390, 24.6, 8.6, 56, 赢在影响力 
25774240, 16.9, 6.7, 56, 头等舱里的谈话课 
4267248, 16.2, 6.5, 57, 心理学与读心术 
4856042, 24.3, 8.4, 61, 为什么我总是被人误解 
5405365, 18.7, 6.7, 86, 把妹达人圣经 
24318912, 18.8, 6.9, 72, 绵羊心理学 
20278119, 20.3, 7.4, 63, 驭上之道 
2367690, 28.1, 6.8, 687, 看谁在说谎 
20563215, 20.5, 8.3, 34, 六度人脉3 
3691357, 24.7, 7.5, 139, 5分钟打动人心 
1917628, 30.0, 7.7, 322, 编辑力 
10558798, 23.3, 7.0, 179, 每天懂一点人际关系心理学 
