Tag: 传记 

ID, Score, Rating, Votes, Title 
26657570, 45.8, 9.0, 1153, 活着为了讲述 
26699448, 36.0, 9.0, 256, When Breath Becomes Air 
26853060, 30.6, 9.3, 90, 我心深处 
26901257, 24.5, 9.5, 33, 三十年细说从头 (上下) 
6152040, 53.1, 9.1, 3108, 维特根斯坦传 
26838873, 32.8, 8.5, 235, 伍迪·艾伦谈话录 
19962936, 50.4, 8.7, 3394, 只是孩子 
26849305, 35.6, 8.9, 261, 成为乔布斯 
6798611, 62.8, 8.7, 25062, 史蒂夫·乔布斯传 
1037602, 55.5, 8.9, 5817, 别闹了，费曼先生 
20424526, 59.1, 8.9, 10251, 邓小平时代 
1083762, 58.0, 8.7, 11519, 人类的群星闪耀时 
26860776, 37.4, 8.5, 507, 鞋狗 
25883305, 45.7, 9.1, 1022, 阿拉伯的劳伦斯 
26782506, 33.3, 8.8, 197, 伊莎贝拉 
26657740, 38.7, 9.0, 385, 再度觉醒 
26120130, 38.7, 9.0, 387, 天才的编辑 
26682066, 33.1, 8.5, 250, 我的奋斗1 
1062343, 57.9, 9.2, 5702, 昨日的世界 
26840568, 34.2, 9.2, 164, 草疯长 
26759508, 41.4, 8.1, 1617, 硅谷钢铁侠 
1115353, 49.8, 8.3, 5386, 奇特的一生 
26929955, 34.5, 8.1, 475, 腾讯传 
26756140, 39.3, 9.9, 202, 行动的勇气 
1092149, 56.0, 8.7, 8389, 梵高传 
1076685, 51.0, 8.8, 3267, 李鸿章传 
1914636, 54.3, 8.4, 9997, 蛤蟆的油 
1792668, 54.9, 8.5, 9434, 苏东坡传 
1446407, 35.6, 8.7, 313, 发现的乐趣 
26262141, 39.4, 8.3, 887, 毛姆传 
26723433, 31.7, 7.6, 504, 冬日笔记 
1433346, 49.6, 8.7, 2987, 旁观者 
26905279, 21.5, 8.5, 36, 大人物的世界史 
25858095, 39.6, 8.7, 593, 我是你的男人 
4903265, 47.9, 9.1, 1422, 亲爱的提奥 
26666533, 41.4, 9.2, 481, 梵高手稿 
1448761, 45.3, 8.3, 2486, 像一块滚石 
25897707, 44.8, 9.0, 989, 沈从文的后半生 
26413154, 43.2, 9.0, 772, 李光耀观天下 
26354318, 36.1, 9.1, 239, 梵高传 
3111928, 47.4, 8.1, 4766, 安迪·沃霍尔的哲学 
10522003, 39.2, 8.3, 861, 艾伦·图灵传 
1051524, 39.3, 8.3, 880, 断头王后 
1061029, 48.3, 8.8, 2148, 杜尚访谈录 
26427244, 31.5, 8.9, 138, 我所缄默的事 
3888123, 49.2, 8.6, 3207, 写作这回事 
10598170, 49.4, 8.1, 6837, 我不要你死于一事无成 
1053174, 44.0, 8.6, 1350, 你干吗在乎别人怎么想？ 
3649661, 44.4, 8.7, 1298, 说吧，记忆 
26890735, 22.2, 9.5, 24, 帕斯捷尔纳克传（上、下） 
1191433, 39.9, 7.5, 2916, 我的前半生 
5920818, 21.9, 7.1, 117, 从20万到30亿 
2045811, 49.6, 9.0, 2066, 张国荣的时光 
5922204, 44.7, 8.3, 2238, 曾国藩的正面与侧面 
5288371, 44.4, 8.4, 1842, 蒋经国传 
26921229, 16.4, 8.3, 17, 霍华德·休斯传 
1780208, 39.0, 8.8, 488, 凯恩斯传 
1499783, 43.0, 8.3, 1661, 将心注入 
26835452, 23.8, 8.2, 65, 这就是莫奈 
26667007, 30.2, 9.2, 91, 思虑20世纪 
1485628, 46.1, 7.9, 5131, 毛泽东传 
1144865, 41.4, 9.1, 533, 见证 
19949881, 41.6, 8.8, 735, 绝非偶然 
26926618, 22.2, 9.9, 20, 史蒂夫·乔布斯传（漫画版） 
1313181, 46.6, 8.5, 2344, 富兰克林自传 
1313174, 43.5, 8.5, 1399, 荣格自传 
26695251, 29.4, 9.1, 86, 痛苦与狂喜：众神之巅 
26930200, 18.5, 9.5, 14, 孔子归来 
26918822, 28.7, 9.7, 54, 我眼中的末代皇帝（爱新觉罗•溥杰夫人口述史） 
4741216, 47.9, 7.3, 21622, 我的奋斗 
26136989, 30.9, 8.3, 206, 王阳明大传：知行合一的心学智慧（全三册） 
26804200, 25.5, 8.7, 61, 希姆莱兄弟 
6868806, 25.6, 8.3, 83, 出版人 
26310659, 33.5, 8.9, 188, 莎士比亚 
1065156, 29.3, 8.0, 206, 我生活的种种模式 
26834573, 24.1, 8.2, 68, 这就是凡·高 
5437424, 33.0, 8.0, 403, 杜月笙传（上.中.下） 
2364215, 46.1, 8.5, 2183, 此地无人生还 
1197950, 39.6, 9.1, 406, 希腊罗马名人传 
6970882, 40.1, 8.1, 1286, 放任自流的时光 
26899255, 27.9, 8.1, 146, 进击的局座 
26840136, 13.7, 8.2, 11, 惊悦 
5408860, 43.4, 8.2, 2010, 风雨哈佛路 
1418648, 46.4, 8.4, 2609, 胡适口述自传 
2147562, 41.1, 8.6, 843, 棋与人生 
26925239, 30.7, 9.7, 71, 那些年，我们一起追的球星Ⅱ 
25906749, 24.1, 8.2, 68, The Innovators 
24541955, 43.5, 8.0, 2739, 史玉柱自述 
25803556, 39.1, 7.8, 1586, 山本耀司：我投下一枚炸弹 
26808763, 23.2, 8.7, 42, 奥古斯都 
3323311, 44.4, 8.9, 1037, 从文自传 
26220798, 39.2, 7.7, 1867, 生命不息，折腾不止 
26871065, 18.9, 8.0, 31, 祖先 
1130367, 46.2, 8.8, 1530, 艽野尘梦 
26287433, 28.9, 8.7, 105, 心若菩提 
1040397, 51.4, 8.1, 9684, 假如给我三天光明 
1593586, 35.5, 8.2, 505, 四十自述 
1152971, 46.3, 9.0, 1237, DOOM启世录 
2348372, 52.5, 8.3, 8488, 野蛮生长 
10531723, 35.0, 8.6, 312, 爱因斯坦传 
19975229, 31.1, 8.8, 139, 时间之线 
1752349, 49.0, 8.7, 2698, 胡雪岩（全三册） 
3164123, 42.4, 8.2, 1705, 巴菲特传 
11505704, 46.2, 9.1, 1097, The Ph.D. Grind 
1021346, 51.4, 8.7, 3959, 股票作手回忆录 
24738206, 34.3, 9.1, 180, 曼德施塔姆夫人回忆录 
26740258, 26.0, 8.8, 62, 弗里达 
26937732, 16.6, 9.7, 10, 黑暗时代的她们 
1091203, 45.7, 8.9, 1258, 少年凯歌 
6827362, 28.1, 9.4, 59, 汉密尔顿 
25936051, 35.4, 8.7, 300, 我的一生 
3155180, 46.2, 8.6, 1940, 荒野生存 
25737804, 35.8, 9.0, 248, 孤独与团结：阿尔贝·加缪影像集 
6838389, 28.6, 9.0, 81, Why Be Happy When You Could Be Normal? 
24298157, 32.6, 8.9, 163, 来日方长 
10550571, 40.2, 8.4, 916, 张纯如 
1056164, 38.3, 9.0, 363, 慈禧全传(六卷八册) 
1048173, 45.4, 8.0, 3860, 忏悔录 
4213397, 41.9, 8.9, 692, 莱昂内往事 
5411366, 39.9, 8.5, 771, 林徽因与梁思成 
6607708, 30.2, 8.6, 141, 最高职责 
1006203, 34.9, 9.3, 170, 工商巨子 
3781776, 35.7, 9.2, 207, 纳博科夫传（上下册） 
3291970, 41.8, 8.0, 2000, 滚雪球（上） 
20386243, 37.8, 9.1, 309, 复眼的影像 
24722098, 39.3, 9.2, 352, 少年H 
1817332, 39.0, 8.8, 487, 爱因斯坦谈人生 
4898553, 42.4, 9.1, 614, 阿加西自传 
25900687, 38.3, 8.6, 532, 夜 
1435907, 37.8, 8.5, 549, 我在通用汽车的岁月 
26411602, 33.9, 8.1, 425, 富甲美国 
24257591, 40.5, 7.3, 4602, 绝望锻炼了我 
2146277, 44.0, 9.1, 784, 一个政治性人物的肖像 
26331783, 32.3, 7.7, 495, 宋家客厅 
10442281, 39.2, 8.2, 963, 她比烟花寂寞 
1142862, 44.6, 8.1, 2862, 拿破仑传 
26847644, 29.1, 9.0, 88, 苏东坡传 
22790094, 36.5, 8.5, 437, 玛丽娜·阿布拉莫维奇传 
4744046, 27.2, 8.3, 108, 趣味横生的时光 
24272636, 35.5, 8.1, 565, 音乐使人自由 
25782608, 36.6, 7.8, 996, 大道当然 
1868786, 43.2, 8.0, 2589, 列侬回忆 
2979694, 42.3, 9.2, 555, 赫尔佐格谈赫尔佐格 
1035600, 41.1, 8.6, 846, 福柯的生死爱欲 
24720345, 27.5, 9.0, 69, 反叛的科学家 
1482496, 30.5, 9.5, 78, 一生的故事（全六册） 
10876101, 39.9, 8.8, 563, 不合理的行为 
5302113, 44.9, 8.3, 2296, 三双鞋 
24855915, 33.0, 9.1, 148, 格伦·古尔德谈话录 
2249020, 42.6, 7.8, 3075, 林徽因传 
1844629, 49.4, 8.5, 3788, 灿烂涅槃 
1079076, 28.1, 8.3, 127, 激情岁月 
1861934, 21.8, 8.5, 38, 时运变迁 
1051231, 46.1, 8.3, 2816, 黄河青山 
2341866, 43.1, 8.1, 2201, 合肥四姊妹 
1859649, 46.4, 8.1, 3979, 生命的不可思议 
1228098, 40.3, 8.4, 921, 魔灯 
1159949, 43.1, 7.8, 3430, 杰克·韦尔奇自传 
26884352, 27.9, 9.6, 51, 生命的烤火者：杨绛传 
2267345, 25.2, 9.2, 43, 我，克劳迪亚斯 
25831297, 39.3, 8.4, 780, 迈克尔·乔丹与他的时代 
1279648, 49.0, 8.4, 4012, 天使在人间 
24753751, 50.6, 8.1, 8384, 向前一步 
11541383, 32.4, 8.7, 185, 沙漠之花 
22542435, 39.3, 7.6, 2234, 我是开豆腐店的，我只做豆腐 
5033915, 37.8, 8.4, 608, 希特勒传（上下册） 
25944034, 45.5, 8.6, 1744, 菊次郎与佐纪 
4842446, 59.8, 8.7, 15563, 巨流河 
10563464, 40.0, 8.8, 574, 总结 
26596019, 20.4, 9.2, 21, The Invention of Nature 
11597383, 33.5, 8.5, 267, 一个女人的自传 
1011673, 44.3, 8.7, 1273, 基耶斯洛夫斯基谈基耶斯洛夫斯基 
20537674, 32.0, 9.2, 118, 先知三部曲（全新插图修订本） 
26394190, 24.2, 9.1, 39, 鹿特丹的伊拉斯谟 
4931700, 28.4, 9.1, 74, 创新的先知 
21622634, 35.3, 8.9, 247, 滚吧，生活 
6311580, 39.4, 8.7, 573, 天堂十字路口 
26576518, 33.8, 7.0, 1832, 我的晃荡的青春 
4137182, 41.7, 8.3, 1315, 荣辱二十年 
4860552, 36.2, 7.1, 2609, 活着就为改变世界 
26220259, 38.0, 8.3, 700, 褚时健：影响企业家的企业家 
6510070, 45.6, 8.3, 2619, 人生不设限 
2372087, 40.4, 8.3, 1055, 剥洋葱 
26468042, 22.7, 7.4, 102, 温德先生 
1916614, 36.1, 7.8, 902, 我，十三岁，妓女，吸毒者…… 
6078123, 37.3, 7.7, 1306, 一路向前 
1025384, 29.7, 8.1, 201, 墓中回忆录 
1418650, 44.0, 8.5, 1532, 胡适杂忆 
26577691, 34.8, 7.5, 1064, 人间采蜜记 
1323573, 40.7, 8.7, 710, 美丽心灵 
1050349, 45.4, 8.1, 3311, 上海的金枝玉叶 
1480812, 33.2, 8.5, 254, 思考与回忆 
5920388, 30.7, 9.1, 104, 李光耀：新加坡赖以生存的硬道理 
2125593, 41.3, 8.6, 872, 克里希那穆提传 
6982715, 33.8, 8.7, 233, 雷蒙德·卡佛 
26662477, 25.9, 8.9, 57, 艺术的逃难 
2243692, 48.2, 7.8, 8988, 潜水钟与蝴蝶 
25886167, 36.4, 8.6, 390, 武人琴音 
25911978, 37.2, 7.6, 1475, 知行合一王阳明（1472—1529） 
26590901, 30.0, 8.4, 162, 一百年漂泊 
11507862, 45.9, 8.2, 3157, 独自上场 
3292060, 41.0, 8.1, 1501, 滚雪球（下） 
24845545, 36.4, 8.0, 745, 阿桑奇自传 
21241284, 29.3, 8.8, 104, 我穿越疯狂的旅程 
1884249, 44.8, 8.0, 3476, 当我们旅行 
26368561, 33.2, 8.3, 304, 薄薄的故乡 
25982113, 30.7, 8.5, 166, 摇滚不死 
1808679, 36.6, 8.6, 402, 再造文明的尝试 
1944436, 24.4, 7.8, 99, 华盛顿传 
6905341, 38.2, 9.1, 328, 贝聿铭全集 
1097835, 43.8, 8.0, 2881, 名人传 
3227346, 44.8, 8.1, 2977, 听杨绛谈往事 
1002474, 37.6, 7.7, 1378, 只有偏执狂才能生存 
2139493, 35.8, 8.0, 672, 宽客人生 
21363236, 37.9, 8.8, 408, 寻找•苏慧廉 
3272590, 16.5, 8.0, 20, Mises 
25811785, 37.4, 7.5, 1774, 莫奈和他的眼睛 
25859093, 33.2, 7.2, 1168, 自由的老虎 
1036793, 38.4, 8.0, 1083, 杜拉斯传 
26109489, 36.2, 8.3, 518, 我是马拉拉 
2078883, 34.7, 8.3, 394, 毕加索的成败 
25933324, 34.7, 8.4, 356, 我幻想着粉碎现有的一切：苏珊•桑塔格访谈录 
1428309, 38.6, 8.8, 459, 数学大师 
1049215, 45.3, 7.5, 8532, 借我一生 
4238939, 41.9, 8.1, 1790, 吴敬琏传 
26861524, 19.7, 8.7, 24, The Undoing Project 
26584055, 26.8, 8.6, 81, 米塞斯回忆录 
25723799, 37.4, 7.7, 1341, 野心优雅 
2129831, 39.3, 8.2, 985, 美与暴烈 
25766700, 35.1, 7.5, 1109, 一网打尽 
2326230, 39.5, 8.6, 644, 我的精神自传 
1225982, 37.7, 8.7, 440, 束星北档案 
26369908, 28.4, 7.4, 326, 北野武自述 
1474432, 36.7, 8.3, 559, 孤独的猎手 
3055477, 40.6, 8.4, 982, 西潮 
5338233, 36.7, 8.3, 561, 我的法兰西岁月 
1926728, 38.6, 9.3, 291, 往事与随想 
10608244, 41.0, 8.4, 1037, 荒野求生 
3088334, 38.1, 7.8, 1329, 香奈儿的态度 
2990595, 31.2, 8.2, 239, 富兰克林传 
10521316, 35.0, 8.4, 378, 满是镜子的房间 
1812833, 43.2, 8.7, 1067, 穷人的银行家 
26214387, 32.3, 8.2, 287, 安·兰德传 
5355285, 36.9, 8.4, 518, 编程人生 
2140496, 41.2, 8.5, 967, 幸福的拾荒者 
26866570, 14.4, 7.8, 15, 你的建筑有多重？ 
10522595, 26.8, 8.4, 94, 在緬甸尋找喬治歐威爾 
6886415, 29.4, 9.2, 81, 肖斯塔科维奇回忆录 
3605216, 39.1, 8.3, 844, 小津 
25997023, 29.8, 7.7, 309, 亚历山大·麦昆 
10809708, 34.4, 8.3, 379, 关于一个孩子 
6735536, 35.9, 8.6, 359, 小脚与西服 
1140492, 26.0, 7.9, 123, 奥威尔传 
25777982, 42.3, 7.6, 3986, 在难搞的日子笑出声来 
1982116, 39.2, 8.4, 770, 我与兰登书屋 
25925760, 32.9, 8.7, 201, 再见杨德昌 
26420844, 28.4, 7.9, 191, 玛丽莲·梦露：我的故事 
1702664, 25.8, 9.0, 53, 丘吉尔文集:思想与经历 
2283665, 34.5, 9.2, 172, 来自德国的大师 
6712293, 36.7, 8.2, 631, 宽客 
1828292, 38.0, 8.6, 509, 黑暗时代的人们 
26898190, 17.7, 8.3, 21, 日本制造 
26816164, 24.5, 8.1, 80, 盗火与革命 
4867187, 33.0, 8.0, 407, 稻盛和夫自传 
26353581, 35.2, 7.4, 1310, 成龙：还没长大就老了 
1487995, 40.6, 8.5, 864, 文字生涯 
1474527, 35.6, 8.5, 380, 漫漫自由路 
6847760, 43.0, 7.2, 9395, 随遇而安 
26847493, 14.1, 8.0, 13, 俄罗斯的良心:索尔仁尼琴传 
10453633, 33.4, 8.7, 220, 蓝围巾男人 
26718687, 23.7, 8.0, 74, 双脑记 
1791839, 30.4, 9.4, 82, 乔伊斯传（上下册） 
10546136, 40.0, 8.3, 986, 我的兄弟王小波 
25849143, 34.8, 8.9, 229, 佛陀 
1437908, 32.1, 8.6, 192, 知无涯者 
6101204, 39.9, 7.2, 4812, 一问一世界 
1790005, 37.7, 8.7, 438, 蒙面骑士 
4312477, 30.3, 8.8, 123, 天地九重 
1051314, 42.2, 9.0, 656, 钢琴师 
26583081, 32.6, 8.1, 340, 永不退场 
10494251, 35.5, 8.6, 337, 塔莎的世界 
1011509, 39.6, 7.8, 1766, 谁说大象不能跳舞？ 
4882550, 35.1, 7.7, 860, 被世界遗忘的天才 
1077119, 39.6, 8.5, 731, 荒谬的真实 
3894806, 37.6, 8.2, 735, 等云到 
1863619, 46.4, 9.3, 918, 与他共度61世 
26882979, 19.6, 8.0, 35, 且以优雅过一生 
1777410, 37.2, 8.7, 405, 我，费利尼 
1000325, 35.0, 8.8, 260, 人·岁月·生活（全三册） 
26904889, 14.0, 7.8, 14, 莱昂纳德·科恩 
1482625, 46.9, 8.8, 1715, 德兰修女传 
1016832, 41.1, 8.4, 1054, 我负丹青 
26827326, 22.9, 8.7, 40, 行走在非洲丛林 
1395123, 32.3, 8.0, 353, 乐者为王 
26844660, 27.1, 9.4, 51, 经典摇滚音乐指南·齐柏林飞艇 
26387863, 28.6, 8.3, 139, 八道湾十一号 
1859140, 57.9, 8.8, 9756, 上学记 
26705854, 25.4, 9.1, 47, 无愁河的浪荡汉子·八年（上卷） 
3267519, 32.7, 8.4, 256, 李普曼传 
2051788, 29.9, 8.6, 134, 流浪王妃 
1450049, 35.2, 8.4, 390, 解读希特勒 
25731990, 36.8, 8.3, 572, 我是落花生的女儿 
1001848, 39.0, 8.4, 748, 格格不入 
24870782, 30.7, 8.4, 181, 青年王阳明：行动中的儒家思想（杜维明作品系列） 
5935614, 39.2, 8.6, 620, 杜尚传 
11601304, 35.3, 7.9, 692, 梁启超传 
7045735, 33.6, 7.9, 505, 可可·香奈儿的传奇一生 
6013381, 34.5, 8.4, 346, 舍我其谁：胡适（第一部） 
1464442, 41.8, 7.6, 3619, 道路与梦想 
3035631, 36.3, 8.5, 425, 康德传 
22196844, 31.3, 8.4, 200, 我知道笼中鸟为何歌唱 
1021456, 31.1, 8.5, 179, 我怎样设计飞机 
25843679, 26.7, 8.8, 69, 陀思妥耶夫斯基（第1卷） 
25872623, 28.6, 8.4, 127, 加西亚·马尔克斯传 
6039418, 34.5, 8.6, 286, 無限的網 
26794006, 21.3, 9.3, 23, 撒切尔夫人 
25883310, 27.2, 7.8, 168, 伊丽莎白女王 
4258923, 25.2, 9.0, 48, 穿越歧路花园 
26737134, 34.4, 8.0, 522, 就要一场绚丽突围 
26800327, 19.8, 8.9, 22, 陀思妥耶夫斯基（第2卷） 
4720006, 35.7, 8.0, 665, 峭壁边缘 
1007313, 47.2, 8.4, 2995, 留德十年 
1899787, 35.7, 8.7, 315, 希尔伯特 
10440415, 38.6, 8.9, 413, 傅斯年：中国近代历史与政治中的个体生命 
3905365, 45.0, 8.5, 1796, 水流云在 
26873136, 27.9, 8.2, 133, 画在人心的苦闷上 
2363716, 45.5, 8.5, 1970, 破土 
3645098, 36.5, 8.6, 399, 生活在音乐中 
21355964, 32.7, 8.2, 308, 生活的艺术家 
1782150, 34.4, 8.6, 283, 武则天 
11531722, 27.8, 7.5, 259, 希特勒的私人图书馆 
1075776, 33.8, 7.7, 669, 张爱玲传 
25903198, 39.2, 7.8, 1618, 做衣服 
1042434, 46.6, 8.0, 4784, 安妮日记 
25697240, 29.3, 8.2, 172, 生命的思索：史怀哲自传 
3605924, 28.8, 7.7, 255, 滚雪球 
1394395, 38.5, 7.6, 1905, 歌舞伎町案内人 
3604958, 27.9, 8.1, 145, 唐宁街岁月 
1065485, 37.2, 8.6, 444, 玛丽·斯图亚特 
25961281, 27.0, 7.8, 163, 格蕾丝传 
26701708, 26.7, 8.6, 79, 幸运男孩 
1400710, 43.6, 8.3, 1835, 读史阅世六十年 
2086099, 30.9, 9.2, 101, 福楼拜评传 
3722970, 32.1, 7.8, 425, 波伏娃：激荡的一生 
4270905, 32.6, 9.0, 150, 人生舞台 
6872019, 34.5, 6.8, 3073, 黄瓜的黄 西瓜的西 
26400900, 31.9, 7.2, 881, 创京东 
25786645, 33.9, 7.3, 1157, 乔纳森传 
1000425, 31.8, 8.0, 322, 花旗帝国 
25876391, 23.6, 8.6, 48, 西雅图之声 
2142687, 35.9, 7.3, 1768, 张学良口述历史 
6954093, 29.4, 8.7, 114, 追寻事实 
2135227, 37.3, 8.4, 560, 一个数学家的辩白 
1506961, 44.5, 8.4, 1879, 西行漫记 
25844463, 36.2, 8.8, 314, 摩根财团 
10740093, 31.0, 8.9, 126, 斯坦纳回忆录 
26660670, 29.3, 7.4, 394, 人生不怕从头再来 
10578285, 25.9, 8.4, 81, 三十岁前的孙中山 
20433553, 41.8, 8.8, 763, 怒目少年 
1270508, 50.0, 8.7, 3193, 失焦 
25969883, 27.7, 8.6, 94, 维特根斯坦之家 
25737866, 35.3, 7.4, 1345, 梵高生活 
1958741, 41.1, 7.8, 2320, 追逐日光 
26733295, 26.3, 8.7, 70, 永不后退 
26354422, 26.7, 7.7, 170, 去你的，生活 
3673771, 53.0, 9.0, 3452, 项塔兰 
1002607, 41.0, 8.5, 923, 一个导演的故事 
2365288, 38.1, 8.3, 711, 波兰斯基回忆录 
1028077, 31.8, 8.3, 242, 师从天才 
4317958, 25.4, 8.8, 56, 加缪传 
2370421, 34.1, 9.1, 176, 回忆维特根斯坦 
3574418, 44.0, 8.7, 1212, 张国荣：禁色的蝴蝶 
3994721, 45.6, 8.0, 3969, 纳兰容若词传 
1065159, 36.0, 8.6, 364, 尼金斯基手记 
1764721, 27.5, 8.5, 98, 心灵的激情（上） 
11527058, 38.2, 8.2, 814, 先生 
25983635, 23.8, 8.3, 61, 驚弦：汪精衛的政治生涯 
10465902, 39.4, 8.8, 517, 镜子外的福尔摩斯 
25784098, 27.7, 7.3, 323, 华尔街之狼 
25773535, 31.1, 8.7, 150, 迈尔斯·戴维斯自传 
24741682, 28.6, 8.6, 108, 力挽狂澜：保罗•沃尔克和他改变的金融世界 
5269145, 37.5, 7.9, 1038, 沉浮与枯荣 
1035997, 34.6, 8.9, 223, 与魔鬼作斗争 
1046615, 32.0, 8.5, 206, 达利的秘密生活/一个天才的日记 
25870328, 26.2, 9.2, 50, 永生或猝死 
26363418, 30.2, 7.2, 620, 我坚信 
3297608, 31.4, 8.6, 171, 费曼手札 
25804656, 27.6, 7.5, 248, 1913 
25873157, 30.7, 8.1, 240, 爱，谎言与写作 
26740091, 25.9, 8.5, 75, 爱与数学 
24755703, 22.1, 8.5, 40, 流放的灵魂：索尔仁尼琴 
1322358, 48.4, 9.0, 1707, 费马大定理 
1171967, 32.7, 8.8, 180, 袁世凯评传（上下） 
26810549, 25.0, 9.6, 34, 铁意志与柔软心 
2266339, 37.4, 8.8, 377, 贝多芬传 
26771922, 27.3, 7.9, 156, 科比 
25802164, 30.6, 8.3, 195, 我係何式凝，今年五十五歲 
3665955, 33.4, 7.5, 802, 巴黎隐士 
25887892, 21.6, 9.5, 22, 巴尔扎克传 
3393534, 30.7, 8.2, 219, 在股市大崩溃前抛出的人 
20394055, 21.8, 8.5, 38, 没有时间的世界 
1212372, 33.3, 8.1, 384, 弗里达 
25829575, 30.2, 9.2, 91, 末法时代的声与光 
1390412, 29.1, 8.4, 138, 一个唯美主义者的遗言 
4217139, 36.7, 7.5, 1543, 高盛帝国（上） 
26419125, 23.0, 8.4, 49, 丁玲传 
1016204, 38.5, 7.2, 3578, 不过如此 
26855718, 17.4, 8.4, 19, GUCCI:古驰王朝 
10831855, 36.4, 8.0, 751, 俞敏洪口述 
4894612, 28.3, 8.2, 143, 个人历史 
1986331, 30.7, 8.4, 181, 获救之舌 
25943598, 24.0, 7.5, 122, 埃隆·马斯克传 
3266348, 29.2, 7.4, 388, 我自己的世界 
26836277, 13.4, 8.1, 11, 好莱坞之父：威廉•塞利格 
1441488, 46.3, 8.4, 2571, 宫本武藏·剑与禅（上下） 
3008949, 32.8, 8.2, 315, 戈达尔 
1033449, 39.6, 8.6, 661, 巨人三传 
1963618, 31.8, 8.5, 199, 伟大作曲家的生活 
1020207, 37.6, 8.7, 429, 贝多芬传（插图珍藏本） 
1075743, 40.2, 7.3, 4358, 我把青春献给你 
5038495, 25.7, 8.3, 84, 高更艺术书简 
2970118, 45.0, 8.8, 1269, 幾米故事的開始 
1005660, 53.5, 9.0, 3778, 雕刻时光 
4256977, 31.6, 8.6, 177, The Immortal Life of Henrietta Lacks 
10569797, 27.1, 8.1, 127, 争气 
1138763, 35.0, 8.5, 343, 林肯传 
2382825, 31.7, 7.4, 649, 希拉里传 
1921523, 30.6, 8.6, 151, 思想者 
26821343, 28.8, 7.6, 285, 封面民国 
1060595, 35.7, 8.2, 522, 阿加莎·克里斯蒂自传 
1015343, 32.6, 8.6, 208, 周作人传 
26133987, 28.2, 6.7, 820, 云去云来 
2023257, 36.4, 8.7, 354, 深入非洲三万里 
1313124, 49.3, 8.2, 5755, 赢 
1351480, 30.3, 6.8, 1149, 柏拉圖式性愛 
3335271, 34.5, 7.1, 1810, 娜写年华 
1313462, 31.2, 8.2, 239, 我的大脑敞开了 
10576301, 13.7, 8.0, 12, 阿瑟·米勒自传 
5433534, 25.1, 8.4, 71, 弗朗索瓦·特吕弗 
2237676, 33.9, 8.4, 315, The Age of Turbulence 
1434426, 35.5, 8.5, 372, 一个大学校长的自白 
6391211, 31.3, 8.7, 155, 给未来的记忆 
5326869, 30.4, 8.5, 159, 尼古拉·果戈理 
25742274, 30.7, 8.1, 240, 德扑之王 
25827226, 33.0, 8.3, 296, 11枚戒指：禅师菲尔·杰克逊自传 
10605328, 41.0, 8.5, 927, 红顶商人胡雪岩 
10863332, 23.5, 8.1, 66, 烈爱 
6085416, 28.9, 8.5, 123, 回忆波德莱尔 
1011180, 37.3, 8.7, 411, 顾准日记 
25806352, 34.5, 8.3, 385, 梁思成与他的时代 
24284032, 23.2, 8.1, 63, 危险方法 
1805764, 44.3, 8.6, 1416, 宫女谈往录 
26578129, 23.1, 7.9, 72, 何有此生 
1981355, 41.4, 6.8, 15334, 墨迹 
3038143, 37.3, 8.5, 501, 季羡林自传 
26183838, 29.7, 7.5, 378, 我想看到的世界 
4255653, 37.9, 8.8, 411, The Answer：阿伦·艾弗森传 
1015403, 47.4, 7.7, 9019, 今生今世 
26289557, 22.9, 8.3, 52, 阿伦特手册 
4745595, 28.7, 7.2, 451, 写作的女人危险 
5377008, 27.2, 8.8, 75, 折返點1997 ~ 2008 
26791405, 24.7, 7.6, 126, 八百万种走法 
24892377, 26.2, 8.2, 100, 巴黎的艺术女神：吉吉画传 
1255445, 44.7, 8.5, 1733, 切·格瓦拉画传 
1083446, 34.8, 8.7, 272, 麦哲伦航海纪\:探险史上最寂寞的壮举 
24869530, 19.2, 8.9, 20, 一往无前 
24754129, 31.1, 7.5, 504, 相性 
26315071, 29.4, 8.7, 114, 不要因为走得太远而忘记为什么出发——陈虻，我们听你讲 收藏版 
1062756, 30.4, 8.0, 251, 林语堂传 
26617182, 25.6, 8.8, 58, 挑战不可能 
2122992, 45.9, 9.0, 1160, 故道白云 
1046584, 33.7, 8.5, 277, 米开朗琪罗传 
25876244, 34.2, 7.4, 1066, 在绝望中寻找希望 
26636373, 23.1, 8.8, 39, 邵武四十年 
11620321, 29.2, 7.4, 386, 王石说 
25840000, 30.3, 7.5, 429, 乾隆帝 
25891899, 28.1, 7.2, 391, 圆点女王，草间弥生 
25883308, 21.3, 9.4, 22, 两个世界的回忆 
21778431, 17.4, 8.4, 19, 同时代人回忆陀思妥耶夫斯基 
1079774, 29.1, 8.2, 164, 无尽的探索 
2368805, 34.8, 8.1, 499, 异端的影像 
26334681, 26.4, 9.4, 46, 我是谁人？ 
25758648, 24.0, 8.0, 78, 我为什么要练琴 
1394597, 24.4, 9.6, 31, Time, Love, Memory 
25772855, 19.8, 7.7, 45, 里尔克：一个诗人 
3284230, 40.3, 7.4, 3694, 我的成功可以复制 
1144677, 26.7, 8.5, 86, 玛格丽特·尤瑟纳尔 
26269976, 26.0, 8.0, 113, 混在美国名校 
3423381, 33.4, 8.7, 220, 不可思议的惊奇 
1473343, 27.9, 8.4, 113, 生命的奮進 
4851625, 25.6, 8.3, 83, 甘地的真理 
25551562, 27.2, 7.4, 258, 李光耀回忆录 
26435134, 20.1, 8.2, 34, 梦回仲夏 
2259927, 23.8, 9.1, 37, 福克纳传（上下） 
1313463, 27.3, 8.6, 88, 我的艺术生活 
3176245, 34.3, 7.3, 1280, 无畏的希望 
6878627, 14.1, 8.0, 13, George F. Kennan 
4202361, 28.3, 8.6, 103, 耶稣传 
1029056, 34.8, 9.0, 211, 高僧传 
4745319, 32.6, 7.8, 470, 蔡国强：我是这样想的 
1451472, 33.3, 8.3, 309, 女性小传 
4894978, 34.2, 7.9, 558, 本·拉登传 
3152602, 25.6, 8.2, 90, 列维－斯特劳斯传（附卷） 
1362212, 30.7, 8.9, 122, 來自遠方的拷問 
5914557, 31.3, 8.9, 133, 伟大指挥家 
26394029, 16.9, 7.9, 23, 安·兰德和她创造的世界 
2594830, 33.3, 8.5, 259, 从战争中走来：两代军人的对话 
26314527, 24.1, 8.6, 52, 若为自由故 
25382842, 25.7, 8.4, 78, 舍我其谁：胡适（第二部） 
10955911, 23.7, 7.7, 95, 俄罗斯的安娜 
26599526, 25.0, 7.1, 228, 阿里传 
2382925, 29.6, 7.9, 242, 宋氏三姐妹 
25853867, 22.5, 7.5, 90, 斯诺登档案 
5379189, 29.6, 8.4, 152, 米塞斯评传 
1228193, 39.3, 8.4, 775, 回忆苏格拉底 
1024790, 22.6, 9.2, 29, 托尔斯泰传（上下） 
4199482, 31.0, 7.9, 314, 我是布隆伯格 
25901826, 25.8, 7.6, 157, 三岛由纪夫，或空的幻景 
1022897, 34.4, 7.9, 579, 法斯宾德的世界 
2051953, 35.5, 7.8, 813, 爱情是这个样子的：蒙巴那斯的吉吉 
1997221, 27.4, 8.1, 133, 罗兰巴特自述 
1019356, 27.1, 8.9, 69, 聂鲁达自传 
1449924, 33.1, 8.4, 274, 沈从文传 
3920099, 30.4, 8.4, 173, 法医学之父 
10539808, 27.6, 7.5, 249, 生活曾经这样 
1399465, 24.6, 7.5, 138, 赫本风格 
4033981, 26.5, 8.7, 72, 布罗茨基传 
1077069, 25.3, 8.5, 68, 卡斯特罗传 
24232359, 20.5, 8.6, 29, 亚当·斯密传 
1085028, 31.7, 8.2, 261, 有本事来抓我吧 
6526783, 27.8, 7.8, 191, 蒋介石的人际网络 
1077499, 39.3, 8.6, 629, 重寻胡适历程 
5288459, 31.8, 8.0, 327, 野生金基德 
3340092, 38.0, 7.2, 3249, 30而励 
26282416, 23.2, 7.6, 95, 大唐孔雀 
1038909, 30.5, 8.5, 162, 马斯洛传 
1737180, 26.0, 8.0, 113, 王安石传 
5414530, 28.5, 7.5, 298, 与自己对话 
26879317, 27.4, 7.9, 160, 王阳明：一切心法 
7064581, 35.0, 7.9, 655, 张艺谋的作业 
4214837, 32.2, 8.1, 316, 苹果往事 
4882124, 30.3, 7.3, 548, 说谎的女人 
4882116, 31.3, 8.2, 241, 在华五十年 
3711441, 31.4, 8.8, 146, 马丁·路德·金自传 
1491082, 29.5, 7.2, 527, 一个瑜伽行者的自传 
26701181, 18.2, 7.7, 33, 内藤湖南 
3239321, 31.6, 7.8, 391, 活埋蓝调里 
4869637, 33.3, 8.1, 380, 福楼拜的鹦鹉 
1963026, 36.4, 7.7, 1090, 勇敢抉择 
1058869, 38.1, 8.9, 382, 唐浩明评点曾国藩家书（上下） 
1138946, 29.4, 8.2, 175, 蒋廷黻回忆录 
1058251, 30.5, 8.2, 211, 达利自传 
21453394, 36.0, 8.2, 557, 这么远那么近 
10566133, 21.0, 7.6, 62, 罗斯柴尔德家族（上） 
26714710, 24.8, 7.5, 143, 生命的热情何在 
25732329, 23.3, 8.1, 64, 肯尼迪：信仰在风中飘扬 
10739336, 29.0, 7.3, 420, 强人治国 
1800104, 29.0, 8.6, 116, 从影五十年 
1321315, 34.9, 8.0, 566, 半梦 
1439982, 31.2, 7.8, 357, 麦肯锡传奇 
26308286, 18.3, 8.7, 19, 黑格尔传 
26756122, 25.0, 9.1, 44, 我是你的莫扎特：莫扎特书信集 
1048524, 35.3, 8.1, 550, 尼采传 
1456524, 44.5, 7.9, 3819, 这个世界会好吗 
6397526, 25.8, 8.3, 85, 薇拉 
2253754, 32.2, 7.6, 551, 萨冈，一个迷人的小魔鬼 
5977469, 24.5, 9.5, 33, 明月 
1839575, 33.7, 8.3, 335, 罗素回忆录 
20424572, 36.4, 8.6, 389, 敢问路在何方 
26793699, 17.2, 6.6, 67, 笔误：文学大师的秘密生活 
26864412, 16.6, 7.3, 32, 有点意思 
2253751, 38.5, 7.9, 1259, 我最美好的回忆 
1024142, 31.0, 8.0, 279, 我的回忆（上下卷） 
26698164, 18.8, 7.1, 59, 回首一笑七十年 
6880453, 28.1, 8.2, 139, 乔布斯传 
5415450, 27.1, 7.4, 250, 阿加莎·克里斯蒂秘密笔记 
2046272, 25.8, 8.5, 74, 俗世威尔 
10577555, 31.2, 7.8, 361, 白崇禧将军身影集 
26333278, 26.0, 6.7, 490, 宿命 
3387522, 33.5, 7.4, 924, 哪一种爱不千疮百孔 
26022684, 25.8, 8.1, 101, 一本严格意义上的日记 
20480670, 24.0, 8.0, 79, 安迪·沃霍尔: 15分钟的永恒 
1678412, 33.8, 9.1, 167, 名老中医之路 
20379949, 27.8, 7.2, 367, 最后的闺秀 
25705625, 22.4, 8.7, 37, 漫画之神：手冢治虫的艺术 
3905269, 27.1, 8.0, 137, 罗斯柴尔德家族.第2部 
3184339, 32.1, 8.0, 341, 华丽家族 
26836667, 14.9, 8.0, 15, 世道与人心 
20282875, 25.5, 8.0, 104, 蒋介石 
4212230, 34.8, 8.1, 501, 许倬云谈话录 
2114474, 25.2, 8.6, 62, 世界建筑师 
26658814, 15.3, 7.8, 18, 我的父亲苏秉琦 
10512238, 25.6, 7.9, 114, 天才的阴暗面 
26640650, 15.2, 8.1, 15, The Noise of Time 
3873355, 42.8, 7.4, 6169, 仓央嘉措诗传 
1765620, 34.0, 9.0, 188, 成长 
1377234, 15.2, 8.1, 15, Genius 
4722403, 26.5, 7.6, 179, 投机教父尼德霍夫回忆录 
21966356, 33.6, 8.1, 402, 沃兹传 
3633805, 30.5, 7.4, 505, 铸就偶像 
25663161, 15.9, 8.0, 18, 第一大亨 
19995754, 28.1, 8.5, 109, 肖邦传 
2988927, 25.1, 7.4, 168, 黑暗时期三女哲 
1075202, 27.3, 9.2, 59, 人生十八局 
1077935, 29.1, 8.4, 139, 费曼传 
26393124, 19.6, 7.5, 50, 一百零九个春天 
26803000, 13.4, 8.3, 10, 希特勒传 
1041483, 26.3, 7.4, 215, 杨绛传 
4912683, 28.7, 8.0, 185, 极权制造 
1449583, 23.6, 8.2, 63, 晏阳初传 
1754963, 29.3, 8.2, 170, Chanel (The Universe of Fashion) 
1534948, 29.9, 8.9, 107, 隐面人 
3124833, 28.7, 8.7, 103, 萨姆·沃尔顿自传 
10574080, 32.5, 8.6, 206, 不够知己 
2975974, 29.1, 8.7, 109, 曾国藩评传 
26842576, 15.3, 7.9, 17, 此身，此心 
26795068, 17.7, 7.2, 43, 无码：艺术大师的秘密生活 
1130448, 25.0, 9.0, 47, 杜甫评传（全三册） 
3715982, 42.2, 8.5, 1142, 当幸福来敲门 
1964611, 33.9, 7.3, 1179, 懸崖邊的貴族 
2271287, 34.1, 8.4, 326, 释迦牟尼佛传 
6097348, 31.8, 8.5, 200, 罗素的故事 
1962897, 26.7, 8.3, 100, 眼睛游戏 
1000696, 45.6, 8.2, 2980, 饥饿的女儿 
5257635, 32.8, 7.8, 490, 现代学林点将录 
11637051, 35.7, 8.1, 589, 平壤水族馆 
26907961, 18.9, 9.3, 16, Born a Crime 
5383175, 45.6, 8.7, 1557, 童年与故乡 
1279913, 40.6, 8.6, 771, 安徒生剪影 
26854421, 13.0, 6.9, 19, 第一个纳粹 
1005358, 55.0, 9.2, 3653, 寻找家园 
5992422, 25.6, 7.3, 205, 高岗传 
1057892, 28.6, 7.4, 346, 在性与爱之间挣扎 
1005975, 29.0, 8.0, 194, 我生有涯愿无尽 
1840759, 25.3, 7.3, 196, 我的一生 
1001769, 37.2, 8.8, 366, 知堂回想录（上下） 
1463468, 31.9, 7.8, 413, 这只是一部电影 
1272879, 25.5, 7.8, 123, 棋行天下 
6431957, 41.9, 7.8, 2714, 遇见一些人，流泪 
3616661, 38.9, 8.8, 479, 卡夫卡口述 
1282824, 34.6, 8.1, 484, 史家陈寅恪传 
25928297, 28.3, 7.4, 325, 我的简史 
1275020, 23.6, 8.3, 58, 记者生涯 
6990051, 23.5, 7.4, 121, 时尚传奇DVF 
1958071, 31.3, 9.4, 94, 求 
26369279, 17.4, 7.4, 35, 他是谁?探究真实的鲍勃·迪伦 
26613052, 44.2, 8.7, 1249, 我的造梦之路 
11594170, 19.8, 8.2, 32, 马克·吐温自传（第1卷） 
1011323, 30.9, 8.2, 225, 曹操传 
3703617, 30.8, 8.1, 246, 真实的汪精卫 
12278074, 25.2, 8.4, 72, Fresh Off the Boat 
2210591, 30.8, 8.3, 202, 史迪威与美国在中国的经验 
1786651, 26.5, 8.0, 124, 我与商业领袖的合作与冲突 
6310990, 19.0, 9.2, 17, 沈宗瀚自述（全三册） 
5920841, 25.0, 8.4, 69, 毛泽东传（全6卷） 
