Tag: 佛教 

ID, Score, Rating, Votes, Title 
2076623, 56.0, 9.5, 2977, 金刚经 
25928708, 42.2, 8.6, 1004, 佛祖都说了些什么? 
1812011, 49.5, 9.0, 2026, 佛教的见地与修道 
1963912, 59.3, 8.8, 12240, 正见 
4843462, 42.1, 9.4, 448, 楞严经 
1038746, 42.6, 8.6, 1073, 佛教常识答问 
3406401, 60.5, 9.0, 10975, 悉达多 
2381748, 50.7, 9.1, 2155, 金刚经 心经 坛经 
3042785, 45.9, 8.7, 1650, 学佛三书（共3册） 
1319893, 40.0, 8.1, 1255, 当和尚遇到钻石 
26896703, 12.0, 7.5, 11, 觅宗记 
1051931, 38.7, 8.9, 423, 西藏度亡经 
3306209, 42.1, 8.5, 1119, 雪域求法记 
1025989, 38.4, 8.9, 405, 中国佛学源流略讲 
2116107, 38.9, 8.8, 484, 藏传佛教象征符号与器物图解 
4843444, 41.9, 9.3, 471, 维摩诘经 
1315188, 36.9, 9.0, 293, 印度佛学源流略讲 
25849143, 34.8, 8.9, 229, 佛陀 
1019232, 38.3, 9.1, 331, 五灯会元（全三册） 
26781653, 21.6, 8.4, 39, 弗洛伊德遇见佛陀 
5364104, 40.9, 8.7, 730, 朝圣 
2240928, 38.3, 8.7, 485, 当生命陷落时 
1468201, 31.9, 9.6, 89, 瑜伽师地论 
5990251, 54.3, 8.5, 8480, 西藏生死书 
2324913, 36.5, 9.4, 197, 佛陀的啟示 
24897425, 28.8, 8.5, 122, 佛学概论 
3012903, 37.8, 9.0, 336, 关于这颗心 
5363118, 38.0, 9.6, 210, 慧灯之光（全6册） 
3910883, 39.7, 8.9, 491, 观呼吸 
1546323, 29.5, 9.1, 87, 大慈恩寺三藏法师传 释迦方志 
1019400, 30.8, 9.2, 99, 成唯识论校释 
10539120, 34.1, 8.4, 324, 寂静之道 
2280575, 34.0, 8.6, 262, 大唐西域记 
2044433, 32.0, 9.6, 91, 清净道论 
1409704, 55.4, 8.9, 5758, 金刚经说什么 
4843454, 41.9, 9.2, 518, 坛经 
3172450, 40.4, 8.5, 837, 佛学入门 
26388004, 27.9, 8.7, 90, 思辨的禅趣 
4843456, 50.7, 9.4, 1557, 金刚经·心经 
24872437, 22.4, 8.2, 51, 《杂阿含经》校释（全八册） 
1949816, 29.5, 8.6, 125, 印度佛教史 
5984387, 35.0, 8.3, 421, 佛学概论 
26755084, 18.3, 8.2, 25, 日本佛教史 
4880993, 31.8, 7.9, 361, 佛像的历史 
1608873, 46.1, 9.2, 968, 山海經 
1756759, 34.3, 8.8, 233, 佛陀的智慧 
19977895, 17.6, 8.2, 22, 北魏佛教造像史研究 
3082201, 30.7, 9.6, 76, 大智度论 
3079768, 37.1, 8.1, 752, 我们与这个世界的误会 
3191679, 36.2, 8.3, 517, 八戒说禅 
6725979, 33.2, 8.3, 307, 思辨的禅趣 
1791175, 33.1, 9.4, 121, 证悟者的心要宝藏 
3066678, 32.4, 8.3, 265, 花出青嶂 
4168704, 21.4, 9.0, 27, 景德传灯录译注（全五册） 
4294353, 42.5, 9.2, 567, 净空法师讲《了凡四训》 
2057229, 32.9, 9.4, 117, 大方广佛华严经 
26298997, 18.8, 8.2, 27, 佛教的概念与方法（修订版） 
1315257, 29.8, 8.7, 123, 中国佛教史籍概论 
4812801, 34.9, 9.1, 199, 太上感应篇 
19989305, 36.2, 8.4, 460, 做才是得到 
4059731, 18.5, 8.9, 18, 涅槃和弥勒的图像学 
4987161, 28.8, 8.9, 90, 中国佛教石窟寺遗迹 
3464891, 29.4, 8.3, 160, 西藏的睡梦瑜伽 
1898973, 26.9, 9.3, 52, 藏密度亡經：中陰聞教大解脫 
1585298, 25.9, 9.2, 48, 中国石窟寺研究 
25771551, 37.3, 9.1, 283, 不离：上师人生开示录 
1062018, 27.0, 8.7, 78, 中国禅宗史 
25827006, 31.5, 8.7, 160, 大地清凉 
6013061, 18.1, 8.9, 17, 唐代变文 
3823078, 31.9, 8.1, 296, 中国历史中的佛教 
3151937, 24.9, 9.0, 46, 佛教心理学 
19995305, 23.8, 9.9, 25, 释迦牟尼佛广传·白莲花论 
2975884, 24.7, 8.1, 82, 中古的佛教与社会 
1536833, 27.0, 9.6, 45, 龙树六论 
1127363, 33.1, 9.2, 139, 影尘回忆录 
3875610, 40.8, 8.9, 583, 内观 
1967819, 39.6, 8.6, 655, 李叔同解经 
1811550, 28.4, 9.3, 65, 金刚经讲义/中国近现代佛学大师著述系列 
1734211, 23.7, 8.0, 74, 犍陀罗美术寻踪 
1986943, 27.4, 9.2, 60, 印度佛教史 
4214978, 23.4, 8.9, 39, 梵天佛地（全八册） 
1941925, 35.1, 9.1, 204, 入菩萨行论 
3183283, 35.6, 8.5, 377, 无常 
1659785, 26.4, 9.4, 46, 吕澂佛学论著选集 （全五冊） 
3994012, 30.3, 9.3, 86, 入中论讲记 
26359688, 18.3, 8.2, 25, 语录的思想史 
3826301, 36.3, 9.0, 265, 地藏经•药师经 
1055199, 39.0, 8.3, 838, 万里无云 
4817590, 35.1, 8.3, 426, 雪洞 
1489578, 28.7, 7.8, 225, 佛教史 
24533105, 32.2, 8.6, 197, 生命这出戏 
25986157, 23.1, 8.2, 58, 佛光无尽 
1011158, 29.0, 8.7, 107, 小乘佛学 
1049944, 32.4, 8.4, 243, 汉化佛教与佛寺 
24878033, 31.2, 8.2, 240, 残酷才是青春 
1000804, 40.8, 9.1, 484, 楞严大义今释 
4044062, 36.8, 8.5, 461, 学佛群疑 
1042797, 25.6, 7.9, 114, 荣格心理学与西藏佛教 
4843458, 39.8, 8.9, 503, 四十二章经 
1255977, 31.2, 8.8, 142, 童蒙止观校释 
1485079, 36.9, 8.6, 424, 心灵神医 
1536620, 33.2, 8.9, 180, 寒山诗注 
6018571, 30.1, 9.3, 84, 轮回是战场，菩萨是勇敢的战士 
3881415, 28.9, 9.4, 66, 一梦漫言 
4843463, 37.9, 9.0, 343, 圆觉经 
1045248, 40.0, 8.9, 514, 如何修证佛法 
1789108, 34.0, 9.3, 149, 发现心中的日月 
2156253, 22.7, 8.3, 50, 魏晉南北朝佛教地理稿 
1624701, 26.8, 9.0, 62, 明清四大高僧文集 
2162456, 24.4, 9.0, 43, 莲花生大师本生传 
3925873, 24.6, 8.9, 47, 大乘百法明门论讲记 
6857564, 22.8, 9.2, 30, 佛教造像手印 
2040610, 22.3, 8.2, 50, 佛本生故事选 
5214629, 26.7, 9.0, 61, 佛法概论 
4830829, 39.2, 9.2, 348, 根道果 
19986455, 24.5, 9.1, 41, 李叔同的自我修养 
10743004, 33.2, 8.8, 194, 心经解读 
1911288, 30.7, 9.1, 105, 爱心中爆发的智慧 
1017328, 27.9, 8.7, 90, 大乘佛学 
3663818, 22.8, 9.5, 26, 印顺法师佛学著作全集 
3059567, 26.0, 9.0, 55, 肇論校釋 
3306619, 27.5, 9.5, 51, 法显传校注 
21354724, 21.0, 9.2, 23, 内观基础 
7045761, 12.2, 7.8, 10, 中国佛教疑伪经综录 
2003229, 29.1, 8.1, 181, 禅与日本文化 
1957092, 25.9, 8.3, 87, 藏传佛教中观哲学 
1169532, 29.3, 9.3, 74, 虚云和尚开示录 
10573947, 31.2, 9.4, 92, 无死的金刚心 
5501109, 32.5, 9.0, 148, 疑似风月集 
2006823, 22.3, 8.6, 39, 因明纲要 因明学 
23780225, 37.2, 8.8, 367, 能断 
19990858, 25.3, 9.4, 39, 百业经 
2357277, 22.4, 8.7, 37, 祖堂集 
20496147, 14.9, 8.0, 15, 大慈恩寺三藏法师传 
6886395, 19.6, 8.1, 33, 只管打坐 
4166880, 35.4, 8.8, 274, 雪中足迹 
1053709, 31.5, 8.3, 227, 禅宗与精神分析 
4843450, 25.6, 9.0, 51, 解深密经 
3821639, 20.6, 8.9, 25, 汉文佛籍目录 
5936277, 11.6, 6.8, 15, 佛教、暴力與民族主義 
26323530, 33.5, 8.3, 322, 念完哈佛念阿弥陀佛 
2977280, 28.1, 9.0, 75, 降伏其心 
26708403, 15.3, 7.8, 18, 大圆满前行 
10535682, 30.3, 9.4, 81, 地藏经 
1080818, 27.3, 8.9, 71, 长阿含经 
1940983, 30.3, 8.4, 171, 禅学入门 
3504892, 22.2, 9.4, 25, 《中论》 
3044856, 18.5, 8.0, 29, 禅与诗学 
1028052, 39.5, 7.9, 1513, 李叔同说佛 
1315251, 27.8, 8.3, 121, 藏族宗教史之实地研究 
4265054, 26.9, 8.6, 82, 西藏的寺与僧 
1899868, 27.5, 9.2, 61, What the Buddha Taught 
4292692, 24.0, 8.4, 58, 净空法师讲《金刚经》 
3214577, 21.7, 8.7, 33, 我从西藏来 
1903834, 15.5, 6.2, 66, 西藏欲经 
5394994, 19.7, 9.3, 18, 如是（上） 
1107404, 23.5, 9.4, 30, 生命的转化与疗效 
4265053, 22.2, 8.2, 49, 西藏佛教发展史略 
1544836, 18.0, 8.1, 25, 中国江南禅宗寺院建筑 
7056699, 18.1, 8.9, 17, 梵汉对勘维摩诘所说经 
2182075, 19.9, 8.0, 37, 佛教与中国文学 
4931802, 26.2, 9.5, 42, 弟子规 
4149875, 19.4, 9.1, 19, 贾题韬讲般若 
1911293, 29.0, 8.6, 116, 佛说四十二章经浅释 
4294377, 26.3, 9.0, 57, 净空法师讲《六祖壇经》 
24718689, 12.5, 7.7, 11, 中国三阶教史 
6899256, 25.6, 9.0, 51, 光明大手印：实修顿入（全二卷） 
25778658, 13.1, 7.6, 13, 弘明集校笺 
1809170, 16.5, 8.2, 18, 五蕴心理学（上下） 
25941529, 22.6, 9.7, 23, 《禅海蠡测》语译 
2029515, 17.8, 7.6, 33, 中国佛教的复兴 
3078206, 24.6, 9.6, 32, 永明延寿禅师全书（全三册） 
1027240, 21.6, 9.2, 25, 中阿含经 
20431220, 11.7, 7.4, 11, 晚清政治与佛学 
2052620, 29.8, 9.2, 86, 开示 
5908488, 20.7, 9.1, 23, 掌中之叶 
25850143, 21.7, 8.7, 33, 我们真正的归宿 
1253258, 24.4, 8.3, 67, 法相唯识学（上） 
4274972, 27.4, 9.0, 68, 六祖坛经 
1215650, 27.4, 9.1, 64, 维摩诘经今译 
