Tag: 健康 

ID, Score, Rating, Votes, Title 
3318174, 44.6, 8.3, 2200, 这书能让你戒烟 
20431965, 54.2, 8.5, 8359, 只有医生知道! 
25717097, 50.5, 8.7, 3471, 囚徒健身 
26648290, 31.5, 9.0, 127, 酸痛拉筋解剖书 
26869120, 25.6, 8.5, 71, 走路健身法 
26837082, 32.3, 9.3, 116, 消失的微生物 
11608712, 45.1, 8.7, 1433, 无器械健身 
26359758, 42.2, 7.9, 2466, 硬派健身 
26876440, 24.6, 8.7, 53, 吃货的生物学修养 
26387817, 28.5, 8.3, 136, 核心基础运动 
10493119, 24.5, 8.2, 74, 女性健康私密书 
4121562, 45.9, 7.9, 4896, 吃的真相 
26373220, 30.6, 9.0, 111, 西尔斯健康育儿百科 
5411583, 34.4, 8.6, 279, 中国居民膳食指南 
26377453, 30.4, 7.6, 385, 谷物大脑 
5068077, 37.2, 8.3, 609, 拉伸 
25882638, 34.9, 7.0, 2359, 轻断食 
26312476, 32.3, 7.5, 642, 你的身体，是一切美好的开始 
25768216, 40.9, 8.8, 663, 冀连梅谈：中国人应该这样用药 
1440885, 46.9, 8.0, 5017, 人体使用手册 
2000641, 47.8, 8.2, 4354, 求医不如求己 
26838785, 25.2, 8.4, 72, 最好的抉择 
3181927, 47.1, 7.6, 10283, 大便书 
2270925, 41.7, 8.5, 1048, 病者生存 
3374562, 35.7, 8.5, 382, 营养圣经 
26774272, 31.8, 8.2, 263, 一平米健身：硬派健身 
25750714, 37.9, 7.7, 1468, 爱上跑步的13周 
1925936, 29.9, 9.0, 99, 默克家庭诊疗手册 
26615680, 29.0, 8.5, 126, 暖暖的女人不生病 
2074851, 43.7, 8.1, 2447, 食品真相大揭秘 
26706730, 35.9, 9.1, 230, 肠子的小心思 
1984347, 41.3, 8.3, 1236, Power Sleep 
26841235, 22.8, 8.6, 42, 我要内脏变年轻 
5044283, 24.8, 8.6, 58, 食物营养与配餐 
2340062, 34.7, 7.4, 1194, 跑步圣经 
26292422, 33.9, 7.7, 678, 顾中一说：我们到底应该怎么吃？ 
2985774, 27.1, 8.6, 85, 健身解剖指南 
7067916, 45.7, 9.3, 835, 施瓦辛格健身全书 
2971250, 29.9, 7.8, 281, YOU：身体锻炼手册 
26866642, 27.9, 9.6, 51, 救护车到来前，你能做什么？ 
25778505, 33.7, 7.7, 653, 女人明白要趁早之和潇洒姐塑身100天 
1900356, 40.0, 8.5, 787, 中国健康调查报告 
3711542, 22.7, 9.0, 33, 养生书 
26613060, 29.5, 7.7, 290, 食帖06：理想身材，吃即王道！ 
20507206, 52.7, 9.1, 2948, 众病之王 
1862145, 38.9, 8.0, 1187, YOU：身体使用手册 
19930665, 39.0, 8.5, 670, 重生手记 
26818259, 22.4, 7.8, 68, 精准拉伸：疼痛消除和损伤预防的针对性练习 
26881024, 19.2, 8.2, 29, 你对自己好不好，身体知道 
26840456, 18.4, 8.3, 24, 躯干跑步法 
26592648, 38.6, 8.9, 418, 癌症·真相：医生也在读 
26760489, 27.8, 9.4, 56, 冀连梅谈：中国人应该这样用药（图解母婴版） 
24696686, 31.6, 8.2, 254, 范志红：不懂健康，难做美丽女人 
5921328, 27.0, 8.1, 124, 麦肯基疗法 
26639257, 26.8, 8.7, 75, 女人暖养更年轻 
2142617, 23.1, 7.3, 123, 无效的医疗 
3758306, 29.1, 8.2, 165, 女人的身体 女人的智慧 
25843816, 30.3, 8.5, 157, 徐文兵、梁冬对话：《黄帝内经·天年》 
26894476, 29.2, 9.6, 61, 华人育儿百科 
26369484, 28.0, 7.2, 389, 我们为什么会发胖？ 
26817987, 14.4, 8.1, 13, 能救命的癌症常识 
26736186, 21.0, 9.4, 21, 拉伸运动系统训练 
5946541, 37.0, 7.8, 1077, 吃的真相2 
26126563, 31.7, 8.2, 259, 囚徒健身2 
24371137, 29.5, 8.1, 194, 城市就是健身房 
3729119, 19.5, 6.7, 105, 我要一双明星腿 
3109981, 21.6, 9.2, 25, 体适能基础理论 
4910688, 25.7, 8.1, 99, 超级名模教你show出明星腿 
26915916, 11.7, 7.6, 10, 素颜女神：听肌肤的话 
26910859, 21.8, 8.9, 30, 冥想 
25910692, 35.2, 8.8, 265, 科舟求健 
26577878, 22.3, 8.4, 44, 无器械健身（女性版） 
26258238, 22.3, 8.3, 47, 让孩子的脊椎挺起来 
26351948, 23.6, 9.3, 32, 肌肉训练完全图解：拉伸训练 
26367428, 22.7, 8.8, 37, DK家庭医生 
3433208, 42.0, 8.5, 1090, 问中医几度秋凉 
1485625, 43.7, 9.1, 756, 瑜伽之光 
26415836, 23.5, 7.2, 150, 半年前的食物塑造了今天的你 
5281861, 25.0, 9.2, 42, 健康养颜蔬果汁1+1 
25981248, 24.0, 7.5, 121, 程序员健康指南 
25856623, 24.0, 8.1, 73, 美国医生谈：我在中国的高水平健康生活 
25747269, 31.8, 7.7, 454, 颠覆医疗 
1748027, 27.6, 7.1, 403, 法国女人吃不胖 
25905338, 25.1, 7.7, 125, 太极跑 
6729866, 31.2, 7.3, 672, 健康流言终结者 
7062736, 30.2, 8.4, 166, 营养圣经 
10793398, 13.6, 7.3, 17, 健身运动指导全书 
1195270, 15.9, 8.0, 18, 现代营养学 
26353258, 23.0, 7.4, 109, 睡眠正能量 
2080980, 31.5, 8.2, 251, 懂得健康 
20442487, 20.8, 6.7, 142, 瘦孕 
1257419, 24.6, 8.3, 70, 吃的营养科学观 
1254205, 23.9, 8.4, 57, 营养学 
6878192, 26.4, 8.1, 112, 吃到饱减肥 
6510145, 27.0, 8.6, 83, 新世纪饮食 
25881012, 25.2, 8.2, 83, 一周腰瘦10厘米的神奇骨盘枕 
24294495, 28.7, 7.7, 248, 脾虚的女人老得快 
26331961, 16.8, 7.5, 29, 饭菜就是特效药 
3567734, 34.9, 7.7, 817, 黄帝内经使用手册 
5264002, 22.7, 8.0, 62, 减肥使用手册 
1082611, 18.9, 6.0, 223, 12周摘掉眼镜恢复视力 
1223823, 24.4, 7.3, 161, 一生的性计划 
5038579, 30.1, 8.2, 197, 看懂食物标签 
2052636, 31.1, 7.9, 316, YOU身体使用手册2-腰部管理 
6714220, 22.9, 7.7, 82, 子宫好 女人才好 
4774243, 26.2, 7.2, 261, 瘦子房间的秘密 
10454414, 23.5, 8.1, 66, 真原醫 
24891766, 30.0, 7.8, 288, 怀得上，生得下 
26593827, 13.2, 7.5, 14, 吃油的革命 
5936417, 23.8, 8.2, 65, 不可替代的牙齿 
3621280, 28.4, 7.1, 475, 这样吃最健康 
4846015, 25.8, 7.0, 310, 性福圣经 
25844489, 16.1, 8.2, 17, 哈佛家庭医学全书(上册) 
3265968, 22.3, 7.7, 73, 和失眠说再见 
4897136, 18.7, 7.0, 64, 和眼镜说再见 改善视力的贝茨博士护眼法 
26309883, 19.7, 8.4, 28, 素食圣经 
4825923, 20.5, 8.3, 34, 吃出健康很容易 
20499195, 16.9, 7.9, 23, 运动拉伸实用手册 
3148591, 34.1, 7.6, 804, 从头到脚说健康 
26809778, 17.1, 8.4, 18, 中国居民膳食指南（2016）（科普版） 
21235202, 19.1, 9.1, 18, 急救手册 
26780208, 23.1, 9.0, 35, 《为我的身体养阳气》 
1818579, 26.9, 7.3, 271, 别让不懂营养学的医生害了你 
1079622, 18.9, 7.4, 47, 减肥 
7015786, 21.8, 7.8, 61, 拉筋让你更年轻 
1956692, 21.7, 8.7, 33, 活得够长活得更幸福 
25866991, 21.5, 7.9, 54, 手印 
4209949, 28.4, 7.6, 264, 胖补气 瘦补血 
26712323, 18.0, 7.6, 34, 上班族每日健康+ 
20389199, 19.6, 7.1, 71, 每周健身4小时 
22538495, 15.7, 5.4, 221, 吃到自然瘦 
25712777, 19.6, 7.6, 47, 7天瘦肚子的神奇蔬果汁 
19955761, 20.4, 8.2, 36, 营养圣经实用指南 
4114636, 35.7, 8.3, 470, 性学观止（上下册） 
25909417, 28.7, 8.6, 111, 虾米妈咪育儿正典 
5241992, 29.8, 9.1, 91, 人体 
24757480, 18.9, 8.8, 20, 吃我吃我：38种改善情绪和恢复精力的神奇食材 
1798844, 30.7, 7.1, 797, 水是最好的药 
1664158, 17.8, 8.1, 24, 中国食物成分表 
3475455, 23.5, 7.5, 111, 无病时代:走出健康误区,终结盲目医疗 
1060298, 46.6, 8.6, 2090, 思考中医 
3903009, 28.4, 7.2, 423, 不上火的生活 
1047231, 13.9, 7.4, 17, 增高 
2142615, 22.7, 7.1, 140, 百年谎言 
4244682, 22.9, 7.9, 69, 单桂敏灸除百病 
1080607, 21.2, 7.3, 83, 女性跑步健体书 
6711563, 12.7, 8.0, 10, 骨关节功能解剖学 
10448612, 17.2, 8.0, 23, 范志红餐桌上的营养智慧 
4937467, 24.5, 8.3, 68, 瞎吃 
24744529, 25.4, 7.9, 110, 给时光以生命 
4139324, 26.9, 6.6, 707, 把吃出来的病吃回去 
1521491, 21.9, 9.4, 24, 默克诊疗手册 
26426886, 14.1, 6.7, 29, 10天绿汁酵素排毒法 
3924442, 36.5, 8.4, 489, 黄帝内经家用说明书(上古天真论)/国医健康绝学系列 
25836439, 18.8, 7.4, 46, 不要再上癌症的当！ 
1288733, 25.0, 8.8, 53, 嗓音的科学训练与保健 
3793789, 29.8, 8.0, 225, 不生病的纪律 
1959947, 26.5, 8.7, 72, 火柴棒医生手记 
6990085, 25.9, 8.1, 102, 这样选购食品最安全 
6801888, 18.3, 7.7, 34, 鲨鱼真的不会得癌症吗 
1974483, 16.4, 6.8, 45, 排毒饮食计划 
1614374, 14.4, 7.7, 16, 运动生理学 
5363493, 26.4, 8.4, 88, 有病不能乱投医 
2976226, 24.2, 6.9, 242, 减肥天书 
4049831, 11.1, 7.3, 10, 美国国家体能协会私人教练基础 
1291343, 25.3, 7.1, 244, 改变一生的饮食计划 
3572716, 29.0, 9.2, 76, 瑜伽之光 
25848402, 23.3, 9.0, 36, 运动解剖学图谱(第3版) 
20443594, 23.8, 7.9, 82, 让家人吃出健康 
1318127, 28.0, 7.7, 219, 食物是最好的医药 
26417745, 19.7, 8.7, 24, 寿康宝鉴 
3133193, 17.9, 8.0, 26, 易筋经与洗髓经 
5326431, 12.7, 7.8, 11, 中国孕期、哺乳期妇女和0-6岁儿童膳食指南 
3803480, 22.7, 6.3, 397, 晚间西红柿减肥 
25999980, 35.3, 8.3, 441, 妇产科男医生告诉你 
25921417, 15.6, 7.8, 19, 关灯就睡觉 
21330892, 34.3, 8.8, 230, 黄帝内经·四气调神 
11622317, 25.4, 9.9, 31, 按手按脚养生疗病 
3354804, 18.8, 6.2, 162, 失传的营养学 
3924443, 20.7, 8.0, 43, 苹果胡萝卜汁减肥 
