Tag: 儿童文学 

ID, Score, Rating, Votes, Title 
1007914, 67.6, 8.7, 54386, 窗边的小豆豆 
4826530, 52.4, 9.1, 2795, 我亲爱的甜橙树 
25831096, 39.7, 8.9, 493, 梦书之城 
1007952, 51.4, 9.4, 1719, 蓝熊船长的13条半命 
26832470, 33.8, 8.6, 257, 独生小孩 
1161662, 27.8, 8.1, 143, 兔子坡 
1982200, 51.6, 8.7, 4090, 爱德华的奇妙之旅 
1036274, 59.5, 8.5, 20120, 夏洛的网 
1433640, 61.8, 9.3, 8874, 猜猜我有多爱你 
2361768, 61.0, 9.3, 7909, 爷爷变成了幽灵 
1064841, 52.8, 9.0, 3352, 绿山墙的安妮 
1041128, 55.7, 8.5, 10725, 天蓝色的彼岸 
3594151, 51.6, 8.1, 10122, 柑橘与柠檬啊 
1907739, 52.9, 8.6, 5829, 当世界年纪还小的时候 
1052990, 56.5, 8.9, 6782, 草房子 
26918931, 19.3, 8.3, 28, 彼得兔 
1072319, 53.4, 8.5, 7338, 长腿叔叔 
26921701, 18.0, 8.5, 20, 岛王 
26738072, 23.4, 8.4, 53, 这就是二十四节气 
1001136, 57.6, 8.8, 9338, 彼得·潘 
4860554, 41.4, 8.6, 882, 淘气包马小跳系列 
1012189, 41.2, 8.9, 622, 柳林风声 
25745287, 28.8, 9.2, 74, 眼 
1192700, 41.4, 9.0, 587, 永远讲不完的故事 
1004088, 55.7, 9.0, 5291, 长袜子皮皮 
3608170, 48.5, 8.0, 6774, 我想吃一个小孩 
1270150, 52.7, 9.3, 2316, 风与树的歌 
1026035, 57.7, 9.1, 6265, 你看起来好像很好吃 
4049269, 53.1, 9.5, 1969, 狐狸的窗户 
5988558, 42.7, 8.3, 1579, 深夜小狗神秘事件 
3689118, 45.2, 8.3, 2427, 梦想家彼得 
1077778, 49.9, 8.1, 7361, 爱的教育 
1542939, 51.6, 9.6, 1436, 哈尔罗杰历险记(全套共14册) 
3023897, 38.0, 9.2, 291, 希腊三部曲Ⅰ 追逐阳光之岛 
1433572, 49.0, 9.2, 1508, 随风而来的玛丽阿姨 
1046209, 68.9, 9.1, 34410, 安徒生童话故事集 
10560097, 40.3, 9.3, 377, 不一样的卡梅拉（1-10册） 
4097264, 46.1, 9.0, 1198, 小兔彼得和他的朋友们（全3册） 
26328457, 29.4, 8.4, 145, 童话心理学 
5299807, 38.9, 8.6, 589, 当世界还不存在的时候 
2120339, 47.7, 8.6, 2485, 是谁嗯嗯在我的头上 
1318622, 49.4, 8.8, 2541, 青铜葵花 
1030469, 48.6, 8.2, 5071, 青鸟 
1855231, 45.8, 8.6, 1810, 银河铁道之夜 
1397331, 49.4, 8.9, 2236, 爷爷一定有办法 
2050767, 49.8, 8.6, 3532, 绿野仙踪 
26266165, 29.2, 8.7, 111, 圣诞老爸的来信 
11597314, 32.1, 8.0, 344, 我被爸爸绑架了 
1064532, 47.2, 8.5, 2604, 秘密花园（2册） 
1119839, 61.4, 9.1, 11011, 王尔德童话 
1912993, 44.2, 9.2, 728, 海蒂 
1941301, 60.2, 9.2, 8029, 365夜故事（上下） 
1008459, 46.1, 9.0, 1195, 毛毛 
4219125, 45.0, 8.3, 2328, 坟场之书 
1254588, 63.8, 8.9, 21259, 城南旧事 
1873569, 49.3, 9.3, 1414, 郑渊洁童话全集(33卷) 
1257365, 58.5, 8.9, 9320, 活了100万次的猫 
2266772, 36.9, 9.1, 270, 绿色童话 
26800118, 15.0, 7.7, 18, 床单精灵 
25901260, 22.4, 7.9, 63, 作文里的奇案 
1192706, 47.0, 9.1, 1232, 大盗贼 
2117871, 49.1, 8.8, 2417, 大卫，不可以 
1310673, 50.0, 9.3, 1559, 遥远的野玫瑰村 
1803641, 48.8, 8.8, 2330, 小公主 
1436586, 50.2, 9.1, 2003, 你真好 
4087909, 38.6, 8.4, 697, 借东西的小人 
3826899, 52.2, 8.6, 5179, 布鲁克林有棵树 
11534101, 27.8, 9.1, 67, 星星和蒲公英 
1486658, 45.0, 9.2, 828, 奥菲利娅的影子剧院 
1456886, 33.8, 7.9, 522, 胡萝卜须 
1064862, 46.5, 8.1, 4017, 男生贾里  女生贾梅 
26038436, 29.2, 8.5, 129, 回忆中的玛妮 
1486619, 43.9, 8.3, 1946, 阁楼上的光 
1059503, 52.7, 9.1, 2944, 爱心树 
1467519, 54.3, 9.8, 1690, 世界童话名著连环画 
1119980, 38.1, 8.1, 899, 淘气包马小跳系列:笨女孩安琪儿 
1000993, 40.8, 8.1, 1469, 女生日记-中华儿童文学金奖书库 
6859532, 33.7, 9.3, 142, 数字的挑战 
1046883, 45.3, 8.5, 1900, 查理和巧克力工厂 
22693008, 33.2, 8.2, 339, 兔子共和国 
1225366, 36.8, 8.7, 377, 小毛驴与我 
3056906, 32.0, 8.3, 250, 夏日的庭院 
1899006, 47.4, 9.1, 1325, 我想去看海 
1076966, 37.0, 8.6, 428, 大林和小林 
1433568, 47.1, 8.9, 1563, 逃家小兔 
1135391, 32.8, 8.9, 168, 曹文轩经典作品 
1461652, 42.5, 8.2, 1744, 纳尼亚传奇：狮子、女巫和魔衣柜 
25909857, 29.3, 8.5, 133, 周末图书馆 
1448645, 47.7, 8.8, 1927, 鳄鱼怕怕牙医怕怕 
1005279, 50.0, 8.7, 3172, 皮皮鲁和鲁西西的故事 
3841355, 32.6, 9.0, 151, 青蛙和蟾蜍（全四册） 
3661060, 36.3, 8.3, 520, 小屁孩日记 
3023898, 35.4, 9.2, 197, 希腊三部曲Ⅱ 桃金娘森林宝藏 
25881349, 35.9, 8.8, 299, 翻开这本小小的书 
26292675, 35.1, 9.3, 175, 绘本窗边的小豆豆（全2册） 
1201947, 41.0, 8.1, 1522, 哈克贝里·费恩历险记 
1416289, 43.3, 8.9, 864, 晴天有时下猪 
26817445, 23.3, 8.7, 43, 市场街最后一站 
25722936, 29.4, 8.7, 115, 孩子们的书 
19967277, 33.5, 8.2, 358, 爱哭鬼小隼 
1485700, 37.1, 8.6, 435, 苹果树上的外婆 
1021193, 57.6, 8.8, 9318, 皮皮鲁传 
1474343, 50.0, 9.1, 1940, 手绢上的花田 
3086575, 41.5, 8.6, 906, 单翼天使不孤单 
2309204, 40.7, 9.0, 527, 小淘气尼古拉绝版故事 
1073333, 48.5, 8.7, 2478, 我的妈妈是精灵 
1220559, 44.5, 8.7, 1318, 胡桃夹子 
25782292, 33.7, 8.7, 231, 巫魔师 
1000353, 39.8, 8.6, 681, 纳尼亚王国传奇（全7册） 
1824714, 41.2, 9.1, 516, 拥抱幸福的小熊-阳光姐姐嘉年华 
1285961, 40.9, 8.3, 1151, 根鸟 
2983793, 39.3, 8.7, 563, 蓝色的兔耳朵草 
1032764, 41.9, 7.7, 3187, 小时候就在想的事 
1440159, 39.3, 8.0, 1257, 安琪拉的灰烬 
1152745, 48.9, 9.1, 1661, 花香小镇 
1021209, 45.0, 8.4, 2055, 尼尔斯骑鹅历险记 
3023900, 34.2, 9.1, 177, 希腊三部曲Ⅲ 众神的花园 
25917623, 28.2, 7.7, 225, 女巫一定得死 
1016435, 40.8, 8.8, 649, 女巫 
1056707, 43.6, 8.8, 1019, 时代广场的蟋蟀 
1318615, 43.1, 8.4, 1478, 山羊不吃天堂草 
20273030, 40.1, 8.3, 1013, 哈尔的移动城堡 
2117875, 49.2, 8.8, 2445, 我爸爸 
5254082, 36.3, 8.7, 348, 兔之眼 
3519771, 24.7, 9.2, 40, 儿童文学的乐趣 
3026354, 41.5, 8.6, 907, 造梦的雨果 
3053271, 41.0, 8.7, 742, 小猫出生在秘密山洞 
24295824, 27.9, 8.2, 133, 共读绘本的一年 
1800113, 39.0, 9.1, 366, 图画书阅读与经典 
4263422, 35.2, 8.4, 393, 笑猫日记-一头灵魂出窍的猪 
6843976, 30.4, 8.4, 174, 神奇的收费亭 
6265890, 35.4, 8.4, 403, 杨红樱校园小说《女生日记》《男生日记》 
2117872, 47.8, 8.9, 1745, 花婆婆 
4726738, 40.2, 9.1, 440, 小狐狸买手套 
1546437, 43.4, 8.8, 984, 蚯蚓的日记 
3106707, 46.1, 8.9, 1337, 好饿的毛毛虫 
1152564, 47.6, 9.2, 1215, 黄昏海的故事 
26666033, 21.2, 8.3, 39, 幸福先生 
1040632, 48.1, 8.5, 3042, 木偶奇遇记 
4061972, 40.2, 8.5, 814, 狼王梦 
2150240, 51.9, 8.8, 3758, 我讨厌妈妈 
1576005, 34.9, 9.0, 214, Anne of Green Gables 
1008214, 34.7, 8.8, 247, 玛蒂尔达 
3743038, 34.6, 9.5, 140, 写给孩子的哲学启蒙书（共6册） 
3797733, 41.3, 8.5, 981, 巧克力味的暑假/阳光姐姐小书房 
1489164, 46.0, 9.1, 1071, 直到花豆煮熟 
1578732, 43.6, 8.5, 1425, 母鸡萝丝去散步 
26394207, 29.0, 8.0, 195, 给孩子的散文 
1816104, 40.8, 8.5, 894, 保姆狗的阴谋 
3628184, 37.6, 8.9, 357, 猫武士 
1816103, 39.0, 8.6, 600, 想变成人的猴子 
1045569, 29.9, 8.4, 160, 宫泽贤治童话 
1442791, 35.4, 8.8, 275, 我和小姐姐克拉拉 
3461500, 12.8, 7.5, 13, 世界的故事（全五册） 
1534810, 41.3, 9.0, 577, 红头发安妮 
2121010, 49.2, 8.8, 2454, 我妈妈 
6973023, 22.3, 9.2, 28, 周作人论儿童文学 
1018482, 47.7, 8.0, 5855, 汤姆・索亚历险记 
1264253, 40.3, 9.1, 450, 少女安妮 
1819816, 46.7, 9.3, 955, 风的旱冰鞋 
11597283, 29.0, 9.1, 81, 听见颜色的女孩 
1152495, 48.6, 9.2, 1412, 白鹦鹉的森林 
10432767, 35.0, 8.3, 415, 西女巫之死 
1163327, 46.9, 8.8, 1705, 列那狐的故事 
1017343, 23.4, 8.6, 46, 哈默林的花衣吹笛人 
1036205, 33.8, 8.7, 235, 好心眼儿巨人 
2050878, 34.5, 8.7, 262, 爸爸、妈妈、我和她 
3137185, 43.0, 8.8, 921, 阿米I-星星的孩子 
1225062, 33.0, 8.7, 205, 汤姆的午夜花园 
1975886, 39.6, 8.5, 729, 一片叶子落下来 
1007576, 37.1, 8.5, 481, 了不起的狐狸爸爸 
2052815, 39.1, 8.6, 611, 幸福的鸭子 
1451453, 40.1, 9.1, 436, 女大学生安妮 
1578881, 40.0, 9.0, 474, 车的颜色是天空的颜色 
1933479, 46.9, 8.9, 1525, 小灵通漫游未来 
4020853, 40.2, 9.0, 485, 那个黑色的下午 
1071463, 28.4, 8.1, 158, 笨狼的故事 
1959287, 42.8, 8.6, 1119, 月亮的味道 
1462189, 43.2, 9.2, 630, 谁也看不见的阳台 
1002898, 63.7, 9.1, 15608, 父与子全集 
2188017, 42.1, 9.0, 647, 铁丝网上的小花 
2274454, 44.2, 9.1, 810, 我的爸爸叫焦尼 
2076987, 36.6, 8.0, 779, 大宇神秘惊奇系列1-5 
1034274, 33.3, 9.2, 144, 5月35日 
3741374, 20.3, 8.8, 25, 希腊三部曲（全三册） 
1041638, 22.2, 8.8, 34, 恰佩克童话集 
1038984, 36.0, 8.8, 305, 亲爱的汉修先生 
1290911, 45.8, 9.1, 1027, 银孔雀 
1007396, 38.6, 8.1, 991, 男生日记 
1816105, 38.2, 8.5, 579, 塔顶上的猫 
26841611, 23.8, 9.9, 25, 猎云人 
10732336, 27.5, 9.0, 69, 凯迪克与凯特·格林威图画书精选集 
2076616, 21.0, 7.1, 97, 时间的皱纹 
6023107, 22.6, 7.8, 71, 我为什么讨厌学校 
1028404, 56.3, 8.8, 7638, 鲁西西传 
26666135, 13.4, 7.9, 12, 爱尔兰童话故事 
2050877, 35.2, 8.8, 266, 大海在哪里 
6430661, 26.7, 8.4, 92, 爸妈太过分 
1009665, 40.9, 8.2, 1305, 五·三班的坏小子 
25877706, 25.6, 8.7, 62, 老虎来喝下午茶 
2052697, 39.1, 8.7, 548, 能闻出孩子味儿的乌龟 
3011068, 37.0, 8.8, 353, 公主的月亮 
5919044, 27.8, 9.1, 68, 吃六顿晚餐的猫 
4199539, 33.6, 8.9, 190, 星期三的战争 
6518947, 24.9, 9.2, 41, 窗边的小豆豆合集（套装共9册） 
5957787, 41.4, 9.1, 532, 我爱你 
25919839, 27.3, 9.4, 52, 谁拿了红苹果 
25720722, 15.9, 7.8, 20, 威利的疑问 
2274446, 32.6, 9.1, 140, 橡树上的逃亡（共两部） 
25784025, 25.5, 9.2, 45, 托芙·扬松经典漫画：姆咪谷故事全集 
26857084, 23.8, 9.2, 35, 苏菲的烦恼 
25837525, 28.4, 8.9, 85, 蝴蝶·天堂·探险记 
3549894, 28.4, 9.0, 79, 鹅妈妈童谣 
1765512, 60.1, 9.1, 9053, 海的女儿 
1224733, 38.6, 8.7, 507, 开明国语课本（上下册） 
2162347, 40.6, 8.8, 634, 做好学生有点累-伍美珍作品 
10733645, 27.9, 8.0, 159, 寂静中的惊奇 
3072494, 38.0, 9.7, 196, 午夜飞机上的谋杀 
26894809, 17.1, 8.3, 19, 家有小苗初长成 
1115397, 45.6, 9.0, 1108, 我要做好孩子 
1009405, 40.6, 8.4, 972, 漂亮老师和坏小子 
2052229, 40.1, 8.1, 1293, 爱丽斯奇境历险记 
1394428, 28.0, 8.8, 85, 黑塞童话选 
10761604, 22.9, 7.9, 70, 金子美铃全集（全三卷） 
3867627, 38.9, 9.3, 307, 松鼠先生和第一场雪 
26285731, 19.8, 7.3, 62, 山精灵普克 
2298455, 29.4, 8.3, 159, 森林报-春 
26831362, 17.0, 8.1, 21, 我要是别人就好了 
26275816, 19.9, 8.1, 35, 曼哈顿的小红帽 
2157589, 37.6, 8.5, 530, 我不知道我是谁 
1102435, 33.3, 8.1, 383, 冒险小虎队：喷火面具 
20498342, 28.1, 9.4, 59, 我的家在紫禁城 
1008592, 40.7, 8.6, 789, 那个骑轮箱来的蜜儿 
1066911, 32.0, 9.1, 127, 大森林里的小木屋 
26428611, 31.0, 9.5, 84, 宫西达也恐龙系列 
6438494, 29.2, 9.1, 83, 彼得兔经典故事集-小兔彼得 
1318944, 28.2, 8.3, 130, 效率专家爸爸 
3664843, 35.9, 8.9, 274, 我的图画书论 
10575134, 22.9, 9.1, 32, 好鼠兔 
1976471, 32.5, 8.5, 226, 淘气包马小跳 
1491320, 37.3, 8.2, 701, 皮皮鲁和419宗罪 
1988145, 29.2, 9.1, 83, 爸爸的办公室 
3413784, 33.6, 7.7, 640, 鸡皮疙瘩：噩梦营·邻屋幽魂 
26388073, 20.5, 7.2, 78, 火印 
1041104, 40.2, 8.7, 654, 吹牛大王历险记 
1902982, 41.5, 8.8, 724, 獾的礼物 
4103922, 32.2, 9.0, 141, 我是白痴 
1129879, 43.7, 8.4, 1661, 魔方大厦 
1021311, 48.9, 8.5, 3490, 爱丽斯漫游奇境 
3653465, 21.2, 8.3, 39, 童书是童书 
26278419, 23.3, 8.9, 38, 圣诞夜惊魂 
1806300, 43.2, 8.9, 857, 雪人 
3653470, 22.5, 8.4, 45, 童书非童书 
26576239, 18.3, 7.2, 49, 查理九世25·稻草人之乡 
3699146, 34.2, 8.6, 271, 杨红樱童话珍藏版 
3089661, 50.1, 9.1, 1980, 永远永远爱你 
1797670, 42.7, 8.8, 873, 兔子屋的秘密 
1815468, 27.5, 8.6, 91, Number the Stars 
3044158, 36.4, 8.0, 749, 小豆豆频道 
2027835, 41.0, 8.9, 603, 云朵面包 
4826983, 28.0, 9.9, 44, 宝宝晚安----儿童睡前故事366 
2131751, 35.4, 8.9, 252, 鳄鱼爱上长颈鹿 
20504524, 23.9, 7.9, 84, 生命，请签收 
10746176, 21.9, 8.0, 54, 男孩杰的动物园 
26662231, 13.9, 8.1, 12, 夜莺之歌 
10530984, 33.1, 8.8, 190, 我要把我的帽子找回来 
1010172, 25.7, 9.1, 49, 吹牛大王奇游记 
1052629, 36.9, 9.0, 293, 魔法师的帽子 
26611997, 26.2, 9.3, 47, 故宫里的大怪兽 
3265345, 33.3, 8.6, 236, 再被狐狸骗一次 
6953246, 27.3, 9.1, 63, 剑桥艺术学院童书插画完全教程 
4261770, 27.9, 8.2, 133, 来自鬼庄园的九九 
4863294, 31.8, 8.5, 200, 萝铃的魔力（第2部） 
3464487, 38.8, 9.2, 328, 绿山墙的安妮 
10750284, 31.1, 9.6, 80, 哈尔罗杰历险记典藏全集 
1005455, 39.9, 9.3, 353, 淘气包埃米尔 
1283644, 38.7, 9.1, 353, 小尼古拉 
2326886, 32.4, 9.3, 117, 魔鬼三角的秘密 
2120234, 37.9, 8.5, 550, 三只小猪的真实故事 
3099800, 34.2, 8.5, 297, 神奇女生祝如愿 
5355666, 39.6, 8.5, 740, 小国王 
2010066, 32.4, 9.6, 96, 幽默儿童文学名著译丛 （全6册） 
26902186, 28.6, 9.9, 48, 遇见孩子就是遇见更好的自己 
6523875, 31.9, 9.3, 109, 小矮人 
4863321, 36.0, 8.7, 332, 球球老老鼠-笑猫日记 
25758461, 20.4, 8.1, 38, 书，儿童与成人 
1162370, 36.2, 8.3, 515, 疯丫头杜真子 
1939608, 40.6, 9.1, 472, 两个意达 
3085563, 32.4, 8.1, 326, 永远的超级四班 
2058153, 28.3, 9.8, 48, 逼上梁山的豺 
3419707, 30.6, 8.2, 213, 小英雄和芭蕾公主 
1762395, 36.8, 8.9, 313, 玛塞林为什么会脸红 
10604012, 28.0, 9.3, 61, 爱丽丝漫游奇境 
3753941, 34.9, 9.2, 184, 我爱吕西安 
1797665, 41.0, 8.7, 750, 红玫瑰旅馆的客人 
2120425, 40.9, 8.6, 819, 小蓝和小黄 
1805593, 25.9, 8.9, 57, 轻轻公主 
1017993, 37.0, 9.2, 252, 少年小树之歌 
3058360, 22.8, 8.0, 63, 乔治开启宇宙的秘密钥匙 
4604958, 31.8, 8.1, 295, 波西.杰克逊与神火之盗 
1321696, 44.9, 9.4, 667, 小布头奇遇记 
26607285, 22.0, 8.5, 39, 厨房屋 
1758593, 36.4, 8.4, 480, 我绝对绝对不吃番茄 
2010558, 33.9, 8.5, 283, 蓝色的海豚岛 
26413410, 22.1, 8.1, 52, 寻找鱼王 
3265347, 33.1, 8.5, 250, 斑羚飞渡 
1245777, 36.7, 8.3, 556, 贪玩老爸 
1047927, 48.2, 8.9, 1876, 郑渊洁十二生肖童话（12册） 
25803006, 34.1, 9.3, 150, 这不是我的帽子 
1854580, 39.4, 9.0, 429, 皮皮鲁和蛇王阿奔 
1844858, 38.4, 8.5, 599, 超级市长 
3620502, 28.2, 8.4, 120, 查理和大玻璃升降机 
1791383, 40.7, 9.3, 397, 365夜科幻故事（上、下册） 
2081975, 48.6, 8.7, 2550, 七色花 
2135567, 36.3, 9.1, 244, 搬过来.搬过去 
26796551, 14.8, 8.1, 14, 《葫芦兄弟》（全13册） 
3807481, 31.1, 7.5, 505, 墨水心 
6831113, 18.5, 7.8, 33, 爱上读书的妖怪 
2080462, 34.0, 9.1, 174, 红蜡烛和人鱼姑娘 
2162209, 36.5, 8.3, 543, 外号像颗怪味豆-伍美珍作品 
3536343, 39.2, 9.1, 379, 朱家故事 
4911123, 21.0, 9.1, 24, 神奇树屋 
22047871, 22.9, 8.9, 36, 让我们温暖太阳 
1063733, 39.0, 8.6, 596, 神秘的女老师 
6401118, 32.5, 8.0, 370, 要求太多的餐馆 
3265351, 33.8, 8.4, 310, 第七条猎狗 
1584476, 28.0, 8.7, 92, 红发安妮 
3265350, 32.7, 8.6, 214, 最后一头战象 
6778818, 22.2, 8.8, 34, 朗读手册II 
1079254, 25.0, 10.0, 28, 世界儿童小说宝库 
20437595, 24.3, 8.6, 54, 了不起的大盗奶奶 
1204911, 45.1, 8.8, 1279, 洋葱头历险记 
5406471, 32.8, 8.9, 167, 夜色玛奇莲I 
1041057, 37.4, 8.4, 567, 非法智慧 
1768128, 31.3, 8.4, 200, The Tale of Peter Rabbit 
1939168, 38.7, 7.8, 1483, 丢三落四的小豆豆 
3132594, 33.1, 7.8, 512, 鸡皮疙瘩：死亡古堡·神秘实验室 
1023059, 22.1, 7.6, 76, 千万别在奶奶家生病 
1842181, 33.8, 9.0, 180, 塔克的郊外 
5375937, 24.9, 8.9, 49, 中国童谣（全八册） 
2135572, 37.0, 8.6, 429, 打瞌睡的房子 
4743834, 35.4, 8.9, 254, 迟到大王 
1449802, 35.9, 9.2, 211, 爺爺有沒有穿西裝 
1254504, 34.4, 8.1, 465, 小大人丁文涛 
2212064, 42.7, 8.9, 786, 小房子 
1214004, 30.2, 8.9, 112, 风又三郎 
1781440, 23.8, 7.1, 177, 童话是童话是童话 
3704331, 28.2, 9.2, 67, 你不能带气球进大都会博物馆 
1491324, 36.4, 8.7, 352, 皮皮鲁和金拇指 
26905609, 15.6, 8.0, 17, 用故事说晚安：与孩子共享奇迹般的睡前故事时光 
2993974, 32.5, 9.5, 104, 365夜知识童话(上下) 
10955828, 12.1, 7.2, 13, 天堂里的海龟 
25857845, 26.8, 9.2, 55, 阿凡提的故事全集 
5372672, 29.1, 8.5, 128, 自由在哪里 
1439350, 25.1, 8.6, 61, Bridge to Terabithia 
1915734, 29.8, 8.5, 144, 狗来了 
1145428, 41.8, 8.7, 849, 我喜欢你 
1027621, 24.3, 8.5, 57, 让孩子着迷的101本书 
10539822, 31.4, 9.0, 126, 夜色下的小屋 
2258369, 45.2, 9.0, 1046, 小公主 
26270313, 19.5, 7.3, 58, 荒野丛林 
1081768, 14.2, 8.2, 12, 儿童睡前故事大全 
3797864, 34.0, 8.5, 288, 穿靴子的猫 
5919046, 36.9, 9.4, 209, 图书馆狮子 
5908824, 21.8, 8.1, 49, 《开明国语课本（典藏版）》（全八册） 
25901258, 16.0, 7.6, 23, 妖精的小孩 
4767462, 29.3, 8.8, 105, 蝴蝶·豌豆花 
1199658, 34.0, 8.4, 317, 有老鼠牌铅笔吗 
2135382, 38.9, 8.6, 585, 石头汤 
1678877, 36.5, 8.2, 599, 鬼妈妈 
26371152, 16.3, 7.4, 28, 查理九世24·末日浮空城 
1962718, 35.0, 8.4, 376, 宝葫芦的秘密 
4860711, 24.3, 7.3, 159, 野兽国 
1031901, 31.5, 8.6, 175, 出卖笑的孩子 
1085121, 25.9, 8.3, 87, 戴高帽的猫 
1834946, 26.5, 8.0, 124, 手斧男孩 
1884658, 33.2, 8.5, 254, 皮皮鲁分身记 
1413112, 35.4, 8.7, 300, 波丽安娜 
26628814, 33.5, 7.1, 1443, 龙与地下铁 
26584765, 13.2, 7.8, 12, 绿山墙的安妮全集 
1042748, 31.6, 9.2, 112, 看不见的小妞 
3620496, 27.6, 9.0, 70, 世界冠军丹尼 
1481650, 33.8, 7.6, 760, 不可思议国的小豆豆 
6526931, 16.6, 7.8, 23, 米兰的秘密花园 
25713175, 28.2, 9.3, 63, 梦想家威利 
3521989, 24.5, 9.1, 41, 罗伯特的三次报复行动 
20273033, 28.6, 7.9, 201, 空中城堡 
2046566, 38.8, 8.7, 520, 勇气 
2340082, 41.5, 9.0, 589, 亲爱的小鱼 
1029951, 37.7, 9.0, 332, 海蒂 
3237107, 22.8, 9.2, 30, 纽约少年 
1066463, 46.9, 8.5, 2490, 我是钱 
26150640, 17.6, 8.7, 17, 欢欣岁月 
24841203, 24.0, 8.7, 48, T.S.斯比维特作品集 
6953245, 25.2, 8.5, 67, 童书创作实用指南 
1021177, 30.9, 8.1, 251, 冰心儿童文学全集(上下) 
20499710, 17.2, 7.2, 39, 阁楼里的秘密 
10530105, 27.6, 8.4, 107, 星期三书店 
1076204, 22.2, 9.8, 21, 世界儿童小说宝库 
1021064, 22.0, 9.1, 28, 张天翼儿童文学全集（全四册） 
1489184, 28.7, 8.5, 120, 稻草人 
26038523, 20.1, 8.6, 27, 我摸到了一条鲸鱼 
3885381, 27.8, 8.1, 144, 猫女咪妮 
5697408, 29.8, 7.5, 390, 伪伦敦 
1143793, 35.4, 8.2, 494, 天真妈妈 
3927859, 37.5, 9.1, 292, 玛德琳 
1345431, 37.8, 9.3, 260, 失物招領 
1072830, 31.4, 8.8, 145, 风之王 
2069663, 35.6, 9.0, 239, 雨滴项链 
1047430, 27.2, 7.6, 206, 装在口袋里的爸爸 
1162162, 38.0, 8.6, 504, 宠物集中营 
5038453, 28.1, 8.4, 117, 猫王 
3620498, 27.6, 8.4, 108, 魔法手指 
1019586, 37.0, 8.6, 433, 红瓦 
21692819, 27.7, 8.9, 76, 打开绘本之眼 
1874697, 22.2, 8.6, 38, 安妮·雪莉 
2120267, 30.9, 8.2, 225, 一百条裙子 
2710965, 29.4, 8.4, 146, Magic Tree House #1 
1958512, 36.7, 9.2, 238, 长大做个好爷爷 
3429105, 35.8, 8.8, 294, 月下看猫头鹰 
3067705, 37.1, 9.7, 172, 绿宝石阴谋 
1077674, 30.2, 8.7, 131, 一只狗和他的城市 
1758919, 35.0, 7.8, 743, 小豆豆与我 
6389911, 23.7, 8.4, 56, 儿童文学小论 中国新文学的源流 
1221823, 38.8, 9.7, 220, 中国童话名著连环画(上下) 
6778494, 26.3, 8.7, 69, 灰姑娘 
10604035, 37.0, 9.1, 274, 点点点 
1854578, 35.1, 8.7, 287, 皮皮鲁和红桃老K 
2247147, 36.8, 8.8, 343, 小熊维尼 
26344072, 25.4, 9.3, 42, 不可思议的旅程：彩虹国度 
1063651, 31.3, 8.9, 133, 木民谷的冬天 
1844857, 35.4, 8.4, 401, 跳跳电视台 
1916820, 35.8, 9.0, 248, 狐狸列那的故事 
1462796, 28.4, 8.4, 123, 艺术的童年 
26293005, 21.0, 7.6, 61, 云朵上的学校 
1146300, 25.0, 8.8, 53, 北风的背后 
2171327, 40.8, 8.4, 1002, 好饿的小蛇 
26308055, 20.9, 9.0, 25, 欧赫贝的秘密1 
2340080, 37.6, 9.0, 326, 小恩的秘密花园 
1151061, 28.6, 8.3, 139, 屋顶上的小孩 
5908551, 26.7, 7.8, 154, 种在时光里的向日葵 
3996700, 34.1, 7.9, 548, 放学后的侦探队 
1257996, 27.6, 8.6, 92, 谁也不知道的小小国 
1456628, 42.1, 9.3, 490, 长袜子皮皮的冒险故事 
2769976, 34.9, 9.3, 169, I Love You Through And Through 
1884655, 39.6, 8.9, 483, 皮皮鲁和幻影号 
2034987, 29.1, 9.6, 60, 一岁的小鹿 
1046619, 39.0, 9.1, 370, 风吹白杨的安妮 
1427526, 28.7, 8.1, 169, 不老泉 
25881282, 21.9, 8.4, 41, 香梅女皇 
2062998, 28.8, 9.3, 69, 白比姆黑耳朵 
2228986, 34.6, 8.7, 264, 壁橱里的冒险 
26776954, 21.2, 8.3, 39, 以书为友 
1819858, 32.9, 8.8, 185, 蛇山的爱子 
5038470, 26.6, 7.7, 167, 震动 
3519772, 14.1, 7.7, 15, 作为神话的童话/作为童话的神话 
1933497, 35.3, 8.4, 399, 一只会开枪的狮子 
1083092, 32.5, 8.2, 299, 精灵鼠小弟 
10828425, 24.5, 8.2, 73, 尖叫的海棠 
1434499, 35.6, 9.3, 187, 混血豺王 
24385080, 31.9, 8.9, 145, 神奇飞书 
3910853, 38.9, 9.4, 280, 可爱的鼠小弟(全12册) 
4822246, 30.2, 8.4, 166, 南瓜汤 
5333931, 27.8, 9.1, 67, 记忆的碎片 
1215241, 36.4, 9.1, 250, 晴天下猪 
1076320, 40.4, 8.9, 551, 豆蔻镇的居民和强盗 
4187492, 20.8, 8.4, 34, 猫 
10761530, 32.6, 9.3, 120, 阿莫的生病日 
3930204, 34.0, 8.8, 220, 声音森林 
1036304, 21.4, 8.1, 46, 中国儿童文学5人谈 
3620495, 27.8, 8.9, 77, 独闯天下 
3192130, 34.8, 9.1, 196, 艰难的归程 
4021782, 28.4, 8.0, 175, 少年阿莫的秘密日记 
6744676, 23.7, 8.6, 49, 卡夫卡和旅行娃娃 
2143434, 18.7, 8.3, 25, A Series of Unfortunate Events Box: The Complete Wreck (Books 1-13) 
1322319, 30.1, 8.6, 140, 女儿的故事 
2078497, 31.6, 9.5, 91, 大剖面 
1090575, 48.4, 8.5, 3189, 金拇指 
20285341, 26.0, 8.9, 58, 梦的尽头 
24380077, 15.0, 7.5, 20, 小小孩的春天 
1459234, 25.8, 8.9, 56, Momo 
1994618, 31.8, 9.1, 124, 倒长的树 
1016529, 14.6, 8.2, 13, 英美著名儿童诗一百首 
1420762, 32.2, 8.5, 215, 特别的女生萨哈拉 
7047175, 29.0, 8.4, 137, 我就是一个人 
3699100, 33.0, 8.3, 296, 我们班的狗仔队 
10567935, 28.4, 8.3, 134, 风之又三郎 
4843891, 32.6, 8.4, 251, 没有秘密长不大 
1958518, 33.3, 9.0, 167, 我永远爱你 
3930209, 33.2, 8.9, 180, 兔子剧团之夜 
10736307, 24.1, 8.0, 80, 最后一朵花 
3873839, 26.3, 8.7, 69, 男生日记 
20499707, 20.4, 8.7, 27, 阿比琳的夏天 
2161686, 37.9, 8.7, 452, 豪夫童话 
5038469, 32.5, 9.1, 138, 杨梅 
1491325, 36.8, 8.7, 381, 皮皮鲁和梦中人 
3042252, 36.6, 8.7, 369, 约瑟夫有件旧外套 
2224276, 29.5, 9.1, 87, 舒克贝塔德国游 
21334468, 25.3, 8.5, 68, 我……有梦 
1162528, 23.5, 8.6, 47, 蓝调江南 
25723269, 23.0, 9.4, 28, 魔法树上的居民 
5907917, 28.5, 8.4, 125, 绿狗山庄 
1029928, 25.0, 8.1, 87, 穿越夜空的疯狂旅行 
1053536, 36.7, 8.5, 452, 小公子 
23860417, 18.2, 7.7, 33, 少年周小舟的月亮 
3075867, 24.4, 8.6, 55, 放慢脚步去长大 
1023882, 47.5, 8.4, 3145, 病菌集中营 
1416196, 34.5, 8.3, 386, 寻找大熊猫 
3661129, 33.3, 8.4, 281, 小屁孩日记2 
24902816, 24.4, 8.2, 72, 格林童话I 
1321651, 13.0, 7.0, 18, 在我吸毒的日子里 
1092965, 48.3, 8.3, 4164, 智齿 
1066133, 44.5, 9.0, 940, 怪老头儿 
25896898, 13.5, 7.6, 14, 写作魔法书 
1922761, 28.2, 8.6, 101, 傻狗温迪克 
25830759, 15.6, 7.4, 24, 查理九世21·沙海谜国 
2055846, 21.6, 9.6, 21, 鼹鼠原野的小伙伴 
5325809, 29.5, 7.9, 237, 女孩的进化史 
7060174, 25.7, 8.6, 68, 图画书应该这样读 
1426168, 28.5, 8.8, 92, 猫和少年魔笛手 
6778782, 19.6, 7.3, 59, 我是你的守护星 
2984576, 30.3, 8.9, 114, 狼王梦全本 
10463968, 20.8, 8.4, 34, 故事和你说晚安 
1063138, 38.5, 8.3, 763, 今天我是升旗手 
3620503, 28.2, 8.5, 110, 小乔治的神奇魔药 
4060086, 28.9, 8.5, 124, 猫武士二部曲之1 
6527152, 32.8, 9.3, 124, 敌人 
10761531, 28.9, 9.0, 85, 格林爷爷的花园 
4903439, 35.8, 9.0, 246, 高空走索人 
3620497, 25.9, 8.5, 75, 好小子-童年故事 
4079113, 23.9, 8.6, 50, 花季的安妮 
26861867, 22.3, 9.6, 23, 电的秘密 
4773507, 39.5, 9.2, 364, 晚安，大猩猩 
1677118, 28.1, 8.9, 81, 神奇的玛丽阿姨 
4231294, 29.3, 8.6, 122, 小屁孩日记 
3087618, 32.6, 8.1, 336, 小豆豆动物剧场 
26596172, 29.4, 7.7, 285, 写给儿童的名人故事(全套25册） 
1491319, 39.7, 8.6, 668, 皮皮鲁和教室里的隐身人 
25901230, 13.2, 7.8, 12, 给孩子们的故事 
25414272, 21.3, 8.6, 33, 奇妙国 
1464619, 36.8, 8.4, 510, 驴小弟变石头 
1819930, 19.7, 8.7, 24, 总有一天会长大 
1320410, 29.6, 9.1, 89, 水仙月四日 
26662176, 13.2, 7.8, 12, 树国之旅 
3699101, 35.5, 8.7, 309, 闪着泪光的决定－辫子姐姐心灵花园 
11530250, 32.8, 8.9, 167, 这是我最好的爱 
1824720, 33.9, 8.7, 237, 最美的夏天-阳光姐姐嘉年华 
6523669, 26.1, 8.1, 105, 小白的选择-笑猫日记 
5910862, 27.4, 8.1, 134, 萝铃的魔力（第3部） 
4297683, 33.9, 9.2, 158, 开往远方的列车 
3429457, 24.0, 9.5, 31, 花的故事·冬 
3171267, 33.8, 9.2, 155, 阿黛拉和西蒙在巴黎 
2132898, 23.4, 9.6, 27, 怪老头儿随想录 
5328956, 32.5, 9.1, 137, 可爱的鼠小弟01-鼠小弟的小背心 
5939282, 30.6, 8.7, 140, 世界上最大的房子 
1008180, 38.5, 9.1, 340, 天使雕像 
26328515, 14.1, 7.7, 15, 把我埋在墙脚下 
1491327, 34.2, 8.6, 272, 皮皮鲁恐怖易位 
1050866, 31.9, 8.3, 246, 法老的诅咒 
3291518, 41.4, 9.0, 584, 未來都市NO.6 #01 
24541931, 20.0, 8.7, 25, 不是所有动物都是蓝色的 
10862491, 20.4, 9.1, 22, 彼得兔典藏全集（全23册） 
1888637, 35.5, 8.6, 338, 于是，天使来到身边 
1018554, 37.8, 9.2, 283, 山中岁月 
26267080, 17.0, 8.0, 22, 独一无二的伊凡 
1781949, 30.8, 8.8, 133, 罐头里的孩子 
1965310, 26.8, 8.5, 87, 乌丢丢的奇遇 
1029817, 40.3, 9.0, 495, 绿屋的安妮 
21363858, 16.3, 7.7, 23, 吴姐姐讲历史故事 
1102874, 31.8, 8.5, 200, 甜橙树 
10761534, 25.4, 9.0, 50, 我怎样学习地理 
26220462, 31.2, 9.4, 92, 摩天轮 
3522260, 26.4, 8.8, 66, 泥泥的心灵城堡 
20414891, 20.9, 8.6, 31, 奥兹国的稻草人 
10484903, 22.0, 8.7, 35, 丁丁当当黑痴白痴-美绘版 
2322350, 26.2, 9.8, 36, 银线星星 
6396334, 24.4, 8.6, 55, 最重要的事 
3569162, 15.9, 7.1, 32, 拇指班长3 乱套的教室 
1019143, 37.2, 8.2, 683, 细米 
1059351, 18.8, 8.9, 19, 格林童话全集（上下）（成人双语版） 
3479011, 19.9, 8.6, 26, WIND IN THE WILLOW柳林风 
26899959, 21.3, 9.5, 21, 达洋猫动物小说·奇幻冒险五部曲 
2181353, 30.0, 8.2, 194, 开甲壳虫车的女校长 
24843842, 26.6, 8.9, 64, 遮月亮的人 
3750803, 35.9, 9.3, 195, 蓝色童话 
2243169, 27.4, 9.7, 45, 周锐童话选 
1120014, 34.8, 8.1, 501, 轰隆隆老师 
26576246, 14.2, 7.4, 18, 笑猫日记 
1953639, 24.5, 9.2, 39, 今年你七岁 
1019293, 41.6, 8.8, 740, 小飞人卡尔松 
2342074, 34.4, 8.1, 462, 麦先生的旅行 
1044705, 33.4, 9.4, 126, 吵闹村的孩子 
3070853, 24.2, 9.2, 37, 图书馆老鼠 
1053532, 31.9, 8.3, 246, 来自矮人国的小兄妹 
2979789, 30.9, 8.4, 189, 犟龟 
4826527, 22.1, 8.3, 45, 跟着姥姥去遛弯儿 
2224959, 32.2, 8.7, 181, 塔莎老奶奶的美好生活 2 創造你的生活樂趣 
1440184, 28.4, 8.4, 124, 阅读儿童文学 
1106466, 30.1, 9.0, 102, 水仙月四日 
3572554, 32.4, 8.9, 159, 臭起司小子爆笑故事大集合 
1190569, 26.5, 9.2, 52, 蓝鲸的眼睛 
2364161, 34.9, 9.4, 157, I Am a Bunny 
1423193, 29.5, 8.7, 117, 外公的13号古宅 
1065109, 29.7, 8.9, 104, 小鹿斑比 
1077390, 31.0, 8.5, 176, 彼得兔的故事 
3039599, 31.4, 9.4, 95, 狼蝙蝠 
1015241, 27.7, 9.1, 66, 爱克斯探长(数学侦探故事) 
1819840, 34.6, 8.8, 244, 阁楼的秘密 
2160315, 22.3, 9.6, 23, 神秘的楼梯-野蔷薇村的故事 
3112357, 29.2, 8.6, 119, 睡美人 
25985354, 20.4, 8.2, 36, 锯齿形的孩子 
1042820, 29.0, 8.7, 107, 火鞋与风鞋 
1477344, 35.3, 8.8, 271, 黑玫瑰的七个魔法 
1153219, 26.1, 8.4, 83, 来自无人地带的明信片 
1449453, 34.9, 8.6, 304, 子儿，吐吐 
2078904, 24.0, 9.0, 40, 胡萝卜须 
5026623, 26.5, 8.7, 72, 小屁孩日记 
4928407, 30.7, 8.8, 131, 好朋友 
3684940, 28.9, 9.1, 80, 小公主和矮爸爸 
2003189, 45.1, 9.2, 843, 皮皮鲁全传 
1853974, 28.8, 9.5, 61, 飞天小魔女 
26810652, 14.6, 7.9, 15, 小驴托托 第一辑 
1156423, 47.8, 8.8, 1988, 五个苹果折腾地球 
1022702, 44.2, 8.2, 2347, 小丫林晓梅 
25949871, 14.4, 8.1, 13, 魔宠1·王国守护者 
6391146, 24.6, 8.9, 47, 皮埃尔摘月亮 
25853179, 16.3, 7.7, 23, 亨利·休格的神奇故事 
1461655, 37.6, 8.2, 732, 纳尼亚传奇：黎明踏浪号 
1148767, 30.6, 8.1, 236, 汉娜的手提箱 
26686970, 22.2, 8.6, 38, 月亮冰激凌 
6121174, 18.3, 8.0, 28, 狐狸的钱袋 
1797676, 34.1, 8.8, 223, 生日快乐 
26291637, 17.3, 8.5, 18, 地板书 1 
1824868, 25.7, 8.6, 68, 手心里的阳光 
25981701, 20.4, 8.5, 30, 小莲的花草四季 
5275422, 33.1, 9.0, 164, 阴天有时下肉丸 
1398969, 28.1, 9.3, 62, 写给孩子的哲学启蒙书（第1卷） 
3028703, 28.1, 8.1, 151, 狗牙雨 
1449920, 25.5, 8.5, 70, 帽子里的天空 
1033226, 34.0, 9.1, 172, 大侦探小卡莱 
3077647, 20.4, 9.0, 23, 诱骗 
6049142, 36.3, 9.2, 226, 植树的男人 
1970555, 31.6, 8.4, 212, 沉默的证人-超级成长版冒险小虎队 
1766557, 28.1, 9.3, 62, Oh, the Places You&#39;ll Go! (Classic Seuss) 
1085661, 26.2, 8.0, 118, 小魔怪黏巴达 
1032140, 26.4, 8.5, 82, 北风的背后 
1076136, 35.6, 9.0, 240, 狮心兄弟 
25913491, 19.1, 7.1, 63, 奥当女孩 
1448796, 45.4, 9.2, 882, 鲁西西全传 
3517498, 25.3, 8.9, 52, 壁炉山庄的安妮 
3517509, 28.1, 8.9, 81, 梦中小屋的安妮 
1043243, 26.9, 7.8, 160, e班e女孩 
1192109, 18.8, 9.0, 18, 以撒辛格童话 
3186425, 27.5, 8.2, 125, 我讨厌书 
1436584, 39.3, 8.6, 626, 彩虹色的花 
3772650, 30.2, 8.3, 184, 生气的亚瑟 
3786733, 31.3, 8.6, 168, 超酷天使大肚子爸 
25787938, 12.7, 7.2, 15, 从天而降的幸运 
6245485, 25.6, 8.1, 97, 完美的花朵 
1283643, 34.3, 9.2, 168, 小尼古拉的暑假 
24680771, 12.8, 7.1, 16, 夢書迷宮 
21365489, 25.0, 8.6, 60, 贝克街221号的秘密 
2212066, 34.8, 8.2, 452, 100万只猫 
2058261, 23.5, 8.6, 47, 罪马 
3301378, 30.1, 8.7, 128, 世界上最美丽的村子--我的家乡 
3115952, 29.3, 8.2, 170, 侦探小组在行动 
25813419, 16.7, 8.4, 17, 一只叫企鹅的猫 
19897027, 24.7, 9.3, 38, 小怪兽 
2677383, 21.7, 9.0, 28, 门缝里的童年 
10519842, 21.2, 9.7, 19, 怪老头的故事 
5408523, 25.5, 8.0, 103, 漂亮女孩夏林果 
1022733, 34.7, 8.7, 268, 丛林奇谈(上下) 
3374048, 28.3, 8.8, 90, 圣诞老爸 
1899007, 41.4, 9.0, 587, 我想有颗星星 
1086317, 31.4, 7.8, 377, 会飞的教室 
2301328, 36.2, 9.7, 153, 绿野仙踪全集之三 
3315939, 26.6, 9.5, 45, 柳林风声·原始森林 
3171139, 30.3, 8.4, 170, 腰门 
26789619, 16.5, 7.5, 27, 托尼诺成长记 
3922847, 35.1, 9.6, 140, 世界文学名著连环画（亚非部分全五册） 
