Tag: 养生 

ID, Score, Rating, Votes, Title 
1254942, 46.7, 9.2, 1064, 黄帝内经 
2000641, 47.8, 8.2, 4354, 求医不如求己 
1440885, 46.9, 8.0, 5017, 人体使用手册 
3433208, 42.0, 8.5, 1090, 问中医几度秋凉 
2310529, 34.1, 8.8, 226, 遵生八笺 
26841235, 22.8, 8.6, 42, 我要内脏变年轻 
3374562, 35.7, 8.5, 382, 营养圣经 
3711542, 22.7, 9.0, 33, 养生书 
1900356, 40.0, 8.5, 787, 中国健康调查报告 
4077879, 36.5, 8.4, 483, 零起点学中医 
26292422, 33.9, 7.7, 678, 顾中一说：我们到底应该怎么吃？ 
24696686, 31.6, 8.2, 254, 范志红：不懂健康，难做美丽女人 
6389915, 29.8, 7.4, 440, 脸要穷养，身要娇养（全新图文修订版） 
6059005, 22.1, 9.2, 27, 保健按摩 
25843816, 30.3, 8.5, 157, 徐文兵、梁冬对话：《黄帝内经·天年》 
21330892, 34.3, 8.8, 230, 黄帝内经·四气调神 
20442487, 20.8, 6.7, 142, 瘦孕 
1091751, 39.8, 8.9, 499, 瑜伽 
4056324, 33.3, 8.4, 284, 因是子静坐养生法 
3662079, 34.0, 8.5, 287, 呼吸之间 
2339948, 36.4, 7.9, 851, 黄帝内经·养生智慧 
24858364, 28.0, 6.8, 668, 神奇的肌肤能量书 
1465776, 28.2, 8.1, 154, 津津有味谭·素食卷 
1524754, 22.3, 8.5, 41, 随息居饮食谱 
3065729, 27.9, 7.9, 176, 素女经 
25917319, 28.0, 8.6, 99, 徐文兵、梁冬对话·黄帝内经·金匮真言 
24879935, 34.2, 8.9, 208, 黄帝内经 上古天真 
3271484, 32.1, 9.0, 139, 全注全译黄帝内经(上下) 
3924442, 36.5, 8.4, 489, 黄帝内经家用说明书(上古天真论)/国医健康绝学系列 
5281861, 25.0, 9.2, 42, 健康养颜蔬果汁1+1 
1485625, 43.7, 9.1, 756, 瑜伽之光 
26319654, 22.3, 7.4, 95, 护肤品全解码 100款超人气护肤品成分大检阅 
5067922, 32.8, 8.1, 349, 回家吃饭的智慧 
3140556, 34.4, 7.7, 752, 内因决定外貌 
26377453, 30.4, 7.6, 385, 谷物大脑 
24531830, 25.1, 9.4, 38, 道家真气 
3567734, 34.9, 7.7, 817, 黄帝内经使用手册 
1542594, 22.2, 8.7, 36, 道教与养生 
2240612, 35.4, 7.1, 2207, 不生病的智慧 
25856623, 24.0, 8.1, 73, 美国医生谈：我在中国的高水平健康生活 
5411583, 34.4, 8.6, 279, 中国居民膳食指南 
4827425, 28.5, 8.4, 126, 阴阳一调百病消 
3607427, 26.4, 7.7, 161, 中医体质养生 
24294495, 28.7, 7.7, 248, 脾虚的女人老得快 
2355018, 40.7, 8.5, 883, 字里藏医 
25662148, 28.7, 8.6, 110, 南师所讲呼吸法门精要 
25869853, 26.6, 8.3, 98, 徐文兵、梁冬对话:黄帝内经•异法方宜 
22538495, 15.7, 5.4, 221, 吃到自然瘦 
4140386, 25.6, 8.3, 82, 舒适快眠的40个方法 
5363501, 25.0, 8.8, 53, 疾病写在脸上 
2136633, 35.4, 7.4, 1361, 31岁小美女的养颜经 
3148591, 34.1, 7.6, 804, 从头到脚说健康 
1911022, 26.3, 8.6, 74, 老老恒言 
1984347, 41.3, 8.3, 1236, Power Sleep 
6714220, 22.9, 7.7, 82, 子宫好 女人才好 
10454414, 23.5, 8.1, 66, 真原醫 
26593827, 13.2, 7.5, 14, 吃油的革命 
26816643, 17.3, 8.1, 22, 中国女人要补阴 
1000795, 20.2, 8.7, 26, 千金方 
3621280, 28.4, 7.1, 475, 这样吃最健康 
26780208, 23.1, 9.0, 35, 《为我的身体养阳气》 
1862145, 38.9, 8.0, 1187, YOU：身体使用手册 
1261928, 28.3, 9.7, 51, 跟我吃——不会便秘 
1783097, 25.1, 8.0, 96, 津津有味谭·食疗卷 
4209949, 28.4, 7.6, 264, 胖补气 瘦补血 
4106854, 36.6, 9.2, 237, 四圣心源 
2161162, 19.9, 8.4, 29, 图解艾灸疗法 
5921328, 27.0, 8.1, 124, 麦肯基疗法 
3793789, 29.8, 8.0, 225, 不生病的纪律 
2041978, 34.5, 8.6, 285, 本草纲目 
1156370, 27.4, 8.6, 90, 黄帝内经素问白话解 
1798844, 30.7, 7.1, 797, 水是最好的药 
3903009, 28.4, 7.2, 423, 不上火的生活 
25770208, 23.4, 9.3, 31, 八部金刚功 
4139324, 26.9, 6.6, 707, 把吃出来的病吃回去 
1540270, 26.2, 9.3, 47, 太极拳全书 
1691802, 34.7, 8.6, 296, 中医入门 
4244682, 22.9, 7.9, 69, 单桂敏灸除百病 
3159897, 36.7, 8.0, 787, 小言黄帝内经与生命科学 
4628271, 24.7, 7.5, 141, 先别急着吃三餐 
1821723, 20.6, 8.5, 31, 中华仙学养生全书（全三册） 
10558529, 27.2, 8.5, 93, 药房里买得到的传世名方 
3030861, 30.4, 8.0, 252, 曲黎敏养生十二说 
2161392, 26.8, 8.0, 130, 百岁医生教我的生机健康法 
5325416, 26.2, 8.6, 73, 徐公解梦 
26808894, 17.7, 8.5, 19, 回家吃饭的智慧（全新修订典藏版 上、中、下三册） 
3354612, 27.2, 8.5, 93, 骨盆美体操 
25866991, 21.5, 7.9, 54, 手印 
6862134, 26.1, 7.9, 125, 范志红谈怎样吃最安全 
4229369, 25.8, 8.1, 100, 24节气养生法 
26842568, 23.2, 9.9, 23, 调心：把心调好病不找 
3070273, 31.8, 7.8, 406, 人体复原工程 
3885660, 28.8, 8.2, 156, 生命不仅仅如此 
7057926, 20.3, 8.4, 31, 新妇科千金方 
1278389, 21.2, 8.5, 34, 选择健康 
3090796, 18.6, 8.2, 26, 饮膳正要 
3731307, 23.0, 8.1, 61, 图解经络穴位按摩速查手册 
4917068, 29.0, 8.9, 93, 芳疗百科 
6087595, 18.1, 7.2, 47, 断食法 
20474818, 21.9, 8.6, 36, 呼吸之间 
3077716, 27.0, 9.5, 47, 四库全书存目丛书 
2015976, 30.6, 7.5, 457, 人体经络使用手册 
3527661, 28.2, 7.5, 284, 医行天下 
4198061, 21.2, 7.9, 51, 我的单一饮食之路 
10537390, 18.3, 6.6, 87, 擇食 
3622394, 29.6, 7.7, 294, 从头到脚要美丽 
3700467, 27.6, 8.4, 108, 求医不如求己家庭医学全书 
3402881, 20.9, 6.1, 334, 深睡眠 
3924465, 30.6, 8.0, 262, 手到病自除 
3703105, 24.7, 7.2, 190, 肠道清洁书 
26691114, 17.0, 8.1, 21, 我是大医生：医生不说你不懂 
4166077, 30.9, 8.2, 228, 这才是中医 
4825923, 20.5, 8.3, 34, 吃出健康很容易 
5068077, 37.2, 8.3, 609, 拉伸 
3133193, 17.9, 8.0, 26, 易筋经与洗髓经 
20270775, 24.0, 9.0, 40, 肠道黄金书 
3062584, 27.3, 7.4, 265, 病从寒中来 
3434107, 23.1, 7.4, 112, YOU：原来可以这样美！——身体内外兼修手册 
3042606, 30.8, 7.3, 607, 温度决定生老病死 
26712712, 17.9, 8.3, 22, 神奇美肌书：变白，变瘦，变美丽 
6990085, 25.9, 8.1, 102, 这样选购食品最安全 
4665276, 20.9, 7.9, 48, 李少波真气运行法 
5327991, 16.6, 6.8, 47, 好肤色，吃出来 
1191099, 29.0, 8.7, 108, 黄帝内经 
3110954, 22.7, 9.4, 27, 增演易筋洗髓内功图说 
2126672, 19.8, 7.2, 68, 不生病的生活方式 
3038361, 27.0, 7.4, 248, 父母是孩子最好的医生 
1452480, 17.7, 7.3, 40, 营养免疫学 
5936417, 23.8, 8.2, 65, 不可替代的牙齿 
5344391, 15.0, 7.0, 28, 湿热体质 
3205272, 17.2, 7.9, 24, 不生病的活法2·实践篇 
7059588, 13.0, 7.3, 15, 养生豆浆米糊果蔬汁大全 
24890055, 17.1, 6.5, 72, 每天1碗沙拉,等于瘦身1小时 
11603584, 20.2, 6.6, 139, 女生这样做，吃不胖、晒不黑、人不老 
2241285, 23.6, 7.6, 103, 特效穴位使用手册 
6885556, 15.6, 7.9, 18, 脊椎告诉你的健康秘密 
3572716, 29.0, 9.2, 76, 瑜伽之光 
10745695, 15.7, 7.0, 33, 很老很老的老偏方 
3306315, 23.6, 7.1, 170, 能量倍增 
1425821, 18.3, 7.6, 36, 抗衰老饮食 
