Tag: 励志 

ID, Score, Rating, Votes, Title 
1775691, 63.0, 8.3, 51811, 少有人走的路 
26210487, 50.2, 9.1, 1998, 强风吹拂 
26882355, 31.9, 8.3, 244, 去别处 
3609132, 60.3, 8.5, 23118, 把时间当作朋友 
26761696, 45.3, 7.8, 5159, 精进 
1048007, 56.2, 8.2, 19037, 高效能人士的七个习惯（精华版） 
26921116, 31.0, 9.8, 70, 活着就很伟大 
1056295, 57.1, 8.3, 18807, 人性的弱点全集 
26831234, 41.8, 8.7, 848, 不属于我们的世纪 
4953695, 55.6, 8.0, 24655, 拆掉思维里的墙 
3826899, 52.2, 8.6, 5179, 布鲁克林有棵树 
10786473, 55.4, 8.2, 16525, 自控力 
11622283, 63.5, 9.2, 13004, 滚蛋吧!肿瘤君 
26914640, 33.1, 9.6, 106, 你配得上更好的人生 
1033778, 56.8, 8.2, 21352, 富爸爸，穷爸爸 
1269900, 50.2, 8.2, 6669, 活法 
3688489, 48.6, 7.8, 9616, 异类 
1135734, 46.3, 8.6, 1976, 追寻生命的意义 
25917140, 39.8, 7.2, 4768, 不要让未来的你，讨厌现在的自己 
26924263, 30.5, 9.8, 65, 你就要很独特 
26362975, 35.4, 8.0, 628, 藏在这世间的美好 
3266968, 48.8, 7.3, 26288, 秘密 
26907515, 32.2, 9.7, 87, 一问一世界（青少年版） 
26900945, 29.1, 9.5, 64, 世界很小，而你刚好发光 
2008284, 58.8, 8.7, 13118, 佐贺的超级阿嬷 
10598170, 49.5, 8.1, 6839, 我不要你死于一事无成 
25870384, 44.4, 8.4, 1845, 你的生命有什么可能 
4010196, 56.3, 8.1, 23302, 世界因你不同 
1115353, 49.8, 8.3, 5387, 奇特的一生 
26656779, 35.1, 7.5, 1117, 当你的才华还撑不起你的梦想时 
25948154, 36.8, 7.7, 1186, 扛得住，世界就是你的 
26931365, 22.2, 9.3, 26, 邓文迪：女人明白要趁早 
26921601, 24.0, 8.5, 55, 人生的84000种可能 
26590267, 36.4, 7.5, 1460, 工作前5年，决定你一生的财富 
25735727, 48.8, 8.2, 5217, 站在两个世界的边缘 
2194123, 56.9, 8.4, 15403, 相约星期二 
3413836, 51.0, 8.4, 5682, 当下的力量 
25895442, 41.2, 6.9, 11558, 你的孤独，虽败犹荣 
26826894, 27.2, 8.8, 75, 我们是穷得开朗，所以不用担心 
26890720, 24.1, 8.6, 52, 你所羡慕的一切，都是有备而来 
26937532, 27.9, 9.6, 51, 在不确定的世界寻找确定的自己 
4726323, 41.2, 7.5, 3826, 一万小时天才理论 
26878947, 30.3, 8.3, 187, 我不过低配的人生 
1083403, 47.3, 8.0, 5414, 世界上最伟大的推销员 
26916236, 24.7, 7.8, 106, 好姑娘光芒万丈 
4010185, 41.8, 8.0, 1992, 哪来的天才？ 
22994632, 41.0, 9.0, 550, 成功，动机与目标 
26664352, 43.0, 8.9, 826, 褚时健传 
20389195, 43.5, 7.4, 7241, 慢慢来，一切都来得及 
26933776, 18.2, 8.3, 23, 我敢活成自己想要的样子 
7059662, 51.5, 8.1, 9948, 考拉小巫的英语学习日记 
1313181, 46.6, 8.5, 2344, 富兰克林自传 
1161817, 47.7, 8.7, 2189, 洛克菲勒留给儿子的38封信 
25788697, 38.6, 7.6, 1932, 一切都是最好的安排 
1069805, 46.7, 8.7, 1875, 给青年的十二封信 
1100470, 40.4, 7.5, 3260, 现在，发现你的优势 
10739290, 45.8, 7.9, 4861, 30岁前别结婚 
4741216, 47.9, 7.3, 21622, 我的奋斗 
26914156, 18.5, 8.1, 27, 你不努力，就别怪世界残酷 
1105890, 44.7, 8.2, 2549, 生命的重建 
5344908, 40.4, 8.0, 1557, 别独自用餐 
6510070, 45.6, 8.3, 2619, 人生不设限 
20389192, 40.4, 7.2, 5434, 30岁前的每一天 
26220798, 39.2, 7.7, 1867, 生命不息，折腾不止 
10512506, 43.3, 7.8, 3548, 世界上的另一个你 
5408860, 43.4, 8.2, 2010, 风雨哈佛路 
26693418, 37.8, 7.5, 1901, 按自己的意愿过一生 
3622904, 45.1, 7.3, 11953, 不抱怨的世界 
26728018, 29.1, 6.7, 1031, 你所谓的稳定，不过是在浪费生命 
26882462, 24.9, 6.7, 372, 你从未真正拼过 
26384723, 30.9, 7.6, 431, 我比谁都相信努力奋斗的意义 
5302113, 44.9, 8.3, 2297, 三双鞋 
25855770, 31.2, 8.1, 263, 就因為「沒時間」，才什麼都能辦到 
1040397, 51.4, 8.1, 9686, 假如给我三天光明 
1436707, 43.0, 7.6, 4634, 如何掌控自己的时间和生活 
26598945, 34.8, 7.5, 1054, 请尊重一个姑娘的努力 
26891340, 29.8, 9.3, 80, 我不过别人指定的生活 
26108383, 31.6, 6.9, 1329, 人生永远没有太晚的开始 
26852845, 28.9, 8.4, 134, 仅记住所有快乐 
1021056, 48.1, 7.2, 27691, 谁动了我的奶酪？ 
26925607, 26.8, 8.7, 75, 不如去闯 
3006483, 39.3, 7.7, 1932, 每周工作4小时 
2083981, 49.9, 8.7, 3143, 了凡四训 
1013502, 54.0, 7.6, 39363, 钢铁是怎样炼成的 
26924276, 16.2, 7.9, 20, 愿你的青春不负梦想 
6041708, 48.0, 8.4, 3432, 世上另一个我(修订版) 
26781120, 30.7, 8.2, 219, 优秀到不能被忽视 
6724865, 41.5, 8.7, 812, 坚不可摧 
3194500, 34.9, 7.9, 640, 一个被称作“它”的孩子 
10476698, 44.8, 7.5, 7732, 因为痛，所以叫青春 
26865082, 33.9, 7.7, 678, 就这样吧 
26844750, 24.6, 7.7, 113, 优秀的人，都敢对自己下狠手 
26808156, 25.3, 9.3, 41, 你可以活成自己喜欢的模样 
4846035, 38.6, 7.6, 1930, 干法 
20429358, 24.6, 9.8, 29, 做好领导的九大赢招 
2980795, 43.2, 7.7, 4044, 内向者优势 
3628749, 37.2, 9.5, 204, 向世界呼喊吧 
26425651, 30.7, 6.4, 2627, 你只是看起来很努力 
23044177, 40.9, 8.0, 1684, 挺住，意味着一切 
4816212, 38.3, 7.4, 2473, 真希望我20几岁就知道的事 
24713564, 32.1, 7.6, 542, 不要和鲨鱼接吻,但要和勇敢一起睡觉 
1262986, 51.2, 8.1, 9297, 我不是教你诈 
1427679, 45.9, 7.5, 9661, 做最好的自己 
26915454, 29.4, 9.7, 59, 《匠人匠心：用一生，做好一件事》 
3613841, 33.6, 8.1, 402, 自信的秘密 
26699409, 24.7, 7.1, 213, 明天过得怎么样，取决于今天的你怎么做 
10773358, 43.2, 8.1, 2243, 意志力 
26919454, 14.9, 8.0, 15, 人生很短，你要做个聪明人 
20434430, 36.9, 8.0, 814, 你要如何衡量你的人生 
26266672, 27.3, 7.3, 297, 你以为没有的，可能在来的路上 
24083865, 41.2, 7.7, 2781, 女人明白要趁早之三观易碎 
3410763, 42.5, 8.6, 1063, 最后的演讲 
7057593, 32.9, 7.5, 718, 尼采的心灵咒语 
26757648, 29.6, 7.7, 299, 并没有如愿以偿的人生 
1731825, 44.9, 7.5, 7919, 读大学，究竟读什么 
25852441, 34.3, 6.9, 2417, 当我足够好，才会遇见你 
2054246, 39.5, 8.0, 1312, 你的误区 
11507862, 45.9, 8.2, 3157, 独自上场 
4247329, 34.2, 8.5, 297, 致青年学者 
26627876, 37.1, 8.7, 400, 在艰难的世界里，勇敢前行 
26417674, 32.4, 7.9, 407, 当我足够爱，才敢失去你 
4934590, 39.4, 8.5, 706, 活出最乐观的自己 
26889819, 24.0, 9.1, 38, 世上没有怀才不遇这件事 
3224456, 43.1, 7.7, 3962, 少有人走的路Ⅱ 
26926618, 22.2, 9.9, 20, 史蒂夫·乔布斯传（漫画版） 
3123393, 46.5, 7.6, 9164, 遇见心想事成的自己 
24699104, 35.8, 7.0, 2856, 你要去相信，没有到不了的明天 
26897266, 30.9, 8.8, 135, 全新修订版《考拉小巫的英语学习日记：写给为梦想而奋斗的人》 
26277384, 26.6, 6.9, 420, 让未来的你，感谢现在的自己 
2113347, 38.9, 8.6, 593, 卡耐基经典全集 
4214217, 37.7, 7.5, 1896, 女人明白要趁早 
21364188, 34.3, 7.2, 1476, 书都不会读，你还想成功 
25892661, 27.6, 6.9, 530, 就想开间自己的小店 
26791537, 23.1, 8.2, 58, 心静的力量 
2133074, 41.5, 7.0, 10035, 20几岁，决定女人的一生 
11509401, 36.2, 6.9, 3767, 正能量 
26609645, 42.4, 8.2, 1705, 而立·24 
26672856, 15.3, 7.8, 18, 寻海记 
25777982, 42.3, 7.6, 3986, 在难搞的日子笑出声来 
24737118, 36.4, 8.0, 747, 不要等到毕业以后 
2119843, 41.1, 6.9, 11318, 钝感力 
26832090, 27.1, 8.1, 127, 别扯了，时间才不会改变一切 
1786387, 61.0, 8.6, 22063, 影响力 
26811453, 27.1, 9.5, 48, 5年后，你是什么档次？ 
25923063, 38.2, 8.3, 726, 考拉小巫的留学成长日记 
24528199, 30.2, 7.9, 266, 恋爱从失恋开始 
4006425, 39.0, 7.7, 1811, 我是一只IT小小鸟 
1000972, 37.2, 8.1, 768, 一生的忠告 
6125682, 37.8, 7.5, 1921, 力量 
26434719, 32.6, 6.8, 1966, 你一年的8760小时 
26428516, 28.1, 6.7, 797, 我只是敢和别人不一样 
20273181, 33.6, 8.1, 407, 生命是长期而持续的累积 
26730678, 27.0, 7.9, 149, 我不过无比正确的生活 
26307520, 29.3, 8.1, 187, 没有街道的城市 
1097991, 34.5, 7.8, 677, 一生的计划 
26747695, 20.1, 6.6, 134, 所有失去的都会以另一种方式归来 
26794518, 26.3, 7.8, 144, 25岁，如何规划你的人生 
26636282, 26.3, 6.8, 448, 如果你想过1%的生活 
26183838, 29.7, 7.5, 378, 我想看到的世界 
2065564, 46.2, 8.1, 3804, 一日重生 
26412672, 28.0, 7.5, 269, 你可以拥有你想要的生活 
26178225, 29.5, 7.5, 364, 巧克力色微凉青春I 
20283087, 35.0, 8.0, 580, 十年徒步中国 
24845767, 26.8, 7.0, 382, 总有一次哭泣，让人瞬间长大 
1101606, 33.4, 8.3, 318, 聪明人的圣经 
26659614, 30.7, 7.3, 597, 谢谢自己够勇敢 
1799920, 26.3, 9.1, 54, 你值得成为最优秀的 
26422275, 32.7, 7.3, 907, 向死而生 
26613582, 23.0, 7.7, 83, 世间所有的美好，都是因为坚持 
3654465, 37.8, 7.7, 1441, 少有人走的路III 
25799030, 30.9, 7.3, 626, 莫急，你要的岁月都会给你 
25941678, 27.1, 6.8, 542, 他爱的是玫瑰，而你是蔷薇 
26935479, 14.5, 8.0, 14, 在对的时间做对的事 
2007012, 28.0, 8.6, 99, 特异功能三百例 
26865530, 20.7, 8.2, 38, 夜空的星照亮你前行 
25937939, 24.0, 7.5, 122, 一个人也能有很好的时候 
26252929, 30.5, 8.0, 257, 我只想和你说说话 
26928768, 19.5, 8.9, 21, 美好的人，都不会孤独终老 
6515939, 35.6, 6.8, 3957, 世界如此险恶，你要内心强大 
1065931, 39.0, 7.8, 1570, 图穷对话录 
5290239, 37.1, 8.1, 752, 这一生再也不会有的奇遇 
26858337, 16.8, 7.8, 24, 你离考研成功，就差这本书 
26775412, 31.4, 8.9, 136, 最朴素的生活和最遥远的梦想 
26333102, 27.3, 7.7, 189, 我不愿让你一个人 
26418338, 26.3, 7.4, 213, 努力，才配有未来 
2063630, 31.1, 8.1, 257, 疯狂的功成名就 
26689692, 28.2, 8.4, 119, 不完美，才美 
26845275, 25.6, 8.4, 77, 梦想会证明一切 
26140526, 22.7, 6.2, 464, 你值得拥有最好的一切 
24706032, 28.5, 7.4, 335, 本能 
25984823, 28.3, 7.3, 363, 你的时间有限，不要为别人而活 
5408858, 49.9, 8.9, 2445, 建筑家安藤忠雄 
1085007, 29.4, 8.0, 211, 敏感的人:如何面对外界压力 
3235517, 37.6, 7.8, 1205, 自慢 
1015133, 36.3, 7.8, 939, 首先，打破一切常规 
26289077, 26.5, 7.6, 179, 这善变的世界，难得有你 
1423818, 37.2, 7.9, 990, 如何在大学里脱颖而出 
20432499, 28.5, 6.7, 882, 这辈子最渴望做的那些事 
26627873, 28.6, 7.2, 442, 格局逆袭 
25977760, 26.1, 7.0, 331, 我们都是突然长大的 
26817186, 21.0, 7.4, 73, 我们始终独自行走在这个世界 
21966358, 29.3, 7.8, 253, 就在你所在的地方生根开花 
4729468, 38.2, 7.6, 1802, 全中国最穷的小伙子发财日记 
2140496, 41.2, 8.5, 967, 幸福的拾荒者 
4169495, 31.6, 7.5, 559, 让天赋自由 
25923206, 28.6, 7.4, 344, 只要活着，就会有好事发生 
26755104, 22.3, 7.5, 87, 20几岁，你为什么害怕来不及 
26892462, 26.7, 9.4, 48, 职场小白脱菜手册 
26845180, 14.8, 8.1, 14, 年轻不怕一无所有，你知道自己终将闪耀 
26695289, 21.4, 7.7, 61, 愿你的生活，既有软肋又有盔甲 
25782643, 30.9, 7.3, 624, 你若不勇敢，谁替你坚强 
4249313, 36.7, 7.7, 1164, 活在当下 
4867187, 33.0, 8.0, 407, 稻盛和夫自传 
26342463, 22.8, 7.1, 142, 你就是脸皮太薄！ 
26236894, 24.9, 8.0, 93, 二十几岁决定你的人生主题 
26767643, 27.1, 7.5, 226, 愿所有美好如期而至 
24756947, 36.8, 9.1, 263, 肖申克的救赎 
24755048, 34.8, 8.2, 452, 当Bob来敲门 
26826155, 29.0, 9.5, 63, 女神从来不慌张 
26895634, 27.6, 9.6, 49, 不完美，才美II：情绪决定命运 
25948155, 29.5, 7.3, 470, 每一个优秀的人，都有一段沉默的时光 
10758623, 24.9, 8.6, 59, 悠游100年/悠遊100年 
26711266, 26.8, 8.1, 120, 我相信失败 
26456492, 22.2, 7.5, 85, 我不要在庸碌中老去 
26287447, 23.5, 7.8, 85, 绝对达成 
26808478, 28.4, 9.8, 49, 用一双鞋改变世界 
1775895, 35.4, 8.5, 366, 心的出路 
25876244, 34.2, 7.4, 1066, 在绝望中寻找希望 
4150038, 43.4, 8.1, 2305, 海鸥乔纳森 
26339251, 24.8, 6.8, 318, 人生随时可以重来 
6900326, 32.5, 7.1, 1167, 好的生活没那么贵 
20501718, 28.3, 8.4, 121, 一的力量 
26936065, 12.7, 8.0, 10, 请停止无效努力 
25832152, 30.3, 8.8, 123, 自尊的力量 
1964884, 34.8, 7.4, 1224, 为什么幸运的人总幸运倒霉的人老倒霉 
1491590, 36.4, 8.0, 746, 人性的优点 
26378417, 30.0, 7.7, 319, 时间会证明一切 
4233659, 31.7, 7.3, 732, 少吃一块糖，最好的大学任你上！ 
25985499, 34.9, 7.6, 942, 这一生，静待时光检验 
26731137, 25.8, 8.6, 69, 闫小姐不嫁了 
26827374, 17.9, 8.2, 23, 我只想成为英雄背后的普通人 
3550398, 37.6, 7.5, 1861, 时间管理幸福学 
6110455, 28.5, 7.9, 195, 唤醒心中的巨人 
4920383, 34.8, 7.4, 1211, 这辈子，只能这样吗？ 
25847700, 30.6, 7.9, 287, 青春是一件多么痛的礼物 
25938970, 30.5, 7.5, 450, 现在的泪，都是当年脑子进的水 
1050762, 29.9, 8.0, 230, 10秒钟让自己不同凡响 
26852949, 16.8, 8.1, 20, 为了梦想，拼尽全力又何妨 
1961913, 44.5, 8.3, 2159, 太傻十日谈 
5325861, 31.8, 6.5, 2816, 气场 
26640794, 28.3, 7.5, 287, 没事别随便思考人生 
25716909, 32.9, 7.5, 724, 没有梦想，何必远方 
26412718, 29.6, 7.2, 546, 我的漂亮朋友 
26742538, 27.2, 7.4, 258, 我们都是和自己赛跑的人 
7952978, 32.9, 8.8, 186, Wonder 
10466739, 25.5, 7.8, 124, 败者为王 
26650151, 26.2, 7.3, 237, 谁说咸鱼没有梦想 
26313089, 32.6, 7.1, 1197, 姑娘，欢迎降落在这残酷世界 
25718134, 33.8, 7.3, 1140, 女不强大天不容 
26877306, 31.4, 8.6, 171, 微习惯 
2025999, 56.7, 9.8, 2371, 灌篮高手（全31卷） 
1058229, 40.3, 8.7, 666, 智慧书 
26269501, 24.8, 7.4, 158, 你配得起更好 
26902288, 24.9, 9.3, 39, 人生没有白走的路，每一步都算数 
26706748, 24.5, 8.0, 86, 无聊世界的正经事 
1004325, 34.6, 6.6, 4596, 致加西亚的信 
25885179, 36.5, 9.3, 213, 我为青春狂 
6801742, 31.7, 7.5, 562, 人生定位 
1220597, 31.3, 7.7, 413, 高效能人士的第八个习惯 
25771613, 31.4, 7.8, 375, 歐陽靖寫給女生的跑步書 
26589039, 23.5, 8.4, 54, 你只需努力，剩下的交给时光 
25731151, 28.1, 6.7, 803, 愿我的世界总有你二分之一 
26288091, 32.3, 8.6, 198, 我是伊布 
26673003, 23.6, 8.6, 48, 谁不是一边受伤，一边学会成长 
11526985, 35.3, 7.2, 1827, 直到世界尽头 
26293605, 22.2, 7.1, 125, 听了那么多大道理，为什么依旧过不好这一生 
1053836, 34.8, 6.8, 3255, 细节决定成败 
1082901, 25.6, 7.8, 126, 聪明人的训练 
25927346, 23.5, 7.0, 184, 趁我们还年轻，趁我还爱你 
26842572, 22.0, 8.6, 37, 你总是太容易放过自己 
26890721, 15.3, 7.9, 17, 在这浮华世界里，我只要刚刚好 
26921103, 18.7, 8.1, 28, 谁说你不能坚持 
26791097, 22.4, 7.6, 81, 不是世界不好，是你见的太少 
26789958, 18.1, 6.0, 178, 更好的人生 
2329752, 31.0, 7.9, 313, 方与圆全集 
25986353, 25.1, 8.1, 88, 人生不需要走直线 
26394467, 26.3, 7.0, 345, 就像没有明天那样去生活 
24531896, 29.7, 7.0, 739, 不曾走过,怎会懂得 
5325859, 34.7, 7.4, 1194, 天下没有怀才不遇这回事 
26694904, 31.0, 7.5, 491, 世界很大,幸好有你 
26253743, 27.6, 7.8, 182, 南下打工记 
5398985, 28.3, 7.8, 208, 积极情绪的力量 
4244979, 36.1, 8.0, 706, 我就是要挑战这世界 
26792605, 21.3, 8.5, 35, 咬牙坚持，你终将成就无与伦比的自己 
26838458, 19.9, 8.4, 29, 仅有一次的人生，就要酣畅淋漓地活 
1956419, 44.4, 8.4, 1839, 一公升の眼泪 
6920100, 35.3, 7.6, 1022, 20个月赚130亿 
26747730, 21.0, 9.3, 22, 我有预感，明日阳光灿烂 
4909716, 36.6, 7.5, 1503, 谁说这辈子只能这样 
2146670, 26.4, 7.8, 146, 怎样销售你自己 
26823158, 23.5, 8.7, 44, 能量：9个能量场实验激活不可思议人生 
3558629, 50.2, 8.4, 4933, 小强升职记 
26275063, 34.3, 8.6, 275, 活得明白 
1028372, 35.3, 7.9, 693, 要事第一 
26456842, 22.2, 9.5, 24, 我在这一秒，与你擦肩 
3149514, 38.1, 8.0, 1016, 战胜拖拉 
26664622, 31.0, 8.3, 208, 用所有的存在与世界相会 
26672540, 21.2, 7.7, 59, 别忘你也曾野心勃勃 
7916024, 30.9, 7.4, 543, 雨中的3分58秒 
24318992, 32.0, 8.0, 335, 别在异乡哭泣 
25924913, 22.9, 6.5, 305, 你这辈子就是吃了太严肃的亏 
25756576, 23.9, 8.1, 72, 自我激励的100种方法 
26342494, 29.8, 7.2, 567, 美女都是狠角色 
10831855, 36.4, 8.0, 751, 俞敏洪口述 
26699117, 23.8, 8.5, 53, 自律力 
26894789, 17.1, 7.7, 27, 愿你成为一个发光的人 
26854560, 20.1, 8.2, 34, 巨匠的技与心 
26262143, 31.6, 7.7, 432, 女人明白要趁早之米字路口问答 
26220259, 38.0, 8.3, 700, 褚时健：影响企业家的企业家 
26865124, 27.2, 8.6, 87, 我本浪人 
1963831, 29.0, 7.6, 295, 像希拉里那样工作-像赖斯那样成功 
2194590, 33.0, 8.0, 401, 心灵鸡汤全集 
3284230, 40.3, 7.4, 3694, 我的成功可以复制 
20485924, 27.1, 8.4, 99, Give and Take 
3622445, 42.9, 8.7, 1006, 贫民窟的百万富翁 
26868030, 15.6, 7.4, 24, 做没做过的事，爱没爱过的人 
6727724, 38.8, 8.2, 910, 穆里尼奥传 
10580377, 38.8, 7.8, 1510, 响聊聊职场 
26421261, 20.9, 7.4, 71, 当你真正开始爱自己 
1061615, 34.5, 7.6, 873, 方与圆 
1924212, 32.5, 7.3, 866, 说话的魅力 
26806986, 23.2, 9.2, 32, 你的孤独，终有回响 
1019917, 38.5, 8.4, 679, 杰出青少年的七个习惯 
1779404, 33.7, 8.8, 211, Seven Habits of Highly Effective People 
1001895, 43.7, 7.8, 3809, 靠自己去成功 
25763508, 27.0, 7.6, 198, 青春之后 认输之前 
4827417, 32.9, 7.6, 637, 求职，从大一开始 
19977115, 34.0, 7.5, 903, 摸着石头过河 
1009069, 25.0, 8.3, 74, 成功没有逻辑 
1417377, 32.5, 8.4, 247, It&#39;s Not How Good You Are, Its How Good You Want to Be 
2024848, 30.0, 8.5, 149, 约翰·克里斯朵夫 
1769548, 40.7, 9.1, 474, 阿信(一) 
26818063, 25.8, 8.3, 86, 你的梦想，自己会来找你 
10432334, 39.1, 8.3, 854, Me Before You 
15994287, 23.3, 6.2, 545, 你要配得上自己所受的苦 
26895253, 15.3, 7.7, 19, 梦之队 
26829704, 19.6, 7.6, 47, 从今天起，不活在别人的期待里 
4164215, 31.6, 7.7, 439, 当一切改变时，改变一切 
26476185, 22.7, 7.8, 73, 小人物 
3267945, 40.3, 7.9, 1730, 疯狂的程序员 
3018230, 33.8, 8.1, 416, 创 
1037056, 34.3, 8.3, 367, 唤起心中的巨人 
26670874, 22.2, 7.6, 78, 一个人最后的清单 
1217156, 27.6, 7.7, 200, 沟通的艺术:卡耐基人际交往的成功智慧 
26681616, 25.5, 7.8, 123, 在人生拐角处 
26314445, 19.5, 7.2, 63, 这世界教我的事 
1037534, 29.0, 7.7, 263, 黄金是怎样炼成的 
26426124, 18.9, 6.6, 100, 像爱奢侈品一样爱自己 
26849603, 24.6, 8.3, 69, 选择你所能承受的那条路 
3618598, 31.0, 8.0, 279, 自立 
3034706, 41.6, 9.2, 494, The Last Lecture 
4886883, 33.0, 7.5, 736, 将才 
25892845, 24.4, 7.7, 109, 初心 
26739865, 34.6, 7.4, 1161, 向着光亮那方 
26901110, 17.3, 7.8, 26, 穿女神气场的你永无困境 
24878033, 31.2, 8.2, 240, 残酷才是青春 
10759777, 36.7, 7.9, 888, 秘密副作用 
6004438, 34.2, 7.5, 939, 做你自己 
26907310, 33.4, 9.8, 97, 灭秦1 
26850028, 22.7, 8.5, 44, 阿里巴巴 
26270736, 17.3, 6.1, 123, 像她那么有范儿 
1055881, 30.9, 7.4, 545, 你的降落伞是什么颜色？ 
26780220, 22.2, 9.3, 26, 没有双脚，所以努力奔跑 
6966843, 41.8, 7.8, 2642, 重遇未知的自己 
25717085, 27.9, 9.6, 51, 幸运是设计出来的 
1077497, 42.6, 7.3, 7083, 水煮三国 
26345248, 20.8, 6.9, 114, 最努力的时候运气最好 
3115378, 27.7, 7.6, 229, NLP自我重塑计划-21天塑造全新自我 
25790743, 28.7, 8.3, 141, 总有一个人，爱你如生命 
26579956, 19.7, 8.4, 28, 听从自己内心的安排 
1077701, 34.9, 8.5, 334, 拿破仑·希尔成功学全书（上下） 
7000864, 34.1, 8.0, 491, 三个傻瓜 
1048859, 40.6, 8.7, 702, 大染坊 
1007864, 38.5, 7.8, 1421, 商道 
3616968, 37.9, 7.8, 1286, 活法（贰） 
1834971, 29.3, 8.0, 207, 女总裁告诉你 
1076574, 32.6, 8.4, 253, 激发无限的潜力 
26755862, 20.1, 7.4, 60, 谁不曾浑身是伤，谁不曾彷徨迷惘 
26865090, 17.9, 7.5, 36, 你必须有一个不可动摇的第一 
26718873, 22.2, 9.1, 29, 一切都不是你的错 
2382825, 31.7, 7.4, 649, 希拉里传 
26770589, 21.8, 8.9, 30, 生活这件事，再难也别将就 
26603812, 22.6, 7.5, 91, 接受不完美的勇气 
25734421, 29.8, 8.5, 143, 胡萝卜须 
26592112, 21.2, 6.4, 229, 这世界，缺你不可 
3593985, 27.5, 7.4, 275, 情商 
22382669, 21.4, 7.2, 94, 正能量修成手册 
25911858, 33.3, 8.3, 310, 我们能做什么 
6828163, 30.5, 6.6, 1701, 4点起床 
25953702, 27.3, 6.6, 784, 习惯就好 
1532073, 28.4, 7.5, 291, 卡耐基写给女人一生幸福的忠告 
26603151, 19.1, 7.7, 39, 用自己最喜欢的方式去生活 
2079574, 26.2, 8.3, 91, 激发心灵潜力 
26378862, 25.2, 7.3, 192, 气质 
3864320, 41.4, 7.7, 2867, 潜伏在办公室 
25918528, 20.1, 7.2, 72, 你该懂些世故再老呀 
26747435, 19.0, 7.8, 36, 你那么年轻，还不懂努力奋斗的意义 
1211267, 47.5, 8.5, 2739, 阿甘正传 
25958629, 29.3, 8.2, 171, 男人不可以穷 
26352388, 19.7, 7.8, 41, 约翰·克里斯朵夫 
10831818, 33.9, 8.2, 383, 细小 
26306686, 49.5, 8.4, 4406, 创业维艰 
3513006, 31.4, 7.8, 372, 失落的致富经典 
26814982, 21.7, 8.1, 48, 你是那些年岁里最烈的酒 
26368320, 20.8, 7.2, 84, 我，睡了，81个人的沙发之后 
6869070, 28.3, 7.6, 259, 别放弃，小豌豆 
1393651, 21.4, 8.3, 40, 积极思考就是力量 
25960997, 28.8, 8.6, 113, 远山在呼唤 
3446163, 33.9, 7.7, 682, 大学不知道 
4087554, 38.0, 8.0, 997, 活法（叁） 
3359251, 27.2, 8.3, 109, 如何停止忧虑，开创人生 
25833289, 23.4, 7.5, 108, 你受的苦将照亮你的路 
10570590, 25.3, 7.9, 108, 我把一切告诉你2 
25891329, 28.0, 8.6, 98, 心法 
3371165, 29.2, 7.1, 570, 吃掉那只青蛙 
25913208, 10.9, 4.1, 892, 将来的你，一定会感谢现在拼命的自己 
2341195, 34.6, 7.3, 1358, 20几岁，可以改变女人的一生 
6880453, 28.2, 8.2, 140, 乔布斯传 
6437896, 30.7, 7.7, 368, 六项精进 
26613506, 16.2, 6.8, 43, 别让我们在二三十岁就死去 
24834723, 23.0, 7.9, 71, 做更自信的自己 
4817621, 27.1, 6.8, 542, 丢掉50样东西，找回100分人生 
20283438, 25.7, 7.5, 171, 工具 
20394641, 22.8, 6.7, 227, 做内心强大的女人 
26437218, 21.2, 7.6, 64, 一个人也要美美哒 
26718084, 19.6, 7.8, 40, 你原本可以过上更好的生活 
26742205, 18.7, 8.0, 30, 你时刻准备着，却错过每个机会 
20434433, 29.8, 8.0, 227, 永不止步 
1162468, 34.6, 8.4, 355, 假如给我三天光明 
1253894, 31.8, 7.1, 1002, 习惯的力量 
1083906, 31.6, 8.9, 139, 青春的敌人 
3350290, 25.6, 8.1, 96, 大思想的神奇 
26107066, 21.5, 6.6, 190, 孤独是你的必修课 
26660670, 29.3, 7.4, 395, 人生不怕从头再来 
10537637, 41.5, 7.6, 3422, 行走中的玫瑰 
24873705, 17.9, 8.0, 26, 一生：迈克·华莱士传 
24700921, 23.4, 6.3, 470, 关于这个世界，你不快乐什么 
7154810, 20.2, 7.2, 74, 天下没有坐着吃的午餐 
25925049, 25.0, 6.9, 296, 那些伤，为什么我还放不下：斯坦福大学最重要的一堂情绪管理课 
24733738, 26.5, 7.5, 202, 理科生的人生设计指南 
3446452, 34.7, 7.7, 794, 人生就是不停的戰鬥 
26823419, 19.4, 8.4, 27, 20岁，我们创业吧 
11620321, 29.2, 7.4, 387, 王石说 
26383578, 21.4, 7.3, 86, 时光会把最好的留在最后 
3691442, 17.8, 7.3, 41, 歪门正道 
5414530, 28.5, 7.5, 299, 与自己对话 
1096430, 32.7, 8.1, 343, 刘墉精品书坊（励志卷） 
21323914, 25.6, 8.3, 83, 仰望星空 
4324905, 29.5, 7.8, 259, 发掘你的竞争力 
1491592, 26.4, 7.8, 146, 卡耐基演讲与口才 
26420555, 38.0, 8.0, 1009, 何必等来生 
1027050, 31.2, 7.6, 458, 完美大学必修课 
25900807, 29.9, 7.5, 394, 短暂飞行 
26844485, 20.0, 6.6, 132, 我想和你在一起 
25695703, 38.3, 8.6, 531, 最好的你，在路上 
1257491, 35.5, 8.0, 634, 挺立在孤独、失败与屈辱的废墟上 
10480862, 17.1, 7.7, 27, 人生四分之一危机 
25886899, 27.7, 7.0, 475, 我对时间有耐心 
4883568, 35.7, 7.3, 1691, 从伊豆到北京有多远 
26628237, 30.7, 7.6, 413, 哪有没时间这回事 
24912330, 33.6, 8.8, 207, 廖智：感谢生命的美意 
26617315, 20.7, 8.7, 28, 懒人总是有借口 
26275048, 19.1, 7.1, 63, 没拼过的青春，不值一过 
1022541, 32.8, 7.8, 483, 追求卓越 
3125077, 34.4, 9.2, 171, The Last Lecture 
20003684, 34.2, 7.5, 928, 那些女生该懂的事 
20388492, 28.4, 7.0, 547, 我的价值观 
26446492, 28.0, 7.5, 273, 沿途的向阳花 
26787061, 18.1, 6.8, 68, 我心温柔，自有力量 
4180019, 19.6, 8.2, 31, 如何提高你的洞察力 
25798964, 28.0, 7.4, 301, 把每一天，当作梦想的练习 
2516411, 23.4, 8.0, 71, How to Become a Straight-A Student 
4179014, 36.1, 7.7, 1035, 公主向前走 
26865287, 19.9, 7.5, 53, 日行一事 
4737260, 28.4, 8.2, 147, 卡耐基口才的艺术与人际关系 
26617302, 23.2, 8.2, 59, 你是我最晴朗的客人 
20503893, 26.8, 7.1, 337, 混搭 
25901055, 23.2, 7.7, 87, 野蛮进化 
25731741, 26.1, 8.0, 116, “玩”才是正经事儿 
4121543, 28.1, 7.7, 221, 就这样，挺过创业难关 
4042144, 28.2, 7.3, 355, 每天坚持30分钟 
26808586, 17.2, 7.9, 24, 晚安，这个残酷又温柔的世界 
24934182, 56.2, 8.1, 22699, 一个人的朝圣 
25921355, 23.7, 8.3, 60, 翻转人生的教育 
26287483, 19.9, 7.1, 75, 迷失的时候，选择更艰辛的那条路 
10757905, 29.1, 8.2, 164, 卡耐基沟通的艺术与处世智慧 
6084515, 33.3, 8.5, 258, 叫我第一名 
26848140, 19.9, 7.9, 40, 孤独的你总有星辰作伴 
26786048, 22.7, 7.6, 85, 你一定要努力，但千万别着急 
26429871, 20.1, 7.2, 72, 愿所有的坚持终不被辜负 
20502573, 30.5, 7.7, 353, 绽放 
3717048, 33.8, 8.4, 308, 修养 
3300884, 37.7, 8.1, 833, 投资大师罗杰斯给宝贝女儿的12封信 
26818130, 14.0, 7.8, 14, 姑娘，你不必讨好全世界 
4159343, 35.2, 7.7, 879, 潜意识的力量 
25934254, 26.8, 8.2, 110, 不要等到毕业以后（最新修订版） 
2149626, 41.1, 8.6, 850, 恰同学少年 
24529136, 24.1, 6.8, 274, 适合比成功更重要 
1675270, 32.3, 8.0, 355, 人性的优点全集 
26307060, 25.5, 8.2, 87, 选一种姿态，让自己活得无可替代 
4874210, 31.7, 7.2, 848, 扫除力 
26849839, 14.3, 7.9, 14, 我只是和这个世界不够默契 
25901057, 26.1, 8.4, 83, 当Bob来敲门2 
2118345, 19.8, 8.5, 27, 為什麼我不敢告訴您我是誰 
1019110, 21.0, 8.4, 35, 力量原则 
26801579, 13.6, 7.8, 13, 愿你没有白白受苦 
4804148, 28.6, 7.2, 438, 女人25，活出最好的自己 
5975566, 40.2, 8.6, 732, 牺牲 
4062735, 35.2, 8.5, 352, 对生命说是 
26771604, 15.9, 5.3, 290, 穿越人海拥抱你 
1440172, 22.9, 6.4, 355, 穷人缺什么 
26593287, 19.1, 5.9, 276, 少年啊，前路漫漫 
10770543, 28.6, 8.2, 152, 职场竞争力 
4810784, 32.6, 7.8, 465, 婚姻，决定女人的一生 
4912848, 27.4, 7.8, 177, 价值观的力量 
19967243, 16.9, 5.9, 143, 我想我已活到了一个尴尬的年龄 
1435959, 15.4, 6.8, 36, 上大学为了什么 
1911166, 34.6, 8.3, 392, 活出自己 
5320300, 29.6, 7.4, 421, 兄弟我在义乌的发财史 
10800367, 21.9, 7.7, 67, 人生没有假如 
1042825, 19.4, 7.9, 36, 怎样训练你自己 
20380809, 29.0, 7.4, 375, 世界如此险恶，你要内心强大 2 
26769681, 17.6, 6.5, 82, 如果你不肯向这个世界投降 
1271579, 39.1, 7.6, 2123, 礼物 
1908463, 39.2, 7.8, 1641, 与未来同行 
3352914, 32.3, 7.6, 561, 知性力 
26793117, 13.0, 7.3, 15, 你有多强大，就有多温柔 
2147625, 25.4, 6.4, 676, 硅谷禁书 
26388007, 28.6, 8.3, 138, 照着想象去生活 
25712697, 35.0, 7.5, 1098, 一个自己的房间 
1043427, 21.7, 7.4, 83, 领导力21法则 
26351743, 19.2, 8.1, 31, 把生活过成你想象的样子 
1902719, 36.3, 8.7, 351, 佐賀阿嬤 笑著活下去！ 
26640192, 20.3, 8.6, 28, 在爱中重生 
25919310, 23.1, 7.6, 92, 人生没岔路 
25872134, 25.7, 7.3, 212, 其实,你所知道的世界很陌生 
4852691, 37.5, 8.4, 575, 你不可不知的人性（全二册） 
26351364, 18.5, 7.1, 56, 生命从来未曾看轻任何人 
20273641, 30.8, 9.1, 107, 狂热的爱 
26706747, 12.8, 7.1, 16, 内心强大是一种怎样的体验 
26915786, 16.7, 8.4, 17, 你刚好丑成我喜欢的样子 
25923177, 23.3, 7.0, 179, 你有权以自己的方式长大 
26286458, 22.2, 7.6, 77, “懒人”统治世界 
26839363, 17.6, 7.1, 46, 请用数据说话 
26630945, 21.5, 7.7, 63, 一站到底套装：24章经+题库宝典，送站神笔记本（共3册） 
4050762, 26.1, 7.2, 260, 那些不想做又必须做的事 
26919754, 24.0, 9.1, 38, 当下的你，最好的你 
4805128, 36.2, 7.5, 1397, 你好，陌生人 
20438349, 22.2, 9.8, 21, 40几岁要完成的事-步步为赢人生智慧集成之三 
26655590, 22.3, 7.4, 94, 世界不曾亏欠每一个努力的人 
25752977, 22.9, 8.1, 60, 十二族 
4109194, 39.4, 8.5, 716, 为自己出征 
3163506, 32.9, 7.8, 501, 答案在你心中 
25805428, 24.8, 8.2, 77, 年轻时 
10731681, 28.5, 7.2, 431, 六度人脉 
6758610, 31.5, 6.8, 1505, 人脉是设计出来的 
21356603, 23.4, 6.8, 229, 既要成功，也要成仁 
10956245, 28.3, 7.4, 321, 正能量 
26783277, 17.7, 7.4, 37, 一念永恒 
1955232, 25.2, 8.0, 97, 工作与生活的未来 
1286547, 51.5, 8.6, 4646, 菜根谭 
26285755, 19.0, 6.6, 104, 将来的你，会感谢现在不放弃的自己 
4066638, 41.9, 9.4, 431, 宇宙兄弟1 
25975454, 36.9, 7.9, 925, 九败一胜 
3415676, 33.4, 7.5, 801, 我父亲的梦想 
26839601, 17.2, 7.3, 36, 成功的真谛 
26857572, 27.3, 8.8, 76, 处处见生机 
26769559, 24.4, 8.1, 78, 心若淡定，便是优雅 
4746273, 37.7, 7.6, 1612, 十四堂人生创意课III 
3054780, 27.2, 7.0, 422, 20几岁就要做女王 
26577351, 10.8, 5.9, 24, 别让不好意思害了你2 
3994602, 26.0, 6.6, 567, 毕业5年决定你的一生 
4929897, 39.4, 7.8, 1698, 情商：为什么情商比智商更重要 
25879321, 29.6, 7.3, 478, 梦想还是要有的，万一实现了呢 
26388075, 21.6, 6.5, 221, 世界那么大，我想去看看 
26432976, 22.2, 7.8, 66, 人生总要独自前行 
3038761, 29.6, 7.4, 419, 80/20法则 
1160252, 25.8, 8.4, 79, 玫琳凯自传 
1083989, 26.0, 7.3, 227, 吃掉那只青蛙 
1912086, 43.0, 8.3, 1661, 我不是教你诈 
26655617, 21.2, 6.7, 157, 一个人,不行吗 
1396395, 23.3, 6.8, 224, 美化你的声音 
10762436, 23.0, 7.2, 133, 我们都是拖拉斯基 
2029414, 22.6, 7.9, 66, 再苦也要笑一笑全集 
1438730, 28.3, 7.4, 325, 咖啡 
3325260, 28.8, 7.7, 256, 谁杀了我的牛？ 
25733179, 24.7, 7.8, 106, 吴小莉：与卓越同行 
26729244, 11.6, 5.9, 30, 喜欢自己现在的样子 
25934784, 20.7, 7.0, 100, 一生一世笑繁华（上下） 
26628022, 33.9, 7.4, 1019, 我的盖世英熊 
4268924, 31.9, 8.1, 300, 你的梦想一定能实现 
26711193, 24.3, 8.6, 54, 城市里的流放者 
6800946, 30.7, 7.1, 790, 做自己的先知 
3446444, 31.1, 7.6, 441, 不是盡力，是一定要做到 
20472839, 25.1, 8.2, 82, 演讲达人成长记 
25917388, 25.9, 7.7, 145, 我为什么离开高盛 
26874593, 25.6, 7.3, 209, 技巧 
5389557, 47.0, 8.5, 2506, 姥姥语录 
5328123, 28.4, 8.0, 176, 去他的万一 
5988773, 17.0, 6.6, 63, 富人不說，卻默默在做的33件事 
1020820, 38.6, 7.8, 1445, 超越自己 
26866300, 34.9, 9.1, 197, 光芒纪·微光 
26419428, 22.4, 6.4, 313, 先成为自己的英雄 
5337240, 28.5, 7.0, 557, 20岁定好位，30岁有地位 
5415037, 26.3, 8.8, 65, HBR&#39;s 10 Must Reads on Managing Yourself 
1462831, 26.5, 7.2, 283, 你在为谁读书 
25750947, 26.6, 7.9, 137, 见证 
26790859, 20.8, 8.5, 32, 年轻不老，老得年轻 
2075078, 24.6, 8.1, 81, 沟通的艺术 
26288910, 19.8, 7.3, 62, 怕，有什么可怕的 
6753011, 28.1, 7.3, 347, 让喜欢的事情成为工作 
20383611, 17.5, 7.0, 49, 在最深的绝望里，遇见最美的意外 
24758501, 18.7, 6.9, 70, 世界上最伟大的女销售员 
24869702, 24.8, 7.1, 219, 千万次摇摆，才能长大成人 
1017605, 28.8, 7.1, 527, 逆风飞飏 
25881652, 17.5, 7.7, 29, 年轻，就要对自己狠一点 
20438323, 22.5, 9.0, 32, 20几岁要完成的事-步步为赢人生智慧集成之一 
26302594, 28.1, 7.2, 393, 万达哲学 
3176245, 34.3, 7.3, 1280, 无畏的希望 
2981084, 28.3, 7.5, 287, 吸引力法则 
3247505, 24.7, 7.7, 115, 如何在36岁以前成功 
25692392, 22.8, 7.4, 105, 唯爱与梦想不可辜负 
6985557, 36.8, 7.6, 1367, 有些事现在不做，一辈子都不会做了.4，要工作，也要生活 
1683470, 28.0, 7.4, 306, 西点军校的经典法则 
25926642, 24.5, 7.3, 163, 跑出巅峰 
2184750, 31.2, 8.8, 142, 哈佛家训 
26432972, 14.7, 7.7, 17, 摩西奶奶绘画全集 
26260107, 22.9, 7.7, 81, 梦想开花前 没有人知道它是什么 
4710736, 16.9, 7.9, 23, 如何讓她欲仙欲死 
3687077, 24.1, 6.4, 478, 请给我结果 
5381012, 18.7, 8.3, 25, 让你快乐起来的心理自助法 
11527023, 20.9, 6.9, 116, 无戏言 
26389504, 25.7, 7.9, 117, 不疯魔，不成活 
3805573, 28.8, 8.3, 144, 报童瑞恩 
26931841, 14.6, 7.9, 15, 人生是一场无人相伴到底的旅行 
6522130, 22.1, 7.3, 99, 二十岁拥有一切 
25914803, 17.8, 7.6, 33, 成功是道选择题：斯坦福大学人生规划课 
25985860, 20.0, 6.9, 94, 赤裸裸的未来 
5387397, 17.5, 6.7, 65, 有钱人和你想的不一样 
24753751, 50.6, 8.1, 8388, 向前一步 
24741417, 21.7, 7.5, 77, 不要吵醒青春的悲伤 
26668676, 15.5, 7.6, 21, 折腾吧，小青年 
4905883, 18.7, 8.0, 30, 30歲前一定要搞懂的自己 
26392099, 17.1, 7.4, 33, 听见 
25825364, 26.2, 8.2, 99, 青春不应被浪费 
26657288, 27.1, 9.2, 57, 想太多的猪8 
2064746, 27.9, 8.4, 113, Jonathan Livingston Seagull 
20371004, 26.1, 7.5, 185, 生命咖啡馆 
10570075, 28.4, 7.6, 264, 找到人生的好感觉 
1023482, 31.4, 8.6, 172, 居里夫人自传 
1143819, 33.0, 8.2, 324, 人性的弱点 
5348036, 25.8, 6.2, 1065, 淡定的人生不寂寞 
1127347, 25.5, 7.7, 135, 风雨考研路 
26584387, 38.9, 7.7, 1765, 一个人的朝圣2 
10825213, 17.8, 6.2, 122, 最不需要意志力的时间管理法 
25880335, 16.2, 7.1, 34, 来自星星的EXO 
1944988, 28.7, 8.7, 103, 杰出青少年的6个决定 
10436113, 18.8, 6.7, 87, 谢谢你折磨我 
4140471, 32.7, 8.2, 312, 放牛班的奇迹 
5920824, 23.3, 5.9, 941, 气场修习术 
26611254, 18.1, 8.2, 24, 幸福创造力：七天活出丰盛自在人生 
1057390, 24.6, 8.6, 56, 赢在影响力 
25879587, 27.1, 8.5, 91, 山寨 
7060372, 26.4, 7.7, 159, 我的灵魂永不下跪 
24839537, 26.3, 7.6, 174, 那些让你痛苦的，必是让你成长的 
4748801, 30.5, 7.3, 575, 20岁跟对人，30岁做对事 Ⅱ 
1082186, 36.5, 8.1, 682, 乞丐囝仔 
26288050, 17.9, 6.3, 112, 阿里巴巴正传：我们与马云的“一步之遥” 
1128029, 25.6, 8.5, 71, 依靠自我 
26747706, 21.9, 9.6, 22, 总会有个你，温暖我世界 
10354315, 22.2, 6.4, 299, 加藤嘉一：致困惑中的年轻人 
25872287, 16.5, 7.5, 27, 充电 
26836252, 17.4, 9.3, 13, 你一动，我就懂 
3319015, 19.9, 8.0, 37, Five Point Someone 
4238940, 23.1, 6.6, 277, 换个活法 
26599211, 17.8, 8.1, 24, 你的声音可以改变世界 
4277687, 27.2, 6.8, 563, 职场潜伏心理学 
5945028, 12.2, 6.8, 17, 聪明女人要懂得的攻心术 
25727356, 27.1, 8.7, 79, 卡耐基语言的突破与相处的艺术 
26333046, 26.7, 7.4, 234, 替这个残酷世界给你的一记温柔耳光 
4291222, 21.9, 7.6, 73, 这辈子，你该做什么？（上） 
1059063, 27.4, 8.3, 113, 钢铁大王卡内基自传 
23217344, 23.6, 7.3, 136, 睡在悬崖上的人 
1312295, 25.7, 9.2, 46, 送你一座玫瑰园 
4267171, 18.2, 6.6, 84, 强势玫瑰 
25772406, 26.9, 8.0, 132, 逆流而上 
3108935, 24.8, 6.4, 571, 一个女人的成长 
1362482, 20.4, 8.2, 36, 我把 English 獻給你－賴世雄的英語世界. 
26455818, 16.6, 6.5, 63, 许多美好的仗，仍需从头打过 
1159549, 20.1, 7.4, 60, 思考与致富 
