Tag: 古龙 

ID, Score, Rating, Votes, Title 
1264579, 56.4, 8.7, 8915, 欢乐英雄 
1089512, 57.2, 8.6, 11798, 陆小凤传奇 
1093078, 44.9, 9.1, 896, 古龙作品全集（全53卷） 
1422833, 57.5, 8.7, 10671, 多情剑客无情剑(上、中、下) 
1089511, 45.1, 7.6, 6942, 三少爷的剑 
1089521, 55.7, 8.5, 10813, 楚留香传奇 
10529099, 37.4, 8.3, 631, 笑红尘 
1089523, 51.4, 8.3, 6999, 七种武器（全三册） 
1089517, 55.2, 8.4, 11507, 绝代双骄（全三册） 
1480630, 46.7, 7.9, 5652, 天涯·明月·刀 
1607112, 47.4, 8.7, 2103, 小李飞刀系列 
1089518, 49.5, 7.9, 9534, 萧十一郎 
1704006, 47.8, 8.0, 5913, 边城浪子（上下） 
1089515, 48.3, 7.9, 7681, 武林外史（上下） 
1607113, 43.6, 9.1, 736, 新版古龙全集(一箱53册) 
1089510, 47.4, 7.8, 7670, 流星·蝴蝶·剑 
1088088, 41.9, 7.6, 3690, 大人物 
1207626, 36.0, 8.4, 444, 谁来跟我干杯 
1136998, 46.2, 8.7, 1712, 楚留香传奇系列 
2292275, 31.8, 6.8, 1620, 飞刀，又见飞刀 
1089513, 40.0, 7.5, 2976, 白玉老虎（上下） 
1089519, 41.1, 7.5, 3678, 大旗英雄传（上下） 
1738640, 37.7, 7.7, 1416, 英雄无泪 
1089509, 38.1, 7.0, 4758, 圆月弯刀 
1033866, 36.5, 7.1, 2774, 浣花洗剑录（上下） 
1738651, 35.7, 7.2, 2006, 风铃中的刀声 
1738639, 40.7, 7.5, 3426, 九月鹰飞 
26782037, 13.7, 7.7, 14, 古龙作品文集（大陆正版合法授权）（精装72册） 
1738649, 35.1, 7.4, 1300, 七杀手 
3067656, 26.5, 8.6, 77, 古龙妙语 
1219167, 34.0, 8.0, 486, 流星蝴蝶剑（全6册） 
1512741, 31.1, 7.0, 1008, 护花铃（上下） 
1738645, 32.8, 6.9, 1723, 剑花·烟雨·江南 
1264578, 24.5, 6.4, 536, 飘香剑雨（上下） 
20516998, 38.2, 8.2, 808, 陆小凤传奇2：绣花大盗 
2170313, 31.3, 7.6, 462, 绝不低头（上中下） 
1264931, 33.0, 7.0, 1528, 大地飞鹰 
1117078, 31.0, 7.5, 494, 楚留香新传（全三册） 
1394286, 27.3, 7.0, 436, 七星龍王 
24705157, 26.6, 8.4, 91, 楚留香传奇 
1513095, 27.7, 6.8, 624, 那一剑的风情 
1394296, 33.7, 8.0, 460, 画眉鸟 
1209673, 24.7, 6.6, 417, 剑玄录（上中下） 
1088777, 23.8, 6.4, 448, 剑毒梅香（全三册） 
1738644, 36.4, 7.5, 1448, 火并萧十一郎 
3082876, 19.4, 6.5, 128, 古龙一百句 
1089522, 33.9, 7.1, 1581, 血鹦鹉 
1704005, 34.0, 7.3, 1190, 碧血洗银枪 
20516996, 40.0, 8.5, 789, 陆小凤传奇3：决战前后 
1089535, 32.3, 7.1, 1124, 名剑风流(上下册) 
1089514, 21.3, 5.7, 777, 苍穹神剑 
20516997, 33.1, 7.6, 660, 陆小凤传奇4：银钩赌坊 
20516992, 35.2, 8.0, 603, 陆小凤传奇5：幽灵山庄 
2245856, 29.6, 8.4, 151, 楚留香 
20516994, 27.6, 7.0, 466, 陆小凤传奇7：剑神一笑 
20397341, 34.7, 8.1, 492, 楚留香新传2：蝙蝠传奇 
20516993, 30.1, 7.3, 530, 陆小凤传奇6：凤舞九天 
1738643, 19.4, 6.0, 253, 游侠录 
1738650, 23.1, 6.3, 431, 彩环曲 
1172466, 24.3, 6.5, 437, 失魂引 
3423697, 32.6, 8.4, 253, 楚留香传奇（全三册） 
1738641, 26.5, 6.6, 641, 孤星传 
1089520, 22.5, 6.1, 523, 月异星邪 
2377138, 29.2, 7.3, 437, 午夜兰花 
2170250, 36.0, 8.0, 693, 血海飘香 
1041810, 22.9, 7.6, 90, 古龙英雄谱 
1164813, 23.5, 7.0, 186, 护花铃 
1513097, 28.8, 6.9, 694, 情人箭（上下） 
1089516, 23.6, 6.3, 498, 剑客行（上下） 
20397334, 30.7, 7.4, 525, 楚留香新传1：借尸还魂 
25810168, 11.5, 7.0, 13, 谁来与我一起干杯 
3034240, 13.1, 7.6, 13, 傲世鬼才一古龙 
20397344, 26.3, 7.1, 301, 楚留香新传4：新月传奇·午夜兰花 
2995903, 22.4, 7.4, 97, 铁血大旗（全三册） 
3558777, 15.9, 6.9, 37, 古龙传 
2377134, 27.9, 7.1, 428, 桃花传奇 
2269122, 34.9, 8.6, 303, 侠盗楚留香.正集 
1738638, 26.5, 6.7, 548, 湘妃剑 
1339841, 20.6, 6.7, 135, 飛刀．又見飛刀 
1511813, 19.5, 6.3, 170, 怒剑狂花 
1164813, 23.5, 7.0, 186, 护花铃 
3782150, 28.8, 8.5, 121, 七種武器（二）孔雀翎／碧玉刀——古龍精品集 
24708302, 24.0, 7.6, 110, 碧血洗银枪 
3782148, 29.2, 8.4, 142, 七種武器（一）長生劍／霸王槍——古龍精品集 
10537493, 13.0, 5.1, 149, 白玉雕龙 
3781979, 32.4, 8.9, 159, 多情劍客無情劍（上）——古龍精品集 
2003492, 26.8, 8.1, 119, 蝙蝠传奇 
24705157, 26.6, 8.4, 91, 楚留香传奇 
24708486, 20.6, 7.4, 67, 猎鹰·赌局 
3782158, 26.6, 8.1, 116, 七種武器（三）多情環／離別鉤——古龍精品集 
2245859, 26.9, 8.2, 112, 邊城浪子第五部: 傅紅雪 
3781996, 27.4, 8.2, 123, 三少爺的劍（下）——古龍精品集 
3018404, 25.6, 8.0, 106, 蝙蝠传奇（上下） 
10742454, 23.9, 7.9, 83, 圓月彎刀（上）——古龍精品集 
1137000, 31.2, 8.9, 131, 欢乐英雄 
3034235, 22.3, 7.2, 116, 风铃中的刀声 
1041810, 22.9, 7.6, 90, 古龙英雄谱 
1339841, 20.6, 6.7, 135, 飛刀．又見飛刀 
3069421, 27.4, 8.7, 83, 风云第一刀 
24760707, 22.8, 7.6, 87, 英雄无泪 
3423733, 22.6, 7.6, 84, 大旗英雄传（上下） 
2245915, 29.9, 9.2, 87, 七种武器 
3782378, 28.2, 8.8, 88, 天涯·明月·刀（下）含飛刀又見飛刀——古龍精品集 
3021851, 26.5, 8.0, 124, 三少爷的剑（上下） 
2245847, 26.7, 8.3, 99, 三少爺的劍（上）——古龍精品集 
3782361, 26.6, 8.2, 107, 邊城浪子（上）——古龍精品集 
24708485, 19.8, 7.2, 68, 血鹦鹉 
2995903, 22.4, 7.4, 97, 铁血大旗（全三册） 
1136999, 25.3, 7.7, 130, 大旗英雄传 
3781988, 31.1, 9.2, 103, 多情劍客無情劍（下）——古龍精品集 
3067656, 26.5, 8.6, 77, 古龙妙语 
1512259, 15.1, 6.1, 67, 续补古龙作品集(珍藏本)-剑气严霜(全4册) 
6023771, 25.8, 8.5, 74, 萧十一郎 
24871659, 18.0, 7.2, 46, 名剑风流 
1607111, 22.8, 8.0, 63, 流星·蝴蝶·剑 
3782005, 28.3, 8.8, 89, 絕代雙驕（一）——古龍精品集 
10742468, 21.6, 7.6, 69, 圓月彎刀（下）——古龍精品集 
10739727, 23.4, 8.2, 61, 九月鷹飛（上）——古龍精品集 
3781985, 28.9, 8.9, 92, 多情劍客無情劍（中）——古龍精品集 
3057707, 23.2, 7.8, 80, 萧十一郎 
3021840, 29.4, 8.7, 115, 陆小凤（1-4） 
10742457, 21.3, 7.8, 56, 圓月彎刀（中）——古龍精品集 
24760705, 19.8, 7.0, 82, 风铃中的刀声 
1941266, 29.5, 8.7, 116, 欢乐英雄 
3423696, 17.1, 6.7, 59, 湘妃剑 
3782036, 22.2, 7.7, 71, 白玉老虎（上）——古龍精品集 
3782390, 19.1, 7.1, 64, 火併蕭十一郎（上）——古龍精品集 
2061610, 25.9, 8.2, 94, 武林外史（一）——古龍精品集 
3782366, 25.0, 8.3, 75, 邊城浪子（中）——古龍精品集 
1327332, 19.1, 7.0, 70, 护花铃(下)-古龙经典作品集 
3550505, 29.5, 8.7, 117, 多情劍客無情劍 
3558777, 15.9, 6.9, 37, 古龙传 
3036570, 22.5, 8.2, 52, 绣花大盗 
3782382, 24.7, 8.6, 57, 蕭十一郎（上）附 劍·花·煙雨江南——古龍精品集 
2231418, 27.7, 9.2, 62, 古龙作品全集（全53册） 
3782370, 25.6, 8.4, 77, 邊城浪子（下）——古龍精品集 
3782035, 23.6, 8.3, 59, 流星·蝴蝶·劍（下）——古龍精品集 
10742449, 21.9, 8.3, 44, 九月鷹飛（中）——古龍精品集 
3021826, 20.9, 7.5, 66, 名剑风流(全三册) 
2269118, 24.1, 8.6, 52, 血海飄香 
3782039, 21.7, 7.8, 60, 白玉老虎（下）——古龍精品集 
2269118, 24.1, 8.6, 52, 血海飄香 
3021826, 20.9, 7.5, 66, 名剑风流(全三册) 
1776130, 21.5, 7.8, 58, 英雄无泪 
3782063, 19.7, 7.1, 73, 名劍風流（二）——古龍精品集 
24853142, 8.7, 5.0, 33, 剑气书香 
1089532, 15.7, 6.4, 56, 铁剑红颜(上下册) 
3782393, 20.0, 7.2, 71, 火併蕭十一郎（下）——古龍精品集 
1607115, 16.8, 6.5, 66, 剑玄录 
3782037, 22.4, 8.0, 59, 白玉老虎（中）——古龍精品集 
1873614, 18.5, 7.0, 61, 武侠世界的怪才——古龙小说艺术谈 
3782003, 26.0, 8.7, 66, 絕代雙驕（二）——古龍精品集 
3782007, 25.5, 8.8, 57, 絕代雙驕（三）——古龍精品集 
3782385, 23.6, 8.5, 51, 蕭十一郎（下）附 劍·花·煙雨江南——古龍精品集 
24852794, 18.0, 7.4, 39, 大旗英雄传 
3782050, 24.8, 8.4, 67, 武林外史（三）——古龍精品集 
3021831, 20.4, 7.9, 44, 白玉老虎（全三册） 
3021829, 23.1, 8.5, 47, 武林外史（1-4） 
2269087, 16.2, 6.5, 58, 失魂引 
10739728, 19.2, 8.1, 31, 九月鷹飛（下）——古龍精品集 
3134774, 20.4, 8.2, 36, 誰來跟我乾杯 
3021831, 20.4, 7.9, 44, 白玉老虎（全三册） 
3021829, 23.1, 8.5, 47, 武林外史（1-4） 
10739728, 19.2, 8.1, 31, 九月鷹飛（下）——古龍精品集 
3427786, 25.4, 9.1, 47, 欢乐英雄（三册） 
24760719, 16.6, 7.0, 40, 大地飞鹰 
3782026, 25.3, 8.6, 63, 絕代雙驕（五）——古龍精品集 
2287840, 20.9, 8.0, 45, 九月鹰飞 
2038138, 19.3, 7.2, 61, 惊魂六计系列 
4270926, 22.9, 8.7, 40, 歡樂英雄（上） 
4270928, 19.2, 8.0, 33, 歡樂英雄（中） 
3021858, 11.9, 6.7, 17, 河洛一剑（全三册） 
24870347, 12.6, 6.2, 30, 游侠录 
2245911, 21.2, 8.3, 39, 绝代双骄（全五册） 
3782055, 21.5, 7.9, 54, 武林外史（五）——古龍精品集 
4270934, 19.1, 8.3, 27, 歡樂英雄（下） 
3782047, 24.8, 8.4, 67, 武林外史（二）——古龍精品集 
3423729, 18.6, 7.6, 38, 情人箭（上下） 
24872477, 11.9, 6.1, 27, 失魂引 
3021841, 15.5, 7.1, 29, 护花铃（上下） 
3782051, 24.0, 8.4, 58, 武林外史（四）——古龍精品集 
3021836, 23.5, 8.2, 62, 七种武器（1-4） 
1052072, 18.1, 7.3, 43, 浪子悲客-古龙传 
25733651, 12.4, 6.5, 22, 月异星邪 
1394291, 24.3, 7.7, 107, 浣花洗劍錄 
3021841, 15.5, 7.1, 29, 护花铃（上下） 
3550477, 17.2, 7.9, 24, 七殺手 
3040996, 11.4, 6.1, 24, 怒剑狂花 
24871626, 10.4, 5.6, 29, 苍穹神剑 
3080388, 20.9, 8.7, 29, 白玉老虎（全三册） 
3361400, 13.0, 6.6, 24, 苍穹神剑 
1793132, 47.8, 7.5, 14210, 白马啸西风 
3782060, 13.6, 7.3, 17, 名劍風流（一）——古龍精品集 
3243929, 16.8, 7.6, 27, 离别勾 
4270925, 15.9, 6.9, 37, 劍毒梅香(下)附新出土的《神君別傳》 
3034240, 13.1, 7.6, 13, 傲世鬼才一古龙 
3021864, 11.0, 6.0, 23, 孤星传（上下） 
3021835, 16.8, 7.8, 24, 江海英雄（1-4） 
3082938, 18.3, 8.5, 21, Accounting With Symphony 
2210153, 17.0, 7.4, 32, 浣花洗剑录(上中下) 
