Tag: 哲学入门 

ID, Score, Rating, Votes, Title 
2076623, 56.0, 9.5, 2977, 金刚经 
1983099, 22.9, 7.6, 90, 哲学史思路 
1266727, 26.7, 7.5, 210, 新编中国哲学史（上册） 
1289025, 29.7, 8.6, 131, 大哲学家 
1288906, 18.3, 7.1, 54, 中国古典哲学名著选读 
1287627, 23.8, 9.0, 39, 哲学经典选读 
1286547, 51.5, 8.6, 4648, 菜根谭 
1277981, 56.7, 8.8, 8056, 社会契约论 
1271862, 37.7, 9.2, 279, 偶然、反讽与团结 
1270576, 25.5, 8.2, 88, 西方哲学智慧 
1067969, 33.3, 9.3, 134, 哲学史教程（下卷） 
1936511, 36.2, 8.4, 465, 孟子他说 
1968882, 33.1, 7.6, 658, 冰鉴 
1967819, 39.6, 8.6, 655, 李叔同解经 
1964773, 43.5, 8.8, 995, 论语译注 
1963912, 59.3, 8.8, 12242, 正见 
1963430, 34.7, 8.7, 269, 欧洲思想史 
1949568, 25.9, 7.7, 146, 这是个什么样的世界 
1949420, 57.5, 9.3, 4697, 孙子兵法 
1063852, 51.6, 8.8, 3583, 悲剧的诞生 
1768046, 31.9, 8.5, 205, 从黑格尔到尼采 
1727268, 11.0, 7.1, 11, 一个“孤独”者对自由的探索 
1705393, 22.9, 9.0, 34, 哲学概论（上下） 
1652617, 38.4, 9.3, 285, 任何一种能够作为科学出现的未来形而上学导论 
1810945, 37.8, 8.5, 547, 东西文化及其哲学 
1811507, 36.8, 8.6, 416, 历史哲学 
1817494, 40.4, 8.7, 680, 弟子规 
1949568, 25.9, 7.7, 146, 这是个什么样的世界 
1949420, 57.5, 9.3, 4697, 孙子兵法 
1936629, 38.5, 8.3, 768, 周易江湖 
1936511, 36.2, 8.4, 465, 孟子他说 
1924743, 15.4, 6.8, 36, 西方哲学概论 
1054685, 68.3, 9.0, 36566, 沉默的大多数 
1884735, 31.5, 9.4, 96, 判断力批判 
1883991, 55.4, 9.3, 3463, 王小波全集 
1880660, 32.6, 8.9, 163, 自然哲学的数学原理 
1872142, 31.1, 8.5, 179, 伟大的书 
1868698, 46.2, 8.3, 2893, 为什么读经典 
1058520, 49.3, 8.9, 2211, 炼金术士 
1833592, 27.5, 8.5, 98, 宗教哲学 
1253835, 38.2, 9.2, 298, 哲学史教程（上卷） 
3115904, 14.7, 6.7, 33, 完全图解哲学 
3101425, 41.0, 8.7, 741, 尼采 
3097364, 33.4, 8.2, 353, 尼采与形而上学 
3025003, 16.5, 7.7, 24, 犹太哲学史（上、下卷） 
3025921, 45.2, 7.7, 5918, 黑天鹅 
3026879, 59.8, 8.8, 13277, 爱的艺术 
1277981, 56.7, 8.8, 8056, 社会契约论 
3042524, 34.3, 8.4, 333, 李天命的思考艺术 
1271862, 37.7, 9.2, 279, 偶然、反讽与团结 
1270576, 25.5, 8.2, 88, 西方哲学智慧 
3087474, 23.8, 8.2, 65, 马克思思想导论 
3095037, 45.9, 9.0, 1166, 听音乐（插图第6版） 
3241907, 41.3, 8.3, 1247, 维特根斯坦笔记 
