Tag: 外国文学 

ID, Score, Rating, Votes, Title 
26704403, 49.0, 9.1, 1667, 二手时间 
6082808, 76.7, 9.2, 93691, 百年孤独 
26878124, 35.9, 8.8, 299, 我的天才女友 
26698660, 60.4, 9.0, 10879, 巨人的陨落 
1770782, 78.2, 8.8, 247516, 追风筝的人 
26657570, 45.8, 9.0, 1153, 活着为了讲述 
26892080, 42.0, 9.0, 639, 猎豹 
26695174, 47.5, 9.0, 1484, 灯塔 
26425831, 56.5, 8.8, 7823, 斯通纳 
26910597, 35.6, 8.6, 345, 直到那一天 
10594787, 69.2, 8.9, 49903, 霍乱时期的爱情 
1858513, 70.6, 8.9, 61349, 月亮和六便士 
26831234, 41.8, 8.7, 847, 不属于我们的世纪 
26900889, 33.1, 9.1, 151, 佛罗伦萨的神女 
26701959, 43.2, 8.6, 1183, 我脑袋里的怪东西 
4820710, 69.6, 9.3, 28009, 1984 
26905360, 34.0, 9.4, 138, 夜莺 
26787935, 41.9, 8.7, 861, 夜色人生 
6781808, 59.2, 9.2, 6913, 杀死一只知更鸟 
26869695, 32.2, 9.0, 142, 棕色的世界 
26890281, 40.7, 8.2, 1255, 漫长的中场休息 
26657740, 38.7, 9.0, 385, 再度觉醒 
1084336, 79.7, 9.0, 211089, 小王子 
26837288, 40.8, 8.4, 1013, 钓鱼的男孩 
1068920, 76.2, 9.3, 73176, 飘（上下） 
1017143, 70.6, 8.5, 129832, 不能承受的生命之轻 
26356515, 42.4, 8.2, 1715, S. 
2035162, 65.1, 9.0, 22358, 刀锋 
26819479, 32.7, 8.6, 214, 小说药丸 
1856494, 59.5, 9.3, 6325, 卡拉马佐夫兄弟 
26808761, 25.8, 9.1, 50, 试刊号 
26864983, 30.3, 8.5, 157, 思家小馆的晚餐 
4203630, 42.2, 8.5, 1126, 鳄鱼街 
2035171, 60.3, 9.0, 10675, 人生的枷锁 
4908885, 64.3, 9.0, 19837, 局外人 
26382433, 59.0, 8.2, 31467, 无声告白 
26340138, 56.1, 7.7, 48700, 岛上书店 
26729776, 45.2, 8.2, 2765, 雪人 
26451351, 44.9, 8.6, 1565, 爱情和其他魔鬼 
1863930, 63.9, 8.8, 25294, 看不见的城市 
4187411, 60.3, 8.8, 14394, 万物有灵且美 
1316648, 57.9, 8.3, 21532, 查令十字街84号 
26840830, 33.7, 8.9, 195, 爱德华·巴纳德的堕落 
3608208, 65.4, 8.6, 45245, 牧羊少年奇幻之旅 
1829226, 69.1, 9.1, 35253, 肖申克的救赎 
3831788, 48.1, 8.0, 6327, 逃离 
1062343, 57.9, 9.2, 5701, 昨日的世界 
26672693, 48.5, 9.0, 1749, 一个叫欧维的男人决定去死 
1092168, 51.0, 9.1, 2253, 追忆似水年华（上下册） 
6789605, 58.9, 9.0, 8665, 树上的男爵 
25985982, 39.4, 8.5, 714, 遥远的星辰 
26710042, 32.8, 9.1, 143, 多莱尔的希腊神话书 
1865089, 58.1, 8.4, 19067, 瓦尔登湖 
2143732, 66.9, 8.7, 48327, 灿烂千阳 
26853742, 30.3, 8.7, 132, 疯子的自由 
2035179, 68.6, 9.2, 28035, 动物农场 
26821757, 35.2, 8.4, 388, 他们说，我是幸运的 
26631867, 34.8, 9.0, 211, 现实与欲望 
26357614, 46.4, 9.0, 1263, 海风中失落的血色馈赠 
2154960, 65.5, 8.7, 38515, 一个陌生女人的来信 
1400705, 63.1, 8.1, 78881, 情人 
26640439, 32.2, 8.9, 154, 死缓 
1424741, 60.1, 8.5, 22321, 心是孤独的猎手 
1085860, 69.0, 8.9, 48345, 基督山伯爵 
26264154, 43.1, 8.6, 1164, 悲伤与理智 
1086249, 62.9, 8.6, 30292, 荆棘鸟 
25884880, 52.5, 8.9, 3651, 我不知道该说什么，关于死亡还是爱情 
26394018, 40.7, 9.1, 473, 生活与命运 
26756030, 35.4, 8.4, 406, 时间之间 
1440972, 58.8, 9.1, 7386, 博尔赫斯小说集 
26928435, 19.0, 7.9, 34, 语言的第七功能 
26849452, 34.4, 8.5, 307, 静默 
1083428, 71.1, 8.8, 80150, 傲慢与偏见 
3406401, 60.5, 9.0, 10972, 悉达多 
1045818, 65.9, 8.5, 59057, 苏菲的世界 
3836566, 51.4, 8.5, 5235, 玫瑰的名字 
1083762, 58.0, 8.7, 11519, 人类的群星闪耀时 
26819342, 37.2, 9.1, 280, 波丽娜 
10774752, 54.5, 9.1, 3866, 毛姆短篇小说精选集 
26888764, 28.4, 8.4, 124, 寂然的狂喜 
10763902, 56.7, 7.9, 36433, 偷影子的人 
1431870, 55.5, 9.1, 4459, 源泉 
24934182, 56.2, 8.1, 22671, 一个人的朝圣 
4010969, 54.5, 7.8, 29424, 当我们谈论爱情时我们在谈论什么 
26794598, 33.3, 8.2, 347, 过去的痛 
6797396, 47.9, 8.5, 2956, 焚舟纪 
20428302, 51.8, 9.1, 2560, 失明症漫记 
1008988, 60.1, 8.3, 31797, 了不起的盖茨比 
26866448, 31.0, 8.6, 160, 皮囊之下 
6781794, 54.3, 8.8, 5579, 过于喧嚣的孤独 
26871658, 29.0, 8.8, 100, 爱有失落时 
26922895, 33.3, 9.8, 96, 其实你没那么爱他 
4105446, 52.8, 8.1, 12451, 十一种孤独 
11584574, 55.2, 8.5, 9826, 万物静默如谜 
26844525, 42.8, 8.6, 1115, 再见，萤火虫小巷 
26823134, 30.4, 8.1, 228, 困扰种种 
3014444, 52.4, 8.7, 4648, 自深深处 
26431326, 44.9, 8.9, 1114, 所有我们看不见的光 
26732624, 35.4, 8.3, 448, 精神病患 
26371317, 51.1, 8.2, 7827, 24个比利 
1442869, 54.3, 8.9, 4843, 献给阿尔吉侬的花束 
4011440, 55.8, 8.0, 25416, 最初的爱情 最后的仪式 
24382569, 55.4, 8.6, 8793, 一桩事先张扬的凶杀案 
26765928, 36.4, 8.4, 477, 屠夫十字镇 
26837789, 31.5, 8.7, 162, 不存在的父亲 
6857344, 52.3, 8.5, 6092, 夜莺与玫瑰 
1007433, 56.4, 8.1, 23514, 红与黑 
1438816, 50.9, 9.1, 2221, 给青年诗人的信 
1092335, 62.0, 8.9, 16012, 教父 
26791409, 33.7, 8.7, 228, 奇爱博士 
26628811, 47.2, 8.7, 2011, 世上最美的溺水者 
26642648, 34.4, 8.5, 307, 美好的七年 
3669671, 45.0, 8.5, 1804, 我们在此相遇 
26356948, 44.9, 7.0, 21663, 摆渡人 
3597825, 53.9, 8.6, 6832, 我的孤独是一座花园 
1141406, 69.2, 8.5, 101520, 简爱 
26835895, 26.4, 8.7, 71, 猫的私人词典 
1082387, 67.6, 9.2, 23974, 一九八四·动物农场 
1013469, 51.2, 8.6, 4419, 战争与和平（全四册） 
26835827, 27.3, 8.9, 71, 想象地名私人词典 
2136484, 55.2, 8.7, 7394, 如果在冬夜，一个旅人 
6800379, 45.9, 8.6, 1845, 2666 
26895254, 31.9, 9.1, 125, 雪中的印记 
5299768, 31.7, 8.6, 182, 希腊左巴 
1456311, 39.9, 8.5, 770, Of Mice and Men 
26607924, 39.4, 8.4, 791, 午夜之子 
26682066, 33.1, 8.5, 250, 我的奋斗1 
26269845, 39.2, 8.1, 1100, 唯有孤独恒常如新 
3673771, 53.0, 9.0, 3452, 项塔兰 
4826530, 52.4, 9.1, 2794, 我亲爱的甜橙树 
1013225, 58.3, 8.3, 23332, 生活在别处 
3578470, 56.3, 9.0, 5767, 德米安 
1060117, 55.1, 8.5, 9754, 不朽 
10569619, 50.0, 8.5, 4186, 自由 
20392523, 55.4, 8.5, 10293, 没有人给他写信的上校 
26120130, 38.7, 9.0, 387, 天才的编辑 
11528350, 48.7, 8.8, 2290, 哈扎尔辞典（阳本） 
1292416, 61.1, 8.5, 26372, 香水 
26752646, 29.9, 8.0, 231, 天意 
26580084, 44.7, 8.7, 1346, 烛烬 
1119839, 61.4, 9.1, 11009, 王尔德童话 
1082584, 55.2, 8.6, 8469, 追忆似水年华 Ⅰ 
1465324, 56.4, 7.7, 51200, 洛丽塔 
1205054, 65.0, 8.9, 25713, 悲惨世界（上中下） 
1082518, 58.2, 7.9, 47911, 麦田里的守望者 
25826936, 52.0, 9.5, 1692, 冰与火之歌 
10512236, 51.0, 8.4, 5724, 时间的针脚 
26053771, 43.8, 8.6, 1315, 小于一 
1066165, 56.4, 9.3, 4019, 卡尔维诺文集（第三卷） 
3826293, 34.0, 8.2, 392, 教授与疯子 
1119522, 64.3, 8.4, 54293, 呼啸山庄 
1917972, 55.8, 7.8, 37082, 在路上 
2056749, 58.5, 8.1, 34478, 时间旅行者的妻子 
26811147, 40.9, 8.6, 812, 月族 
26716997, 30.1, 8.5, 150, 隐秘的幸福 
5993314, 48.8, 8.0, 7154, 安吉拉·卡特的精怪故事集 
26586492, 57.2, 8.9, 7653, 火星救援 
26840109, 32.6, 8.4, 249, 单程票 
19962936, 50.4, 8.7, 3394, 只是孩子 
1015864, 51.3, 9.0, 2658, 惶然录 
10560798, 55.6, 8.7, 7895, 面纱 
5958726, 52.6, 8.0, 14280, 质数的孤独 
3826899, 52.2, 8.6, 5178, 布鲁克林有棵树 
3899039, 51.2, 8.1, 9302, 刺猬的优雅 
1038196, 47.6, 8.4, 3172, 尤利西斯 
26794876, 33.4, 9.2, 146, 一日谈 
1022632, 55.3, 8.7, 7465, 罪与罚 
1418058, 53.9, 9.1, 3505, 小径分岔的花园 
26390426, 37.1, 8.3, 595, 比利战争 
26431618, 28.2, 8.8, 88, 君士坦丁堡最后之恋 
26276924, 44.9, 8.6, 1566, 梦中的欢快葬礼和十二个异乡故事 
26787941, 38.2, 7.3, 2847, 玛格丽特小镇 
20441569, 46.1, 9.1, 1088, 被淹没和被拯救的 
25952961, 44.8, 8.8, 1233, 博尔赫斯谈话录 
4071859, 56.5, 9.3, 4057, 我在伊朗长大 
26642866, 45.9, 8.5, 2090, 萤火虫小巷 
26916869, 21.7, 8.7, 33, 去他的戒律 
26801361, 35.3, 9.2, 194, 鹿苑长春 
2245449, 42.6, 8.7, 961, 爱与黑暗的故事 
21979017, 50.9, 9.5, 1444, 魔戒 
26864850, 31.4, 8.4, 205, 香蕉的低语 
1040771, 66.8, 8.2, 123207, 达·芬奇密码 
1083477, 49.9, 7.8, 12203, 包法利夫人 
2136135, 29.1, 7.3, 429, 充满奇想的一年 
1321789, 54.6, 8.5, 8897, 美丽新世界 
2042063, 53.0, 8.4, 7944, 伊斯坦布尔 
26300508, 43.4, 8.7, 1104, 万物的签名 
25831096, 39.7, 8.9, 493, 梦书之城 
1017334, 39.6, 9.0, 445, 没有个性的人 
24845582, 53.3, 8.4, 8411, 群山回唱 
6712407, 47.3, 8.9, 1611, 巴黎评论·作家访谈Ⅰ 
26895033, 37.6, 8.9, 358, 知更鸟女孩2 
1064275, 62.8, 8.3, 50177, 老人与海 
5366382, 51.7, 8.7, 4195, 夜航西飞 
26704178, 30.7, 8.4, 181, 我们飞 
26798156, 31.6, 8.4, 212, 哀伤的墙 
26881067, 28.3, 8.8, 90, 我在伦敦买了一头狮子 
3402999, 47.9, 8.5, 2951, 到灯塔去 
1077492, 50.7, 9.0, 2425, 大师和玛格丽特 
1336330, 67.9, 9.3, 21546, 冰与火之歌（卷一） 
4714015, 54.1, 9.0, 4129, 万物既伟大又渺小 
1052074, 49.0, 8.7, 2725, 喧哗与骚动 
3228779, 45.5, 8.7, 1533, 出埃及记 
3608235, 55.7, 8.5, 10822, 失物之书 
1006991, 42.5, 8.6, 1053, 一个无政府主义者的意外死亡 
26723433, 31.7, 7.6, 504, 冬日笔记 
1058661, 63.6, 8.8, 24280, 飞鸟集 
26926061, 26.9, 9.8, 40, 呼叫助产士 
1794620, 56.6, 7.8, 43096, 芒果街上的小屋 
1962078, 34.1, 8.6, 268, 校园秘史 
26862163, 23.7, 8.4, 56, 她他 
3769738, 49.9, 8.7, 3118, 万火归一 
1041007, 73.6, 9.0, 82329, 哈利·波特与魔法石 
10519369, 45.5, 9.4, 726, 万物生光辉 
26676528, 36.6, 8.7, 366, 如何阅读一本文学书 
1859108, 50.9, 8.8, 3251, 白痴 
4908872, 47.5, 8.6, 2427, 都柏林人 
26861449, 32.0, 9.4, 103, 阁楼里的女孩 
5446490, 48.9, 8.7, 2684, 宇宙奇趣全集 
26689063, 39.2, 8.2, 972, 卡罗尔 
4882159, 46.5, 7.6, 9076, 橘子不是唯一的水果 
1049957, 50.9, 8.6, 4225, 浮士德 
3326892, 55.2, 8.6, 8524, 圣诞忆旧集 
1186392, 56.3, 8.7, 8777, 约翰·克利斯朵夫 
4882023, 52.3, 9.2, 2449, 万物既聪慧又奇妙 
10768068, 48.2, 8.4, 3527, 寻欢作乐 
6746290, 42.5, 8.9, 763, 奥丽芙·基特里奇 
26591790, 38.5, 8.6, 547, 我还是想你，妈妈 
5920385, 53.5, 8.2, 11854, 肠子 
1469878, 47.6, 8.6, 2440, 日瓦戈医生 
26911045, 17.1, 8.4, 18, 陌生的女儿 
4154988, 47.5, 8.0, 5654, 纯真博物馆 
20501761, 43.9, 8.2, 2195, 地球上最后的夜晚 
6016234, 50.6, 8.8, 3055, 奇风岁月 
4737325, 49.6, 8.2, 6004, 维罗妮卡决定去死 
6097966, 49.5, 8.1, 6952, 发条橙 
10565151, 45.2, 7.5, 8506, 我是个年轻人 我心情不太好 
26594676, 30.1, 9.4, 79, 古典传统 
25985126, 44.2, 8.6, 1410, 迷宫中的将军 
26577690, 38.5, 8.5, 607, 伪装成独白的爱情 
4120475, 50.5, 9.3, 1685, 加缪全集 （小说卷） 
20515828, 38.2, 8.6, 525, 傅科摆 
26653000, 32.8, 8.1, 348, 金翅雀 
1081422, 53.7, 8.9, 4401, 卡夫卡小说全集（全三册） 
26892801, 24.5, 8.5, 59, 华生手稿 
26430928, 30.0, 7.4, 458, 如何独处 
1007772, 53.9, 8.2, 12711, 双城记 
26861450, 28.5, 8.4, 125, 丹麦女孩 
26677797, 26.6, 9.2, 53, 里尔克诗全集 珍藏版（全四卷） 
3393056, 46.8, 8.2, 3681, 流动的盛宴 
2042633, 50.4, 9.0, 2334, 金蔷薇 
1154561, 30.5, 7.9, 283, 抵达之谜 
4245064, 47.3, 8.6, 2349, 冷血 
1872158, 49.1, 8.2, 5551, 蝇王 
26844939, 24.6, 7.9, 96, 只有她知道 
26787943, 27.8, 8.4, 112, 消失的殖民星球 
26298590, 34.9, 8.4, 372, 出轨 
10759466, 46.6, 9.0, 1301, 地下室手记 
3594151, 51.6, 8.1, 10120, 柑橘与柠檬啊 
1849791, 48.8, 8.5, 3390, 铁皮鼓 
25779593, 44.1, 8.5, 1547, 马尔克斯：族长的秋天 
1417385, 49.2, 8.9, 2169, 博尔赫斯诗选 
1040211, 72.1, 9.2, 46823, 福尔摩斯探案全集（上中下） 
26591906, 41.2, 8.3, 1208, 浮生梦 
26666138, 33.8, 8.9, 196, 这是不是个人 
25699387, 38.5, 8.6, 547, 星辰时刻 
1041128, 55.7, 8.5, 10718, 天蓝色的彼岸 
26657701, 29.9, 8.4, 160, 若非此时，何时？ 
26591590, 35.7, 8.7, 316, 巴黎评论·作家访谈2 
26798155, 25.2, 8.0, 97, 古拉格气象学家 
26264210, 35.0, 7.8, 739, 几乎没有记忆 
2036561, 51.1, 8.4, 5789, 城堡 
3537590, 55.8, 8.3, 15130, 朗读者 
10563555, 44.7, 8.9, 1076, 恐惧 
26276279, 43.3, 7.8, 3537, 苦妓回忆录 
2050779, 42.9, 8.3, 1639, 魔山 
3327495, 40.9, 8.3, 1147, 万有引力之虹 
1205370, 59.5, 8.1, 40898, 羊脂球 
10746177, 45.0, 8.5, 1794, 终结的感觉 
20326626, 53.5, 8.6, 6414, 少年Pi的奇幻漂流（插图珍藏版） 
1438394, 35.1, 8.4, 382, 更多的人死于心碎 
26412776, 28.8, 7.9, 207, 巴塞尔姆的60个故事 
26802228, 35.1, 8.8, 262, 寻找光的小女孩 
26342182, 35.0, 8.7, 285, 天堂之火 
1010472, 52.5, 8.4, 7302, 安娜·卡列尼娜（上下） 
1883353, 55.1, 8.8, 6312, 野性的呼唤 
3926717, 50.1, 8.5, 4239, 雷蒙德·卡佛短篇小说自选集 
1868698, 46.2, 8.3, 2893, 为什么读经典 
25870629, 40.2, 7.7, 2277, 亲爱的生活 
5383804, 39.3, 9.0, 421, 酒吧长谈 
1917078, 55.4, 8.6, 8826, 风之影 
26276923, 40.6, 7.9, 1838, 礼拜二午睡时刻 
1046209, 68.9, 9.1, 34405, 安徒生童话故事集 
3003258, 48.9, 9.2, 1471, 阿莱夫 
26686803, 31.2, 9.0, 121, 葬礼竞技会 
4246979, 46.7, 8.1, 4190, 窄门 
26756565, 29.4, 8.6, 123, 一加一 
6041708, 48.0, 8.4, 3431, 世上另一个我(修订版) 
21329239, 46.4, 8.8, 1571, 巴黎烧了吗? 
1064841, 52.8, 9.0, 3352, 绿山墙的安妮 
26755625, 30.7, 8.2, 219, 妈妈走的那一年 
1837654, 45.7, 8.7, 1577, 审判 
24525766, 38.8, 8.7, 525, 记忆小屋 
11535042, 38.8, 8.2, 906, 请以你的名字呼唤我 
1874411, 48.6, 8.5, 3307, 乞力马扎罗的雪 
1982200, 51.6, 8.7, 4088, 爱德华的奇妙之旅 
26902280, 23.9, 9.6, 29, 田野调查.被遗忘的村落 
25724491, 39.9, 8.3, 971, 突然，响起一阵敲门声 
25841074, 29.8, 9.7, 63, 契诃夫小说全集 
3090810, 42.8, 8.8, 887, 五号屠场 
26789635, 29.0, 8.6, 117, 殡葬人的秘密 
2295912, 47.5, 8.9, 1675, 佩德罗·巴拉莫 
4105444, 43.7, 8.5, 1467, 复活节游行 
26834592, 27.2, 8.8, 75, 夏日遇见狄更斯 
4105424, 33.8, 7.8, 592, 恋爱中的男人 
26384735, 38.1, 9.0, 351, 致未来的诗人 
26253801, 33.5, 8.9, 189, 一个市民的自白 
3733083, 45.1, 8.8, 1286, 你往何处去 
25796049, 41.8, 9.0, 619, 沙之书 
2669319, 50.0, 9.0, 2204, Flipped 
26899141, 16.6, 7.8, 23, 千百种罪 
3649661, 44.4, 8.7, 1297, 说吧，记忆 
20392525, 46.8, 7.9, 5821, 枯枝败叶 
10555486, 52.3, 8.7, 4591, 分成两半的子爵 
20444771, 37.0, 8.9, 325, 血色子午线 
1007952, 51.4, 9.4, 1719, 蓝熊船长的13条半命 
2036569, 41.0, 8.2, 1321, 愤怒的葡萄 
26718529, 30.3, 8.1, 223, 奥丁的子女 
26848972, 29.8, 8.1, 203, 这里是没有我们存在的地方 
26704405, 24.2, 8.3, 65, 树敌 
10763918, 30.7, 8.3, 200, 一路两个人 
4869637, 33.3, 8.1, 380, 福楼拜的鹦鹉 
24875416, 44.6, 8.3, 2175, 生命最后的读书会 
2170030, 39.1, 8.0, 1215, 白鲸 
6861517, 42.8, 8.5, 1260, 时时刻刻 
1072319, 53.4, 8.5, 7334, 长腿叔叔 
1055234, 49.0, 8.5, 3513, 神曲（全三册） 
3266345, 52.8, 8.1, 12330, 三杯茶 
10564102, 38.8, 8.1, 1024, 单身（50周年典藏纪念版） 
3783409, 44.2, 8.7, 1238, 圣殿春秋（上） 
1079252, 50.3, 8.2, 6824, 爱情笔记 
5321895, 44.3, 8.3, 2060, 那些忧伤的年轻人 
26436987, 22.9, 8.7, 40, 史诗 
1071241, 71.4, 8.9, 70035, 哈利·波特与阿兹卡班的囚徒 
2061644, 51.6, 8.2, 8576, 伤心咖啡馆之歌 
1005918, 51.5, 7.9, 13973, 堂吉诃德 
4202422, 49.7, 8.3, 5291, 云图 
1064707, 48.2, 8.7, 2381, 从卡夫卡到昆德拉 
26110579, 40.5, 7.6, 2829, 暗店街 
2042629, 48.9, 8.7, 2684, 九三年 
1016486, 52.5, 8.3, 8582, 笑忘录 
1005255, 43.1, 9.3, 568, 博尔赫斯文集 
1048173, 45.4, 8.0, 3860, 忏悔录 
1400707, 52.2, 8.1, 11217, 广岛之恋 
26818183, 30.3, 9.0, 106, 失忆的爱丽丝 
1430657, 43.6, 9.3, 611, 卡夫卡全集（全10卷） 
2969263, 41.1, 8.5, 940, 跳房子 
3765092, 43.1, 8.6, 1162, 旧地重游 
2193877, 54.1, 8.1, 15680, 你在天堂里遇见的五个人 
26793134, 27.3, 8.8, 76, 人之链 
1045365, 48.1, 8.6, 2649, 恶之花 
26022097, 40.3, 8.4, 925, 番石榴飘香 
26666023, 25.9, 8.5, 75, 睡美人与魔纺锤 
5321892, 40.7, 8.8, 644, 不适之地 
11604737, 31.6, 8.7, 163, 芬尼根的守灵夜（第一卷） 
26666917, 29.9, 7.8, 282, 笼中的爱人 
3006581, 66.1, 8.9, 30630, 无人生还 
26792804, 36.8, 9.1, 265, 魔兽世界编年史 
25808056, 44.0, 8.1, 2562, 纸牌屋 
10749924, 41.6, 8.2, 1474, 天真的和感伤的小说家 
4292149, 54.3, 8.5, 8570, 龙文身的女孩 
2139305, 53.4, 7.7, 29024, 巴别塔之犬 
10593454, 28.0, 6.7, 795, 怪屋女孩 
2032523, 42.7, 8.5, 1230, 失乐园 
1089049, 48.9, 9.3, 1336, 莎士比亚全集（全8册） 
25890145, 41.4, 8.4, 1115, 线 
1174721, 45.6, 8.4, 2275, 丧钟为谁而鸣 
1291199, 48.8, 8.7, 2607, 过于喧嚣的孤独 底层的珍珠 
1212469, 50.7, 8.9, 2750, 荷马史诗·伊利亚特 
26707942, 33.6, 7.2, 1268, 知更鸟女孩 
20493367, 42.7, 8.5, 1240, 爱伦·坡暗黑故事全集（上册） 
2302217, 49.4, 8.8, 2529, 阿特拉斯耸耸肩（上下） 
26640080, 23.8, 9.2, 35, 采摘幻想的女孩 
26286330, 31.1, 8.7, 150, 俄罗斯文学讲稿 
26602780, 25.9, 8.5, 75, 乡村生活图景 
24861167, 34.6, 8.3, 393, 一个人消失在世上 
10598170, 49.4, 8.1, 6837, 我不要你死于一事无成 
1159939, 60.0, 8.5, 21863, 一个陌生女子的来信 
6879215, 41.8, 7.6, 3642, 乌克兰拖拉机简史 
25986620, 28.9, 8.7, 106, 阁楼上的疯女人 
2228707, 46.1, 8.9, 1340, 癌症楼 
26584387, 38.9, 7.7, 1763, 一个人的朝圣2 
5448179, 40.6, 8.0, 1619, 别的声音，别的房间 
26321442, 20.6, 8.3, 35, The Door 
2973335, 43.9, 8.6, 1330, 微暗的火 
1045352, 53.7, 8.7, 5768, 二十首情诗与绝望的歌 
2214350, 48.6, 8.4, 3793, 幻影书 
2980471, 46.7, 8.2, 3616, 赎罪 
3246904, 50.6, 8.1, 8428, 蒂凡尼的早餐 
4213981, 42.7, 8.4, 1379, 好人难寻 
3821057, 52.3, 8.6, 5260, 搏击俱乐部 
1088418, 45.4, 9.0, 1074, 死屋手记 
2251691, 47.5, 8.7, 2114, 弗兰妮与祖伊 
1083429, 48.6, 8.7, 2537, 爱伦·坡短篇小说集 
1315844, 47.2, 9.1, 1272, 古拉格群岛（上中下） 
1035478, 46.8, 8.6, 2142, 静静的顿河（全四册） 
3871911, 48.3, 8.4, 3597, 大树 
26695251, 29.4, 9.1, 86, 痛苦与狂喜：众神之巅 
26349261, 43.1, 8.3, 1685, 孤儿列车 
3888123, 49.2, 8.6, 3207, 写作这回事 
1768642, 46.6, 9.2, 1047, 博尔赫斯短篇小说集 
1051714, 47.8, 8.2, 4411, 等待戈多 
1468997, 44.9, 8.6, 1573, 守望灯塔 
6310320, 43.4, 8.7, 1100, 人都是要死的 
26717204, 32.6, 8.8, 176, 毛姆经典短篇集 
10345585, 28.9, 7.3, 411, 与往事说再见 
10483439, 38.9, 8.4, 731, 上升的一切必将汇合 
26806567, 21.7, 8.5, 37, 高能预警 
1451270, 49.1, 9.2, 1525, 纪伯伦诗集 
26574813, 23.7, 9.1, 36, 婚变 
5391766, 42.6, 7.5, 4969, 忽然七日 
25996181, 35.2, 8.3, 435, 真相 
26310659, 33.5, 8.9, 188, 莎士比亚 
1034066, 49.5, 9.1, 1801, 加缪文集 
26266067, 35.6, 8.9, 262, 重返美丽新世界 
2254615, 46.7, 8.9, 1470, 西线无战事 
1852700, 47.1, 9.0, 1402, 神经外科的黑色喜剧 
1038656, 42.3, 8.8, 829, 我曾侍候过英国国王 
1461987, 33.4, 9.1, 157, 桤木王 
1818583, 50.5, 9.1, 2096, 斯·茨威格中短篇小说选 
1960035, 44.5, 8.8, 1167, 盲刺客 
24856615, 37.7, 8.8, 399, 阿尔伯特·卡埃罗 
26346222, 35.0, 8.3, 419, 美好的事物无法久存 
5940829, 43.3, 8.1, 2285, 写在身体上 
4191701, 40.4, 8.8, 609, 肉桂色铺子 
26758995, 32.3, 8.3, 264, 罗茜计划 
6085417, 33.7, 8.4, 305, 遗产 
1437488, 42.3, 9.2, 552, 群魔 
6124813, 31.9, 8.1, 296, 纽约兄弟 
1441980, 42.4, 9.0, 676, 特朗斯特罗姆诗全集 
2301475, 41.6, 8.4, 1156, 人间食粮 
1255288, 52.5, 8.0, 13947, 复活 
4891196, 31.6, 7.7, 436, 智血 
26717934, 28.2, 8.4, 120, 新年快乐 
3324036, 34.8, 8.5, 332, 茫茫黑夜漫游 
6003394, 41.2, 8.2, 1368, 爱，始于冬季 
4714018, 42.7, 7.5, 5137, 青春咖啡馆 
10473352, 36.2, 8.9, 287, 浮士德博士 
6060418, 39.8, 8.3, 961, 年轻的心在哭泣 
1051524, 39.3, 8.3, 880, 断头王后 
1331454, 41.5, 8.7, 801, 西方正典 
10512506, 43.3, 7.8, 3546, 世界上的另一个你 
2174410, 42.3, 8.2, 1659, 名利场 
26826605, 34.0, 9.3, 149, 加缪手记 
4266008, 47.6, 8.3, 3694, 给一个未出生孩子的信 
1433163, 31.2, 8.9, 131, 星·雪·火 
24871651, 35.8, 8.8, 293, 爱达或爱欲 
5326883, 40.5, 8.3, 1081, 如何读，为什么读 
1242927, 39.8, 9.7, 251, 英国文学名篇选注 
25774978, 37.4, 8.7, 418, 眼泪与圣徒 
4151134, 44.2, 7.8, 4217, 只爱陌生人 
25940556, 39.6, 8.3, 923, 锌皮娃娃兵 
10522844, 43.8, 8.7, 1162, 游戏的终结 
25900687, 38.3, 8.6, 532, 夜 
26870270, 24.1, 8.2, 68, 第十个人 
26852985, 23.5, 8.1, 66, 惧恨拉斯维加斯 
1434071, 43.2, 7.9, 2972, 我们 
26365959, 26.1, 8.2, 97, 模仿者 
2364762, 41.0, 8.7, 743, 唐璜（上下册） 
26654687, 36.1, 8.0, 710, 你是我的命运 
1417878, 48.4, 8.5, 3163, 里尔克诗选 
5406557, 39.2, 8.1, 1100, 夜色温柔 
26802170, 21.8, 9.1, 27, 科雷马故事 
1006197, 56.8, 8.4, 15253, 哈姆莱特 
1082946, 42.7, 8.8, 884, 我弥留之际 
26378466, 31.4, 7.9, 336, 生日故事集 
2243692, 48.2, 7.8, 8988, 潜水钟与蝴蝶 
1042006, 40.3, 9.3, 377, 十九世纪文学主流（共六册） 
3151990, 51.9, 8.5, 5755, 达摩流浪者 
1484616, 35.1, 9.0, 222, 鱼王 
19950784, 38.2, 8.4, 648, 空荡荡的家 
1047138, 51.2, 7.7, 18971, 少年维特的烦恼 
20425433, 38.5, 8.1, 970, 请你安静些，好吗？ 
2996596, 51.1, 8.4, 5794, 特别的猫 
3136267, 41.3, 8.5, 969, 小城畸人 
3189896, 30.9, 7.6, 432, 教书匠 
4149805, 51.4, 8.5, 5242, 了不起的盖茨比 
1083317, 41.4, 7.8, 2456, 北回归线 
5921802, 43.3, 7.6, 4845, 邮差总按两遍铃 
3013903, 50.2, 8.1, 7832, 漫长的告别 
1012637, 53.6, 8.2, 12219, 牛虻 
26909793, 23.6, 8.7, 45, 佩拉宫的午夜 
1063796, 50.0, 8.6, 3605, 小说的艺术 
26793129, 28.7, 8.9, 88, 电灯光 
4121656, 31.8, 8.4, 221, 水之乡 
3689118, 45.2, 8.3, 2427, 梦想家彼得 
26248587, 33.7, 7.6, 738, 美好古董衣店 
2073345, 48.1, 8.7, 2354, 拜伦 雪莱 济慈 抒情诗精选集 
10740054, 40.6, 8.0, 1610, 给樱桃以性别 
1001136, 57.6, 8.8, 9337, 彼得·潘 
5993310, 53.3, 9.0, 3639, 直捣蜂窝的女孩 
1767750, 26.9, 9.0, 63, Infinite Jest 
4621099, 44.6, 8.3, 2170, 死于威尼斯 
26372186, 30.1, 9.1, 96, 爱与战争的日日夜夜 
2296687, 49.6, 8.5, 3865, 纸牌的秘密 
2073481, 42.9, 8.6, 1129, 城市与狗 
20435635, 39.1, 8.6, 606, 里斯本夜车 
1082147, 49.9, 9.0, 2147, 热爱生命 
10774651, 26.9, 8.4, 95, 费玛 
1040397, 51.4, 8.1, 9684, 假如给我三天光明 
4719265, 36.5, 8.5, 442, 逆天 
6844341, 45.7, 7.6, 7825, 牡蛎男孩忧郁之死 
1083435, 50.0, 8.7, 3181, 契诃夫短篇小说选 
1067293, 45.9, 8.5, 2090, 青春 
1052828, 53.6, 8.4, 8756, 玩笑 
26258374, 33.4, 8.6, 240, 爱丽尔 
5394486, 39.6, 7.3, 3867, 爱情没那么美好 
3010128, 45.1, 8.6, 1617, 剧院风情 
26890960, 26.3, 8.9, 61, 疗愈美术馆 
26575658, 28.5, 7.9, 195, 被掩埋的巨人 
26377363, 31.7, 8.4, 214, 在你说“喂”之前 
7007231, 38.0, 7.9, 1136, 房间 
6863525, 25.2, 8.1, 90, 卡门 
1312558, 45.0, 8.9, 1132, 文学讲稿 
25805143, 33.5, 8.5, 264, 他方世界 
3888110, 37.6, 8.7, 430, 天使望故乡 
1926728, 38.6, 9.3, 291, 往事与随想 
1085470, 58.0, 8.4, 18495, 海底两万里 
1427288, 54.8, 8.4, 10811, 小妇人 
21681263, 42.1, 8.3, 1423, 大鱼 
1760730, 44.4, 8.3, 2121, 伍尔夫读书随笔 
1807562, 45.5, 9.2, 895, 加西亚·马尔克斯中短篇小说集 
5419801, 41.3, 8.4, 1095, 别样的色彩 
4233385, 36.0, 7.7, 1015, 海上大教堂 
6010144, 42.4, 8.3, 1497, 动物寓言集 
1254731, 55.6, 8.8, 6855, 欧·亨利短篇小说选 
25881325, 37.8, 7.0, 4410, 庆祝无意义 
26863353, 36.2, 8.9, 287, 贩罪 
4242406, 51.2, 8.5, 5065, 达芬奇密码 
1873900, 49.5, 8.6, 3356, 变形记 
10764363, 45.7, 9.2, 913, 是，大臣 
4894979, 26.1, 8.4, 83, 已知的世界 
26366422, 29.6, 7.8, 267, 怪房客 
2280027, 42.1, 7.6, 3816, 自杀俱乐部 
2093212, 36.3, 9.0, 268, 青铜骑士 
6560651, 39.5, 7.9, 1515, 雨必将落下 
4732123, 46.9, 8.5, 2488, 爸爸，我们去哪儿？ 
25733467, 44.3, 9.1, 826, V字仇杀队 
5383175, 45.6, 8.7, 1557, 童年与故乡 
3127852, 42.0, 8.6, 983, 推销员之死 
4262685, 39.5, 8.0, 1323, 戏梦巴黎 
26763167, 22.5, 8.1, 56, 狼的恩赐 
2568067, 41.4, 8.1, 1621, 中性 
3583331, 34.4, 8.6, 281, 布登勃洛克一家 
10955921, 35.4, 8.4, 404, 骂观众 
19950785, 35.6, 8.3, 466, 雨后 
1011228, 46.3, 8.3, 2948, 远大前程 
26274359, 29.2, 9.1, 84, 夏威夷史诗 
22606931, 34.2, 8.5, 299, 寒鸦行动 
5404221, 33.2, 8.4, 280, 在德黑兰读《洛丽塔》 
2003092, 44.1, 8.3, 1998, 波多里诺 
2267630, 47.5, 8.3, 3589, 凯尔特的薄暮 
3571559, 31.9, 7.5, 589, 驱魔人 
26937732, 16.6, 9.7, 10, 黑暗时代的她们 
26838224, 19.7, 8.4, 28, 排队 
6041086, 38.4, 7.9, 1234, 恋爱中的骗子 
11511203, 26.4, 8.8, 66, 驭风少年 
20392524, 41.3, 7.7, 2841, 恶时辰 
1203251, 54.0, 8.1, 15457, 雾都孤儿 
26108007, 34.5, 7.8, 673, 我已经结婚了  我心情还不好 
10604943, 38.6, 8.3, 773, 爱情半夜餐 
1013502, 54.0, 7.6, 39350, 钢铁是怎样炼成的 
2131426, 39.1, 9.0, 408, 涅朵奇卡·涅茨瓦诺娃 
6791412, 42.3, 8.8, 823, 炽焰燃烧 
1057197, 48.5, 8.1, 5777, 无知 
2124556, 41.7, 8.2, 1507, 黑书 
4220020, 46.1, 8.8, 1502, 相助 
24523682, 31.6, 7.6, 488, 裸体午餐 
26878104, 18.6, 7.6, 38, 痛苦的中国人 
26862352, 21.0, 9.1, 24, 莫扎特，请入席 
3194500, 34.9, 7.9, 640, 一个被称作“它”的孩子 
2283762, 41.8, 8.5, 1055, 钟形罩 
4870150, 44.9, 8.3, 2298, 44号孩子 
5299919, 40.5, 8.6, 760, 国王鞠躬，国王杀人 
1076330, 47.9, 8.9, 1776, 奥狄浦斯王 
1603984, 41.1, 8.1, 1550, 希腊神话故事 
25913219, 32.0, 8.5, 206, 孤独的精确度 
19950612, 40.8, 7.3, 4957, 伊斯坦布尔假期 
20425439, 37.1, 8.4, 539, 我们所有人 
5940553, 49.0, 8.8, 2371, 当尼采哭泣 
2973325, 31.2, 8.2, 239, 纠正 
5312097, 34.1, 8.5, 293, 维特根斯坦的侄子 
25985298, 29.9, 8.7, 124, 巫术师 
11542577, 45.1, 8.6, 1622, 天生就会跑 
26773323, 35.5, 9.1, 218, 莫泊桑短篇小说精选 
26676298, 28.4, 8.1, 160, 我要渐渐忘记这个世界了 
4619135, 36.6, 9.0, 277, 押沙龙，押沙龙！ 
25747871, 35.8, 8.4, 435, 恨，友谊，追求，爱情，婚姻 
26609809, 31.9, 6.8, 1666, 火车上的女孩 
4285240, 43.3, 8.9, 863, 过于喧嚣的孤独 
26375108, 34.3, 8.4, 337, 新手 
5980585, 40.6, 8.3, 1097, 走在蓝色的田野上 
4199421, 39.7, 9.3, 343, 在少女花影下 
26285734, 36.4, 8.1, 670, 6点27分的朗读者 
1048047, 38.6, 8.5, 618, 风沙星辰 
26775352, 24.7, 8.1, 82, 水印 
5321896, 36.9, 8.3, 580, 危险的关系 
2568438, 39.9, 8.6, 693, 权力与荣耀 
25801080, 41.2, 8.2, 1385, 我曾这样寂寞生活：辛波斯卡诗选2 
26743551, 24.8, 7.2, 195, 月亮是夜晚的伤口 
1035848, 58.9, 8.6, 15695, 一千零一夜 
11614503, 25.3, 9.4, 39, 20世纪中外散文经典 
6784965, 34.7, 7.7, 790, 渴望之书 
26653460, 35.0, 8.3, 421, 烟雾弥漫你的眼 
3263006, 45.1, 8.8, 1293, 飞越疯人院 
3024319, 34.9, 8.0, 569, 东方故事集 
1316652, 38.9, 9.1, 363, 王尔德作品集 
1882915, 49.5, 8.9, 2268, 莎士比亚四大悲剧 
4229633, 31.3, 8.1, 267, 奥斯卡·瓦奥短暂而奇妙的一生 
26787948, 22.2, 8.7, 36, 不止信仰 
4160472, 41.2, 8.5, 967, 告诉我，你怎样去生活 
4198469, 43.2, 8.2, 1973, 轻舔丝绒 
1041896, 43.3, 8.3, 1736, 巴黎的忧郁 
26760973, 21.8, 8.4, 40, 战略高手 
10442281, 39.2, 8.2, 963, 她比烟花寂寞 
26253701, 30.0, 8.6, 137, 船夫日记 
1050951, 36.8, 8.2, 641, 米沃什词典 
20266046, 35.3, 8.5, 358, 走出非洲 
21993104, 42.2, 8.1, 1862, 白夜 
6874612, 40.6, 8.1, 1397, 孤独的池塘 
25751322, 32.5, 7.6, 586, 植物的记忆与藏书乐 
4199233, 26.8, 9.1, 58, 人间喜剧 
6973816, 42.8, 7.7, 3769, 古董衣情缘 
26270304, 34.3, 9.0, 195, 七夜 
20453483, 30.7, 8.3, 198, 塞万提斯的未婚妻 
20473505, 41.6, 8.7, 824, 山月记 
6535063, 32.7, 9.8, 88, 堂吉诃德 
26831765, 21.2, 9.1, 25, 远方之镜 
26613544, 29.8, 7.4, 435, 月亮的光是借来的 
26391031, 27.4, 8.5, 96, 未知量 
3765331, 51.1, 8.6, 4373, 恋人絮语 
25829693, 59.5, 9.0, 9396, 永恒的终结 
26803285, 24.1, 8.2, 68, 驶入深海 
19894080, 29.2, 8.0, 204, 名声 
1279212, 43.5, 7.5, 6007, 十日谈 
3908240, 45.5, 7.8, 5388, 情人 
1812843, 34.1, 7.7, 709, 在中国屏风上 
24838958, 36.2, 8.7, 344, 我们的小镇 
24738206, 34.3, 9.1, 180, 曼德施塔姆夫人回忆录 
26294048, 35.4, 7.7, 911, 黑羊 
6720810, 37.3, 8.5, 504, 马尔特手记 
25887908, 31.9, 8.6, 187, 提堂 
1255006, 41.6, 9.0, 606, 爱伦·坡集 
25837539, 36.2, 8.1, 637, 美洲纳粹文学 
1063401, 44.5, 8.4, 1888, 精灵宝钻 
1069059, 51.9, 8.1, 10546, 雪国 
1077638, 42.0, 8.0, 2082, 耻 
24089492, 42.9, 8.8, 902, 恶童日记（珍藏纪念版） 
1855132, 34.4, 8.2, 420, 我在另一个世界等你 
2061444, 44.3, 8.6, 1419, 幽灵之家 
3781776, 35.7, 9.2, 207, 纳博科夫传（上下册） 
6833935, 37.8, 8.5, 548, 老无所依 
2375988, 39.1, 8.0, 1214, 一间自己的屋子 
19898714, 41.9, 7.6, 3666, 偶发空缺 
4898547, 40.6, 8.1, 1413, 祖与占 
11584608, 35.2, 7.5, 1147, 世界和其他地方 
4856199, 34.3, 7.4, 1095, 而河马被煮死在水槽里 
26220631, 31.7, 8.3, 238, 霍夫曼博士的魔鬼欲望机器 
1780564, 32.9, 8.7, 201, 米德尔马契（全二册） 
26662757, 24.7, 8.7, 54, 六桩不可能犯罪 
25913147, 31.3, 7.7, 408, 因为深爱，所以放手 
26852835, 26.2, 8.8, 64, 柏林孤谍 
20559350, 35.0, 8.3, 421, 抛锚 
25751315, 31.9, 9.0, 136, 艾丽丝·门罗作品 
1363379, 30.9, 7.7, 380, 索多瑪120天 
25746421, 38.4, 8.2, 844, 公开的秘密 
26286752, 20.3, 8.3, 33, 影舞 
1470235, 39.5, 8.3, 907, 猫的摇篮 
26641528, 27.2, 8.8, 75, 诺拉·韦伯斯特 
1009257, 71.2, 8.9, 67945, 哈利·波特与火焰杯 
6712398, 37.6, 8.4, 586, 母与子 
26830844, 24.8, 7.7, 118, 这也会过去 
3431637, 38.9, 8.5, 657, 野棕榈 
1801813, 37.5, 8.3, 638, 血族1：侵袭 
10282582, 41.1, 8.3, 1186, 隐形怪物 
26775452, 22.3, 9.6, 23, 陀思妥耶夫斯基文集（布面精装珍藏本） 
1026534, 32.6, 8.5, 228, 布拉格精神 
26671886, 20.6, 8.9, 25, 清洗 
24737018, 32.4, 8.7, 185, 玉米人 
25803529, 35.0, 9.3, 172, 现代英文选评注 
2002962, 26.4, 8.4, 88, 生活之恶 
24107596, 42.9, 8.0, 2445, 神经漫游者 
1959270, 40.3, 8.0, 1516, 小世界 
26611176, 34.4, 8.9, 216, 永不言弃 
1072334, 50.1, 8.5, 4226, 魔戒前传 
26760972, 20.1, 8.4, 30, 危险关系 
2255871, 41.3, 8.7, 779, 冠军早餐 囚鸟 
3253854, 42.2, 7.7, 3360, 书店的灯光 
1607478, 41.5, 8.3, 1279, 巴黎伦敦落魄记 
1042434, 46.6, 8.0, 4784, 安妮日记 
1040104, 57.7, 8.7, 11004, 魔戒（第一部） 
1397467, 45.5, 7.9, 4551, 理智与情感 
1430530, 48.6, 8.2, 5085, 汤姆叔叔的小屋 
1025336, 48.7, 7.9, 8251, 慢 
3055316, 44.4, 7.7, 5083, 第十三个故事 
4299250, 40.4, 8.6, 756, 读诗的艺术 
26879082, 14.6, 8.2, 13, 吉诃德大神父 
10473355, 46.2, 8.6, 1961, 木麻黄树 
1011702, 47.0, 8.1, 4389, 廊桥遗梦 
4120485, 42.8, 9.3, 539, 加缪全集（散文卷Ⅰ） 
1780277, 46.4, 8.7, 1769, 法兰西组曲 
4173402, 46.6, 8.4, 2687, 昨日之旅 
3137289, 52.7, 8.5, 6520, 姐姐的守护者 
1373788, 40.3, 8.2, 1180, 玩偶之家 
26377477, 22.9, 8.9, 36, 文章家与先知 
1185910, 35.8, 8.9, 267, 埃涅阿斯纪 
1949579, 32.3, 9.0, 144, 康拉德小说选 
24872823, 29.8, 9.1, 91, 博尔赫斯全集：诗歌卷 (上册) 
1033350, 24.5, 8.4, 64, 水与土 
1047325, 42.7, 9.2, 584, 老妇还乡 
26827210, 20.4, 8.1, 38, 林中秘族 
1046265, 66.5, 8.0, 178472, 挪威的森林 
10432334, 39.1, 8.3, 854, Me Before You 
2214344, 46.2, 7.5, 10228, 不存在的女儿 
25748132, 37.2, 8.4, 548, 复明症漫记 
3898308, 39.7, 8.6, 667, 一个青年艺术家的画像 
26791405, 24.7, 7.6, 126, 八百万种走法 
2229229, 46.2, 8.0, 4455, 穿条纹衣服的男孩 
26910978, 21.5, 9.1, 26, 蓝色笔记本 
2064632, 39.3, 9.0, 421, 开·闭·开 
1885262, 45.1, 8.6, 1619, 笑面人 
26910947, 15.8, 7.6, 22, 动物园·第三工厂 
5996568, 32.5, 8.6, 207, 人性的污秽 
1766685, 42.5, 8.3, 1513, 黑暗中的笑声 
1077778, 49.9, 8.1, 7360, 爱的教育 
26828229, 24.9, 9.4, 37, 加缪手记：第三卷 
1017839, 41.6, 7.9, 2218, 带着鲑鱼去旅行 
4836697, 41.9, 8.3, 1376, 看见真相的男孩 
1479703, 33.3, 9.2, 143, 赫尔曼·黑塞小说散文选 
26429208, 32.4, 9.5, 103, 猜猜我有多爱你 
2135139, 42.3, 8.4, 1290, 我为什么要写作 
11508896, 39.9, 8.4, 870, 夜航 
26745030, 38.1, 8.8, 426, 陌生女人的来信 
19975229, 31.1, 8.8, 139, 时间之线 
26644964, 25.6, 8.3, 82, 耶鲁文学小历史 
3090839, 22.1, 7.7, 70, 黑王子 
1030554, 44.6, 8.5, 1689, 恶心 
3190550, 40.8, 8.3, 1135, 巨匠与杰作 
26359759, 36.2, 8.0, 720, 那些我们没谈过的事 
24855421, 37.9, 8.7, 450, 在春天走进果园 
4152770, 43.9, 8.6, 1346, 根西岛文学与土豆皮馅饼俱乐部 
3141960, 26.6, 9.1, 56, 世界童话精选百篇 
1006113, 50.4, 7.8, 13594, 源氏物语 
6010156, 34.3, 8.1, 459, 狂野之夜！ 
26264163, 23.5, 8.1, 66, 跳舞女郎 
26637781, 28.3, 8.4, 121, 自决之书 
4191696, 39.5, 8.8, 532, 狗心 
10537645, 38.3, 8.4, 661, 岛屿书 
20273137, 35.3, 7.8, 779, 伦敦塔集雨人 
4605558, 35.2, 7.9, 682, 布鲁克林 
1317853, 31.6, 8.8, 151, 斯特林堡文集（全五册） 
5988558, 42.7, 8.3, 1579, 深夜小狗神秘事件 
26394190, 24.2, 9.1, 39, 鹿特丹的伊拉斯谟 
25982261, 27.6, 9.7, 46, 福楼拜文集（全5册） 
26348734, 30.5, 8.4, 176, 听客溪的朝圣 
1428154, 42.5, 8.8, 851, 费尔南多·佩索阿诗选 
3783412, 43.1, 8.8, 938, 圣殿春秋（下） 
22693008, 33.2, 8.2, 339, 兔子共和国 
1039840, 44.0, 7.6, 5618, 查特莱夫人的情人 
3434097, 34.8, 8.5, 333, 大饭店 
20273121, 35.2, 8.2, 480, 易碎品 
4219120, 40.0, 8.4, 877, 流浪的星星 
26596019, 20.4, 9.2, 21, The Invention of Nature 
2042631, 40.7, 7.9, 1893, 弗兰肯斯坦 
2350407, 43.7, 8.2, 2122, 寂静的春天 
1880825, 41.8, 8.2, 1526, 希腊神话 
21690069, 33.8, 8.3, 337, 幻世浮生 
1026317, 47.8, 7.7, 9830, 可爱的骨头 
26318808, 36.3, 7.5, 1430, 我的脖子让我很不爽 
10567283, 28.3, 7.8, 210, 恶棍来访 
26321331, 28.1, 8.5, 109, 沙漏做招牌的疗养院 
1870262, 46.6, 8.5, 2372, 帕洛马尔 
1174722, 40.9, 7.9, 1946, 太阳照常升起 
1411023, 33.1, 8.3, 299, 独居日记 
3668430, 38.0, 8.4, 622, 明智的孩子 
6313462, 33.4, 8.6, 239, 礼拜五或太平洋上的灵薄狱 
3438303, 44.2, 8.7, 1250, 抬高房梁，木匠们；西摩：小传 
26787782, 26.7, 9.2, 54, 我的世纪，我的野兽 
26451509, 28.4, 9.2, 69, 先人祭 
26603456, 26.6, 8.2, 106, 危地马拉传说 
26390071, 28.3, 8.4, 122, 两个故事 
2146277, 44.0, 9.1, 784, 一个政治性人物的肖像 
2971734, 40.2, 7.3, 4375, 一把雨伞给这天用 
6720777, 37.4, 9.0, 314, 海明威短篇小说全集（上） 
2059994, 35.4, 8.1, 560, 只要在一起 
10809021, 34.9, 8.5, 337, 学生托乐思的迷惘 
6897140, 43.1, 8.3, 1693, The Fault in Our Stars 
1052360, 50.7, 8.9, 2756, 卡尔维诺文集（第四卷） 
4845007, 36.8, 8.2, 632, 南极 
2160292, 44.0, 8.1, 2574, 神谕之夜 
4038610, 41.3, 8.1, 1596, 回归 
6784957, 32.7, 8.3, 279, 性本恶 
1083316, 37.7, 8.1, 834, 南回归线 
10746178, 26.3, 7.8, 142, 修补匠 
5283663, 42.8, 8.4, 1407, 另一个波琳家的女孩 
25871958, 29.8, 8.2, 188, 一个自杀者的传说 
26295983, 26.7, 8.1, 117, 苏珊·桑塔格谈话录 
2032117, 41.6, 7.7, 2966, 纽约三部曲 
1945004, 39.0, 8.6, 596, 近距离 
10875996, 38.9, 8.9, 435, 朝圣者之歌 
1035477, 48.8, 7.8, 9970, 德伯家的苔丝 
1858493, 36.9, 7.8, 1049, 虹 
10762880, 36.2, 8.0, 718, 南方女王 
1203244, 51.6, 8.2, 8562, 三个火枪手 
1016003, 58.4, 8.0, 40849, 鲁滨逊漂流记 
5289426, 37.9, 7.4, 2269, 在云端 
2266567, 39.8, 9.2, 381, 伊凡·伊里奇的死 
1029368, 31.7, 8.2, 260, 情感教育 
5381541, 24.5, 8.7, 52, 时间与河流 
1916614, 36.1, 7.8, 902, 我，十三岁，妓女，吸毒者…… 
1042638, 38.0, 9.3, 267, 西方文学之旅 
1019628, 48.9, 8.7, 2683, 卡夫卡中短篇小说选 
5043526, 38.5, 7.6, 1883, 床笫之间 
1028779, 44.0, 8.1, 2588, 神奇动物在哪里 
11597313, 28.8, 8.3, 143, 地下世界 
6832303, 42.6, 6.9, 16172, 别相信任何人 
11528305, 39.4, 8.2, 1008, 朝圣 
20273136, 34.9, 8.6, 307, 水的空白 
1958871, 41.6, 8.3, 1308, 普宁 
1185912, 39.4, 8.4, 797, 变形记 
1186350, 46.2, 7.8, 6124, 红字 
2265995, 44.2, 7.1, 14947, 大象的眼泪 
21325488, 28.0, 9.3, 61, 俄国文学史（上下卷） 
4882148, 38.9, 8.2, 919, 遥望 
1339959, 29.8, 9.0, 98, 魔鬼詩篇 
26681250, 21.7, 8.7, 33, 矮子当道 
20380988, 34.3, 8.1, 461, 众生安眠 
7046857, 38.5, 8.3, 763, 长日留痕 
20425489, 41.6, 9.3, 453, 是，首相 
1013129, 66.7, 8.6, 56086, 哈利·波特与凤凰社 
1219090, 46.7, 9.2, 1062, 沙与沫 
1321790, 41.4, 8.1, 1634, 华氏451 
24935031, 38.9, 9.3, 303, 战争与和平 
26534971, 31.4, 7.5, 534, 蓝狗的眼睛 
1090877, 42.1, 8.8, 797, 献给爱米丽的一朵玫瑰花 
2065564, 46.2, 8.1, 3803, 一日重生 
3402988, 40.7, 8.9, 577, 海浪 
1982096, 44.6, 8.4, 1915, 关于来洛尼亚王国的十三个童话故事 
25702794, 31.4, 8.3, 224, 银行家的情人 
5247161, 30.9, 9.5, 83, 费·陀思妥耶夫斯基全集（全22卷） 
2295122, 44.0, 8.4, 1720, 卡门 
1083030, 41.8, 9.0, 624, 双重人格 地下室手记 
1046680, 40.4, 8.6, 749, 茨维塔耶娃文集：诗歌 
20434037, 33.2, 8.1, 373, 谜一样的眼睛 
1428066, 46.0, 8.8, 1486, 海上钢琴师 
26305332, 29.4, 8.6, 124, A Little Life 
4171951, 50.6, 7.5, 24753, 失落的秘符 
1444558, 44.5, 8.7, 1300, 博尔赫斯谈艺录 
1039809, 40.7, 8.1, 1444, 草叶集 
1850861, 39.3, 8.0, 1267, 托斯卡纳艳阳下 
21714777, 34.7, 8.3, 399, 巴西：未来之国 
20273030, 40.1, 8.3, 1013, 哈尔的移动城堡 
1424569, 45.9, 8.4, 2392, 婚礼的成员 
1001065, 46.0, 8.4, 2414, 麦克白 
1432596, 69.3, 8.8, 59492, 哈利·波特与混血王子 
3003470, 43.2, 8.8, 953, 另一个，同一个 
1082159, 47.4, 8.2, 4109, 沉默的羔羊 
4909050, 25.1, 8.4, 70, 半轮黄日 
1074155, 41.9, 8.8, 773, 骑兵军 
1092149, 56.0, 8.7, 8389, 梵高传 
1258498, 56.9, 8.3, 18210, 项链 
1228110, 57.7, 8.2, 24779, 天使与魔鬼 
25873393, 26.0, 8.3, 88, 肖像与观察 
4832482, 30.7, 7.9, 297, 真实的颜色 
1535600, 32.5, 8.2, 297, 黑暗的心 
15047243, 33.3, 7.9, 476, 卡波蒂短篇小说全集 
20437599, 38.1, 8.0, 1023, 自杀 
1034922, 49.8, 8.9, 2398, 莎士比亚喜剧悲剧集 
1185883, 39.3, 8.9, 466, 白轮船 
