Tag: 奇幻 

ID, Score, Rating, Votes, Title 
1336330, 67.9, 9.3, 21562, 冰与火之歌（卷一） 
26783041, 38.8, 9.3, 301, 睡魔1：前奏与夜曲 
10537633, 37.0, 8.2, 660, 克苏鲁神话 
26895508, 32.2, 9.7, 87, 睡魔2：玩偶之家 
26835827, 27.5, 8.9, 73, 想象地名私人词典 
26767242, 32.5, 8.6, 207, 亲爱的阿道夫 
25826936, 52.1, 9.5, 1697, 冰与火之歌 
26307399, 34.6, 9.0, 204, 吉尔莫·德尔·托罗的奇思妙想 
26904095, 23.4, 8.2, 61, 博物学家的神秘动物图鉴 
21979017, 50.9, 9.5, 1445, 魔戒 
25831096, 39.7, 8.9, 493, 梦书之城 
26792804, 36.9, 9.1, 266, 魔兽世界编年史 
1063401, 44.5, 8.4, 1888, 精灵宝钻 
25934300, 41.2, 8.6, 857, 塞拉菲尼抄本 
2334065, 56.2, 9.4, 3445, 塔希里亚故事集 
1220219, 54.4, 8.6, 7459, 阴阳师 
26881696, 15.5, 7.6, 21, 古文物专家的鬼故事 
26765930, 31.0, 9.4, 90, 努门诺尔与中洲之未完的传说 
1321017, 61.9, 8.8, 18630, 九州·缥缈录 
26722307, 32.5, 7.9, 408, 暗夜独行客 
5916880, 64.1, 8.6, 36602, 华胥引（全二册） 
10593454, 28.1, 6.7, 796, 怪屋女孩 
26811966, 26.3, 8.1, 110, 无影人 
1986291, 64.7, 9.5, 10266, 冰与火之歌（卷三） 
1464203, 64.7, 9.4, 11859, 冰与火之歌（卷二） 
20326626, 53.5, 8.6, 6416, 少年Pi的奇幻漂流（插图珍藏版） 
1939182, 48.1, 8.0, 6306, 美国众神 
1975809, 46.5, 7.8, 6449, 海上牧云记 
26806567, 21.7, 8.5, 37, 高能预警 
6016234, 50.6, 8.8, 3059, 奇风岁月 
20381804, 60.0, 9.4, 6007, 冰与火之歌·卷五·魔龙的狂舞（全三册） 
26823150, 22.4, 7.7, 74, 脏工作 
20473089, 47.1, 8.6, 2267, 有顶天家族 
1041007, 73.6, 9.0, 82345, 哈利·波特与魔法石 
26425832, 39.8, 9.3, 348, 纸上中洲 
26666023, 25.9, 8.5, 75, 睡美人与魔纺锤 
3198422, 46.2, 8.6, 1937, 光明王 
26707942, 33.6, 7.2, 1270, 知更鸟女孩 
3210843, 60.5, 9.2, 8401, 冰与火之歌·卷四·群鸦的盛宴（全两册） 
6964047, 57.1, 9.3, 4429, 冰与火之歌（卷一） 
1882933, 58.7, 8.1, 35728, 鬼吹灯之精绝古城 
26781555, 29.4, 8.3, 159, 山海变1·指间错 
25805143, 33.5, 8.5, 264, 他方世界 
26834592, 27.2, 8.8, 75, 夏日遇见狄更斯 
1028779, 44.0, 8.1, 2589, 神奇动物在哪里 
25808738, 40.1, 9.1, 433, 阴阳师典藏合集 
26789635, 29.0, 8.6, 117, 殡葬人的秘密 
3191247, 48.2, 8.7, 2377, 好兆头 
26578003, 44.9, 8.2, 2623, 无心法师 第一卷 
26267087, 40.5, 8.7, 692, 猎魔人1：白狼崛起 
3115476, 51.2, 8.8, 3398, 热夜之梦 
26617142, 30.0, 8.4, 161, 最后的猎巫人 
26656291, 27.7, 8.4, 110, 上帝的图书馆 
1072334, 50.1, 8.5, 4226, 魔戒前传 
26763167, 22.5, 8.1, 56, 狼的恩赐 
1040104, 57.7, 8.7, 11008, 魔戒（第一部） 
26725405, 41.5, 7.9, 2168, Harry Potter and the Cursed Child 
4737329, 48.3, 7.8, 9035, 龙族Ⅰ 
1071241, 71.4, 8.9, 70051, 哈利·波特与阿兹卡班的囚徒 
26878529, 25.1, 8.0, 96, 山海经传奇 
4920037, 42.3, 7.1, 9902, 临界·爵迹 I 
1437858, 51.8, 8.7, 4248, 天行健（全4册） 
5363651, 41.8, 7.8, 2643, 浮生物语 
25778124, 44.4, 8.7, 1292, 七王国的骑士 
10763905, 46.0, 7.8, 5878, 西游日记 
24751077, 38.1, 9.3, 272, 飓光志第一卷：王者之路（全三册） 
2003209, 39.7, 8.0, 1369, 蜘蛛男孩 
2057291, 42.3, 8.1, 1915, 守夜人 
4920036, 42.6, 7.3, 7117, 临界·爵迹 Ⅱ 
22693008, 33.2, 8.2, 339, 兔子共和国 
6952187, 39.4, 8.2, 1011, 宵山万华镜 
26713079, 19.4, 8.6, 24, 赫伯特的奇幻人生 
2057550, 50.3, 8.5, 4351, 魅生·妖颜卷 
26369156, 28.8, 7.6, 281, 猫饭奇妙物语 
1433572, 49.0, 9.2, 1508, 随风而来的玛丽阿姨 
3191257, 40.4, 8.2, 1200, 乌有乡 
25782292, 33.7, 8.7, 231, 巫魔师 
26586126, 29.5, 8.4, 148, 黑糖匣 
26341728, 36.3, 8.4, 466, 山河表里 
2298769, 44.5, 8.1, 2821, 殷商舰队玛雅征服史 
26628814, 33.5, 7.1, 1447, 龙与地下铁 
26435000, 36.3, 9.1, 244, 猎魔人3：精灵之血 
26721089, 21.7, 8.0, 52, 怪屋女孩2：空城 
26745463, 21.3, 7.6, 65, 米米朵拉 
26812570, 28.7, 9.1, 77, 魔兽世界：伊利丹 
10566123, 29.6, 8.4, 152, 山海经 
26847177, 29.4, 8.9, 99, 猎魔人4：轻蔑时代 
25880067, 34.7, 7.5, 1024, 安珀志1：安珀九王子 
26390937, 39.8, 9.1, 413, 猎魔人2：宿命之剑 
1919201, 60.7, 8.5, 24673, 七夜雪 
26281603, 29.6, 9.0, 95, 渡鸦之影1·血歌（上下） 
26647621, 35.8, 7.0, 2878, 龙族Ⅳ 
1232186, 50.2, 8.9, 2531, 黑暗精灵三部曲 
4937547, 43.5, 7.9, 3151, 我的征途是星辰大海 
6434543, 49.0, 8.1, 6280, 龙族Ⅱ 
10618121, 34.8, 8.1, 498, 扮鬼脸 
2049339, 39.8, 8.3, 963, 变化的位面 
1461898, 40.7, 8.5, 881, 蜀山剑侠传 
20472730, 44.2, 7.8, 4184, 龙族Ⅲ 
26148066, 29.8, 8.3, 169, 第一律法 [卷一] 
5912701, 27.5, 7.6, 221, 查理九世1·黑贝街的亡灵 
1948901, 64.7, 8.4, 57444, 盗墓笔记 
2143487, 44.8, 8.0, 3467, 茅山后裔1 
1452923, 48.9, 8.0, 7317, 九州·斛珠夫人 
1926103, 55.5, 8.0, 24109, 鬼吹灯之云南虫谷 
26651639, 20.3, 8.3, 33, 开始写吧！——科幻、奇幻、惊悚小说创作 
1458377, 34.4, 8.2, 419, 大魔法师 
26111149, 33.0, 7.3, 962, 第一日 
26299615, 22.6, 8.1, 57, 如何创作科幻小说与奇幻小说 
1461652, 42.5, 8.2, 1744, 纳尼亚传奇：狮子、女巫和魔衣柜 
10198949, 36.2, 8.3, 511, 魁拔之书 
3337017, 49.9, 9.4, 1379, 塔希里亚故事集Ⅱ 
1771840, 35.3, 7.5, 1172, 枪侠 
3897534, 35.6, 8.1, 573, 世界之眼（上下卷） 
2271450, 56.4, 8.7, 8962, 镜·神寂 
26851278, 26.4, 9.1, 55, 浮生物语4（下） 
26264178, 25.6, 8.5, 71, 梦歌 
3698543, 40.4, 8.4, 937, 胡林的儿女 
1430871, 46.0, 8.5, 2135, 亵渎1·轮回·月陨 
1029475, 46.7, 8.1, 4207, 若星汉天空 
1071794, 57.2, 8.9, 7660, 魔戒（第三部） 
26652880, 30.0, 7.4, 455, 遗落的南境1：湮灭 
26598799, 30.7, 9.5, 80, 冰与火之歌的世界 
26792696, 35.0, 8.9, 237, 镜（全6册） 
2295163, 69.7, 8.9, 53386, 哈利·波特与死亡圣器 
1400048, 50.2, 8.5, 4330, 搜神记Ⅰ-神农使者 
1431779, 59.5, 8.9, 10840, 九州·缥缈录Ⅱ·苍云古齿 
26675529, 24.8, 8.0, 91, 爱因斯坦与上海神秘人 
24757288, 31.6, 8.2, 255, M代表魔法 
6018589, 40.6, 9.5, 329, George R. R. Martin&#39;s A Game of Thrones 4-Book Boxed Set 
2217788, 45.4, 9.5, 652, 三鹿人成功之路 
25816346, 26.5, 8.3, 96, 恶魔呼唤 
6890100, 38.7, 8.6, 565, 缥缈·提灯卷 
1000353, 39.8, 8.6, 681, 纳尼亚王国传奇（全7册） 
10770739, 37.4, 7.7, 1324, 哑舍Ⅱ 
5915713, 29.3, 6.4, 1837, 爵迹•燃魂书 
1058759, 55.9, 8.8, 7193, 魔戒（第二部） 
1010898, 46.1, 7.6, 8382, 格列佛游记 
4922017, 35.9, 7.1, 2429, 斗破苍穹 1 
1009257, 71.2, 8.9, 67963, 哈利·波特与火焰杯 
1420794, 50.4, 8.2, 6975, 诛仙4 
4848427, 35.8, 7.8, 865, 血色童话 
4718389, 37.7, 8.1, 837, 江湖异闻录 
4842735, 44.8, 8.4, 2001, 海妖 
24283160, 44.7, 8.7, 1345, 间客 
1916726, 54.0, 7.9, 22122, 鬼吹灯之龙岭迷窟 
4709682, 37.2, 8.7, 401, 绿林记 
26827251, 21.2, 7.8, 55, 山 • 十二记 
2302816, 33.9, 9.0, 185, 中国奇幻十人选——捕梦天王·骑桶人 
26671170, 24.5, 7.1, 205, 神圣懒汉的冒险 
19967857, 32.0, 8.0, 337, 冰与火之歌漫画 
10545776, 33.3, 8.4, 285, 迷雾之子1·最后帝国（上下册） 
4219728, 48.2, 9.4, 1083, 塔希里亚故事集Ⅲ 
1478487, 49.8, 7.8, 12148, 曼珠沙华 
24760789, 29.3, 8.1, 187, 烟与镜 
20532619, 38.2, 8.6, 522, 魅生·十师卷（全二册） 
2265750, 45.9, 8.3, 2737, 九州志 
4895136, 38.6, 7.8, 1468, 鸭川小鬼 
1131441, 39.1, 8.2, 946, 刺客正传Ⅰ·刺客学徒 
24529806, 29.6, 8.8, 109, 神秘的陌生人 
1321018, 52.4, 8.2, 9780, 九州·羽传说 
2373242, 38.2, 9.2, 301, 酉阳杂俎 
6712400, 29.4, 7.5, 361, 莫雷尔的发明 
1776832, 37.9, 9.2, 285, Sandman 
1432596, 69.3, 8.8, 59509, 哈利·波特与混血王子 
2253753, 56.6, 8.8, 8027, 九州·缥缈录Ⅲ·天下名将 
1013129, 66.7, 8.6, 56100, 哈利·波特与凤凰社 
6964051, 52.4, 9.5, 1783, 冰与火之歌（卷一） 
1283275, 42.5, 8.5, 1200, 都市妖奇谈一 
5697408, 29.8, 7.5, 390, 伪伦敦 
1084341, 40.4, 7.8, 2028, 神奇的魁地奇球 
26600719, 29.5, 7.8, 261, 哑舍·零 
25927836, 27.3, 9.8, 42, 所有的邪恶 
5276802, 42.1, 8.6, 991, 饕餮娘子之岁寒记 
26636393, 21.7, 7.6, 70, 饕餮记 
7056972, 43.5, 9.4, 549, 塔希里亚故事集Ⅴ 
5291181, 47.4, 8.3, 3569, Blood X Blood：血族传说 
3866397, 42.9, 7.7, 3793, 鹿男 
25760119, 31.6, 9.0, 129, 《霍比特人》的艺术 
4199686, 45.2, 8.0, 3724, 羽·青空之蓝 
10546893, 33.2, 8.3, 308, 弑君者传奇（第一日）风之名 
3851790, 56.3, 8.9, 6653, 九州·缥缈录V·一生之盟 
2176700, 40.1, 8.1, 1289, 鬼吹灯之精绝古城（上下）（漫画版） 
2330635, 48.9, 8.6, 3015, 九州·秋林箭 
6867624, 21.2, 8.8, 29, The Once and Future King 
3543627, 38.6, 8.7, 506, 黑暗之塔 
4839148, 39.3, 8.7, 564, 阿拉桑雄狮 
26862572, 17.1, 8.2, 20, 诗人和鲸鱼 
2201813, 48.5, 7.5, 16385, 藏地密码1 
1938591, 52.4, 7.8, 19815, 鬼吹灯之昆仑神宫 
1422079, 47.5, 9.0, 1484, 十二國記：月之影·影之海（上） 
6973805, 52.3, 9.4, 1957, 冰与火之歌（卷一） 
24715870, 30.1, 7.9, 262, 战士（套装上下册） 
25954325, 26.4, 8.0, 121, 废物庄园 
26339863, 19.1, 8.6, 23, 獵魔士Ⅲ 
1221329, 49.0, 8.6, 3103, 阴阳师·飞天卷 
2226171, 38.9, 8.1, 1043, 守日人 
1836272, 40.4, 8.7, 678, 山海经 
1326828, 53.1, 8.4, 8098, 镜·双城 
1742707, 42.8, 8.4, 1426, 佣兵天下1 
26545120, 33.2, 9.7, 100, 塔希里亚故事集Ⅷ 
3122477, 49.6, 8.8, 2612, 魅生·涅槃卷 
5391812, 35.0, 7.8, 744, 风港 
25897996, 30.1, 8.2, 197, 浮生物语3（下） 
1607466, 37.2, 8.4, 543, 妖言惑众 
2272936, 36.8, 8.5, 460, 图解山海经 
3674734, 43.9, 8.2, 2202, 涿鹿 
24882313, 36.4, 8.5, 433, 地海传奇2：地海古墓 
26283241, 25.7, 7.2, 237, 光与暗的生灵 
2212325, 48.9, 8.6, 3051, 魅生·幻旅卷 
26594195, 25.0, 9.0, 47, 渡鸦之影Ⅱ 
25758245, 32.0, 8.2, 275, 浮生物语3（上） 
10546528, 30.2, 7.5, 419, 伊岚翠 
2133270, 42.2, 8.6, 1003, 魔法的颜色 
25921286, 32.2, 7.5, 621, 民调局异闻录1·苗乡巫祖 
1878819, 46.0, 8.6, 1882, 蛮荒记1·鲲鹏 
25814398, 29.1, 7.9, 220, 鸭川六景 
20394783, 34.7, 7.9, 613, 浮生物语2 
1441589, 31.8, 7.9, 359, 上帝掷骰子 
6265773, 30.8, 7.4, 537, 巨龙的颂歌 
26411937, 19.2, 7.7, 40, 玛拉兹英灵录 卷一 
25908098, 31.7, 8.0, 317, 千香引·雏凤星现 
11520569, 19.8, 7.9, 39, 翅鬼 
1225062, 33.0, 8.7, 205, 汤姆的午夜花园 
2040824, 45.2, 8.1, 3219, 九州·铁浮图 
1962224, 39.8, 9.2, 378, 龙与地下城怪物图鉴 
3571559, 31.9, 7.5, 589, 驱魔人 
26648683, 23.7, 7.0, 193, 我所创造的怪物 
25742768, 33.3, 8.4, 281, 地海传奇4：地海孤儿 
25857006, 25.5, 8.3, 81, 乌有王子1·前度的黑暗 
4025048, 29.1, 7.8, 242, 阿努比斯之门 
2382709, 53.4, 8.6, 6324, 镜·辟天 
19954996, 28.2, 7.3, 356, 浮生物语外传 
1385745, 29.4, 8.8, 106, 如何當一隻好狗 
26289352, 28.1, 7.3, 348, 奇谭怪事录 
1464421, 38.3, 8.4, 657, 亚尔斯兰战记 
1420740, 47.6, 8.6, 2465, 阴阳师·生成姬 
3903387, 48.0, 7.7, 10276, 香蜜沉沉烬如霜 
10608470, 46.7, 9.5, 794, 冰与火之歌·卷三·冰雨的风暴（上） 
25891894, 18.2, 7.8, 31, 冬日传奇 
24380530, 22.2, 8.6, 38, 黑质三部曲 
2343823, 38.9, 8.1, 1048, 笔冢随录·生事如转蓬 
10608472, 46.2, 9.5, 735, 冰与火之歌·卷三·冰雨的风暴（中） 
6424415, 31.7, 7.2, 844, 山海经密码 
1452766, 43.9, 8.5, 1504, 宾克的魔法 
1834139, 38.9, 7.9, 1351, 云荒往世书·云散高唐 
1485497, 31.8, 7.3, 757, 狂神2·堕落天使 
1771843, 38.4, 8.3, 745, 三张牌 
24715997, 20.5, 7.0, 95, 潘宫的秘密1 
26289676, 25.6, 7.7, 138, 从天而落 
4884908, 21.0, 7.6, 61, 圖解克蘇魯神話 
5264447, 43.0, 7.5, 5389, 三千鸦杀 
3174112, 40.0, 8.9, 517, 陰陽師：夜光杯卷 
2382711, 53.5, 8.6, 6493, 镜·龙战 
1863794, 19.4, 6.6, 114, 魔法的历史 
26822901, 22.6, 7.1, 135, 采珠勿惊龙：鬼雨法螺 
1054380, 39.9, 9.1, 420, 龙族（一） 
11541367, 20.2, 6.2, 234, 阿宅的奇幻事务所 
24358147, 32.0, 8.1, 303, 战争之潮 
2407931, 28.7, 9.1, 77, The Witcher: The Last Wish 
25923242, 29.4, 7.9, 233, 如何不相离 
2216512, 37.9, 7.7, 1467, 冒死记录 
10580819, 31.8, 8.9, 144, 金字塔 
26786935, 17.7, 8.4, 20, 盗贼联盟 
4604958, 31.8, 8.1, 295, 波西.杰克逊与神火之盗 
1410145, 51.0, 8.3, 6592, 诛仙3 
2136038, 39.1, 7.0, 5923, 诛仙8（大结局） 
2012562, 26.4, 8.3, 95, Fantastic Beasts and Where to Find Them 
1460136, 31.0, 9.0, 117, The Chronicles of Narnia Boxed Set 
6425903, 28.9, 7.7, 259, 鱼馆幽话 
2052380, 38.1, 8.6, 514, 巫师与玻璃球 
25923098, 27.7, 7.3, 320, 楚墓 
3807481, 31.1, 7.5, 505, 墨水心 
10739049, 11.9, 6.7, 17, 龙族-5 
25941181, 24.4, 7.4, 145, 哑舍5 
10763427, 22.9, 8.2, 56, 查理九世15·海龟岛的狩猎者 
1288939, 48.3, 8.7, 2402, 阴阳师·龙笛卷 
5936069, 36.4, 8.2, 593, 九州·雪焚城 
3091122, 49.6, 9.0, 2052, 百鬼夜行抄1 [東立] 
25922733, 29.9, 7.3, 510, 哑舍Ⅳ 
24523684, 29.7, 8.6, 130, 弑君者传奇（ 第二日）智者之惧 
1262039, 47.5, 8.6, 2394, 阴阳师·付丧神卷 
1786536, 43.4, 7.7, 4192, 九州·朱颜记 
20431818, 24.3, 9.5, 32, 地海六部曲(繆思十週年紀念套書) 
2148947, 46.5, 8.7, 1804, 阴阳师·太极卷 
4313949, 43.0, 8.0, 2503, 奥汀的祝福 
19894102, 28.9, 7.8, 234, 九州·暗月将临 
1459156, 18.2, 8.4, 22, 奇幻文學寫作的十堂課《The Writer&#39;s Complete Fantasy Reference》 
3177087, 39.4, 7.3, 3663, 风玫瑰 
6129292, 23.7, 7.1, 172, 移動迷宮 
11505944, 37.1, 8.3, 603, 天鹅·余辉 
1003925, 38.5, 8.4, 687, 风姿物语No.1 
26666026, 24.1, 7.9, 86, 饕餮娘子3：蜜语楼 
1393280, 43.4, 7.7, 4204, 花镜 
1928374, 40.8, 8.4, 1004, 道可道 
1449957, 47.6, 9.1, 1351, 烙印勇士1 
24876144, 19.0, 8.4, 25, 歌门鬼城 
2567960, 43.4, 7.6, 4969, 镜·织梦者 
26874330, 24.9, 7.5, 145, 脑洞W 
10560806, 33.7, 8.9, 195, 迷雾之子3·永世英雄（上下册） 
6779980, 40.0, 7.4, 3519, 天命 
5366006, 43.4, 8.4, 1554, Blood X Blood：血族传说大结局 
4219418, 36.4, 7.7, 1087, 九州·刺客王朝·葵 
25775380, 26.4, 8.1, 111, 无尽长门Ⅰ 
10605863, 21.3, 7.2, 93, 汗血宝马 
1316584, 40.9, 8.7, 738, 玩具修理者 
6100926, 22.4, 6.8, 185, 被置换的孩子 
1493257, 37.9, 8.6, 501, 三千界 
26775078, 37.8, 8.9, 369, 非人哉 
3016791, 36.8, 8.3, 566, 逆流河 
7161897, 18.1, 6.4, 103, 龙族4 
4847645, 28.3, 8.0, 172, 波西·杰克逊与巨神之咒 
5406471, 32.8, 8.9, 167, 夜色玛奇莲I 
25982408, 28.2, 9.1, 72, 青春奇妙物语② 
26899959, 21.3, 9.5, 21, 达洋猫动物小说·奇幻冒险五部曲 
5299852, 28.0, 7.9, 179, 九州幻想·天空之城 
26609967, 26.8, 6.9, 445, 他与月光为邻 
24737061, 26.4, 7.8, 146, 猎人行 
25997575, 26.2, 6.9, 386, 天之炽1 
1507256, 47.6, 8.8, 1915, 吸血鬼猎人/猎命师传奇 
1976047, 44.8, 8.5, 1746, 阴阳师·晴明取瘤 
5347698, 31.6, 7.7, 438, 娑婆气 
24389756, 15.5, 8.1, 16, 帕迪多街車站 
26261244, 21.6, 7.3, 90, 血族3：永夜 
24876892, 26.9, 8.8, 71, 人字旁 
26824306, 15.7, 7.5, 23, 被删除的人 
3908784, 49.2, 9.1, 1732, Fate/Zero Vol.1 [第四次圣杯战争秘话] 
1161852, 51.2, 8.2, 7991, 天意 
25833222, 21.6, 8.0, 51, 寻找杰克 
4100304, 32.3, 8.1, 320, 巫术族的预言-萝铃的魔力-上下册 
10608473, 46.5, 9.6, 703, 冰与火之歌·卷三·冰雨的风暴（下） 
4828417, 34.4, 7.9, 588, 贞观幽明谭 
20381803, 43.9, 9.4, 582, 冰与火之歌·卷五·魔龙的狂舞（下） 
5355649, 35.2, 8.1, 533, 九州·龙渊 
1859615, 40.0, 8.6, 707, 荒原 
4744976, 33.9, 8.8, 218, 时光之轮4·暗影渐起（上下） 
5984284, 37.0, 7.5, 1641, 斗破苍穹3·寻找异火 
1082632, 28.5, 7.2, 428, 最后的独角兽 
20273032, 27.4, 8.0, 147, 迷宫之屋 
10558240, 28.9, 8.0, 190, 咬时代 
1778558, 35.2, 7.8, 761, 沙门空海之大唐鬼宴·卷之三·胡术 
1256220, 34.1, 8.9, 207, 阿巴拉岛 
26261238, 26.6, 7.0, 372, 超禁忌游戏Ⅰ 
2924564, 42.9, 7.9, 2807, 彼岸花 
2354896, 36.8, 8.5, 464, 幽冥仙途 
1418999, 56.5, 9.2, 4604, 银河英雄传说 
3034184, 50.3, 8.0, 9404, 鬼吹灯Ⅱ之四巫峡棺山 
5954635, 30.2, 8.5, 154, 时光之轮6·混沌之王（上下） 
1430684, 34.6, 7.3, 1338, 永恒之井 
5416595, 31.4, 8.0, 299, 九州·澜州战争 
1786264, 35.9, 8.0, 687, 黑质三部曲·之三·琥珀望远镜 
3587025, 40.6, 8.1, 1411, 九州·星痕 
1084416, 36.3, 8.6, 387, 地海传奇Ⅱ 
10433307, 27.7, 9.7, 47, A Dance with Dragons 
1439350, 25.1, 8.6, 61, Bridge to Terabithia 
26721099, 23.5, 7.9, 78, 冰龙 
2969999, 38.6, 7.7, 1669, 九州·死者夜谈 
26589197, 14.9, 8.0, 15, 荆棘王子 
26545212, 20.2, 7.9, 42, 破碎之海Ⅰ 
1787843, 34.1, 7.6, 801, 兽血沸腾（第一卷） 
3364853, 47.4, 7.7, 9020, 月食 
24089340, 23.5, 7.4, 122, 反西游记 
4124694, 30.8, 9.2, 99, 龙与地下城4.0 地下城主指南 
25725506, 30.7, 7.2, 680, 羽·苍穹之烬 
5909528, 26.2, 7.8, 141, 沉寂的星球 
1151918, 32.7, 8.2, 311, 吸血鬼猎人D 
3898902, 35.9, 7.7, 996, 九州·龙痕 
25660555, 23.5, 7.8, 84, 十三绣衣使 第壹卷 
3084855, 40.8, 7.6, 2965, 星辰变1 
26274437, 20.1, 7.8, 44, 英伦魔法拾遗 
4922018, 43.8, 7.6, 5392, 斗破苍穹 2 
25957855, 26.2, 9.3, 47, 乌有王子2·战士先知 
3021566, 37.5, 7.9, 1028, 我是传奇 
25777845, 24.0, 7.4, 135, 浮珑 
1421001, 25.9, 7.3, 219, 武器屋 
21869680, 25.0, 8.6, 60, 镇魂街3 
2988328, 38.3, 8.8, 435, 瑪莉的音樂盒#上 
25723676, 19.4, 7.5, 48, 巫城记 1：梅律辛 
20504955, 27.8, 7.8, 190, The Ocean at the End of the Lane 
25957889, 18.2, 7.2, 48, 《分歧者》三部曲 
2340300, 46.8, 7.6, 9749, 鬼吹灯Ⅱ之三·怒晴湘西 
25735699, 45.6, 7.9, 4665, 三生三世 枕上书·终篇 
10593893, 29.9, 7.6, 355, 秘境之匣 
1921362, 45.9, 7.8, 5718, 诛仙7 
26338191, 24.1, 9.0, 41, 魔法活船3·命运之船（上下） 
4882044, 27.5, 8.4, 106, 威尼斯之石 
1345458, 22.7, 8.6, 41, 中國妖怪事典 
4926253, 23.5, 8.6, 47, At the Mountains of Madness 
1823247, 41.2, 7.4, 4477, 飞天 
25868123, 29.0, 7.5, 330, 战争罪行 
1919733, 39.6, 8.6, 658, 彼得潘 
1365337, 28.4, 9.0, 79, 魔戒電影設定聖典1 
1220201, 28.5, 8.1, 161, 撒玛坎护身符 
1492241, 21.3, 7.2, 93, 恶魔事典 
26896735, 11.5, 7.3, 11, 饕餮记2 
21714358, 29.9, 8.3, 174, 地火明夷 1 
25880072, 33.6, 7.7, 634, 安珀志2：阿瓦隆之枪 
4214004, 33.9, 8.5, 283, 转生真龙（上下卷） 
25940818, 20.1, 6.6, 133, 刺客信条：秘密圣战 
25880068, 34.3, 8.0, 507, 安珀志4：奥伯龙之手 
3336960, 41.1, 8.5, 951, 沧海明月·凝碧卷 
3025616, 30.1, 8.0, 236, 夜市 
7047307, 23.8, 8.2, 65, 查理九世12·失落的海底城 
1460275, 36.3, 7.7, 1067, 逝雪 
1842679, 32.5, 7.4, 760, 狂神6 
24748959, 26.7, 7.8, 155, 十号酒馆·判官 
25880088, 32.8, 7.7, 550, 安珀志3：独角兽之兆 
7056742, 20.3, 7.1, 82, 十二金剪 
26435484, 18.8, 7.2, 55, 刺客信条：大革命 
6311231, 30.6, 7.6, 402, 神的平衡器 
4814387, 34.6, 8.1, 483, 2050年的母系氏族 Ⅰ 
2302080, 44.3, 7.9, 3636, 神之右手 
1364507, 37.7, 9.4, 237, 冰與火之歌三部曲（卷三）劍雨風暴 
3237656, 34.2, 8.4, 331, 龙枪终结版·灵魂之战三部曲 
11523417, 32.2, 7.8, 435, 神渊古纪·烽烟绘卷 
26704111, 13.8, 7.6, 15, 阿瓦隆迷雾4：橡树之囚 
6715001, 33.5, 8.2, 357, 九州·丧乱之瞳 
3864624, 38.9, 8.3, 825, 九州幻想·四年 
25900685, 26.2, 9.2, 50, 时光之轮12·末日风暴（上下） 
1426168, 28.5, 8.8, 92, 猫和少年魔笛手 
26729926, 11.6, 6.9, 14, 异乡人2 
6862480, 24.2, 7.6, 114, 烟雾和骨头的女儿 
26358363, 12.0, 7.5, 11, Uprooted 
1151090, 27.0, 8.0, 135, 魔幻家族 
3753880, 28.8, 7.3, 407, 千面之城 
6059239, 29.3, 7.7, 278, 魅灵之书 
1469429, 45.3, 8.4, 2142, 相思门 
1050866, 31.9, 8.3, 246, 法老的诅咒 
6985984, 25.6, 7.5, 169, 白夜灵异事件簿 
3236601, 39.3, 7.9, 1446, 恶魔法则1 
25880074, 31.0, 7.5, 489, 安珀志 5：混沌王庭 
2004395, 17.9, 8.2, 23, 夜夜春梦 
1950094, 40.4, 8.5, 840, 疯狂植物园 
10540821, 32.8, 7.8, 483, 龙缘 
10531432, 19.7, 8.0, 36, 愛麗絲漫遊奇境 
6424142, 28.6, 7.9, 200, 骑誓·海渊骑士的破晓 
20450684, 24.1, 7.0, 210, 光与专属少年 
25857034, 20.7, 7.4, 68, 生命之书 
26306661, 20.2, 7.0, 89, 刺客信条：黑旗 
1804944, 29.0, 7.3, 419, 狂神4 
20273030, 40.1, 8.3, 1013, 哈尔的移动城堡 
1357739, 50.3, 9.3, 1634, 空之境界（下） 
1484267, 21.0, 7.6, 61, 南总里见八犬传（全四册） 
26303224, 41.6, 8.1, 1686, 说部之乱 
10589434, 31.9, 7.3, 762, 七夜谈 
1677118, 28.1, 8.9, 81, 神奇的玛丽阿姨 
1029928, 25.0, 8.1, 87, 穿越夜空的疯狂旅行 
3816883, 40.7, 8.3, 1111, 黑暗的左手 
25900091, 23.2, 8.5, 48, 特洛伊3·诸王陨落 
3786933, 27.7, 7.3, 322, 骑士幻想夜Ⅱ 
26612858, 22.2, 8.2, 49, 住在身体里的人 
10488617, 47.4, 9.3, 1058, 冰与火之歌·卷二·列王的纷争（上） 
1485503, 33.9, 8.2, 381, 长老 
26338190, 23.8, 8.9, 41, 魔法活船2·疯狂之船（上下） 
4128025, 35.0, 7.3, 1473, 羽翼·深蓝 
26818782, 17.7, 6.8, 61, 爵迹：雾雪零尘 
1449981, 33.1, 6.3, 6112, 无极 
5367352, 26.8, 8.0, 131, 波西·杰克逊与迷宫之战 
5063873, 36.0, 8.2, 555, 地师（1、2、3、4） 
2150985, 28.9, 6.6, 1145, 光之子（上中下） 
2253601, 29.3, 7.6, 314, 牛顿加农炮 
22933018, 28.5, 6.7, 876, 斗破苍穹 
1467382, 48.6, 8.4, 3807, 镜·龙战（上） 
3059430, 36.6, 8.1, 685, 萨布莉尔 
4124525, 31.2, 9.2, 106, 龙与地下城4.0 玩家手册 
26824352, 15.7, 6.5, 51, 爵迹：永生之海 
25921287, 30.7, 7.5, 467, 民调局异闻录2·清河鬼戏 
3315767, 38.1, 8.1, 900, 笔冢随录Ⅱ·万事皆波澜 
1340583, 38.3, 9.5, 237, The Return of the King 
1450536, 42.5, 8.9, 768, 猎物者 
11628194, 43.1, 9.2, 624, 冰与火之歌·卷四·群鸦的盛宴（上） 
25930023, 20.3, 7.9, 43, 忘尘阁之一 噬魂珠 
10542031, 11.7, 7.2, 12, 藏地密碼第二季 1: 絕戶蠱毒 
3753879, 28.3, 7.8, 209, 彼方之旅 
26451335, 16.1, 7.8, 21, 法外之徒 
26286399, 14.5, 8.0, 14, 古代志怪小说鉴赏辞典 
25922739, 27.3, 8.2, 120, 十字弓·玫瑰之刃 
1863160, 40.2, 8.7, 657, 十二國記 - 前傳 - 魔性之子 
24879931, 20.1, 8.4, 30, 海上宴 
1753749, 23.0, 7.7, 83, Rip Van Winkle 
1461655, 37.6, 8.2, 732, 纳尼亚传奇：黎明踏浪号 
10795878, 29.2, 7.3, 438, 仙逆1·天逆珠子 
26461338, 24.9, 8.3, 73, 陰陽師 蒼猴卷 
1258564, 36.1, 8.5, 411, 刺客正传Ⅲ·刺客任务（上下） 
4124683, 31.0, 9.4, 90, 龙与地下城4.0 怪物图鉴 
3753881, 28.4, 7.6, 261, 记忆之岛 
20496320, 20.5, 7.6, 56, 白夜灵异事件薄2 
26603435, 28.0, 6.9, 577, 无心法师 第四卷 
4176604, 31.4, 7.8, 376, 阿尔萨斯：巫妖王的崛起 
17647718, 11.3, 7.4, 10, Hollow City 
1426312, 13.5, 7.6, 14, 教你如何“混饭吃” 
2356605, 31.4, 7.7, 418, 布莱克伍德庄园 
10432664, 22.5, 6.1, 520, 2012·末夜 
10786074, 38.6, 8.1, 993, 如意蛋 
1448712, 28.1, 7.8, 202, 指环王与哲学 
10488616, 46.3, 9.3, 905, 冰与火之歌·卷二·列王的纷争（中） 
25751571, 19.5, 7.4, 54, 处女座：完美年华初相见 
26021870, 12.7, 7.3, 14, 鬼马女神捕1·绝密卧底（上） 
1420524, 40.9, 8.1, 1488, 夜谈蓬莱店 
2024174, 27.9, 7.9, 175, 流枫川志 
25767897, 26.8, 9.1, 58, 霍比特人官方年历2014 
1067243, 36.0, 8.0, 692, 伊拉龙 
1889764, 36.5, 8.7, 361, 燃犀奇谈 
25817159, 16.7, 6.4, 72, 夜晚马戏团 
2372401, 41.1, 8.1, 1550, 九州志Ⅱ 
1423193, 29.5, 8.7, 117, 外公的13号古宅 
20469397, 30.2, 8.6, 142, 暗黑破坏神Ⅲ：凯恩之书 
20312477, 24.3, 6.9, 248, 斗破苍穹25·净莲妖火 
25837941, 16.7, 7.1, 38, 唐朝诡事录2 
6014664, 30.8, 9.2, 99, 烈火魔尘 
25733653, 14.4, 5.2, 204, 大主宰1 
26201918, 20.1, 7.5, 56, 蛊真人 
24722919, 24.4, 7.4, 144, 九州·殇翼 
4827982, 24.3, 6.7, 327, 忘川堂夜话 
3546460, 29.4, 9.3, 76, 旅人之忆 
2291660, 20.7, 7.9, 46, The Lightning Thief 
25944664, 13.7, 6.7, 26, The Bone Clocks 
1085756, 32.7, 8.3, 283, 地海传奇Ⅲ 
25719562, 29.2, 8.2, 169, 闻香榭之二 玉露无心 
3680885, 38.5, 7.8, 1419, 回声 
3894769, 27.3, 7.8, 174, 妖怪公寓 
24757008, 15.0, 8.2, 14, 第一法則 終部曲 
3464724, 31.6, 8.1, 283, 巫颂（第一部） 
1110162, 22.3, 8.4, 44, 中国狐文化 
3375956, 34.2, 7.9, 563, 黑白灰姑娘 
1449920, 25.5, 8.5, 70, 帽子里的天空 
25713202, 19.9, 7.9, 40, 所罗门之戒 
24838956, 27.0, 9.1, 60, 时光之轮11·迷梦之刃（上下） 
26430276, 15.0, 7.0, 28, 阿瓦隆迷雾 2：卡米洛王后 
5910862, 27.4, 8.1, 134, 萝铃的魔力（第3部） 
5912709, 21.3, 7.6, 65, 查理九世3·恶灵栖息的乌鸦城 
10542033, 12.9, 7.4, 14, 藏地密碼第二季 2: 雀母王城 
1726544, 43.0, 8.3, 1666, 卧底 
3056871, 29.5, 8.0, 213, 夜之琴女与耶稣之笛 
10580817, 31.8, 8.8, 155, 大法 
3908795, 49.8, 9.3, 1518, Fate/Zero Vol.2 [王者们的狂宴] 
25958712, 24.7, 8.0, 90, 陰陽師 醉月卷 
1416363, 13.7, 7.0, 21, 惡魔事典《Dictionary of Demons and Devils》 
24680771, 12.8, 7.1, 16, 夢書迷宮 
26125718, 28.6, 7.4, 345, 民调局异闻录5 ·赌城妖灵 
3987585, 29.4, 8.8, 107, 漆原友紀作品集 
19966285, 30.5, 8.6, 148, 陰陽師：醍醐卷 
6533098, 27.9, 8.4, 113, 时光之轮7 剑之王冠（上、下册） 
26417932, 21.5, 8.3, 41, 时光之轮前传 新春 
21371565, 21.6, 8.1, 47, 一鬼夜行 
2302798, 42.7, 8.5, 1226, 吸血鬼莱斯特 
2309907, 24.9, 7.6, 133, 天使微积分 
3411680, 23.8, 7.5, 116, 鬼譚草紙 
25919864, 26.2, 7.7, 155, 奥术神座1·女巫笔记 
2149618, 34.2, 7.8, 638, 氏族之王 
10437285, 25.0, 7.2, 206, 三界宅急送 
26616769, 15.3, 7.7, 19, 阿瓦隆迷雾 3：鹿王 
4082857, 37.7, 8.1, 833, 九州志·葵花·玄之殇陨 
2244881, 41.6, 8.4, 1160, 宝珠鬼话之锁麒麟 
1441505, 33.9, 9.0, 184, 龙枪编年史 
10545414, 26.0, 7.5, 180, 九州·戏中人 
6516924, 25.2, 7.3, 189, 骑誓·龙骑士的千年誓约 
3276278, 30.3, 8.2, 203, 人類衰退之後 1 
6790065, 15.2, 7.5, 21, 巨齿鲨 
26358901, 16.0, 7.3, 28, 忘尘阁2玲珑心 
10749901, 18.1, 8.2, 24, 《遗产》三部曲 
4178273, 24.7, 7.3, 172, 萨满桥 
24720111, 17.7, 7.2, 43, 神秘岛/潘宫的秘密4 
25836027, 32.8, 7.6, 615, 献给死者的音乐 
26642040, 14.4, 6.7, 31, 刺客信条：启示录 
25921288, 30.3, 7.5, 429, 民调局异闻录3·血海鬼船 
7153478, 26.8, 8.3, 101, 时光之轮8·匕首之路（上下） 
1919221, 42.7, 8.0, 2334, 人间六道之修罗道 
2329083, 37.0, 8.3, 588, 佣兵天下 
3745104, 27.2, 8.5, 93, 少年吸血鬼阿曼德 
10540254, 14.1, 7.3, 19, 黑夜鸟之黑夜陨歌 
26602859, 24.5, 8.0, 86, 文学少女侦探 
2339084, 27.6, 8.5, 99, 黑暗学徒（共6本） 
1461658, 36.1, 8.1, 628, 纳尼亚传奇：能言马与男孩 
1364537, 41.2, 8.8, 688, 十二國記·華胥之幽夢 
25839365, 28.4, 7.8, 211, 巨龙的黄昏 
3338175, 45.3, 7.9, 4367, 诗翁彼豆故事集 
2040795, 35.2, 7.6, 993, 佛本是道1 
3241893, 46.0, 7.8, 5856, 藏地密码4 
3786931, 26.9, 7.3, 269, 骑士幻想夜Ⅰ 
1389027, 45.0, 9.1, 919, 十二國記：東之海神·西之滄海 
2010276, 39.2, 7.6, 2180, 神墓1·潜龙出渊 
20488050, 25.0, 8.3, 74, 时光之轮10·光影歧路（上下） 
24854772, 25.0, 9.0, 47, 冰与火之歌漫画：权力的游戏（第2卷） 
2351259, 43.6, 8.2, 2105, 大漠荒颜·帝都赋 
26415590, 14.2, 6.4, 38, 韩国异闻录 
1966337, 34.4, 7.3, 1286, 紫诏天音 
1921433, 43.6, 8.6, 1271, 蛮荒记2·青帝 
21993097, 22.5, 9.5, 25, Special Edition Harry Potter Paperback Box Set 
10508104, 28.4, 8.6, 105, 镇魂街 2 
5984933, 34.2, 9.3, 152, 超魔杀帝国 
3111483, 32.9, 9.1, 147, 吾命騎士（卷2） 
3543364, 39.5, 8.9, 477, 狐说 
3026840, 19.4, 8.0, 34, 真理之劍 1 巫師第一守則（上） 
25768277, 39.6, 8.0, 1329, 苗疆蛊事1 
4050577, 26.4, 8.3, 94, 猫头鹰王国1-暗算 
25885287, 29.5, 7.6, 324, 明日绽放的花蕾 
2263939, 24.6, 7.4, 150, 邪神传说6 
25793692, 26.9, 8.0, 133, 闻香榭之三 沉香梦醒 
25900117, 24.8, 8.8, 51, 特洛伊2·雷霆之盾 
24702226, 18.7, 8.0, 30, 皇帝魂 
2984725, 38.2, 8.0, 1036, 鬼吹灯之龙岭迷窟①（漫画版） 
25832787, 39.2, 8.8, 501, 惊悚乐园1 
11628197, 42.2, 9.2, 543, 冰与火之歌·卷四·群鸦的盛宴（中） 
3337298, 23.1, 9.1, 33, 约翰·豪奇幻艺术工场 
1861809, 24.9, 7.4, 160, 東京異聞 
6110445, 21.0, 9.2, 23, 梦之守护者 
1227812, 35.4, 8.1, 555, 刺客正传II：皇家刺客（上下） 
1007952, 51.4, 9.4, 1719, 蓝熊船长的13条半命 
3188317, 34.7, 8.5, 325, 摩合罗传Ⅰ 
24845557, 25.0, 9.2, 42, 骨力·风神：张旺白描作品集 
1822785, 34.4, 8.5, 308, 风姿物语1·暹罗结义 
26125800, 29.3, 7.5, 348, 民调局异闻录6·无边冥界 
25966508, 16.4, 7.2, 33, 狩猎2·湄公蛇窟 
10772870, 21.9, 7.3, 96, 妖物 
1426673, 47.3, 8.6, 2334, 搜神记Ⅲ·灵山十巫 
4783285, 29.9, 7.8, 284, 明日歌·山河曲1 
24859376, 15.3, 7.7, 19, 纯净 
1783560, 39.9, 8.8, 560, 龍槍編年史 1 秋暮之巨龍 
1428448, 14.8, 8.1, 14, Tales of the Cthulhu Mythos 
1320621, 41.7, 8.6, 934, 都市妖奇谈二 
3735921, 29.4, 7.2, 525, 骑士幻想夜 
1764444, 34.3, 7.5, 960, 仙楚1·轩辕 
20385484, 22.0, 7.5, 82, 绿物语 
11628195, 42.6, 9.3, 524, 冰与火之歌·卷四·群鸦的盛宴（下） 
3079250, 31.4, 8.4, 205, 不存在未出版的错误条目 
5993317, 27.3, 8.4, 103, 白云苍狗 
1055445, 33.9, 8.7, 237, 魔法灰姑娘 
1489844, 36.4, 7.7, 1106, 华音流韶之天剑伦 
3315757, 30.9, 8.2, 228, 道者无心·海内篇Ⅰ 
24283497, 30.4, 7.5, 438, 狐狸的故事 
26822062, 15.3, 7.7, 19, 青春奇妙物语④ 
1022582, 41.5, 8.4, 1131, 瞬间收藏家 
2040860, 30.7, 7.4, 521, 冰火魔厨 
2203368, 29.1, 7.1, 563, 蔷薇的第七夜 
1461653, 36.5, 7.9, 863, 纳尼亚传奇：凯斯宾王子 
3058812, 34.2, 8.2, 404, 阿布霍森 
26751728, 16.7, 7.7, 25, 哑舍Ⅴ 
11604560, 21.0, 7.2, 87, 魔符 
