Tag: 小说 

ID, Score, Rating, Votes, Title 
26821461, 45.5, 8.8, 1376, 北鸢 
26878124, 35.9, 8.8, 299, 我的天才女友 
26698660, 60.4, 9.0, 10879, 巨人的陨落 
25862578, 73.4, 8.6, 167240, 解忧杂货店 
6082808, 76.7, 9.2, 93691, 百年孤独 
1770782, 78.2, 8.8, 247514, 追风筝的人 
26425831, 56.5, 8.8, 7823, 斯通纳 
1082154, 77.2, 9.1, 119705, 活着 
26910597, 35.6, 8.6, 345, 直到那一天 
10594787, 69.2, 8.9, 49903, 霍乱时期的爱情 
1858513, 70.6, 8.9, 61349, 月亮和六便士 
26900889, 33.1, 9.1, 151, 佛罗伦萨的神女 
26701959, 43.2, 8.6, 1183, 我脑袋里的怪东西 
26831234, 41.8, 8.7, 847, 不属于我们的世纪 
1008145, 77.4, 8.9, 179336, 围城 
26905360, 34.0, 9.4, 138, 夜莺 
4820710, 69.6, 9.3, 28009, 1984 
5038409, 59.1, 9.0, 8903, 金色梦乡 
26787935, 41.9, 8.7, 861, 夜色人生 
1200840, 74.4, 9.0, 93679, 平凡的世界（全三部） 
6781808, 59.2, 9.2, 6912, 杀死一只知更鸟 
26890281, 40.7, 8.2, 1255, 漫长的中场休息 
26886310, 47.9, 9.1, 1415, 有匪1 
26892080, 42.0, 9.0, 639, 猎豹 
26356515, 42.4, 8.2, 1715, S. 
26931507, 38.3, 7.7, 1587, 罗曼蒂克消亡史 
2035162, 65.1, 9.0, 22358, 刀锋 
26882320, 34.3, 9.0, 196, 嗨，好久不见 
26819479, 32.7, 8.6, 214, 小说药丸 
26931701, 34.0, 9.2, 159, 长安十二时辰 
26382433, 59.0, 8.2, 31467, 无声告白 
1856494, 59.5, 9.3, 6325, 卡拉马佐夫兄弟 
26808761, 25.8, 9.1, 50, 试刊号 
26837288, 40.8, 8.4, 1013, 钓鱼的男孩 
26864983, 30.3, 8.5, 157, 思家小馆的晚餐 
4203630, 42.2, 8.5, 1126, 鳄鱼街 
2035171, 60.3, 9.0, 10675, 人生的枷锁 
4908885, 64.3, 9.0, 19837, 局外人 
26729776, 45.2, 8.2, 2765, 雪人 
26340138, 56.1, 7.7, 48700, 岛上书店 
26451351, 44.9, 8.6, 1565, 爱情和其他魔鬼 
1254588, 63.8, 8.9, 21250, 城南旧事 
22714154, 54.9, 8.7, 6991, 繁花 
1017143, 70.6, 8.5, 129832, 不能承受的生命之轻 
26854325, 26.6, 8.6, 78, 喜剧作家 
3633461, 58.1, 8.6, 13695, 一句顶一万句 
26210487, 50.1, 9.1, 1994, 强风吹拂 
1829226, 69.1, 9.1, 35253, 肖申克的救赎 
3831788, 48.1, 8.0, 6327, 逃离 
3608208, 65.4, 8.6, 45245, 牧羊少年奇幻之旅 
26882355, 31.9, 8.3, 243, 去别处 
26889865, 34.4, 7.5, 980, 我不知道该如何像正常人那样生活 
26672693, 48.5, 9.0, 1748, 一个叫欧维的男人决定去死 
1089243, 68.4, 8.8, 52312, 黄金时代 
1090043, 68.0, 8.5, 82932, 倾城之恋 
3406401, 60.5, 9.0, 10972, 悉达多 
25985982, 39.4, 8.5, 714, 遥远的星辰 
26899537, 33.6, 9.3, 140, 长安十二时辰 上 
2035179, 68.6, 9.2, 28035, 动物农场 
1960287, 37.2, 8.4, 547, 蒙着眼睛的旅行者 
1068920, 76.2, 9.3, 73176, 飘（上下） 
6789605, 58.9, 9.0, 8665, 树上的男爵 
1187842, 55.2, 9.0, 4881, 你一生的故事 
24934182, 56.2, 8.1, 22671, 一个人的朝圣 
1431870, 55.5, 9.1, 4459, 源泉 
26357614, 46.4, 9.0, 1263, 海风中失落的血色馈赠 
26923390, 37.3, 9.0, 311, 长夜难明 
26640439, 32.2, 8.9, 154, 死缓 
1424741, 60.1, 8.5, 22321, 心是孤独的猎手 
3006581, 66.1, 8.9, 30630, 无人生还 
1046265, 66.5, 8.0, 178472, 挪威的森林 
1085799, 63.8, 8.6, 35099, 白鹿原 
2143732, 66.9, 8.7, 48327, 灿烂千阳 
10763902, 56.7, 7.9, 36433, 偷影子的人 
26394018, 40.7, 9.1, 473, 生活与命运 
1440972, 58.8, 9.1, 7386, 博尔赫斯小说集 
26756030, 35.4, 8.4, 406, 时间之间 
26928435, 19.0, 7.9, 34, 语言的第七功能 
26757657, 36.3, 8.3, 519, 望春风 
26849452, 34.4, 8.5, 307, 静默 
1442869, 54.3, 8.9, 4843, 献给阿尔吉侬的花束 
10537633, 37.0, 8.2, 659, 克苏鲁神话 
1400705, 63.1, 8.1, 78881, 情人 
10774752, 54.5, 9.1, 3866, 毛姆短篇小说精选集 
4742918, 65.0, 8.3, 73684, 1Q84 BOOK 1 
1057244, 67.5, 8.6, 63766, 边城 
26871657, 34.4, 7.7, 742, 第十三天 
3836566, 51.4, 8.5, 5235, 玫瑰的名字 
25829693, 59.5, 9.0, 9396, 永恒的终结 
26586492, 57.2, 8.9, 7653, 火星救援 
5337248, 58.4, 8.9, 9184, 台北人 
4011670, 60.4, 8.3, 33131, 人间失格 
26669243, 41.3, 8.2, 1394, 慈悲 
4010969, 54.5, 7.8, 29424, 当我们谈论爱情时我们在谈论什么 
6797396, 47.9, 8.5, 2956, 焚舟纪 
20428302, 51.8, 9.1, 2560, 失明症漫记 
1082334, 64.2, 8.3, 64577, 穆斯林的葬礼 
26371317, 51.1, 8.2, 7827, 24个比利 
6880158, 60.5, 8.7, 17185, 陆犯焉识 
1008988, 60.1, 8.3, 31797, 了不起的盖茨比 
26871658, 29.0, 8.8, 100, 爱有失落时 
1456311, 39.9, 8.5, 770, Of Mice and Men 
26866448, 31.0, 8.6, 160, 皮囊之下 
6781794, 54.3, 8.8, 5579, 过于喧嚣的孤独 
26787931, 37.7, 7.7, 1403, 精神科的故事：在游泳池 
5043454, 35.2, 7.9, 672, 盛开的樱花林下 
4105446, 52.8, 8.1, 12451, 十一种孤独 
1029791, 67.8, 8.7, 56201, 许三观卖血记 
26823134, 30.4, 8.1, 228, 困扰种种 
1059330, 47.1, 8.3, 3386, 午夜凶铃 
26431326, 44.9, 8.9, 1114, 所有我们看不见的光 
1321789, 54.6, 8.5, 8897, 美丽新世界 
26732624, 35.4, 8.3, 448, 精神病患 
2257283, 32.8, 9.1, 143, 唐人小说 
1882933, 58.7, 8.1, 35670, 鬼吹灯之精绝古城 
4011440, 55.8, 8.0, 25416, 最初的爱情 最后的仪式 
26840830, 33.7, 8.9, 195, 爱德华·巴纳德的堕落 
26797395, 34.8, 8.2, 447, 夏日启示录 
1291809, 60.5, 8.5, 24050, 世界尽头与冷酷仙境 
24382569, 55.4, 8.6, 8793, 一桩事先张扬的凶杀案 
26765928, 36.4, 8.4, 477, 屠夫十字镇 
1060852, 59.8, 8.8, 13277, 呼兰河传 
26791930, 31.9, 8.2, 270, 生于一九八四 
1059419, 61.5, 8.1, 58581, 海边的卡夫卡 
10560798, 55.6, 8.7, 7895, 面纱 
10432334, 39.1, 8.3, 854, Me Before You 
1393473, 42.8, 8.8, 898, 遍地风流 
1092335, 62.0, 8.9, 16012, 教父 
3669671, 45.0, 8.5, 1804, 我们在此相遇 
26791409, 33.7, 8.7, 228, 奇爱博士 
26642648, 34.4, 8.5, 307, 美好的七年 
2154960, 65.5, 8.7, 38515, 一个陌生女人的来信 
3826293, 34.0, 8.2, 392, 教授与疯子 
26356948, 44.9, 7.0, 21663, 摆渡人 
26821459, 40.4, 7.8, 2043, 茧 
1086249, 62.9, 8.6, 30292, 荆棘鸟 
3578470, 56.3, 9.0, 5767, 德米安 
1003000, 64.3, 8.4, 53940, 悟空传 
2136484, 55.2, 8.7, 7394, 如果在冬夜，一个旅人 
6800379, 45.9, 8.6, 1845, 2666 
1082387, 67.6, 9.2, 23974, 一九八四·动物农场 
26895254, 31.9, 9.1, 125, 雪中的印记 
5299768, 31.7, 8.6, 182, 希腊左巴 
26607924, 39.4, 8.4, 791, 午夜之子 
1336330, 67.9, 9.3, 21546, 冰与火之歌（卷一） 
1019568, 72.8, 9.2, 52529, 三国演义（全二册） 
26853566, 32.1, 8.2, 280, 出家 
26654687, 36.1, 8.0, 710, 你是我的命运 
26687879, 41.0, 8.1, 1506, 一首小夜曲 
26682066, 33.1, 8.5, 250, 我的奋斗1 
1863930, 63.9, 8.8, 25294, 看不见的城市 
3673771, 53.0, 9.0, 3452, 项塔兰 
26265745, 46.1, 8.2, 3227, 清明上河图密码 
26767242, 32.5, 8.6, 207, 亲爱的阿道夫 
1060117, 55.1, 8.5, 9754, 不朽 
10569619, 50.0, 8.5, 4186, 自由 
20392523, 55.4, 8.5, 10293, 没有人给他写信的上校 
1830445, 52.3, 9.0, 3121, 阿城精选集 
11528350, 48.7, 8.8, 2290, 哈扎尔辞典（阳本） 
1292416, 61.1, 8.5, 26372, 香水 
26803179, 32.8, 8.4, 261, 平原上的摩西 
1080370, 65.4, 8.6, 45007, 情书 
26752646, 29.9, 8.0, 231, 天意 
26580084, 44.7, 8.7, 1346, 烛烬 
1092168, 51.0, 9.1, 2253, 追忆似水年华（上下册） 
1013225, 58.3, 8.3, 23332, 生活在别处 
1465324, 56.4, 7.7, 51200, 洛丽塔 
1007305, 81.4, 9.5, 112465, 红楼梦 
6802423, 36.4, 7.7, 1089, 哦！爸爸们 
26628811, 47.2, 8.7, 2011, 世上最美的溺水者 
26916781, 31.4, 9.5, 89, 当下四重奏 
10512236, 51.0, 8.4, 5724, 时间的针脚 
1066165, 56.4, 9.3, 4019, 卡尔维诺文集（第三卷） 
2302217, 49.4, 8.8, 2529, 阿特拉斯耸耸肩（上下） 
3391248, 55.9, 8.6, 9597, 金阁寺 
26808364, 33.7, 8.1, 412, 四季红 
1082518, 58.2, 7.9, 47910, 麦田里的守望者 
1040771, 66.8, 8.2, 123207, 达·芬奇密码 
3056906, 32.0, 8.3, 250, 夏日的庭院 
1322455, 56.0, 8.8, 7231, 遥远的救世主 
3277199, 49.0, 8.1, 6300, 多田便利屋 
1014278, 61.9, 8.4, 36286, 红玫瑰与白玫瑰 
26394876, 37.2, 8.9, 335, 小说机杼 
2056749, 58.5, 8.1, 34478, 时间旅行者的妻子 
3311253, 56.5, 9.0, 5939, 额尔古纳河右岸 
25826936, 52.0, 9.5, 1692, 冰与火之歌 
26760976, 39.7, 8.4, 839, 怒 
25752955, 51.6, 9.0, 2812, 来自新世界 （上下） 
26716997, 30.1, 8.5, 150, 隐秘的幸福 
26840109, 32.6, 8.4, 249, 单程票 
1760432, 54.4, 9.2, 3355, 受戒 
1022060, 64.9, 8.3, 72817, 狼图腾 
5958726, 52.6, 8.0, 14280, 质数的孤独 
3826899, 52.2, 8.6, 5178, 布鲁克林有棵树 
3899039, 51.2, 8.1, 9302, 刺猬的优雅 
1141406, 69.2, 8.5, 101520, 简爱 
26927491, 19.0, 9.2, 17, 白夜照相馆 
1418058, 53.9, 9.1, 3505, 小径分岔的花园 
26923541, 28.0, 8.6, 99, 一定要给你个惊喜 
1963684, 63.4, 8.6, 32732, 半生缘 
26735085, 36.3, 7.7, 1083, 奇迹 
26907029, 31.9, 9.1, 125, 天真人类 
26431618, 28.2, 8.8, 88, 君士坦丁堡最后之恋 
26890756, 33.2, 8.5, 252, 你是我的虚荣 
26746839, 39.2, 8.5, 692, 清明上河图密码3 
1085860, 69.0, 8.9, 48345, 基督山伯爵 
1119522, 64.3, 8.4, 54293, 呼啸山庄 
26787941, 38.2, 7.3, 2847, 玛格丽特小镇 
26849731, 31.7, 8.1, 286, 看了高兴的爱情故事 
5363767, 75.1, 9.2, 73701, 三体Ⅲ 
1082349, 57.9, 8.2, 25777, 长恨歌 
2245449, 42.6, 8.7, 961, 爱与黑暗的故事 
10345560, 41.4, 7.8, 2453, 离别之音 
26910978, 21.5, 9.1, 26, 蓝色笔记本 
1020961, 58.3, 8.7, 12069, 棋王 
26801234, 31.8, 7.9, 363, 我二十九岁的夏天 
26916869, 21.7, 8.7, 33, 去他的戒律 
1080309, 60.4, 8.4, 28092, 尘埃落定 
26895400, 30.1, 9.2, 90, 镜像人之末世如你 
26810629, 34.6, 8.4, 351, 岁月如风小少年 
26791998, 37.0, 8.3, 585, 山中的糖果 
26819925, 30.8, 8.6, 156, 君の名は。 
21979017, 50.9, 9.5, 1444, 魔戒 
26864850, 31.4, 8.4, 205, 香蕉的低语 
25831096, 39.7, 8.9, 493, 梦书之城 
26870405, 30.7, 7.9, 296, 龙头凤尾 
26911011, 28.8, 8.3, 143, 名丽场 
2256039, 60.4, 7.8, 88416, 杜拉拉升职记 
26220177, 12.2, 7.0, 15, Revival 
1948901, 64.7, 8.4, 57419, 盗墓笔记 
26300508, 43.4, 8.7, 1104, 万物的签名 
3432304, 49.7, 9.1, 1866, 大江东去（共三部） 
24845582, 53.3, 8.4, 8411, 群山回唱 
25892399, 46.0, 7.9, 5004, 余生皆假期 
26704178, 30.7, 8.4, 181, 我们飞 
1017334, 39.6, 9.0, 445, 没有个性的人 
1456692, 49.0, 8.5, 3547, 金瓶梅 
3259440, 79.6, 9.1, 172549, 白夜行 
26874195, 33.6, 9.8, 100, 户口本 
5275059, 63.0, 7.9, 116787, 1988：我想和这个世界谈谈 
4885241, 63.5, 8.4, 47246, 1Q84 BOOK 2 
25897884, 30.1, 9.0, 102, 13．67 
26889862, 28.6, 8.6, 109, 我还是很喜欢你 
5940553, 49.0, 8.8, 2371, 当尼采哭泣 
26798156, 31.6, 8.4, 212, 哀伤的墙 
5920385, 53.5, 8.2, 11854, 肠子 
1077492, 50.7, 9.0, 2425, 大师和玛格丽特 
26863353, 36.2, 8.9, 287, 贩罪 
3066477, 75.1, 9.2, 74246, 三体Ⅱ 
1041007, 73.6, 9.0, 82329, 哈利·波特与魔法石 
26769999, 35.6, 7.8, 834, 死神的浮力 
1052074, 49.0, 8.7, 2725, 喧哗与骚动 
26264967, 50.6, 8.3, 6099, 神们自己 
1962078, 34.1, 8.6, 268, 校园秘史 
3769738, 49.9, 8.7, 3118, 万火归一 
26305561, 38.8, 8.0, 1165, 如何阅读一本小说 
26261735, 43.5, 8.5, 1413, 编舟记 
1316648, 57.9, 8.3, 21532, 查令十字街84号 
1076654, 54.7, 8.7, 6780, 孽子 
25733470, 56.7, 8.3, 17505, 村上春树：没有色彩的多崎作和他的巡礼之年 
3211779, 74.8, 8.9, 118949, 嫌疑人X的献身 
6529759, 43.7, 9.4, 567, 水蛇腰 
3616310, 53.9, 7.6, 38785, 小团圆 
1418686, 58.0, 8.6, 13548, 红拂夜奔 
26922279, 21.8, 8.4, 40, 雨中你的自由泳非常美丽 
1020459, 61.6, 8.4, 34343, 此间的少年 
6016234, 50.6, 8.8, 3055, 奇风岁月 
1859108, 50.9, 8.8, 3251, 白痴 
4908872, 47.5, 8.6, 2427, 都柏林人 
3879301, 62.8, 8.1, 73785, 微微一笑很倾城 
26914805, 24.0, 9.5, 31, 九幽 
5446490, 48.9, 8.7, 2684, 宇宙奇趣全集 
3017857, 61.2, 8.5, 26822, 金锁记 
1022632, 55.3, 8.7, 7465, 罪与罚 
26882668, 31.2, 9.4, 92, 金沙古卷1.青铜之门 
26689063, 39.2, 8.2, 972, 卡罗尔 
2165076, 48.5, 9.0, 1744, 玻璃球游戏 
4882159, 46.5, 7.6, 9076, 橘子不是唯一的水果 
26276924, 44.9, 8.6, 1566, 梦中的欢快葬礼和十二个异乡故事 
10768068, 48.2, 8.4, 3527, 寻欢作乐 
3013624, 50.9, 9.1, 2237, 棋王.樹王.孩子王 
1461903, 64.0, 8.0, 114035, 何以笙箫默 
1007433, 56.4, 8.1, 23514, 红与黑 
3326892, 55.2, 8.6, 8524, 圣诞忆旧集 
26837789, 31.5, 8.7, 162, 不存在的父亲 
26822709, 22.2, 8.9, 32, 聋哑时代 
26672441, 40.1, 8.5, 803, 收山 
26901311, 30.4, 8.7, 134, 血日苍茫 
26315820, 33.1, 8.4, 272, 火花 
6746290, 42.5, 8.9, 763, 奥丽芙·基特里奇 
10565151, 45.2, 7.5, 8506, 我是个年轻人 我心情不太好 
1469878, 47.6, 8.6, 2440, 日瓦戈医生 
26821903, 35.3, 7.9, 689, 精神科的故事：空中秋千 
26911045, 17.1, 8.4, 18, 陌生的女儿 
4154988, 47.5, 8.0, 5654, 纯真博物馆 
26303224, 41.6, 8.1, 1685, 说部之乱 
3402999, 47.9, 8.5, 2951, 到灯塔去 
20501761, 43.9, 8.2, 2195, 地球上最后的夜晚 
3228779, 45.5, 8.7, 1533, 出埃及记 
20473505, 41.6, 8.7, 824, 山月记 
26295450, 43.5, 8.7, 1113, 软件体的生命周期 
2180619, 55.3, 8.0, 23336, 偷书贼 
26899538, 27.7, 8.5, 102, 长安十二时辰 下 
1039752, 56.1, 7.8, 39314, 且听风吟 
6789551, 52.1, 8.8, 3882, 不存在的骑士 
1006073, 48.3, 7.6, 13002, 七月与安生 
21346008, 45.8, 8.5, 2060, 米格尔街 
1058679, 55.1, 8.7, 7243, 人·兽·鬼 
24541883, 49.2, 8.1, 6493, 消失的爱人 
26846483, 34.8, 8.6, 299, 不然你搬去火星啊 
26712094, 36.4, 8.2, 596, 汽油生活 
1083428, 71.1, 8.8, 80150, 傲慢与偏见 
26881067, 28.3, 8.8, 90, 我在伦敦买了一头狮子 
24107596, 42.9, 8.0, 2445, 神经漫游者 
3673651, 52.3, 7.7, 23522, 岛 
1119590, 45.5, 8.0, 3885, 老残游记 
3151990, 51.9, 8.5, 5755, 达摩流浪者 
2022979, 59.5, 8.1, 41143, 喜宝 
5916880, 64.1, 8.6, 36587, 华胥引（全二册） 
1851385, 52.8, 7.8, 21317, 我的名字叫红 
2161892, 51.8, 8.5, 5575, 九故事 
3194071, 52.7, 8.6, 5615, 少年巴比伦 
3987362, 51.5, 8.8, 3565, 春雪 
2250587, 56.7, 7.6, 67256, 一个人的好天气 
26818183, 30.3, 9.0, 106, 失忆的爱丽丝 
26892801, 24.5, 8.5, 59, 华生手稿 
20515828, 38.2, 8.6, 525, 傅科摆 
5337243, 52.9, 8.6, 5876, 纽约客 
1917972, 55.8, 7.8, 37082, 在路上 
26653000, 32.8, 8.1, 348, 金翅雀 
2326571, 58.3, 8.6, 14124, 琅琊榜 
1437488, 42.3, 9.2, 552, 群魔 
10759466, 46.6, 9.0, 1301, 地下室手记 
5993310, 53.3, 9.0, 3639, 直捣蜂窝的女孩 
26805297, 33.7, 7.5, 848, 我必须恋爱的理由 
26722307, 32.4, 7.9, 407, 暗夜独行客 
26848972, 29.8, 8.1, 203, 这里是没有我们存在的地方 
3013903, 50.2, 8.1, 7832, 漫长的告别 
1081422, 53.7, 8.9, 4401, 卡夫卡小说全集（全三册） 
1078250, 53.4, 8.2, 11682, 洗澡 
3426869, 63.3, 8.3, 54625, 三生三世 十里桃花 
1154561, 30.5, 7.9, 283, 抵达之谜 
1054917, 54.9, 8.5, 9353, 沧浪之水 
1872158, 49.1, 8.2, 5551, 蝇王 
26844939, 24.6, 7.9, 96, 只有她知道 
1082138, 55.0, 8.3, 13147, 在细雨中呼喊 
26921077, 26.3, 8.9, 61, 回望 
1073744, 53.9, 9.0, 3970, 四世同堂（上下） 
2209098, 60.9, 7.9, 78729, 致我们终将逝去的青春 
26298590, 34.9, 8.4, 372, 出轨 
25957554, 43.6, 8.0, 2765, 在不安的世界安静的活 
3594151, 51.6, 8.1, 10120, 柑橘与柠檬啊 
4173403, 49.3, 7.7, 13021, 温柔的叹息 
1849791, 48.8, 8.5, 3390, 铁皮鼓 
2567698, 73.9, 8.8, 124811, 三体 
26872990, 37.8, 7.9, 1092, 余生，请多指教 
6813370, 37.5, 8.2, 716, 雾中回忆 
1013469, 51.2, 8.6, 4419, 战争与和平（全四册） 
10764013, 47.5, 8.8, 1870, 克罗诺皮奥与法玛的故事 
25959838, 35.1, 8.0, 596, 巴托比症候群 
26900138, 18.0, 9.0, 16, 万万没想到 
3012517, 57.7, 8.5, 15021, 小姨多鹤 
26844525, 42.8, 8.6, 1115, 再见，萤火虫小巷 
26848052, 31.1, 8.8, 140, 别爱上任何人 
1852700, 47.1, 9.0, 1402, 神经外科的黑色喜剧 
3131626, 52.9, 9.0, 3416, 荒原狼 
3316438, 46.8, 8.3, 3174, 孤独及其所创造的 
4175473, 46.9, 8.6, 2195, 波斯少年 
26855761, 34.0, 8.6, 262, 匣心记1 
1069059, 51.9, 8.1, 10546, 雪国 
4171951, 50.6, 7.5, 24753, 失落的秘符 
3090810, 42.8, 8.8, 887, 五号屠场 
3640067, 48.2, 8.7, 2376, 革命之路 
1018577, 61.0, 8.9, 13751, 霸王别姬 青蛇 
4143051, 49.6, 8.6, 3419, 荆棘之城 
1791664, 53.5, 8.8, 4885, 千江有水千江月 
26659419, 31.4, 7.8, 376, 谋杀电视机 
6742586, 48.2, 7.8, 8833, 我不是潘金莲 
25779593, 44.1, 8.5, 1547, 马尔克斯：族长的秋天 
26591906, 41.2, 8.3, 1208, 浮生梦 
4202422, 49.7, 8.3, 5291, 云图 
25699387, 38.5, 8.6, 547, 星辰时刻 
2036561, 51.1, 8.4, 5789, 城堡 
1051193, 62.6, 8.6, 28438, 麦琪的礼物 
26861450, 28.5, 8.4, 125, 丹麦女孩 
1056023, 50.1, 8.5, 4204, 鼠疫 
26680113, 47.3, 8.6, 2323, 那个不为人知的故事 
26798155, 25.2, 8.0, 97, 古拉格气象学家 
26934539, 29.8, 9.8, 59, 长大后的世界 
4127527, 52.8, 8.2, 10475, 厨房 
3136271, 57.5, 8.6, 12459, 罗生门 
2295912, 47.5, 8.9, 1675, 佩德罗·巴拉莫 
1213546, 57.4, 8.3, 20027, 变形记 
26264210, 35.0, 7.8, 739, 几乎没有记忆 
24715686, 45.8, 8.7, 1607, 仿生人会梦见电子羊吗？ 
26891238, 35.7, 9.6, 152, 红色 
1444077, 48.3, 9.2, 1359, 汪曾祺小说经典 
3537590, 55.8, 8.3, 15129, 朗读者 
1085883, 58.2, 8.6, 14022, 青铜时代 
1088065, 62.5, 8.6, 28141, 阿Q正传 
3327495, 40.9, 8.3, 1147, 万有引力之虹 
26276279, 43.3, 7.8, 3537, 苦妓回忆录 
26811966, 26.3, 8.1, 110, 无影人 
3926717, 50.1, 8.5, 4239, 雷蒙德·卡佛短篇小说自选集 
2050779, 42.9, 8.3, 1639, 魔山 
2297697, 61.3, 8.6, 23139, ZOO 
10563555, 44.7, 8.9, 1076, 恐惧 
4231381, 61.0, 8.5, 25834, 那些回不去的年少时光 
4000908, 39.6, 8.9, 486, 金瓯缺 
26648238, 38.7, 7.7, 1711, 且将生活一饮而尽 
26813101, 32.3, 8.4, 240, 暗杀大师：寻找伦勃朗 
4120475, 50.5, 9.3, 1685, 加缪全集 （小说卷） 
1401425, 63.4, 8.3, 56135, 兄弟（上） 
3335362, 53.9, 8.5, 8031, 大教堂 
1458164, 52.0, 8.3, 7877, 她是女子，我也是女子 
10746177, 45.0, 8.5, 1794, 终结的感觉 
1186392, 56.3, 8.7, 8777, 约翰·克利斯朵夫 
10764363, 45.7, 9.2, 913, 是，大臣 
26921427, 16.7, 7.9, 22, 迷你 
1418999, 56.5, 9.2, 4603, 银河英雄传说 
20326626, 53.5, 8.6, 6414, 少年Pi的奇幻漂流（插图珍藏版） 
26853122, 21.7, 8.6, 35, 抢走我名字的人 
2146279, 50.3, 9.0, 2304, 心灵的焦灼 
1856025, 56.9, 8.9, 7254, 道连·葛雷的画像 
3003477, 51.7, 9.2, 2234, 虚构集 
25744411, 41.2, 8.6, 856, 被嫌弃的松子的一生 
3803820, 56.5, 8.4, 14297, 人生 
26742636, 30.7, 9.0, 112, 鸟人 
1255625, 71.8, 9.1, 53323, 天龙八部 
26880577, 28.7, 8.3, 141, 世界上到底有没有百分之百的异性恋 
1449351, 65.8, 8.8, 34494, 呐喊 
1088812, 47.3, 8.3, 3469, 第二十二条军规 
25716611, 44.8, 8.5, 1748, 花街往事 
3774646, 40.9, 8.2, 1313, 平面国 
26647727, 39.7, 7.8, 1801, 手机里的男朋友 
26728131, 33.2, 8.0, 420, 安尼尔的鬼魂 
4881998, 48.1, 8.4, 3485, 猜火车 
26756561, 30.5, 9.1, 101, 小谎言 
3138839, 38.7, 8.6, 566, 大师 
1917078, 55.4, 8.6, 8826, 风之影 
26276923, 40.6, 7.9, 1838, 礼拜二午睡时刻 
1062991, 52.3, 8.4, 7060, 北京法源寺 
26686803, 31.2, 9.0, 121, 葬礼竞技会 
4246979, 46.7, 8.1, 4190, 窄门 
26841146, 40.7, 8.3, 1123, 人间乐 
2669319, 50.0, 9.0, 2204, Flipped 
3075281, 49.4, 8.6, 3316, 世界上所有的夜晚 
2376336, 50.2, 8.4, 4950, 未央歌 
1015452, 57.2, 8.2, 22824, 国境以南 太阳以西 
6041708, 48.0, 8.4, 3431, 世上另一个我(修订版) 
26755625, 30.7, 8.2, 219, 妈妈走的那一年 
1939182, 48.1, 8.0, 6304, 美国众神 
1837654, 45.7, 8.7, 1577, 审判 
11535042, 38.8, 8.2, 906, 请以你的名字呼唤我 
26286208, 44.2, 7.7, 4889, 没有女人的男人们 
26657701, 29.9, 8.4, 160, 若非此时，何时？ 
24715669, 43.8, 8.9, 936, 少数派报告 
25724491, 39.9, 8.3, 971, 突然，响起一阵敲门声 
6085181, 49.5, 8.1, 6931, 二号首长 
4869637, 33.3, 8.1, 380, 福楼拜的鹦鹉 
1529893, 61.9, 8.0, 76540, 莲花 
25841074, 29.8, 9.7, 63, 契诃夫小说全集 
1982427, 44.8, 9.0, 988, 大明王朝1566 
26756565, 29.4, 8.6, 123, 一加一 
10564102, 38.8, 8.1, 1024, 单身（50周年典藏纪念版） 
25796049, 41.8, 9.0, 619, 沙之书 
26789635, 29.0, 8.6, 117, 殡葬人的秘密 
25764295, 43.4, 8.4, 1568, 百年好合 
26823150, 22.3, 7.7, 73, 脏工作 
4105444, 43.7, 8.5, 1467, 复活节游行 
26856953, 33.2, 7.7, 588, 夏目友人帐 
26384985, 34.0, 7.3, 1183, 我有个恋爱想和你谈下 
1038196, 47.6, 8.4, 3172, 尤利西斯 
26253801, 33.5, 8.9, 189, 一个市民的自白 
1069210, 33.3, 7.6, 682, 痴人之爱 
1007772, 53.9, 8.2, 12711, 双城记 
1071241, 71.4, 8.9, 70035, 哈利·波特与阿兹卡班的囚徒 
1205370, 59.5, 8.1, 40898, 羊脂球 
1986291, 64.7, 9.5, 10263, 冰与火之歌（卷三） 
1088022, 60.0, 8.9, 11754, 亮剑 
26899141, 16.6, 7.8, 23, 千百种罪 
2230208, 53.5, 8.1, 13982, 我的前半生 
3733083, 45.1, 8.8, 1286, 你往何处去 
24872210, 40.2, 9.2, 403, 无愁河的浪荡汉子·朱雀城 
5321895, 44.3, 8.3, 2060, 那些忧伤的年轻人 
1165173, 49.4, 8.8, 2549, 务虚笔记 
26921701, 18.0, 8.5, 20, 岛王 
20392525, 46.8, 7.9, 5821, 枯枝败叶 
10555486, 52.3, 8.7, 4591, 分成两半的子爵 
26278687, 54.4, 7.8, 28691, 皮囊 
3866885, 44.9, 8.5, 1786, 沉默 
20444771, 37.0, 8.9, 325, 血色子午线 
26868615, 34.0, 8.3, 349, 不懂浪漫的男朋友 
1025753, 55.9, 8.2, 18063, 妻妾成群 
2036569, 41.0, 8.2, 1321, 愤怒的葡萄 
4832553, 48.0, 8.2, 4539, 侯卫东官场笔记 
2340609, 53.1, 9.0, 3529, 2001太空漫游 
2969263, 41.1, 8.5, 940, 跳房子 
26894747, 19.3, 8.5, 25, 爷爷和我 
1043485, 52.2, 8.1, 11269, 檀香刑 
6773643, 51.3, 8.2, 8035, 橘生淮南·暗恋 
20470849, 43.4, 8.3, 1768, 神的九十亿个名字 
10763918, 30.7, 8.3, 200, 一路两个人 
26907263, 26.4, 9.4, 46, 全世界我只想和你在一起 
11511232, 44.4, 8.9, 1028, 大师的盛宴 
3783409, 44.2, 8.7, 1238, 圣殿春秋（上） 
2170030, 39.1, 8.0, 1215, 白鲸 
6861517, 42.8, 8.5, 1260, 时时刻刻 
26642866, 45.9, 8.5, 2090, 萤火虫小巷 
20473089, 47.1, 8.6, 2266, 有顶天家族 
1317899, 47.6, 8.1, 4955, 生死场 
26242908, 41.1, 7.6, 3174, 如果世上不再有猫 
1082150, 56.0, 8.3, 15654, 白银时代 
26738797, 34.9, 8.0, 565, 小说课（壹） 
26280924, 41.3, 8.4, 1089, 看海的人 
24529235, 44.5, 8.4, 1882, 刀背藏身 
26771731, 23.8, 8.2, 65, 朱鹮 
26807576, 35.3, 8.4, 399, 赡养人类 
5502995, 52.8, 7.6, 31062, 1Q84 BOOK 3 
3920144, 44.2, 8.6, 1412, 春宵苦短，少女前進吧！ 
2061644, 51.6, 8.2, 8576, 伤心咖啡馆之歌 
4292149, 54.3, 8.5, 8570, 龙文身的女孩 
3010128, 45.1, 8.6, 1617, 剧院风情 
10807374, 48.9, 8.7, 2649, 浮生若梦1 
6890671, 47.4, 8.2, 4110, 一天 
3389984, 51.5, 8.6, 4631, 俗世奇人 
1315844, 47.2, 9.1, 1272, 古拉格群岛（上中下） 
3010130, 51.4, 7.7, 19733, 悲观主义的花朵 
20279665, 43.4, 9.2, 655, “太空漫游”四部曲 
26110579, 40.5, 7.6, 2829, 暗店街 
1050566, 48.2, 8.0, 6374, 一地鸡毛 
4105411, 50.1, 8.1, 7743, 第八日的蝉 
1205054, 65.0, 8.9, 25713, 悲惨世界（上中下） 
2042629, 48.9, 8.7, 2684, 九三年 
24736899, 47.9, 8.0, 6112, 雪国 
5940829, 43.3, 8.1, 2285, 写在身体上 
1124305, 47.0, 8.1, 4422, 扶桑 
25808977, 38.1, 8.4, 635, 全息玫瑰碎片 
5367304, 50.0, 8.3, 5511, 城邦暴力团（上） 
1016300, 55.8, 7.2, 142798, 梦里花落知多少 
25802944, 40.6, 8.2, 1241, 大唐李白·少年游 
26896979, 29.7, 8.7, 121, 嫡谋 
3765092, 43.1, 8.6, 1162, 旧地重游 
5423772, 38.8, 7.8, 1500, 西夏旅馆 
26613724, 42.4, 7.6, 4042, 余罪 
3662594, 49.6, 8.1, 6967, 荒人手记 
1002299, 68.9, 8.9, 47729, 笑傲江湖（全四册） 
1464203, 64.7, 9.4, 11855, 冰与火之歌（卷二） 
2193877, 54.1, 8.1, 15680, 你在天堂里遇见的五个人 
3506871, 51.9, 7.6, 26480, 曾有一个人，爱我如生命 
3268399, 56.4, 8.5, 12058, 上海堡垒 
1434071, 43.2, 7.9, 2972, 我们 
25744975, 21.3, 6.4, 234, 江山不悔（上下） 
6518605, 55.5, 9.3, 3525, 三体全集 
1016486, 52.5, 8.3, 8582, 笑忘录 
1192090, 62.6, 8.7, 24092, 球状闪电 
4882013, 40.9, 8.1, 1475, 异常 
2295163, 69.7, 8.9, 53372, 哈利·波特与死亡圣器 
26689989, 41.4, 8.0, 1874, 余罪2 
1752755, 54.8, 8.6, 7964, 第九个寡妇 
26870406, 22.5, 8.2, 52, 湖边小屋 
1000856, 49.1, 7.9, 8897, 我是猫 
5321892, 40.7, 8.8, 644, 不适之地 
1827374, 67.5, 9.0, 32388, 东方快车谋杀案 
11604737, 31.6, 8.7, 163, 芬尼根的守灵夜（第一卷） 
26666917, 29.9, 7.8, 282, 笼中的爱人 
26890239, 27.1, 8.9, 69, 千门八将1 
1088418, 45.4, 9.0, 1074, 死屋手记 
1220219, 54.4, 8.6, 7456, 阴阳师 
26897973, 25.9, 7.5, 179, 中国特色的译文读者 
25808056, 44.0, 8.1, 2562, 纸牌屋 
1465007, 50.8, 8.2, 7422, 生死疲劳 
1004992, 58.9, 8.8, 11461, 张爱玲文集 
24319078, 41.5, 7.7, 2936, 我心中尚未崩坏的部分 
5390091, 42.7, 8.7, 986, 人皮论语 
26666023, 25.9, 8.5, 75, 睡美人与魔纺锤 
6885715, 44.3, 7.7, 4978, 蓝另一种蓝 
2139305, 53.4, 7.7, 29024, 巴别塔之犬 
5288327, 48.9, 8.3, 4626, 鸟，看见我了 
2160230, 45.7, 8.5, 2044, 细雪 
26735064, 41.3, 7.3, 5461, 孤独小说家 
3518332, 56.5, 8.9, 6824, 绿毛水怪 
26811147, 40.9, 8.6, 812, 月族 
1291199, 48.8, 8.7, 2607, 过于喧嚣的孤独 底层的珍珠 
25890145, 41.4, 8.4, 1115, 线 
2251691, 47.5, 8.7, 2114, 弗兰妮与祖伊 
26707942, 33.6, 7.2, 1268, 知更鸟女孩 
3646172, 64.8, 8.4, 58533, 恶意 
20493367, 42.7, 8.5, 1240, 爱伦·坡暗黑故事全集（上册） 
26825826, 29.1, 7.6, 298, 同栖生活 
26915737, 25.0, 9.1, 44, 这一切并没有那么糟 
26878059, 26.6, 9.5, 45, 人若犯我（全二册） 
26602780, 25.9, 8.5, 75, 乡村生活图景 
24862771, 40.6, 9.0, 513, 熔炉 
10522844, 43.8, 8.7, 1162, 游戏的终结 
24861167, 34.6, 8.3, 393, 一个人消失在世上 
26725405, 41.5, 7.9, 2164, Harry Potter and the Cursed Child 
3821057, 52.3, 8.6, 5260, 搏击俱乐部 
26674263, 43.4, 8.4, 1569, 司藤（上下） 
26461519, 36.3, 8.0, 735, 面包会有的 
6879215, 41.8, 7.6, 3642, 乌克兰拖拉机简史 
5448179, 40.6, 8.0, 1619, 别的声音，别的房间 
2228707, 46.1, 8.9, 1340, 癌症楼 
4874131, 58.3, 8.2, 27894, 东霓 
1024197, 61.3, 8.3, 39165, 巴黎圣母院 
1015584, 51.7, 8.0, 12174, 看上去很美 
26821757, 35.2, 8.4, 388, 他们说，我是幸运的 
2296687, 49.6, 8.5, 3865, 纸牌的秘密 
3018339, 50.1, 7.7, 15298, 万物生长 
24153098, 34.1, 7.5, 918, 差分机 
2133254, 52.2, 8.2, 9523, 流血的仕途 
26574813, 23.7, 9.1, 36, 婚变 
6310320, 43.4, 8.7, 1100, 人都是要死的 
26321442, 20.6, 8.3, 35, The Door 
4891196, 31.6, 7.7, 436, 智血 
2973335, 43.9, 8.6, 1330, 微暗的火 
2079345, 40.9, 8.1, 1485, 侠隐 
1261153, 54.8, 8.4, 10752, 青蛇 
2567919, 59.0, 8.3, 26214, 匆匆那年（上下） 
26303995, 30.2, 8.5, 154, 飞毡 
1038656, 42.3, 8.8, 829, 我曾侍候过英国国王 
2331434, 54.6, 7.7, 36476, 原来你还在这里 
10473355, 46.2, 8.6, 1961, 木麻黄树 
2980471, 46.7, 8.2, 3616, 赎罪 
3246904, 50.6, 8.1, 8428, 蒂凡尼的早餐 
3606570, 46.4, 8.3, 2981, 鹤唳华亭 
4213981, 42.7, 8.4, 1379, 好人难寻 
1030554, 44.6, 8.5, 1689, 恶心 
1083429, 48.6, 8.7, 2537, 爱伦·坡短篇小说集 
2052049, 52.9, 9.0, 3449, 海伯利安 
1039487, 70.1, 8.8, 67764, 哈利·波特与密室 
1043815, 58.3, 8.2, 27899, 骆驼祥子 
2214350, 48.6, 8.4, 3793, 幻影书 
3532347, 53.3, 9.5, 2019, 金庸全集 
3871911, 48.3, 8.4, 3597, 大树 
26367367, 41.5, 8.6, 908, 宵待草夜情 
26349261, 43.1, 8.3, 1685, 孤儿列车 
1020670, 56.2, 8.2, 19211, 舞！舞！舞！ 
1468997, 44.9, 8.6, 1573, 守望灯塔 
21778349, 40.1, 8.2, 1135, 苦水音乐 
1212080, 54.4, 8.4, 10042, 奇鸟行状录 
10483439, 38.9, 8.4, 731, 上升的一切必将汇合 
1316444, 26.6, 7.7, 165, 舞姬 
1767750, 26.9, 9.0, 63, Infinite Jest 
3406518, 50.7, 8.5, 4668, 追随她的旅程 
6060418, 39.8, 8.3, 961, 年轻的心在哭泣 
26301984, 37.2, 8.2, 683, 白色流淌一片 
1400059, 51.7, 8.7, 4163, 心 
1010349, 47.7, 8.0, 5845, 丰乳肥臀 
26879246, 26.2, 8.8, 64, 飘二代 
26584387, 38.9, 7.7, 1763, 一个人的朝圣2 
5391766, 42.6, 7.5, 4969, 忽然七日 
25996181, 35.2, 8.3, 435, 真相 
26413027, 47.2, 7.5, 12615, 虚无的十字架 
1009257, 71.2, 8.9, 67945, 哈利·波特与火焰杯 
1768642, 46.6, 9.2, 1047, 博尔赫斯短篇小说集 
2254615, 46.7, 8.9, 1470, 西线无战事 
26314932, 36.9, 8.4, 518, 言叶之庭 
3394338, 54.0, 7.5, 49178, 他的国 
26844800, 22.7, 7.3, 113, 小镇忧郁青年的十八种死法 
1461987, 33.4, 9.1, 157, 桤木王 
26758995, 32.3, 8.3, 264, 罗茜计划 
1818583, 50.5, 9.1, 2096, 斯·茨威格中短篇小说选 
1960035, 44.5, 8.8, 1167, 盲刺客 
4714018, 42.7, 7.5, 5137, 青春咖啡馆 
1972266, 46.5, 7.7, 7645, 余欢 
10608453, 38.2, 8.7, 473, 盲视 
3842847, 48.2, 8.6, 2701, 深河 
5395162, 46.6, 9.0, 1298, 天人五衰 
10581659, 40.2, 8.3, 1030, 老妓抄 
3324036, 34.8, 8.5, 332, 茫茫黑夜漫游 
10473352, 36.2, 8.9, 287, 浮士德博士 
4191701, 40.4, 8.8, 609, 肉桂色铺子 
26284529, 38.0, 7.6, 1710, 群山之巅 
1958227, 57.8, 8.2, 25294, 那些年，我们一起追的女孩 
26346222, 35.0, 8.3, 419, 美好的事物无法久存 
4187411, 60.3, 8.8, 14394, 万物有灵且美 
4116629, 50.2, 8.9, 2535, 希区柯克悬念故事集 
3290028, 45.7, 8.5, 2037, 孤城闭 
4238754, 57.3, 8.0, 33168, 失恋33天 
26762116, 27.4, 7.9, 159, 疯癫老人日记 
6124813, 31.9, 8.1, 296, 纽约兄弟 
26870160, 26.9, 8.5, 89, 黑锅 
6863525, 25.2, 8.1, 90, 卡门 
26781555, 29.4, 8.3, 159, 山海变1·指间错 
1358404, 32.3, 7.5, 639, 穿KENZO的女人 
4105424, 33.8, 7.8, 592, 恋爱中的男人 
26838224, 19.7, 8.4, 28, 排队 
26717934, 28.2, 8.4, 120, 新年快乐 
26922895, 33.3, 9.8, 96, 其实你没那么爱他 
1394364, 60.0, 8.8, 13700, 银河系漫游指南 
26868921, 24.6, 8.7, 53, 新新日报馆：机械崛起 
1771464, 46.1, 8.6, 1904, 微物之神 
3598313, 59.0, 8.0, 45448, 西决 
24871460, 37.6, 8.4, 589, 幻之光 
6003394, 41.2, 8.2, 1368, 爱，始于冬季 
20381804, 60.0, 9.4, 6002, 冰与火之歌·卷五·魔龙的狂舞（全三册） 
1069507, 38.1, 9.1, 321, 战争风云：1939－1941（上下） 
26576515, 40.4, 8.1, 1368, 清明上河图密码 2 
3003466, 46.1, 8.7, 1692, 恶棍列传 
26904479, 32.0, 8.1, 304, 余罪7 
25975764, 14.6, 7.3, 21, 睡在豌豆上 
3391246, 48.7, 8.2, 5143, 潮骚 
1963310, 58.7, 8.2, 29791, 大地之灯 
2174410, 42.3, 8.2, 1659, 名利场 
25796061, 42.6, 9.3, 528, 杜撰集 
6791412, 42.3, 8.8, 823, 炽焰燃烧 
3041463, 46.1, 8.3, 2820, 时间回旋 
3259428, 49.7, 8.5, 3978, 斜阳 
24871651, 35.8, 8.8, 293, 爱达或爱欲 
25924242, 46.3, 8.9, 1397, 爱在黎明破晓前&amp;爱在日落黄昏时 
26043287, 37.9, 8.0, 989, 我的拖延症女友 
1256406, 35.8, 8.8, 292, 苦炼 
25805143, 33.5, 8.5, 264, 他方世界 
3264665, 49.3, 8.6, 3248, 三十而立 
1432596, 69.3, 8.8, 59492, 哈利·波特与混血王子 
4169424, 50.6, 7.9, 11632, 蛙 
7046857, 38.5, 8.3, 763, 长日留痕 
26303593, 33.7, 8.4, 302, 三个胡安在海边 
1807562, 45.5, 9.2, 895, 加西亚·马尔克斯中短篇小说集 
26742634, 29.9, 8.1, 207, 白昼的死角 
21460732, 46.1, 8.3, 2811, 秒速五厘米 
25919825, 39.4, 8.4, 792, 大河湾 
5348044, 43.5, 8.0, 2736, 敦煌 
2062599, 46.0, 8.4, 2427, 雪 
1159939, 60.0, 8.5, 21863, 一个陌生女子的来信 
3391245, 48.5, 8.4, 3702, 假面自白 
1064828, 51.8, 8.4, 6452, 好笑的爱 
26284304, 46.1, 8.1, 3746, 簪中录 
6874612, 40.6, 8.1, 1397, 孤独的池塘 
5921802, 43.3, 7.6, 4845, 邮差总按两遍铃 
25981277, 32.4, 8.2, 294, 抚顺故事集 
10593454, 28.0, 6.7, 795, 怪屋女孩 
4151134, 44.2, 7.8, 4217, 只爱陌生人 
1174721, 45.6, 8.4, 2275, 丧钟为谁而鸣 
25900687, 38.3, 8.6, 532, 夜 
26870270, 24.1, 8.2, 68, 第十个人 
26852985, 23.5, 8.1, 66, 惧恨拉斯维加斯 
1091904, 46.6, 9.1, 1168, 丰饶之海（上下） 
11527635, 41.8, 8.1, 1749, 鳄鱼手记 
26897494, 29.4, 9.4, 71, 香初上舞 
19950784, 38.2, 8.4, 648, 空荡荡的家 
26365959, 26.1, 8.2, 97, 模仿者 
26698665, 25.9, 7.4, 196, 夜晚属于恋人 
3920130, 58.1, 8.6, 13625, 告白 
5394486, 39.6, 7.3, 3867, 爱情没那么美好 
25737793, 41.2, 8.5, 966, 阳光劫匪 
1228110, 57.7, 8.2, 24779, 天使与魔鬼 
25852518, 43.1, 7.6, 4683, 南方有令秧 
5269222, 50.7, 8.5, 4692, 一朵桔梗花 
1065970, 57.1, 7.8, 47939, 彼岸花 
3124386, 48.0, 9.0, 1607, 大唐狄公案 
3297466, 53.2, 9.2, 2821, 我的团长我的团（上部） 
3061282, 49.8, 7.6, 17368, 山月不知心底事 
1029553, 61.5, 8.7, 20374, 西游记（全二册） 
1873231, 70.9, 8.8, 77434, 明朝那些事儿（壹） 
1950154, 39.9, 8.8, 564, 小说鉴赏 
1440243, 42.9, 8.7, 1015, 索拉里斯星 
26666138, 33.8, 8.9, 196, 这是不是个人 
3136267, 41.3, 8.5, 969, 小城畸人 
1082946, 42.7, 8.8, 884, 我弥留之际 
19898714, 41.9, 7.6, 3666, 偶发空缺 
5406557, 39.2, 8.1, 1100, 夜色温柔 
1255624, 67.3, 8.8, 43386, 神雕侠侣 
1484616, 35.1, 9.0, 222, 鱼王 
20425433, 38.5, 8.1, 970, 请你安静些，好吗？ 
1083317, 41.4, 7.8, 2456, 北回归线 
3210843, 60.5, 9.2, 8397, 冰与火之歌·卷四·群鸦的盛宴（全两册） 
4149805, 51.4, 8.5, 5242, 了不起的盖茨比 
1014144, 47.9, 8.3, 3881, 大卫·科波菲尔（上下） 
3861531, 38.7, 8.2, 894, 荒野侦探 
1926700, 54.0, 7.7, 32171, 关于莉莉周的一切 
25897763, 29.3, 8.2, 172, 周期表 
1026425, 56.1, 7.4, 92936, 三重门 
25736982, 36.1, 9.4, 188, 菲利普·迪克作品集（全5册） 
1012637, 53.6, 8.2, 12219, 牛虻 
26210607, 45.9, 8.4, 2395, 时间移民 
25887908, 31.9, 8.6, 187, 提堂 
4121656, 31.8, 8.4, 221, 水之乡 
5423775, 42.1, 8.2, 1621, 隔壁女子 
26248587, 33.7, 7.6, 738, 美好古董衣店 
5366440, 42.4, 8.6, 1047, 禁色 
10604943, 38.6, 8.3, 773, 爱情半夜餐 
1200843, 46.2, 8.1, 3832, 芙蓉镇 
26825931, 27.1, 9.1, 61, 一曲终了 
4621099, 44.6, 8.3, 2170, 死于威尼斯 
19965972, 44.0, 7.5, 6648, 我读书少，你可别骗我 
6041089, 46.5, 8.3, 3020, 家鸭与野鸭的投币式寄物柜 
2073481, 42.9, 8.6, 1129, 城市与狗 
1067293, 45.9, 8.5, 2090, 青春 
20435635, 39.1, 8.6, 606, 里斯本夜车 
6010144, 42.4, 8.3, 1497, 动物寓言集 
1082147, 49.9, 9.0, 2147, 热爱生命 
1005918, 51.5, 7.9, 13973, 堂吉诃德 
10774651, 26.9, 8.4, 95, 费玛 
26331014, 47.0, 8.3, 3324, 怨氣撞鈴1·食骨 
4719265, 36.5, 8.5, 442, 逆天 
26787943, 27.8, 8.4, 112, 消失的殖民星球 
3264642, 51.4, 8.7, 3976, 似水流年 
1083435, 50.0, 8.7, 3181, 契诃夫短篇小说选 
1052828, 53.6, 8.4, 8756, 玩笑 
6527141, 44.6, 8.2, 2517, 停车暂借问 
2131426, 39.1, 9.0, 408, 涅朵奇卡·涅茨瓦诺娃 
3888110, 37.6, 8.7, 430, 天使望故乡 
1874411, 48.6, 8.5, 3307, 乞力马扎罗的雪 
26920860, 13.0, 7.3, 15, 脱轨 
2568438, 39.9, 8.6, 693, 权力与荣耀 
3785741, 48.4, 8.0, 6619, 死神的精确度 
1415226, 44.2, 8.7, 1244, 奥兰多 
26575658, 28.5, 7.9, 195, 被掩埋的巨人 
2243213, 57.3, 7.9, 40253, 山楂树之恋 
1427288, 54.8, 8.4, 10811, 小妇人 
6885341, 38.1, 8.1, 897, 别让我走 
26377363, 31.7, 8.4, 214, 在你说“喂”之前 
7007231, 38.0, 7.9, 1136, 房间 
1290398, 47.4, 8.4, 3058, 白蛇 
4934552, 53.0, 8.8, 4513, 玩火的女孩 
25767862, 39.2, 7.1, 5063, 如果蜗牛有爱情 
1455933, 45.0, 7.5, 8141, 你好，忧愁 
1144385, 43.4, 7.8, 3602, 镜花缘 
4922655, 52.7, 8.4, 7600, 酥油 
24540864, 43.5, 6.8, 24522, 第七天 
26851547, 27.7, 8.1, 141, 软埋 
2267883, 50.5, 7.9, 11625, 色，戒 
1008074, 50.0, 7.5, 22012, 失乐园 
4191638, 37.9, 8.4, 621, 10 1/2章世界史 
20424609, 45.9, 8.1, 3618, 妩媚航班 
21681263, 42.1, 8.3, 1423, 大鱼 
1254731, 55.6, 8.8, 6855, 欧·亨利短篇小说选 
2201813, 48.5, 7.5, 16380, 藏地密码1 
1805988, 45.9, 8.5, 2092, 庆熹纪事 
24853136, 27.6, 8.2, 127, 火车梦 
1848256, 52.5, 8.0, 14102, 东京奇谭集 
4233385, 36.0, 7.7, 1015, 海上大教堂 
26686802, 38.1, 8.8, 422, 真幌站前狂骚曲 
3191044, 52.5, 7.8, 20155, 华莱士人鱼 
3623831, 44.7, 8.1, 2920, 温故一九四二 
4242406, 51.2, 8.5, 5065, 达芬奇密码 
25881325, 37.8, 7.0, 4410, 庆祝无意义 
1470622, 41.9, 8.2, 1556, 二十年目睹之怪现状 
5395724, 49.3, 8.5, 3696, 华丽人生 
4799445, 43.9, 7.9, 3421, 太阳黑子 
3816883, 40.7, 8.3, 1111, 黑暗的左手 
26617142, 30.0, 8.4, 161, 最后的猎巫人 
4894979, 26.1, 8.4, 83, 已知的世界 
26366422, 29.6, 7.8, 267, 怪房客 
1013380, 60.0, 8.1, 45015, 茶花女 
3155622, 52.8, 8.3, 8921, 庆余年·壹 
2280027, 42.1, 7.6, 3816, 自杀俱乐部 
26866300, 34.9, 9.1, 197, 光芒纪·微光 
6832303, 42.6, 6.9, 16172, 别相信任何人 
1044547, 66.2, 8.9, 31189, 射雕英雄传（全四册） 
26852313, 25.6, 8.5, 71, 马口鱼的诱惑 
26578003, 44.9, 8.2, 2621, 无心法师 第一卷 
1316622, 55.5, 8.4, 12245, 诛仙1 
6560651, 39.5, 7.9, 1515, 雨必将落下 
4732123, 46.9, 8.5, 2488, 爸爸，我们去哪儿？ 
4898551, 46.2, 8.2, 3306, 四叠半神话大系 
3024497, 48.1, 8.4, 3481, 天浴 
4262685, 39.5, 8.0, 1323, 戏梦巴黎 
26763167, 22.5, 8.1, 56, 狼的恩赐 
2568067, 41.4, 8.1, 1621, 中性 
26652086, 30.6, 8.3, 195, 你的一切好与坏我都眷恋 
25955474, 43.4, 8.0, 2677, 坏小孩 
1008357, 59.9, 8.5, 21603, 水浒传（全二册） 
3583331, 34.4, 8.6, 281, 布登勃洛克一家 
25756947, 42.2, 7.4, 5538, 地狱 
1013129, 66.7, 8.6, 56086, 哈利·波特与凤凰社 
19950785, 35.6, 8.3, 466, 雨后 
1470235, 39.5, 8.3, 907, 猫的摇篮 
4074636, 56.5, 7.6, 65255, 放学后 
26305332, 29.4, 8.6, 124, A Little Life 
1031740, 54.9, 8.1, 18236, 寻羊冒险记 
1975809, 46.5, 7.8, 6448, 海上牧云记 
3079029, 56.3, 8.8, 7633, 大秦帝国 
26811334, 28.3, 8.2, 143, 疼 
26108007, 34.5, 7.8, 673, 我已经结婚了  我心情还不好 
3571559, 31.9, 7.5, 589, 驱魔人 
1005521, 56.7, 8.1, 24791, 伊豆的舞女 
1042053, 45.0, 8.1, 3111, 儒林外史 
4198469, 43.2, 8.2, 1973, 轻舔丝绒 
1873900, 49.5, 8.6, 3356, 变形记 
6041086, 38.4, 7.9, 1234, 恋爱中的骗子 
1212893, 64.2, 8.8, 26565, 鹿鼎记（全五册） 
26823153, 22.8, 8.6, 42, 在一个陌生的房间 
1449348, 58.6, 8.8, 10993, 彷徨 
6897140, 43.1, 8.3, 1693, The Fault in Our Stars 
1035478, 46.8, 8.6, 2142, 静静的顿河（全四册） 
26904330, 20.8, 8.4, 34, 100颗子弹1 
20392524, 41.3, 7.7, 2841, 恶时辰 
26721362, 14.5, 8.0, 14, 大象 
25732311, 38.2, 9.0, 354, 64 
25897333, 39.4, 7.5, 2630, 我讲个故事，你可别当真啊 
2003092, 44.1, 8.3, 1998, 波多里诺 
1057197, 48.5, 8.1, 5777, 无知 
26757433, 29.1, 7.4, 377, 来信勿拆 
1819978, 49.2, 8.5, 3631, 温莎墓园日记 
1072334, 50.1, 8.5, 4226, 魔戒前传 
2124556, 41.7, 8.2, 1507, 黑书 
26285194, 42.8, 9.1, 660, 故事新编 
4220020, 46.1, 8.8, 1502, 相助 
3266349, 39.4, 8.3, 891, 恋情的终结 
26878104, 18.6, 7.6, 38, 痛苦的中国人 
10774932, 36.2, 8.0, 728, 柠檬桌子 
3174506, 37.4, 8.5, 507, 一个自行发完病毒的病例 
1926103, 55.5, 8.0, 24087, 鬼吹灯之云南虫谷 
1792984, 49.5, 8.2, 5957, 一个女人的史诗 
1255288, 52.5, 8.0, 13947, 复活 
1919201, 60.7, 8.5, 24669, 七夜雪 
1049477, 50.3, 8.0, 9423, 一半是海水一半是火焰 
1146304, 40.9, 8.6, 817, 日光流年 
26656291, 27.7, 8.4, 110, 上帝的图书馆 
4870150, 44.9, 8.3, 2298, 44号孩子 
1032431, 51.8, 9.0, 2898, 卡尔维诺文集（第五卷） 
2061444, 44.3, 8.6, 1419, 幽灵之家 
6718314, 46.3, 8.0, 4549, 晚来寂静 
4732378, 59.3, 8.7, 14160, 那些回不去的年少时光·终场 
1962929, 57.6, 8.0, 35156, 佳期如梦 
24523682, 31.6, 7.6, 488, 裸体午餐 
1000517, 53.9, 8.8, 5174, 故事新编 
24523678, 33.1, 8.2, 334, 白噪音 
26534892, 29.7, 8.2, 182, 未来的序曲 
10529737, 29.0, 7.9, 216, 美丽失败者 
3266609, 57.7, 8.8, 9462, 流浪地球 
26785388, 26.3, 7.2, 268, 賢者之愛 
26717780, 25.3, 7.2, 216, 孤独旅店：收留无处安放的孤单心事 
21692813, 46.1, 7.6, 8392, 眠 
1421975, 52.5, 8.7, 4777, 只有你聽到 Calling You 
1186176, 36.0, 8.3, 497, 海上花列传 
3302645, 48.7, 8.1, 5933, 我在雨中等你 
1030789, 41.6, 8.6, 918, 爱因斯坦的梦 
1013502, 54.0, 7.6, 39350, 钢铁是怎样炼成的 
4619135, 36.6, 9.0, 277, 押沙龙，押沙龙！ 
1763806, 50.6, 8.5, 4577, 万寿寺 
6953273, 56.9, 8.6, 11181, 盗墓笔记 
2283762, 41.8, 8.5, 1055, 钟形罩 
1321790, 41.4, 8.1, 1634, 华氏451 
3175259, 43.2, 8.3, 1725, 锅匠，裁缝，士兵，间谍 
25896617, 38.7, 7.4, 2709, 第十一根手指 
10282582, 41.1, 8.3, 1186, 隐形怪物 
26375108, 34.3, 8.4, 337, 新手 
2973325, 31.2, 8.2, 239, 纠正 
26854188, 23.2, 8.3, 55, 罪恶生涯 
5312097, 34.1, 8.5, 293, 维特根斯坦的侄子 
25985298, 29.9, 8.7, 124, 巫术师 
26274359, 29.2, 9.1, 84, 夏威夷史诗 
1607478, 41.5, 8.3, 1279, 巴黎伦敦落魄记 
26676298, 28.4, 8.1, 160, 我要渐渐忘记这个世界了 
3191247, 48.2, 8.7, 2377, 好兆头 
25747871, 35.8, 8.4, 435, 恨，友谊，追求，爱情，婚姻 
25767395, 27.6, 6.9, 525, 神的拉面 
26609809, 31.9, 6.8, 1666, 火车上的女孩 
11612936, 47.8, 7.6, 11854, 古董局中局 
25696089, 43.4, 7.4, 7065, 1980年代的爱情 
1098643, 53.4, 8.7, 5476, 聊斋志异 
1316606, 49.2, 8.6, 3162, 無愛紀 
1258490, 61.9, 9.2, 10234, 基地 
26834592, 27.2, 8.8, 75, 夏日遇见狄更斯 
