Tag: 建筑 

ID, Score, Rating, Votes, Title 
26848051, 41.6, 8.8, 735, 造房子 
4082434, 46.4, 9.3, 922, 穿墙透壁 
1009270, 48.9, 8.8, 2365, 中国建筑史 
5408858, 49.9, 8.9, 2444, 建筑家安藤忠雄 
26697311, 32.5, 8.4, 248, 重新发现日本 
1319910, 50.5, 9.2, 1871, 华夏意匠 
3389460, 40.1, 8.9, 530, 空间的诗学 
1070711, 54.3, 8.7, 6377, 城记 
1850710, 47.5, 8.6, 2393, 街道的美学 
1507170, 46.9, 9.0, 1357, 外部空间设计 
1266269, 38.1, 8.1, 899, 建筑十书 
2247913, 46.0, 9.2, 959, 建构文化研究 
2382994, 44.2, 8.0, 3106, 负建筑 
1436276, 49.2, 8.7, 2799, 建筑：形式、空间和秩序 
3908344, 39.0, 9.0, 405, 图像中国建筑史 
1394534, 47.1, 9.2, 1131, 勒·柯布西耶全集 
1793535, 44.7, 8.6, 1517, 不只中国木建筑 
1393903, 48.5, 8.7, 2486, 交往与空间 
3449304, 37.6, 8.5, 529, 哈佛大学建筑系的八堂课 
1257325, 46.0, 8.2, 3213, 安藤忠雄论建筑 
1637486, 45.6, 8.1, 3461, 建筑师的20岁 
1124895, 43.6, 9.0, 819, 中国古代建筑史 
1444563, 38.1, 8.9, 383, Delirious New York 
1041650, 45.2, 8.7, 1474, 现代建筑 
1578504, 46.6, 8.7, 1824, 建筑学教程：设计原理 
1912129, 34.9, 9.0, 215, 营造法式 
2036993, 45.4, 8.1, 3314, 幸福的建筑 
6905341, 38.2, 9.1, 328, 贝聿铭全集 
1177968, 38.0, 8.5, 567, 建筑的永恒之道 
2260454, 40.9, 9.1, 491, 建构建筑手册 
1052178, 44.3, 8.5, 1602, 走向新建筑 
26936071, 22.8, 8.4, 48, 营造天书 
6889351, 37.7, 8.7, 436, 建筑的诗学 
20389595, 37.3, 9.4, 223, 间隔的秩序与事物的区分 
2363716, 45.5, 8.5, 1970, 破土 
26681392, 32.0, 8.1, 303, 去山里盖座小屋吧 
1157145, 37.5, 8.7, 423, 建筑模式语言（上下） 
1051370, 44.2, 8.2, 2319, 中国古建筑二十讲 
4100551, 47.1, 8.6, 2257, 建筑师成长记录 
5290498, 41.8, 8.6, 951, 自然的建筑 
1114862, 41.0, 9.4, 378, 江南园林志 
20561931, 36.2, 8.2, 577, 恋爱中的建筑 
2381804, 43.8, 8.5, 1485, 透明性 
19977973, 27.7, 8.8, 81, 空间·时间·建筑 
26818027, 21.9, 8.4, 41, 日本名所解剖书 
20267534, 17.6, 8.6, 18, 走进建筑 走进建筑史 
3730043, 41.0, 9.2, 456, 北京古建筑地图（上册） 
1492433, 38.9, 8.1, 1039, 建筑的复杂性与矛盾性 
6394943, 28.6, 9.0, 81, 西方建筑史 
4214537, 40.7, 8.8, 644, 思考建筑 
5275474, 38.3, 8.2, 831, 反造型 
1048014, 43.3, 8.5, 1365, 外国古建筑二十讲 
3054127, 40.4, 7.7, 2382, 十宅论 
3215829, 36.3, 8.3, 520, 住宅读本 
3933045, 38.7, 8.7, 510, 旅途上的建筑 
25806352, 34.5, 8.3, 385, 梁思成与他的时代 
3410829, 45.1, 8.6, 1614, 给青年建筑师的信 
3565628, 38.2, 9.1, 326, 大紫禁城 
1905122, 36.9, 8.4, 519, 城市建筑学 
22404951, 35.4, 9.0, 231, 建筑：篠原一男 
3835810, 39.0, 8.6, 595, 建筑氛围 
3094355, 42.4, 8.9, 753, 异规 
3624464, 39.5, 9.4, 306, 図解アトリエ・ワン 
26866570, 14.4, 7.8, 15, 你的建筑有多重？ 
10550784, 36.6, 9.2, 235, “匀质”的秩序与“清晰的建造” 
1661655, 25.5, 8.9, 54, 山西古建筑通览 
1496384, 42.4, 8.2, 1694, 图解思考 
1496360, 43.6, 8.1, 2400, 建筑空间组合论 
26360790, 31.8, 8.5, 202, 万神殿堂 
20495120, 33.9, 8.5, 286, 上海邬达克建筑地图 
2655389, 31.5, 9.5, 90, Structure as Space 
2972597, 41.1, 8.4, 1053, 路易斯.I.康的空间构成 
2331702, 37.6, 8.3, 650, 大拙至美 
4818176, 27.1, 9.5, 48, 中国古建筑调查报告（上下） 
1124856, 42.2, 8.5, 1131, 建筑学教程2：空间与建筑师 
2037101, 35.4, 8.6, 332, 東京製造 
26364134, 23.5, 9.0, 37, 建筑与现代性 
1460717, 38.2, 8.6, 523, Small, Medium, Large, Extra-Large 
26676586, 29.3, 8.3, 156, 山丘上的修道院 
26774041, 22.9, 8.3, 52, 日本建筑解剖书 
1418842, 35.3, 7.8, 783, 建筑形式的逻辑概念 
1578501, 37.1, 9.1, 275, 苏州古典园林 
25805781, 31.3, 7.9, 331, 建筑的意境 
3347961, 34.9, 8.4, 371, 流水别墅传 
4884848, 33.8, 8.1, 419, 发现教堂的艺术 
1464241, 39.1, 9.4, 289, Louis I. Kahn 
1410829, 38.5, 8.5, 607, 路易斯.I.康:在建筑的王国中 
1661864, 40.4, 8.1, 1360, 安藤忠雄连战连败 
2997015, 27.0, 9.3, 53, 法隆寺 
25982178, 25.1, 8.5, 66, 世界伟大城市的保护 
26422715, 26.7, 8.6, 80, 我所在的地方 
4252512, 39.1, 8.5, 679, 静谧与光明 
1030096, 29.8, 8.2, 187, 圆顶的故事 
6779465, 24.4, 9.6, 31, 弗莱彻建筑史 
4909464, 32.4, 8.0, 364, 场所精神 
25751679, 30.6, 8.3, 197, 一点儿北京 
2567565, 34.7, 8.5, 327, 住宅精细化设计 
1515495, 33.7, 7.8, 578, 设计的开始 
25811057, 34.7, 8.1, 491, 在建筑中发现梦想 
2006110, 28.7, 9.3, 68, Modern Architecture Since 1900 
3792548, 36.0, 7.7, 1012, 像建筑师那样思考 
3067460, 29.6, 8.8, 110, 伊東豐雄建築論文選：衍生的秩序 
26420780, 26.9, 8.5, 89, 《乌有园》 
25810014, 34.9, 9.0, 216, 现当代建筑十五讲 
3496820, 34.2, 8.4, 330, 没有建筑师的建筑 
1103903, 28.5, 7.9, 197, 风水理论研究 
24888086, 29.9, 8.4, 158, 物象与心境 
1042580, 37.3, 8.8, 373, 意大利古建筑散记 
24869637, 28.5, 8.9, 86, 世界建筑风景速写 
4191741, 33.1, 7.9, 458, 图说日本住居生活史 
11524433, 23.6, 9.2, 34, 庇护所 
2266203, 22.0, 9.1, 28, 平城京奈良 
1397549, 39.4, 7.9, 1474, 作文本 
1705652, 33.9, 8.5, 285, 建筑空间论 
6968276, 28.9, 8.4, 133, 欧洲顶尖建筑学基础实践教程（上·下） 
1089854, 44.1, 8.3, 2004, 城市意象 
1903073, 35.8, 7.9, 752, 安藤忠雄都市彷徨 
26695577, 20.1, 9.2, 20, 图书馆建筑的历史 
3182236, 34.6, 8.5, 322, 住宅巡礼 
1636502, 33.2, 8.7, 211, 现代建筑设计案例 
5290496, 31.9, 8.4, 223, 日本近代建筑 
1439415, 31.3, 8.4, 202, 建筑理论史 
24733797, 28.6, 8.8, 93, 哥特建筑与经院哲学 
1462915, 32.8, 9.3, 125, Modern Architecture 
1515812, 31.9, 8.8, 159, 结构体系与建筑造型 
26323550, 22.7, 8.8, 37, 世界建筑旅行地图：日本 
25774369, 27.9, 8.7, 90, 明清建筑二论·斗拱的起源与发展 
2323511, 23.8, 9.1, 37, Ten Canonical Buildings 
3712876, 32.0, 8.3, 251, 园林与建筑 
5332781, 34.8, 8.6, 301, 西澤立衛對談集 
26427913, 32.6, 8.8, 178, 农禅寺：水月 
4898294, 30.4, 9.4, 82, 《營造法式》辭解 
1958183, 31.1, 7.7, 398, 东方游记 
25843217, 30.1, 8.5, 152, 绘本非常建筑 
4759147, 34.1, 8.7, 246, 与古为新 
1740315, 35.8, 8.3, 477, 建筑的非线性设计 
1664844, 34.9, 8.7, 278, 国外建筑设计详图图集16隈研吾/建筑构造细部 
1498057, 31.8, 8.5, 200, 西方建筑的意义 
1455274, 42.4, 9.1, 615, 园冶注释(第二版) 
10539160, 33.0, 7.8, 505, 建筑诞生的时刻 
1751025, 33.0, 7.9, 455, 向拉斯维加斯学习 
25793478, 21.6, 8.2, 44, 建筑中的数学之旅 
1394533, 32.9, 8.1, 355, 勒·柯布西耶：机器与隐喻的诗学 
6971276, 26.0, 8.9, 58, Forms of Structures 
1580046, 34.5, 9.0, 201, 高迪 
2119511, 33.9, 8.0, 477, 再造魅力故乡 
26699062, 24.0, 8.2, 67, 如画观法 
1971733, 31.9, 9.1, 125, 立面构造手册 
1537418, 31.6, 8.6, 179, 现代建筑设计思想的演变 
1804826, 35.2, 9.2, 190, 清式营造则例 
2338034, 29.9, 8.9, 107, 庫柏聯盟：建築師的教育 
26857122, 12.2, 7.8, 10, 长安街与中国建筑的现代化 
3025771, 28.1, 9.0, 75, 住宅 
1903486, 28.8, 9.0, 84, Words and Buildings 
10523994, 20.1, 8.3, 32, 中国古代空间文化溯源 
2985079, 23.9, 9.4, 32, 故宫建筑内檐装修 
1462392, 34.7, 8.3, 394, 勒·柯布西埃全住宅 
1883052, 28.8, 9.1, 79, 城之理念 
1515757, 39.8, 8.0, 1381, 建筑语汇 
5323960, 29.4, 8.2, 174, 空间操作 
1396300, 33.1, 7.7, 581, 拼贴城市 
10560812, 34.5, 8.2, 424, 汉品01 
24714343, 29.7, 8.3, 168, 香港造城记 
3609197, 29.9, 8.7, 124, 上海百年建筑史 
3085350, 29.4, 8.3, 159, 材料呈现 
20458912, 32.8, 8.3, 284, 梁 
26658022, 29.2, 9.4, 69, 紫禁城100 
5477051, 31.2, 8.3, 216, 微建筑 
1615233, 25.7, 9.1, 49, 中国古代建筑技术史 
1205855, 35.2, 8.3, 433, 非常建筑 
1460630, 33.4, 8.0, 430, 此时此地 
1822373, 36.6, 8.1, 694, 建筑设计的材料语言 
11603352, 29.2, 8.8, 103, 充满生机的技术 
1114882, 24.0, 8.7, 48, 中国古代城市规划、建筑群布局及建筑设计方法研究〔上册、下册〕 
4201643, 23.3, 8.7, 43, 建筑论 
10751149, 24.9, 8.1, 85, 高密度建筑学 
25788686, 30.3, 7.7, 342, 谈点建筑好不好 
26748029, 25.7, 8.7, 63, 幻园 
3522666, 32.9, 8.5, 241, 伟大的街道 
4264964, 24.5, 8.4, 64, 第一机械时代的理论与设计 
1426795, 36.1, 8.9, 283, 建筑素描:SANAA专辑/西班牙顶尖建筑素描 
1463091, 24.7, 8.0, 90, 比例 
1463050, 25.1, 9.1, 45, Giuseppe Terragni 
4573935, 26.2, 9.5, 42, Form and Forces 
1316645, 32.4, 7.7, 510, 未建成/反建筑史 
25762654, 24.9, 8.6, 59, 邬达克 
20433146, 31.5, 8.7, 160, 败壁与废墟 
1003637, 37.3, 7.8, 1146, 外国建筑历史图说 
5244174, 26.6, 8.7, 73, 明代江南园林研究 
26320429, 21.5, 8.3, 41, 东西建筑十讲 
1580498, 28.3, 8.3, 131, 现代设计的先驱者 
1451694, 31.8, 8.6, 185, 城市的形成 
2081349, 27.0, 8.8, 73, 北京的城墙和城门 
25943125, 21.7, 8.5, 37, 建筑概念 
25535635, 25.6, 8.6, 66, 宅在故宫边 
1954246, 34.0, 7.7, 687, 世界建筑大师名作图析 
2335872, 22.2, 9.8, 21, Mask of Medusa 
3682956, 34.4, 8.1, 463, Yes Is More 
6129890, 27.1, 8.9, 69, 为什么研究中国建筑 
1410872, 29.0, 8.6, 117, 现代建筑 
1046946, 39.9, 8.8, 559, 说园 
4095333, 33.3, 9.1, 156, Christian Kerez 
1314237, 32.9, 7.9, 445, 建筑思维的草图表达 
2990508, 37.8, 9.0, 336, 塞西尔.巴尔蒙德 
2060019, 33.0, 7.6, 641, 文学将杀死建筑 
1733253, 31.7, 8.6, 180, 园论 
4212241, 28.8, 7.8, 229, 观看，书写 
26680142, 19.2, 8.8, 21, 反高潮的诗学 
1211802, 24.8, 8.8, 51, 住宅平面 
1958915, 27.7, 9.1, 66, 近百年西方建筑史 
4850296, 28.1, 8.1, 150, 中国传统建筑十五讲 
26579344, 16.9, 8.6, 16, 言入空谷 
1881242, 32.9, 8.4, 264, 梁思成谈建筑 
4621237, 26.1, 8.0, 115, 欧洲建筑纲要 
1579939, 27.4, 9.5, 50, 梁思成全集（第一卷） 
1835721, 28.1, 8.8, 86, 东西方的建筑空间-传统中国与中世纪西方建筑的文化阐释 
26265533, 21.7, 8.0, 52, 住得优雅 
1056224, 35.6, 7.5, 1246, 阅读城市 
1114866, 32.1, 9.2, 121, 建筑设计资料集成(综合篇) 
1200961, 26.8, 9.5, 46, 斗栱 
2212118, 29.6, 8.6, 129, 宅形与文化 
1459588, 26.3, 8.6, 74, Architecture Theory since 1968 
6822380, 28.6, 8.2, 152, 建筑第一课  建筑学新生专业入门指南 
1683797, 28.1, 9.0, 75, 空间结构的发展与展望 
1619290, 36.9, 9.0, 291, 桑丘-玛德丽德霍斯事务所设计作品 
25836967, 26.6, 7.5, 206, 上海制造 
1390938, 37.0, 9.1, 274, 梁陈方案与北京 
6857554, 28.2, 8.6, 101, 园冶 
1169605, 35.8, 7.6, 1111, 外国建筑史 
1098583, 25.5, 9.5, 38, 弗莱彻建筑史 
1264969, 22.3, 8.6, 39, 苏州旧住宅 
1088805, 48.1, 9.1, 1456, 中国古典园林分析 
3440858, 34.3, 8.9, 211, small images 
1180783, 29.1, 8.1, 181, 型和现代主义 
5437315, 32.5, 8.0, 369, 新建筑入门 
26893634, 28.3, 9.1, 73, 树之生命木之心 
1153467, 30.7, 9.0, 112, 中国古建筑木作营造技术 
1031106, 35.7, 8.3, 471, 高迪的房子 
2159043, 26.7, 8.5, 86, 伊东丰雄的建筑冒险记10则 
11613860, 26.9, 8.7, 76, 古都北京 
25863969, 27.1, 7.6, 203, 明月构想 
2182413, 29.4, 9.0, 92, 浙江民居 
1943472, 25.9, 8.2, 94, 图解红楼梦建筑意象 
6529506, 24.2, 8.9, 44, 建筑研究 01 
1131497, 36.4, 8.7, 353, 奥列佛风景建筑速写 
4819426, 23.6, 8.3, 58, 建筑学的理论和历史 
2258472, 25.0, 8.9, 50, 建筑物与像 
5942586, 26.3, 8.9, 61, 篠原一男住宅図面 
3768744, 26.4, 8.3, 94, 从贝尔拉赫到库哈斯 
2997011, 22.8, 8.9, 35, 京都千二百年(上) 
19978683, 27.8, 8.2, 131, 关于现代建筑的16章 
3075592, 31.2, 8.1, 264, 安藤忠雄 
1487616, 20.1, 9.2, 20, 日本结构技术典型实例100选 
6886892, 29.7, 9.5, 70, 2G 58/59 Kazuo Shinohara 
26544996, 17.9, 8.7, 18, 教堂建筑的秘密语言 
6959309, 24.1, 8.4, 59, 建筑保护史 
1628860, 34.9, 8.1, 511, 建筑画环境表现与技法 
26693244, 15.7, 8.3, 15, 人文主义时代的建筑原理 (原著第六版) 
10577983, 23.5, 9.0, 37, 占据与连接 
20384608, 24.3, 8.8, 47, 世界现代建筑史 
1758983, 22.5, 9.4, 26, 建筑细部集成  4册 
1894473, 23.5, 8.6, 47, 中国建筑史 
24525044, 17.3, 8.6, 17, 造园的故事 
25917090, 20.8, 8.5, 32, 城境 -- 香港建筑1946-2011 
10544809, 28.3, 7.7, 231, 上海里弄文化地图 
4027906, 23.6, 8.5, 51, 今日的装饰艺术 
1717669, 24.7, 8.7, 54, 空间是机器 
1037915, 24.6, 8.3, 70, 中国古代建筑十论 
1166297, 26.0, 8.8, 62, 中日古代建筑大木技术的源流与变迁 
1718135, 22.7, 8.1, 58, 欧洲现代建筑解析:形式的逻辑 
26710726, 32.1, 8.6, 192, 乌镇剧院：并蒂 
4759148, 25.0, 8.4, 69, 意境与空间 
2647030, 15.3, 8.3, 14, Approximations 
25891554, 25.8, 7.8, 131, 反建筑 
3729845, 31.0, 8.2, 231, 北京四合院 
10494296, 29.1, 9.2, 77, 北京古建筑地图（下册） 
1032349, 34.5, 8.1, 476, 中国小品建筑十讲 
1671918, 30.9, 8.2, 226, 阿尔瓦罗·西扎 
5440595, 18.3, 8.7, 19, 中国古建筑名词图解辞典 
1343898, 27.8, 8.4, 112, 卡羅.史卡帕 空間中流動的詩性 
3544680, 29.5, 8.6, 127, 精确性 
10567002, 18.3, 7.6, 36, 建筑无可替代 
1383080, 28.9, 9.3, 70, Alvaro Siza 
3800304, 31.9, 7.7, 459, 隐形逻辑 
6799936, 30.6, 9.2, 96, 北京古建筑地图（中册） 
2084594, 26.9, 7.5, 219, 权力与建筑 
2042527, 26.1, 8.5, 77, 高迪建筑设计作品欣赏 
25924939, 19.4, 8.6, 24, 伟大的建筑 
25910219, 29.9, 7.7, 317, 追寻光与影的原点 
5994162, 24.4, 9.3, 36, The Possibility of an Absolute Architecture 
3062340, 26.4, 8.3, 95, 设计思维 
24722416, 27.4, 8.0, 147, 你改变不了中国，中国改变你 
26156179, 18.9, 7.9, 33, 场所原论 
6778880, 26.1, 7.9, 126, 设计学院的故事 
24301748, 28.9, 9.5, 62, Peter Zumthor 
2070080, 31.6, 8.5, 193, 西方20世纪别墅二十讲 
1114871, 29.3, 7.4, 399, 世界现代建筑史 
3220319, 19.1, 8.3, 27, 東京論: 東京的建築與城市 
4889020, 25.1, 9.3, 40, 重庆近代城市建筑 
4201828, 19.1, 7.3, 54, 建筑四要素 
1471217, 32.1, 8.3, 253, KM3 
2662040, 22.2, 9.5, 24, Geoffrey Bawa 
1883091, 29.0, 8.4, 137, 西方建筑图解词典 
1440895, 26.7, 8.0, 129, 聚落探访 
4136473, 25.2, 9.0, 48, The Architectures of Atelier Bow-Wow 
1498060, 24.4, 8.4, 62, 存在·空间·建筑 
1070888, 18.8, 7.6, 40, 风水与环境 
1468546, 26.9, 8.7, 76, 建筑形式美的原则 
11588872, 26.2, 8.2, 100, 与中国有关 
26265534, 19.1, 8.0, 32, 上下的美学 
21321728, 12.5, 7.7, 11, 宋代官式建筑营造及其技术 
1291981, 27.2, 7.3, 287, 王受之讲述建筑的故事 
2281379, 32.1, 9.2, 120, 江南园林图录 
6880089, 22.7, 8.2, 54, 模度 
5423180, 24.6, 8.0, 87, 住宅设计师笔记 
1463826, 27.0, 8.3, 106, 匠学七说 
1470302, 21.0, 9.4, 21, The Projective Cast 
1418838, 32.1, 8.4, 231, 路易斯·康与学生的对话 
21346318, 25.9, 7.2, 248, 如何欣赏建筑 
4859729, 26.3, 8.6, 75, 光與影：路康的建築設計思考 
10540694, 28.2, 8.6, 101, 复合城市行为 
4008041, 31.5, 9.3, 103, Remarks on 21 Works 
1460572, 28.3, 7.6, 256, 彼得·埃森曼:图解日志 
26337786, 23.3, 8.4, 52, 图画本 
2242839, 30.5, 8.8, 126, 阿尔瓦·阿尔托全集 
20378988, 20.0, 8.7, 25, 中国乡土建筑初探 
1501820, 29.7, 7.5, 378, 妹岛和世+西泽立卫的作品与思想 
1757193, 27.1, 8.5, 91, Atlas of Novel Tectonics 
6080803, 24.9, 7.4, 160, 盖房记 
26732344, 18.7, 9.1, 17, 小菜场上的家2 
11626530, 15.3, 8.3, 14, 伊斯兰：艺术与建筑 
1474522, 28.5, 8.6, 107, 安藤忠雄作品集 
4542347, 31.1, 8.4, 194, 日本建筑院校毕业设计优秀作品集1 
3043744, 22.0, 9.1, 28, 欧洲古典装饰图案1500 
1713386, 20.5, 8.8, 26, 建筑弦柱 
3172916, 30.1, 8.4, 163, primitive future 
2081469, 17.0, 8.1, 21, 中国古代木楼阁 
3729772, 28.2, 8.1, 153, 北京紫禁城 
1468902, 24.9, 7.9, 100, 后现代建筑语言 
3542920, 22.7, 7.6, 86, 身体，记忆与建筑 
1682639, 32.4, 9.5, 102, 勒·柯布西耶全集 
1129330, 28.7, 8.8, 95, 世界建筑经典图鉴 
1498066, 20.3, 7.1, 82, 建筑类型学 
1783186, 24.6, 8.2, 75, 外国建筑史 
4862081, 20.9, 9.0, 25, 向世界聚落學習 
3238008, 25.5, 9.5, 38, Building Construction Illustrated 
10679236, 17.9, 8.3, 22, 居住的概念 
1463060, 19.4, 9.1, 19, Raumplan vs Plan Libre 
5251251, 24.7, 8.0, 90, 建筑初步 
21337038, 22.2, 7.8, 66, 在空间的密林中 
1154593, 27.2, 8.7, 81, 新版简明建筑设计资料集成 
2982320, 19.5, 9.0, 20, 杨鸿勋建筑考古学论文集 
3090001, 22.7, 9.0, 33, Drawing 
25662141, 14.4, 8.1, 13, 大明宫 
24754436, 14.5, 7.0, 25, 威尼斯的石头 
11576752, 22.7, 9.1, 31, 杠作 
1631484, 30.7, 9.6, 75, 梁思成全集（第七卷） 
1752137, 18.3, 8.6, 20, Architecture and Disjunction 
4704715, 18.5, 8.9, 18, 近代中国建筑学的诞生 
26422630, 14.5, 8.0, 14, Conditional Design 
26410629, 20.6, 8.3, 35, 日本后现代派建筑巡礼 
1460721, 21.7, 8.1, 48, The Harvard Design School Guide to Shopping / Harvard Design School Project on the City 2 
1849101, 18.8, 7.8, 35, 南大建构实验 
1544836, 18.0, 8.1, 25, 中国江南禅宗寺院建筑 
7154515, 21.0, 9.2, 23, 弗兰克·劳埃德·赖特建筑作品全集 
1252656, 24.5, 8.3, 68, 中国住宅概说 
3408674, 19.5, 7.4, 53, Why Do Architects Wear Black? 
1537337, 20.5, 8.8, 26, 中国古代建筑史 第二卷 
6530839, 25.3, 8.6, 63, 户牖之艺 
22023351, 24.1, 7.9, 86, 美国城市的文明化 
1444252, 43.0, 9.3, 560, 城市发展史 
3878590, 18.3, 8.6, 20, Five Houses, Ten Details 
4832351, 22.9, 8.9, 36, Twenty Buildings Every Architect Should Understand 
1160631, 33.0, 7.5, 731, 中国建筑史 
2982979, 24.5, 8.9, 46, 故宫建筑图典 
1114884, 40.7, 8.8, 644, 人性场所 
1883092, 24.6, 8.7, 53, 亚当之家 
1963182, 27.9, 8.4, 113, The Function of Ornament 
4377317, 18.3, 8.7, 19, How to Read Buildings 
3655538, 24.6, 8.5, 60, 现代建筑的演变 
19965492, 17.7, 8.0, 25, 日本小住宅空間極致運用術 
1053221, 28.5, 8.3, 135, 建筑师林徽因 
1340749, 11.7, 7.2, 12, 建築電影學 
3837386, 13.6, 7.4, 16, 追忆神奇年代 
1202248, 28.1, 8.0, 165, 阿尔瓦·阿尔托 
3410830, 34.9, 7.8, 729, 北京跑酷 
5292949, 24.2, 9.2, 37, 在紫禁城 
3339097, 28.9, 7.4, 366, 建筑笔记 
26297470, 13.9, 8.1, 12, Elements of Venice 
11523581, 19.6, 8.6, 25, 建筑的艺术与技术 
4836571, 21.9, 9.3, 25, 文化人散文随笔-陈从周 未尽园林情 
6974386, 21.1, 8.3, 38, 建筑与都市 杰弗里 巴瓦 
4213390, 33.5, 7.3, 1076, 包豪斯理想 
4251824, 21.6, 8.1, 47, 上海武康路 
25905759, 16.8, 6.7, 54, 故宫记 
1446299, 28.3, 7.5, 286, 丰子恺谈建筑 
1660422, 15.2, 8.1, 15, 陈明达古建筑与雕塑史论 
1463057, 22.4, 9.3, 27, Privacy and Publicity 
1458587, 12.8, 7.5, 13, The Social Logic of Space 
2655529, 21.3, 9.3, 23, Understanding Architecture 
4559542, 19.4, 8.6, 24, The Thinking Hand 
2381947, 19.4, 8.7, 23, 冯纪忠和方塔园 
20498324, 19.1, 8.3, 27, 中国建筑•自然组曲 
3245799, 26.6, 7.8, 152, 日本著名建筑师的毕业作品访谈2 
2173063, 25.0, 7.9, 102, 点+线 
10770903, 26.3, 8.4, 86, 快速设计原理教程 
5245600, 28.5, 8.1, 162, 移步红楼 
1821889, 25.8, 7.8, 131, 东西方的会合 
1580409, 22.5, 7.1, 134, 建筑设计笔记 
1994203, 12.9, 7.9, 11, 隱藏的秩序 
1154709, 18.4, 7.1, 55, 建筑美学 
1898751, 17.1, 8.3, 19, 江戶町(上)：大型都市的誕生 
3730281, 13.4, 8.1, 11, In The Footsteps of le Corbusier 
1397869, 18.8, 8.5, 23, 昔日京华 
2370042, 17.8, 7.8, 29, 旅。建築的走法 
1469650, 29.2, 8.6, 120, Metapolis Dictionary of Advanced Architecture 
24325507, 21.4, 8.0, 49, 走向公民建筑（第二辑） 
6041471, 14.4, 8.1, 13, 住宅6000年 
1774848, 28.1, 7.9, 182, 重建中国 
26581985, 15.0, 7.6, 19, 建筑结构创新工学 
10443493, 30.3, 8.8, 122, 旧城胜景 
2350087, 27.3, 9.0, 67, 城市：它的发展、衰败与未来 
11025990, 16.7, 8.0, 21, Operative Design 
1315092, 20.1, 9.1, 21, 百年回望 
1040580, 30.8, 7.7, 376, 溢出的都市 
1114869, 25.5, 6.7, 430, 建筑初步 
1515489, 24.0, 8.0, 79, 顾大庆·设计与视知觉 
11633467, 17.1, 6.1, 117, 足球向左，建筑向右：真实的西班牙 
3352663, 18.7, 8.3, 25, 中国科学技术史（建筑卷） 
3787217, 25.2, 7.6, 139, 建筑学的教科书 
1803137, 18.4, 8.3, 24, 闽南传统建筑 
2148801, 25.2, 7.6, 139, 建筑与文化 
1180784, 21.9, 8.2, 47, 图说民居 
1474560, 26.6, 9.2, 53, Louis I Kahn 
1602571, 25.6, 8.6, 67, 理查德·迈耶作品集3 
1690221, 26.7, 8.0, 128, 安东尼·高迪 
1679164, 32.0, 9.5, 97, 勒·柯布西耶全集 
3729997, 25.1, 7.9, 104, 北京颐和园 
1672893, 31.3, 9.4, 93, 勒·柯布西耶全集(第3卷·1934-1938年) 
4770537, 18.2, 8.4, 22, 安徽民居 
