Tag: 张小娴 

ID, Score, Rating, Votes, Title 
26864773, 34.3, 8.9, 213, 任你行 
26901257, 24.7, 9.5, 34, 三十年细说从头 (上下) 
25897884, 30.1, 9.0, 103, 13．67 
26870405, 30.9, 7.9, 306, 龙头凤尾 
3642673, 55.3, 8.0, 23091, 我执 
1458164, 52.0, 8.3, 7877, 她是女子，我也是女子 
26787813, 32.1, 8.4, 232, 纸上染了蓝 
1018577, 61.0, 8.9, 13753, 霸王别姬 青蛇 
1316606, 49.2, 8.6, 3162, 無愛紀 
3344676, 58.4, 8.1, 34115, 常识 
1358404, 32.3, 7.5, 639, 穿KENZO的女人 
26303995, 30.3, 8.5, 155, 飞毡 
1261153, 54.8, 8.4, 10754, 青蛇 
3311009, 47.6, 7.2, 24885, 原来你非不快乐 
26591565, 32.5, 8.1, 331, 香港重庆大厦 
2287123, 44.5, 8.3, 2155, 時裝時刻 
5289756, 51.0, 7.9, 12685, 爱的地下教育 
2022979, 59.5, 8.1, 41159, 喜宝 
6527141, 44.6, 8.2, 2518, 停车暂借问 
2230208, 53.5, 8.1, 13982, 我的前半生 
11505930, 32.4, 7.3, 847, 杀鹌鹑的少女 
4154985, 41.0, 8.2, 1328, 天工开物·栩栩如真 
3521168, 39.2, 7.0, 6083, 谢谢你离开我 
22993177, 26.6, 9.3, 50, Reminiscence―李麗珍(ロレッタ・リー)写真集 
2282081, 43.5, 8.0, 2725, 香港味道1 
1045247, 51.9, 7.7, 21426, 面包树上的女人 
6392678, 39.4, 7.5, 2637, 想念 
6127284, 36.7, 8.5, 452, 酒徒 
1370750, 46.6, 8.6, 2076, 突然我記起你的臉 
6002887, 38.4, 7.5, 2149, 突然十年便过去 
3410812, 41.5, 7.4, 4775, 死在这里也不错 
1867095, 34.1, 8.8, 224, 粵語（香港話）教程 
26552069, 28.5, 9.5, 59, 黑暗之城 
4861485, 38.2, 7.2, 3400, 就算天空再深 
1394855, 36.5, 7.8, 974, 王家卫的映画世界 
4215678, 38.6, 7.9, 1272, 我城 
6048071, 42.9, 8.6, 1132, 七声 
3864464, 35.8, 8.3, 479, 我愛過，所以我活過 
3621252, 44.5, 7.4, 8817, 曾经 
1021914, 39.6, 8.2, 1032, 香港电影的秘密 
1831760, 38.4, 8.0, 1085, 弱水三千 
5276620, 41.1, 7.8, 2337, 什么都没有发生 
24855510, 28.6, 9.0, 82, 香港簡史 
26714703, 26.9, 7.2, 308, 我们香港这些年 
3866002, 40.6, 7.2, 5703, 我所爱的香港 
4841303, 41.6, 7.6, 3464, 人情·世故 
1367220, 26.9, 8.4, 96, 像我這樣的一個讀者 
4031698, 46.3, 7.8, 6231, 读者 
2974903, 44.0, 8.1, 2562, 香港味道2 
1316612, 39.0, 8.6, 600, 我們如此很好 
24706897, 32.3, 7.4, 723, 我这一代香港人 
6556296, 38.7, 8.3, 797, 亚洲教父 
26590273, 28.5, 7.8, 215, 你会想念你自己吗 
6904615, 35.8, 7.0, 2857, 再不相爱就软了 
1705507, 48.3, 8.0, 6473, 胭脂扣 
1461583, 51.1, 9.3, 1837, 火鳳燎原 1 
1731521, 46.5, 8.2, 3477, 生死桥 
4736082, 39.2, 7.9, 1430, 像我这样的一个女子 
1919723, 39.4, 8.4, 798, 龍應台的香港筆記 @ 沙灣徑25號 
22015881, 31.5, 7.4, 616, 7749 
6100990, 41.7, 7.7, 3028, 访问 
1032581, 50.8, 8.4, 5521, 胭脂扣 生死桥 
26593037, 31.5, 7.9, 341, 苏丝黄的世界 
21354012, 24.1, 8.9, 43, 何藩 昨日香港 
25923364, 31.7, 8.7, 166, 微喜重行 
4218689, 37.0, 8.2, 664, 哀悼乳房 
1316605, 39.7, 8.7, 603, 温柔与暴烈 
3776157, 45.6, 7.8, 5410, 破事儿 
3053868, 48.8, 7.9, 8391, 永不永不说再见 
1316607, 43.0, 8.5, 1300, 媚行者 
5910921, 31.4, 6.8, 1501, 坦白说，亲爱的 
26713941, 21.9, 8.6, 36, 瑪嘉烈與大衛的綠豆 Margaret and David - Green Bean 
3322406, 36.3, 8.7, 351, 中文解毒 
1473957, 29.3, 7.9, 226, 慢慢快活 
1471809, 41.7, 7.7, 3060, 饺子 
7051393, 36.3, 7.6, 1233, 俗 
3035733, 34.8, 8.3, 405, 蜂蜜綠茶 
1453084, 29.1, 8.1, 182, 潮骚 
3103858, 40.0, 9.4, 330, 粉末都市 
1766119, 34.9, 8.7, 279, 银河映像·难以想像 
4309094, 36.6, 8.3, 552, 体育时期 
6097374, 32.9, 8.1, 355, 橄欖香 
25747192, 31.4, 7.7, 421, 原谅我一生不羁放纵爱自由 
19967508, 29.1, 6.7, 1011, 我开始轻视语言 
2045811, 49.6, 9.0, 2067, 张国荣的时光 
2284090, 46.3, 7.5, 10430, 开到荼蘼 
21965475, 31.9, 7.1, 1023, 爱上几个人渣 
1316614, 39.6, 8.7, 598, 七種靜默 
3574418, 44.0, 8.7, 1212, 张国荣：禁色的蝴蝶 
14449069, 34.9, 8.0, 565, 春在绿芜中 
3866325, 40.2, 9.5, 311, 宇宙不安學會暨門小雷繪圖筆記本 
2115040, 50.8, 8.0, 10321, 玫瑰的故事 
1030153, 46.9, 7.5, 11954, 她比烟花寂寞 
6441134, 25.3, 7.9, 109, 地圖集 
3314380, 30.8, 8.8, 132, 相遇 
5253517, 35.5, 8.1, 570, 大逃港 
4273408, 28.8, 7.8, 229, 一段愛情，兩個人成長 
26779398, 20.8, 9.7, 18, WKW 
2981577, 26.6, 9.1, 56, 南海十三郎 
5913963, 32.8, 8.4, 261, 香港电影百年 
25839405, 20.5, 8.1, 39, 四分之三的香港 
1028780, 47.5, 7.6, 11042, 三个A Cup的女人 
11538656, 34.4, 8.8, 237, 烈佬傳 
25921542, 20.0, 8.5, 28, 瑪嘉烈與大衛的蒼蠅 
3429859, 38.0, 8.7, 462, 哀歌 
1122285, 30.7, 8.3, 199, 李碧华经典作品集 
1353741, 41.0, 8.5, 923, 十二女色 
3105410, 34.0, 8.8, 221, 房間 
1775629, 32.7, 9.3, 123, City of Darkness 
1371801, 42.1, 8.6, 989, 七宗罪 
1009931, 43.4, 7.7, 4182, 潘金莲之前世今生 诱僧 
3289827, 35.0, 7.4, 1267, 关于岁月的隐秘情事 
1779729, 22.0, 8.9, 31, 邵氏电影初探 
1353132, 42.1, 8.6, 991, 沉默。暗啞。微小。 
3081237, 15.8, 7.6, 22, 三級片導演手記（上）（下） 
1058098, 32.8, 8.0, 386, 张小娴作品集 
26315320, 22.5, 8.4, 45, 灰鸽试飞 
25856219, 21.4, 7.9, 53, 瑪嘉烈與大衛的最初 
5245585, 33.0, 7.9, 451, 词家有道 
6314053, 36.2, 7.5, 1382, 毫无代价唱最幸福的歌 
26834749, 17.2, 8.7, 16, 香港三年 
1849808, 30.9, 7.8, 339, 似是故人来 
1358395, 34.8, 9.2, 181, 杜可風春光乍洩攝影手記 
2320804, 28.6, 8.1, 166, 香港地产业百年 
3268790, 27.3, 8.9, 71, 倪匡短篇 
1080152, 40.8, 8.1, 1470, 樱桃青衣 
10455864, 35.0, 7.3, 1454, 知情识趣 
20493910, 23.6, 8.6, 48, 一代宗師 (限量典藏版) 
26840846, 12.4, 7.9, 10, 王實味 
3854484, 45.8, 8.8, 1435, 这是爱 
1874418, 38.6, 7.9, 1279, 奇幻夜 
2076588, 29.0, 8.1, 177, 香港史 
6759066, 31.9, 7.4, 676, 生于天桥底 
3033673, 36.7, 7.5, 1532, 爱恋无声 
26752665, 21.2, 6.4, 228, 一些无可厚非的小事 
6965468, 35.5, 8.1, 567, 香港有个荷里活 
1048177, 35.0, 8.0, 584, 董桥散文 
3918036, 37.9, 7.7, 1458, 日月 
3045175, 45.1, 8.0, 3652, 爱上了你 
4892882, 30.6, 7.5, 459, 许鞍华说许鞍华 
24743163, 33.7, 7.3, 1111, 世界将我包围 
6784859, 47.1, 9.3, 1018, KYLOOE·忧郁的蜻蜓 
4742948, 34.5, 8.4, 346, 缝熊志 
10569797, 27.1, 8.1, 127, 争气 
1370264, 34.5, 8.4, 349, 對倒 
3858961, 32.4, 7.3, 858, 蔡澜眼中的八婆与美女 
1863619, 46.4, 9.3, 918, 与他共度61世 
4230583, 34.9, 9.3, 170, 《There&#39;s a dark dark wood inside my head》 
4908970, 32.1, 7.4, 693, 风格练习 
1316608, 36.4, 8.7, 357, 烈女圖 
6727861, 24.5, 8.2, 74, 7749：四十九個我試過／聽過／想過的創作練習 
11516400, 25.5, 8.9, 54, 消費森林×品牌再生 
1361268, 45.4, 8.2, 2877, 朝花夕拾 
6744661, 34.3, 8.2, 411, 末日酒店 
6308142, 26.5, 7.4, 224, 穿Kenzo的女人 
26359540, 17.2, 7.9, 24, 瑪嘉烈與大衛的前度 
3888039, 36.8, 8.7, 376, 中國字體設計人：一字一生 
10345192, 22.2, 7.8, 66, 女人就是女人 
3056628, 24.3, 8.4, 61, 香港企业购并经典 
10554294, 32.5, 8.4, 247, 英华沉浮录 1 
1393907, 34.8, 8.6, 298, 揚眉女子 
2150352, 35.6, 8.1, 572, 路漫漫 
3033671, 36.5, 7.5, 1476, 江湖有事 
6727862, 20.6, 8.5, 31, 後九七香港粵語流行歌詞研究 
6847831, 20.5, 8.8, 26, 鄉土香港 
2301075, 31.0, 9.1, 109, 灰掐 
4011283, 32.2, 7.8, 434, 中国香港 
10354912, 27.1, 6.9, 473, 吹绉一池春水 
1772173, 35.6, 7.4, 1444, 诱僧 
26832527, 25.0, 8.7, 56, 小王子的領悟 
26273350, 15.9, 8.1, 17, 何藩 香港回忆录 
3920235, 34.0, 7.4, 1036, 等待香港 
1057601, 44.2, 7.8, 4193, 半饱 
5261729, 37.9, 7.7, 1476, 志明与春娇 
2137153, 30.6, 8.0, 262, 四代香港人 
3003579, 30.9, 7.3, 619, 蔡澜品女人 
1006418, 45.9, 8.8, 1467, 老夫子 
2150811, 32.6, 7.8, 468, 你總有愛我的一天 
1639470, 25.1, 8.6, 61, 回顾香港电影三十年 
3156483, 28.0, 8.9, 79, 董桥文集① 
1081604, 41.5, 7.8, 2494, 秦俑 满洲国妖艳——川岛芳子 
25753961, 22.4, 6.7, 205, 假如我们什么都不怕 
1064880, 45.7, 9.2, 917, 麦兜·微小小说 
4760262, 32.8, 7.6, 627, 香港电影演义 
6523973, 31.1, 7.6, 447, 衣锦夜行 
26595343, 23.0, 7.4, 109, 江湖老友 
24852749, 28.5, 7.7, 238, 浣熊 
1499500, 26.2, 9.2, 50, 张彻 
10426643, 24.2, 6.9, 246, 我看见的你是我自己 
2072908, 27.6, 8.4, 108, Y 
1818537, 23.9, 8.1, 72, 寫在家國以外 
20396039, 28.4, 8.6, 105, 武侠大宗师：张彻 
6742738, 28.9, 8.8, 98, 剩食 
4014185, 31.2, 8.8, 141, 執正中文 
1364800, 23.7, 9.4, 31, 費穆 
10544201, 19.8, 8.2, 32, 六七暴動 
1829846, 41.2, 9.2, 465, 偽科學鑑證1 
1416888, 23.7, 8.2, 64, 也斯的香港 
11505929, 27.6, 7.0, 466, 洗手间里的主权 
5910922, 29.8, 7.3, 496, 狐狸尾巴 
20499673, 39.9, 7.9, 1622, 味道·人民公社 
1011882, 41.7, 7.6, 3586, 两个人住 
24318959, 21.9, 7.2, 106, 交加街38号 
3881360, 37.2, 9.0, 306, L.I.F.E. 
7051701, 30.0, 8.3, 175, 野蛮夜歌 
5984003, 29.1, 7.1, 555, 暧昧的瞬间 
3439437, 44.5, 7.7, 5175, 阿修罗 
5984020, 32.2, 7.4, 713, 温柔的路途 
1321820, 41.3, 8.4, 1090, 烟花三月 
4280962, 24.5, 8.7, 52, 站錯邊 
3826621, 24.7, 9.3, 38, 我們·你們·他們三書完整套裝 
1352335, 22.1, 8.1, 52, 小城無故事 
25917090, 20.8, 8.5, 32, 城境 -- 香港建筑1946-2011 
1025176, 42.9, 7.6, 4492, 设计私生活 
6813397, 28.3, 7.0, 538, 香港制造 
6894203, 30.0, 7.5, 402, 大胆爱 
1466389, 41.6, 8.1, 1696, 我的我的天 
4101761, 25.8, 9.2, 47, 雷聲與蟬鳴 
1349822, 36.1, 9.8, 141, 張國榮的電影世界 1 
2070128, 41.3, 9.2, 474, 偽科學鑑證2之殺出香港 
1361266, 34.7, 7.5, 1026, 川島芳子 
3540982, 24.1, 7.8, 94, 後殖民食物與愛情 
10456975, 31.8, 8.4, 221, 刀下留人 
1002895, 30.2, 7.5, 416, 亦舒作品集(共60册) 
6791661, 29.7, 7.8, 271, 戏剧浮生 
2063988, 29.4, 8.7, 115, 時間繁史‧啞瓷之光（上） 
2060432, 39.2, 7.1, 5071, 红颜露水 
6793874, 36.5, 8.3, 541, 武道狂之诗（卷一 之 风从虎•云从龙） 
26324284, 14.7, 7.8, 16, 香港 
3715206, 36.2, 9.1, 242, 不軌劇場 
1352518, 38.3, 8.6, 536, 血卡門 
2067686, 22.5, 7.8, 70, 我們在此撤離，只留下光 
1484300, 40.6, 7.6, 2840, 承欢记 
4315669, 29.3, 7.2, 515, 蔡澜的生活方式 
10461404, 29.2, 7.8, 249, 碎碎念 
24869877, 23.9, 8.6, 50, 舉頭望明月 
6971752, 31.4, 7.2, 793, 对照记@1963 
3808684, 34.3, 7.4, 1104, 明暗 
19961868, 22.9, 7.9, 70, 情欲、伦理与权力 
1456597, 43.6, 7.5, 6167, 她的二三事 
4928332, 29.0, 7.2, 480, 等待香港 
5904021, 26.3, 7.4, 215, 香港新浪潮电影 
1358463, 38.5, 8.6, 551, 拾香紀 
4915892, 28.6, 7.2, 435, 香港电影血与骨 
1957045, 42.2, 7.5, 4652, 印度墨 
19965959, 26.8, 7.5, 212, 一纸平安 
1965465, 18.7, 7.8, 34, 蔬菜的政治 
4906825, 36.4, 8.1, 671, 值得 
25663085, 28.7, 7.1, 515, 你终将爱我 
1418734, 32.2, 8.1, 317, 絕頂愛情 
1016055, 33.0, 7.2, 1129, 亦舒作品系列 
1817132, 40.1, 7.3, 4290, 收到你的信已经太迟 
2138706, 28.1, 8.1, 152, 我們 
7916050, 30.5, 8.0, 256, 董桥七十 
25857164, 26.5, 7.1, 317, 都什么时候了 
2146219, 23.8, 8.8, 44, 殖民無間道 
20470336, 27.0, 8.1, 124, 文以载食 
1322328, 43.6, 7.4, 7382, 不羁的风 
6963110, 19.9, 7.3, 63, 流动风景 
1322066, 45.4, 7.6, 7329, 吃南瓜的人 
1339258, 36.9, 8.6, 421, 後殖民誌 
25836950, 26.2, 7.0, 339, 大叔 
3081757, 42.8, 8.0, 2405, 相逢 
1436841, 34.1, 9.1, 175, 张国荣 盛世光阴 
24868416, 27.6, 8.7, 86, 大爱同誌 
1949026, 28.9, 8.9, 92, 影海生涯(上、下) 
4569975, 28.7, 8.9, 88, Lonely Planet 
25917499, 31.8, 9.2, 116, Kylooe 3 再見微笑 
3602263, 31.3, 7.7, 408, 就算天空再深 
11521771, 17.4, 7.4, 35, 那似曾相識的七十年代 
10446423, 24.2, 8.1, 75, 答同代人 
1025251, 40.8, 8.6, 800, 屎捞人·浮屎若梦 
2143326, 31.1, 8.1, 257, 香港的另一面 
26833109, 13.7, 6.5, 31, 不一樣的口紅 
6523921, 19.7, 8.4, 28, 東亞城市 空間生產 
3868217, 35.5, 9.3, 186, 香港彈起 
25787469, 32.2, 9.7, 88, REMEMBER TO FORGET 2003-2013 
10440752, 26.1, 7.7, 152, 虚齿记 
3865644, 42.3, 8.8, 825, 麦兜响当当 
6732127, 27.9, 9.2, 64, 推土機前種花 
25846179, 27.4, 8.4, 104, 无物之阵 
1839556, 30.3, 8.6, 144, 愛戀無聲 
25753995, 23.1, 8.6, 44, 地文誌 
25919286, 18.6, 8.6, 21, 殖民家國外 
6709852, 28.9, 7.5, 323, 波希米亚香港 
10518111, 23.7, 7.1, 171, 香港电影夜与雾 
24531304, 23.0, 8.3, 53, 青筋 
5323842, 33.8, 7.9, 522, 跟我去香港 
1898279, 33.0, 8.2, 329, 张小娴散文集1 
1382843, 30.7, 9.1, 104, 錦繡藍田 
1055187, 45.9, 8.4, 2380, 我的前半生 
6795881, 25.6, 8.4, 77, 少年王晶闖江湖 
1493924, 28.5, 8.4, 126, 繁花盛放 
2150817, 27.2, 8.0, 141, 收不起的思念 
1032945, 46.0, 7.7, 6889, 荷包里的单人床 
5334293, 21.5, 7.2, 97, 德律风 
26417675, 21.8, 6.2, 361, 致遗忘了我的你 
3816189, 26.7, 7.9, 141, 吃羅宋餐的日子 
3297098, 34.1, 7.6, 797, 八月宁静 
3034414, 31.3, 8.0, 294, 香港文学精选集(共6册) 
2259317, 28.3, 7.9, 188, 愛得喪盡天良 
1024701, 43.4, 7.8, 3583, 回家真好 
1004956, 46.5, 8.0, 4656, 阿修羅 
1205053, 35.8, 7.4, 1490, 秦俑 
6558214, 28.2, 7.5, 283, 反语 
2159316, 22.0, 8.1, 51, 香港文學散步（修訂版） 
1002914, 41.8, 8.5, 1057, 老夫子（共十册） 
1366606, 26.5, 9.3, 49, 怎知春色如許 : 白雪仙珍藏相簿 
3213292, 14.1, 8.0, 13, 大図解九龍城 
1212507, 45.7, 9.1, 1010, 麦兜·尿水遥遥 
26435812, 22.4, 6.8, 185, 夜话港乐2 
19935578, 34.6, 8.1, 482, 旧日红 
19989621, 36.5, 7.5, 1490, 面包树上的女人 
1382831, 28.6, 7.9, 199, 突然獨身 
10461698, 29.1, 8.5, 127, 東京肉肉 
1079413, 33.0, 8.3, 295, 采花贼的地图 
1057010, 36.3, 7.7, 1067, 一个人的月亮 
6801723, 29.3, 7.4, 397, 岁月神偷 
3864469, 27.9, 7.2, 380, 吸血盟2 ─ 花開魔幻地 
6787210, 32.5, 8.7, 190, 封神紀 
3587679, 28.0, 8.0, 162, 蔡澜谈人生 
3449159, 29.5, 9.0, 93, The Whispering Game and 5 Years of b.wing 2004-2008 
3074795, 34.3, 7.1, 1739, 长夜里拥抱 
2357486, 33.8, 7.6, 749, 城市九章 
5940800, 24.6, 8.3, 70, 回不去了 
2244170, 43.6, 7.7, 4351, 电光幻影 
7015177, 23.2, 7.8, 80, 楊凡時間 
1762066, 35.7, 8.1, 589, 逆插桃花 
20480687, 24.7, 7.2, 190, 和精英价值说再见 
1358405, 21.7, 8.5, 37, 偏見與傲慢 
10589341, 28.5, 7.1, 487, 四部曲 
1965143, 27.3, 8.0, 144, 香港股史 
25758406, 21.1, 7.7, 58, 浮城述梦人 
2003049, 28.2, 8.5, 110, 流年 
4736088, 26.2, 6.9, 389, 看房子 
1433770, 23.4, 8.8, 41, 腐朽和期待 
3770555, 18.1, 8.2, 24, 浪漫演义 
1499758, 42.6, 7.7, 3603, 忽爾今夏 
26759824, 14.7, 7.8, 16, 花樣的年華·澤東廿五 
3641971, 20.7, 9.3, 21, 二十一世纪 
5990275, 20.1, 9.0, 22, 裙拉褲甩 
25839984, 22.0, 8.6, 37, 夜雨赏荷 
1829093, 38.8, 9.2, 326, 標童話集1 
2052972, 20.8, 8.8, 27, 风花雪月李翰祥 
3268096, 33.7, 8.2, 371, 迷恋人间 
21349382, 24.4, 6.6, 381, 那夜凌晨，我坐上了旺角開往大埔的紅VAN (下) 
5904020, 26.2, 7.7, 155, 戏缘 
1016058, 44.4, 7.9, 3746, 我们不是天使 
1765148, 21.9, 8.3, 44, 買兇拍人製作手冊 
10554312, 27.1, 8.1, 127, 英华沉浮录 3 
2063990, 27.3, 8.6, 88, 時間繁史‧啞瓷之光（下） 
1084919, 45.0, 7.7, 5686, 三月里的幸福饼 
1061888, 32.2, 7.5, 622, 流白 
20485590, 30.6, 7.6, 403, 倾我至诚 为你钟情 
1082173, 46.6, 7.8, 6581, 面包树出走了 
1394411, 28.7, 8.5, 120, 西西詩集 
6716684, 32.8, 7.6, 619, 天生是饭人 
25890900, 21.1, 7.7, 58, 或许有用的思想 
1358449, 22.2, 8.8, 34, 玫瑰念珠 
2380826, 36.4, 7.4, 1689, 整形日本 
1096118, 47.6, 7.9, 6793, 流浪的面包树 
3228088, 39.4, 8.2, 1004, 盛世恋 
11535136, 25.9, 6.3, 917, 末世的思念 
1939273, 33.5, 7.6, 711, 迷离夜 
2105526, 34.4, 8.4, 343, 亦舒新经典 
1977822, 21.8, 9.1, 27, 愛蓮說 
4257066, 28.6, 7.4, 345, 50+1私家香港 
20453478, 25.8, 7.7, 143, 青楼梦好 
25833464, 22.8, 7.6, 88, 羊吃草 
4743452, 29.5, 8.7, 116, 志明與春嬌電影畫冊 
1388206, 14.1, 7.3, 19, 雙如談食 
1438071, 26.7, 8.3, 100, 原初的激情 
3089814, 28.6, 7.8, 221, 梳头记 
1046192, 31.8, 7.6, 514, 泼墨：李碧华作品集(十二) 
1372040, 29.4, 8.5, 135, 安卓珍尼 
5921769, 21.4, 6.7, 165, 地产霸权 
1394168, 25.4, 8.2, 86, 剪紙 
3142552, 25.7, 8.1, 99, 斑駁日常 
4082026, 23.6, 7.7, 93, 早期香港电影史 
25778085, 24.4, 8.6, 55, 夜望 
20453479, 29.2, 8.1, 185, 花笑春风 
4273400, 18.4, 7.8, 32, 張愛玲：電懋劇本集 
20398455, 24.0, 9.1, 38, 蝙蝠與告別者 
10484580, 23.0, 7.7, 84, 书与城市 
3836028, 15.0, 7.8, 17, 冷战与香港电影 
2138924, 27.6, 9.0, 70, The Writer And Her Story 
1762088, 35.9, 9.8, 137, 张国荣的电影世界2 
1340510, 31.9, 8.6, 187, 打錯了 
10606257, 19.8, 8.2, 32, 大厨小贴士 
1424370, 15.6, 7.8, 19, 半唐番城市筆記 
25860363, 21.0, 6.5, 189, 那些为你无眠的夜晚 
4199685, 47.0, 7.6, 9988, 我读 
1872902, 21.7, 8.3, 42, 劍嘯江湖 : 徐克與香港電影 
1784798, 23.4, 8.6, 46, 白瓷 / Porcelain 
1388226, 19.3, 7.8, 38, 英年早睡的我 
10567140, 22.6, 8.0, 61, 博物誌 
3890717, 18.8, 8.4, 24, 告別犬儒 
3186683, 18.8, 8.9, 19, 香港英资财团 
3838050, 28.4, 8.8, 91, 懺情書：東邪西毒 
1036958, 38.4, 7.8, 1409, 把天空还给你 
1055486, 41.5, 7.4, 4738, 魔法蛋糕店 
1370272, 23.4, 8.9, 39, piece of mind 
1388214, 20.8, 8.4, 34, 低保真 
26693143, 13.9, 7.5, 16, 看得見風景的房間 
2063864, 23.9, 7.9, 83, 香港味道3當叉燒愛上餐包 
1421538, 32.7, 7.8, 476, 蔡澜叹世界 
1949254, 26.8, 8.3, 102, 天水圍12師奶 
5935620, 36.0, 7.9, 792, 青玉案 
11516570, 20.6, 7.5, 62, 嘴賤是怎樣煉成的 
25878157, 12.9, 7.7, 12, 香港公交都市剖析 
11507067, 19.7, 8.0, 36, 普羅旺斯的漢詩 
1847633, 30.5, 8.2, 210, 香港的情与爱 
20499677, 39.9, 8.0, 1421, 味道·味觉现象 
1394423, 27.4, 7.9, 159, 等待香港 - 青春篇 
3193862, 29.0, 8.9, 93, 狂草集 
25801520, 14.7, 6.1, 59, 港式中产 
1078133, 43.1, 7.7, 3954, 我们都是丑小鸭 
10799170, 20.3, 6.9, 100, 香港文化十论 
1368933, 24.4, 8.3, 67, 東京．豐饒之海．奧多摩 
6558392, 19.2, 8.9, 20, 北歐是我們的死亡終站 
1401248, 24.9, 8.1, 86, 進攻女生宿舍 
1499764, 37.3, 7.6, 1514, 如何说再见 
1499775, 38.4, 7.6, 1867, 要多美麗，就多美麗 
5920242, 18.7, 8.0, 30, 在世界中寫作，為世界而寫 
1389989, 22.7, 8.2, 54, Edward Lam on Love 
1009295, 33.1, 7.8, 517, 红袍蝎子糖 
10554296, 28.9, 8.3, 147, 英华沉浮录 2 
1014456, 34.5, 7.1, 1804, 天秤座事故 
4713657, 24.8, 8.0, 91, 建筑设计入门 
2999860, 15.0, 7.7, 18, 山光水影 
1449661, 41.2, 7.8, 2396, 梦·想家 
1353737, 23.1, 7.6, 92, 盛世邊緣 
5290578, 21.8, 8.1, 49, 黃昏未晚 
6718313, 20.1, 8.6, 27, 食物與愛情的詠嘆調 
3405814, 35.0, 7.4, 1270, 豆芽集1 
11500141, 21.3, 7.3, 84, 好好学习 天天向上 
1389957, 22.1, 8.3, 45, 記憶的城市．虛構的城市 
1364811, 19.5, 7.9, 37, 周日床上的顧西蒙 
1466860, 21.6, 7.9, 55, 性/別光影 
1381920, 19.6, 8.2, 31, 香港故事 
1046175, 38.0, 7.4, 2353, 寻常放荡 
4045104, 20.5, 8.3, 34, 茶餐時光 
26642868, 18.0, 8.6, 19, 紅樓夢裏人 
2374818, 37.8, 7.5, 1918, 葡萄成熟的时候 
3831131, 13.7, 8.0, 12, 香港新想象 
3012644, 25.5, 8.9, 54, 玩具大戰 
1829665, 31.4, 7.9, 335, 目迷.耽美 
3877171, 17.9, 7.7, 31, 香港歌詞導賞 
1459635, 25.1, 6.9, 303, 香港电影新浪潮 
1009372, 24.3, 7.6, 117, 梁凤仪财经小说系列 
10562696, 20.7, 9.0, 24, 泰晤士河畔［珍藏版］ 
1348539, 30.9, 8.8, 136, 甲申年紀事 
25846427, 17.6, 7.2, 42, 一曲薰风 
1141075, 28.2, 7.9, 187, 无间道 
4097503, 13.6, 7.8, 13, 香港中資財團 
10863000, 19.5, 8.9, 21, 我們的同志孩子 
3284411, 39.8, 8.2, 1071, 头发 
1212509, 43.3, 9.0, 780, 麦唛·宁静声音 
2038372, 15.3, 7.9, 17, 我和春天有個約會 (劇本) 
4160236, 35.6, 7.3, 1658, 叹息桥 
26333998, 28.6, 6.8, 766, 少帅 
1353743, 18.7, 7.6, 39, 香港流行歌詞研究 
1829158, 27.8, 8.1, 143, 同場加映 Me &amp; My Electric Shadow 
3792239, 27.5, 8.8, 79, 單身看II 
1067701, 40.8, 7.7, 2559, 情人无泪 
3648543, 30.7, 7.9, 293, 是有點狡猾 
26795190, 11.9, 4.7, 220, 春盏 
1212508, 44.0, 9.1, 788, 麦唛·完美故事 
26744148, 13.7, 8.0, 12, 肥瘦對寫 
1396312, 17.6, 8.2, 22, 咖啡還未喝完 
2063865, 24.2, 8.0, 81, 香港味道4如假包換碗仔翅 
1064282, 41.6, 7.8, 2576, 思念里的流浪狗 
4920247, 25.5, 8.5, 70, 五湖四海家常菜 
1358417, 18.3, 8.2, 25, 賈樟柯電影世界特集 
1361256, 35.3, 8.4, 400, 煙花三月 
2240228, 22.4, 7.1, 129, 關於愛情 
1281622, 41.6, 7.5, 4095, 连环 
1829919, 29.8, 8.3, 170, 一峰一人一結他 
1418953, 24.2, 7.8, 97, 魔幻廚房 
1019515, 39.7, 7.5, 2790, 离别曲 
6896156, 13.5, 7.6, 14, 香港歌词八十谈 
5381961, 24.1, 7.1, 190, 不寄的信 
24853186, 17.5, 8.8, 16, 死在香港──見棺材 
1484281, 36.3, 7.6, 1242, 明年給你送花來 
1024690, 39.4, 7.8, 1689, 悬浮在空中的吻 
4237819, 26.8, 8.7, 75, 黑白溢彩 
1949948, 23.8, 7.8, 90, 所以美好 
3443509, 30.6, 8.5, 164, 老少女基地 
6431357, 19.1, 8.0, 32, 中年廢物 
1975591, 41.1, 7.6, 3132, 乐未央 
3842640, 25.4, 8.6, 64, 行路難 
5333844, 18.3, 7.4, 42, 香港电影研究 
7062628, 25.3, 8.3, 79, 许子东讲稿-张爱玲.郁达夫.香港文学-卷二 
1484284, 33.4, 7.0, 1667, 薔薇泡沫 
6776357, 13.6, 7.8, 13, 香港方物志 
20285097, 20.6, 8.5, 31, 哈哈镜 
4915878, 28.8, 7.0, 601, 蜜糖只有你 
3236097, 28.9, 7.4, 365, 城市学 
26803088, 13.5, 7.5, 15, 创意城市X60 
1989070, 29.5, 7.1, 615, 家明與玫瑰 
1075292, 35.7, 7.9, 748, 放血 
1999291, 34.9, 9.1, 198, 麦兜麦唛系列 
1059989, 33.5, 7.7, 633, 还是情愿痛 
1580373, 22.0, 8.0, 55, 香港集装箱建筑 
1353733, 29.7, 9.1, 90, 默示錄 
1340515, 18.7, 8.0, 30, 弓在馬桶上的憶述者 
3148525, 27.1, 7.7, 185, 蘭開夏道 
1082126, 39.1, 7.4, 2939, 吸血盟1：蓝蝴蝶之吻 
1016053, 40.0, 7.5, 3008, 胭脂 
26823272, 17.5, 7.5, 33, 蘋果樹下 
1424566, 25.0, 9.1, 44, 候鳥 
1484291, 38.0, 7.6, 1725, 故园 
4203512, 34.1, 7.3, 1225, 伤城记 
3022289, 29.8, 8.3, 170, 香港潮語學習字卡 
4842161, 16.7, 8.0, 21, 香港政治 
20451793, 21.4, 7.9, 53, 兩地書 
10809603, 25.1, 8.1, 88, 白痴 
1983253, 19.1, 7.3, 54, 香港金融业百年 
1394442, 24.5, 7.6, 122, 等待香港 -- 文化篇 
1499754, 36.2, 7.3, 1875, 曾經深愛過 
4188014, 27.1, 8.0, 139, 我和抑郁谈过恋爱 
1476268, 13.3, 7.7, 13, 剧本簿 
3434862, 26.3, 8.6, 74, 他們 
2073000, 15.1, 7.3, 23, 我要安樂死 
1495753, 33.4, 7.5, 798, 新欢 
1498618, 36.3, 7.4, 1640, 綺色佳 
25706536, 20.1, 7.9, 41, 日月星传 
5293929, 21.5, 8.6, 34, 中文起義 
1468477, 22.8, 9.5, 26, 吳煦斌小說集 
1087499, 29.3, 8.3, 157, 蔡澜游记小品集 
3141514, 37.0, 9.1, 274, 偽科學鑑證3 - 心上人 
4912747, 18.3, 8.2, 25, 街邊有檔報紙檔 
1275925, 19.1, 8.5, 24, 香港商战风云录(上中下) 
1394444, 25.1, 7.5, 151, 等待香港--娛樂篇 
1062514, 42.1, 7.8, 2811, 白发魔女传 
1417656, 23.4, 8.5, 49, Hong Kong 
1389930, 26.0, 8.5, 76, 象是笨蛋 
1025506, 32.9, 7.6, 636, 鸦片粉圆 
3142648, 23.1, 7.6, 92, 下一個十年 
1035403, 31.8, 7.6, 511, 八十八夜 
7916052, 27.4, 7.9, 161, 景泰蓝之夜 
1382835, 31.4, 8.5, 186, 音樂‧旅‧情 
10567142, 18.9, 8.6, 22, 繁勝錄 
1353729, 20.5, 8.3, 34, 耳目書 
20453477, 27.5, 7.9, 162, 烹宰为乐 
25911032, 24.4, 8.5, 58, 讀書人家 
3537594, 30.2, 7.2, 617, 日本电影 
2969113, 36.9, 7.6, 1394, 意绵绵 
1361469, 23.1, 7.0, 170, 錯先生 
2382527, 29.7, 7.2, 560, 謊容 
2157167, 27.1, 7.9, 151, 香港百年光影 
1962081, 31.4, 7.4, 608, 加一片柠檬 
2147056, 29.2, 8.2, 167, 思生活 
6539780, 14.4, 7.7, 16, 香港的「中國」：邵氏電影 
11507064, 15.2, 7.5, 21, 浮世巴哈 
2074187, 38.7, 7.3, 3170, 特首小姐你早 
1340513, 25.2, 8.5, 67, 與幽靈同處的居所 
1039629, 39.4, 7.7, 1970, 刻骨的爱人 
1361762, 19.9, 8.2, 33, 旋轉木馬 
3539812, 23.5, 9.0, 37, 巿場，去死吧 
2068161, 36.0, 8.4, 446, 不是人(上) 
3158325, 17.8, 7.4, 38, 幸福在右邊 
1063441, 35.7, 7.6, 1088, 禁果之味 
4712784, 15.2, 8.0, 16, 歲月神偷 
2137154, 21.7, 8.2, 45, 全面都市化的社會 
10438474, 12.9, 7.9, 11, 香港工程考 
1045380, 23.7, 7.1, 171, 寻回香港文化 
2762615, 22.4, 7.9, 63, 雞農兒童 
1397187, 30.1, 8.7, 129, 哲道行者 
1793732, 19.0, 7.4, 48, 思索香港 
3101045, 24.2, 8.2, 70, 你们 
1080712, 28.1, 8.0, 165, 董桥散文精选集 
1428091, 27.2, 8.6, 87, 單身看─香港生活雜記 
3871018, 27.2, 9.1, 62, 上．下禾輋 
1366169, 17.6, 7.4, 36, 太多男人太少時間 
20370764, 24.5, 8.1, 79, 英文玩家 
1358427, 21.8, 8.5, 38, 香港文學＠文化研究 
1345284, 17.4, 8.4, 19, 邵氏光影系列：古裝．俠義．黃梅調 
2272422, 13.0, 7.3, 15, 香港史新编（上） 
1358429, 23.5, 7.7, 92, 道德男人 
1484124, 27.8, 6.9, 559, 地心洪爐 
1950081, 19.0, 8.1, 30, the逼city 
1382847, 17.8, 7.4, 38, 少爺占和林一峰的交換日記 
2070096, 35.2, 8.9, 244, 標童話集 2 之 消滅九龍 
3330182, 27.1, 7.1, 365, 四部曲 
4066454, 17.3, 7.6, 30, 歲月如歌 
3432626, 27.6, 6.6, 841, 德芬郡奶油 
2173771, 13.0, 7.2, 16, 帶書上路 
1999485, 24.8, 7.3, 174, 荔枝債 
3911517, 23.2, 8.4, 51, 假如我有時光．機 
1765615, 16.7, 8.4, 17, 書寫城市 
4097470, 33.8, 9.0, 180, 偽科學鑑證4：愛令我變碳 
2255655, 16.7, 7.0, 41, 詞中物 
4046761, 27.1, 7.3, 286, 处世之道 
1055101, 23.6, 9.5, 29, 金庸武侠小说全集（电子图书二碟装） 
1340511, 23.6, 8.4, 55, 瑕疵鞋 
1853298, 16.1, 7.5, 25, 后九七与香港电影 
24859877, 13.6, 7.8, 13, 守望香港 
3126534, 23.7, 7.8, 88, 男人與狗 
5030659, 18.7, 8.3, 25, 我的時尚騷靈 
2084637, 22.8, 8.6, 42, 舊時風光 
2154707, 30.8, 8.0, 270, 孔子的敵人 
3618404, 30.5, 7.8, 316, 肥妹 
2057330, 36.9, 7.4, 1858, 只有眼睛最真 
1019967, 36.6, 7.6, 1313, 贴身感觉 
1395703, 29.6, 7.3, 474, 獨身女人 
5408250, 30.4, 7.0, 867, 有时他们回家 
5369402, 13.2, 7.8, 12, 不可能再遇上·Anita梅豔芳 
1395009, 22.2, 8.2, 49, 阿婆口述歷史:又喊又笑 
1452262, 29.5, 6.8, 961, 莫失莫忘 
1842411, 22.9, 6.9, 183, 爱与不爱之间 
11507072, 21.4, 8.2, 43, 舊箋 
2142688, 26.1, 7.8, 137, 事後：本土文化誌 
