Tag: 当代 

ID, Score, Rating, Votes, Title 
1082154, 77.2, 9.1, 119778, 活着 
1200840, 74.4, 9.0, 93715, 平凡的世界（全三部） 
3633461, 58.1, 8.6, 13726, 一句顶一万句 
1089243, 68.5, 8.8, 52343, 黄金时代 
26669243, 41.3, 8.2, 1406, 慈悲 
6880158, 60.5, 8.7, 17202, 陆犯焉识 
1029791, 67.8, 8.7, 56234, 许三观卖血记 
26757657, 35.7, 8.2, 527, 望春风 
26932735, 30.9, 9.9, 65, 从尊敬一事无成的自己开始 
1418686, 58.0, 8.6, 13550, 红拂夜奔 
22714154, 54.9, 8.7, 6999, 繁花 
1082138, 55.0, 8.3, 13152, 在细雨中呼喊 
6742586, 48.2, 7.8, 8857, 我不是潘金莲 
1085883, 58.2, 8.6, 14024, 青铜时代 
1401425, 63.4, 8.3, 56144, 兄弟（上） 
26309691, 46.4, 8.3, 2993, 月光落在左手上 
3194071, 52.7, 8.6, 5619, 少年巴比伦 
1165173, 49.4, 8.8, 2550, 务虚笔记 
1025753, 55.9, 8.2, 18072, 妻妾成群 
1043485, 52.2, 8.1, 11275, 檀香刑 
26672441, 40.2, 8.5, 806, 收山 
1020961, 58.3, 8.7, 12073, 棋王 
1082150, 56.0, 8.3, 15658, 白银时代 
1050566, 48.2, 8.0, 6382, 一地鸡毛 
1465007, 50.8, 8.2, 7425, 生死疲劳 
1752755, 54.8, 8.6, 7968, 第九个寡妇 
26897973, 26.0, 7.5, 182, 中国特色的译文读者 
1015584, 51.7, 8.0, 12176, 看上去很美 
1080309, 60.4, 8.4, 28101, 尘埃落定 
1010349, 47.7, 8.0, 5847, 丰乳肥臀 
4919996, 44.9, 8.7, 1393, 张枣的诗 
3013624, 50.9, 9.1, 2243, 棋王.樹王.孩子王 
3449304, 37.6, 8.5, 529, 哈佛大学建筑系的八堂课 
1200843, 46.2, 8.1, 3833, 芙蓉镇 
3311253, 56.5, 9.0, 5947, 额尔古纳河右岸 
1146304, 40.9, 8.6, 819, 日光流年 
25696089, 43.4, 7.4, 7070, 1980年代的爱情 
2237621, 46.9, 8.4, 2819, 十八岁出门远行 
1078566, 42.7, 7.6, 4306, 桃之夭夭 
3239913, 45.6, 8.0, 4022, 推拿 
24714746, 17.8, 8.8, 17, 民主课 
5350804, 43.4, 8.0, 2650, 中国在梁庄 
6889351, 37.7, 8.7, 436, 建筑的诗学 
26803179, 32.9, 8.4, 265, 平原上的摩西 
1143694, 55.4, 8.2, 16634, 动物凶猛 
1417905, 43.1, 7.1, 11822, 废都 
5408346, 38.6, 8.6, 561, 九栋 
6127284, 36.7, 8.5, 452, 酒徒 
6840152, 39.4, 8.0, 1297, 甘南纪事 
1049219, 54.8, 7.4, 71659, 长安乱 
1096790, 54.4, 8.6, 7445, 黑铁时代 
26840483, 20.7, 8.2, 38, Hillbilly Elegy 
1453210, 53.0, 7.4, 50278, 一座城池 
25748787, 44.8, 7.7, 5540, 平生欢 
1082577, 51.9, 8.7, 4334, 黑铁时代 
1080350, 40.3, 9.1, 450, 春秋来信 
3621542, 48.9, 8.4, 4007, 蓝房子 
1281653, 45.5, 7.8, 5342, 秦腔 
1760432, 54.4, 9.2, 3361, 受戒 
1456183, 49.5, 8.2, 5943, 我的帝王生涯 
26236436, 32.4, 7.2, 991, 我们夜里在美术馆谈恋爱 
1415311, 41.3, 8.1, 1591, 美食家 
2034893, 50.2, 7.6, 18719, 那些男孩教我的事 
1071921, 46.3, 8.1, 3865, 现实一种 
4917570, 39.0, 9.0, 403, 旧人旧事 
10556006, 43.0, 8.8, 928, 状元媒 
26384375, 35.8, 7.8, 855, 平乐镇伤心故事集 
10746178, 26.3, 7.8, 142, 修补匠 
26171466, 32.0, 9.2, 119, 筚路维艰:中国社会主义路径的五次选择 
3297466, 53.2, 9.2, 2822, 我的团长我的团（上部） 
26662022, 24.8, 7.4, 158, 情史失踪者 
1049477, 50.3, 8.0, 9425, 一半是海水一半是火焰 
26284529, 38.0, 7.6, 1713, 群山之巅 
3511129, 53.0, 9.4, 2170, 我的团长我的团（下部） 
3075281, 49.5, 8.6, 3317, 世界上所有的夜晚 
3012517, 57.7, 8.5, 15026, 小姨多鹤 
1703544, 52.4, 7.5, 35462, 兄弟（下） 
1151876, 47.2, 8.1, 4545, 顽主 
26774892, 30.1, 8.1, 216, 我们爱过又忘记 
26412956, 30.6, 9.5, 79, 首席医官 
2079345, 40.9, 8.1, 1487, 侠隐 
5975571, 41.9, 8.0, 2030, 天香 
1949925, 47.6, 8.1, 4872, 沉落的黄昏 
1053331, 44.2, 8.5, 1583, 王朔自选集 
1209899, 62.8, 9.0, 15719, 我与地坛 
1082334, 64.2, 8.3, 64608, 穆斯林的葬礼 
1000696, 45.6, 8.2, 2983, 饥饿的女儿 
3264665, 49.3, 8.6, 3252, 三十而立 
1151873, 49.0, 8.2, 5434, 我是你爸爸 
25716611, 44.8, 8.5, 1750, 花街往事 
24827456, 43.6, 8.6, 1277, 万箭穿心 
3024497, 48.1, 8.4, 3481, 天浴 
1082349, 57.9, 8.2, 25791, 长恨歌 
26183356, 27.1, 7.4, 253, 以奋斗者为本 
1008660, 44.3, 8.4, 1832, 马桥词典 
2071207, 41.3, 8.4, 1089, 到黑夜想你没办法 
1080753, 38.4, 8.2, 846, 受活 
1393473, 42.8, 8.8, 899, 遍地风流 
24862876, 38.7, 7.4, 2717, 黄雀记 
26586126, 29.5, 8.4, 148, 黑糖匣 
1136988, 48.5, 8.9, 1950, 命若琴弦 
26309861, 40.6, 8.4, 976, 摇摇晃晃的人间 
1082578, 52.7, 9.0, 3333, 理想国与哲人王 
6780861, 39.3, 7.7, 1906, 春尽江南 
1006737, 44.4, 7.8, 4319, 米 
1960287, 37.2, 8.4, 547, 蒙着眼睛的旅行者 
3448867, 49.7, 9.0, 2108, 采桑子 
24869869, 35.7, 8.4, 423, 慢骑中国 
1056055, 44.2, 8.2, 2323, 罂粟之家 
1084078, 41.8, 7.9, 2318, 钟鼓楼 
1029326, 36.5, 8.5, 437, 神木 
6100947, 43.6, 7.6, 5134, 刘氏女 
3264642, 51.4, 8.7, 3978, 似水流年 
1086466, 42.8, 8.4, 1409, 北方的河 
1006341, 45.8, 8.0, 4134, 红粉 
1067960, 38.8, 8.1, 1022, 青衣 
4026740, 37.2, 7.7, 1270, 荒野猎人 
1006691, 33.6, 8.8, 208, 年月日 
3026876, 43.5, 7.8, 3696, 少女小渔 
24540864, 43.5, 6.8, 24545, 第七天 
1009160, 50.2, 7.3, 34580, 像少年啦飞驰 
2377002, 42.6, 7.9, 2676, 和我们的女儿谈话 
3176760, 46.1, 8.4, 2466, 革命时期的爱情 
3623831, 44.7, 8.1, 2923, 温故一九四二 
4169424, 50.6, 7.9, 11637, 蛙 
25800697, 34.8, 7.1, 1921, 妈阁是座城 
1734828, 41.5, 8.5, 1015, 苏童精选集 
1058360, 43.2, 8.2, 1959, 红高粱家族 
1053914, 43.4, 8.5, 1395, 游园惊梦 
25788888, 31.6, 7.9, 350, 我亲爱的精神病患者 
5423777, 38.3, 8.1, 928, 睡觉大师 
2375977, 46.0, 8.4, 2412, 香椿树街故事 
1014310, 39.8, 7.3, 3980, 痛并快乐着 
1038861, 41.9, 7.8, 2709, 手机 
26767595, 27.9, 8.1, 146, 云物如故乡 
10567171, 37.1, 8.0, 855, 生命册 
3121288, 23.0, 8.2, 57, 清水里的刀子 
1047851, 45.5, 7.7, 6267, 晃晃悠悠 
1764991, 53.5, 8.9, 4263, 我的阴阳两界·革命时期的爱情 
1482322, 41.7, 8.0, 1969, 绿化树 
6048071, 42.9, 8.6, 1132, 七声 
25725064, 33.5, 7.2, 1242, 炸裂志 
21458706, 45.3, 8.4, 2157, 出梁庄记 
2015357, 50.2, 9.1, 2021, 王小波全集（第六卷） 
1397889, 45.3, 8.5, 1892, 穗子物语 
1428004, 37.2, 8.2, 679, 羊的门 
1002871, 44.1, 8.0, 3017, 武则天 
1929042, 31.2, 8.9, 130, 一九四零年以来的艺术 
1434480, 37.1, 7.6, 1447, 你别无选择 
1777932, 53.0, 8.6, 5901, 寻找无双·东宫西宫 
1124305, 47.0, 8.1, 4427, 扶桑 
2137818, 31.1, 7.9, 318, 伏羲伏羲 
1083509, 45.1, 8.1, 3166, 人面桃花 
1028977, 35.9, 8.7, 329, 玻璃屋顶 
1030470, 44.5, 7.9, 3781, 香草山 
1763806, 50.6, 8.5, 4582, 万寿寺 
1086449, 37.7, 7.6, 1630, 男人的一半是女人 
1839882, 41.4, 9.2, 483, 史铁生自选集 
1962885, 42.3, 8.1, 1908, 山河入梦 
26374862, 28.1, 8.1, 150, 奔跑的月光 
5337248, 58.4, 8.9, 9192, 台北人 
2248892, 42.3, 8.5, 1155, 一本杂志和一个时代的体温 
11538355, 30.3, 6.9, 974, 我曾爱过你，想起就心酸 
1063418, 38.6, 7.7, 1671, 没有一条道路是重复的 
20563218, 25.7, 7.1, 268, 十三亿种活法 
26692133, 20.8, 6.6, 158, 匿名 
3160327, 41.8, 8.0, 2010, 无出路咖啡馆 
3803820, 56.5, 8.4, 14313, 人生 
26598482, 32.1, 7.3, 801, 密林中 
24695948, 20.1, 7.4, 61, 希特勒与20世纪德国 
1005242, 35.0, 7.8, 733, 古船 
1151872, 40.9, 7.8, 2236, 玩的就是心跳 
1005411, 38.9, 7.8, 1534, 透明的红萝卜 
2300636, 40.2, 7.4, 3626, 我叫刘跃进 
1040279, 23.7, 9.6, 28, 史铁生 
26791998, 37.0, 8.3, 588, 山中的糖果 
1425011, 21.6, 8.1, 47, 秋风醉了 
20499688, 32.8, 8.1, 347, 黄鸡白酒 
1042814, 37.3, 9.2, 261, 人与世界 
1763355, 26.4, 9.8, 37, 牟宗三先生全集(全33册) 
1039060, 40.0, 7.9, 1633, 玉米 
20452802, 36.8, 7.8, 1031, 带灯 
26342533, 25.5, 8.2, 87, 新的一天 
24876757, 25.6, 8.3, 83, 俞心樵诗选 
20433553, 41.8, 8.8, 764, 怒目少年 
4117261, 36.1, 7.1, 2572, 赴宴者 
26393373, 23.7, 7.7, 95, 世间所有的寂静 此刻都在这里 
26711232, 24.1, 8.7, 49, 世间始终你好 
21716347, 29.3, 7.4, 396, 日夜书 
26331084, 23.9, 8.5, 54, 哀眠 
1143696, 43.9, 7.9, 3400, 永失我爱 
3225756, 41.7, 8.2, 1495, 灰故事 
1072368, 38.0, 7.5, 2002, 我爱比尔 
5421005, 37.2, 8.9, 332, 烟之外 
24760962, 32.4, 8.6, 203, 王道士的孤独之心俱乐部 
1086468, 44.3, 8.5, 1618, 黑骏马 
1830445, 52.3, 9.0, 3125, 阿城精选集 
1085777, 41.2, 8.4, 1078, 贫嘴张大民的幸福生活 
1069227, 40.6, 7.9, 1844, 世事如烟 
1037951, 40.5, 8.3, 1071, 食指的诗 
3797441, 27.0, 9.2, 56, 大漠祭 
1063245, 50.7, 7.6, 20603, 通稿2003 
1018178, 37.9, 7.9, 1115, 浮躁 
25784438, 40.6, 8.2, 1231, 不留心，看不见 
1011911, 32.4, 8.3, 266, 花腔 
26772461, 20.5, 6.4, 193, 我们为什么总是看错人 
3395241, 44.0, 9.1, 788, 豆汁记 
1312995, 44.3, 8.5, 1596, 周国平作品精选 
2002992, 37.8, 8.4, 601, 爱，是不能忘记的 
1059716, 38.9, 8.6, 590, 水乳大地 
3623828, 32.1, 8.2, 279, 故乡相处流传 
1883990, 46.0, 8.8, 1477, 白银时代/2010/黑铁时代 
1082236, 37.6, 8.4, 586, 我没有自己的名字 
26303224, 41.6, 8.1, 1686, 说部之乱 
1001895, 43.7, 7.8, 3809, 靠自己去成功 
2030442, 39.0, 8.3, 839, 年轮 
10742745, 35.5, 8.1, 568, 模范青年 
3544376, 54.2, 9.1, 3666, 顾城的诗顾城的画 
5288327, 48.9, 8.3, 4626, 鸟，看见我了 
25912904, 22.4, 8.2, 51, 行动中的绘画 
1078516, 36.0, 7.9, 793, 心灵史 
2068070, 36.0, 7.6, 1174, 启蒙时代 
1041912, 41.1, 7.9, 2036, 黄昏里的男孩 
5980472, 36.7, 7.4, 1772, 霜降 
25755752, 31.1, 8.4, 195, 监狱琐记 
1972077, 27.6, 7.3, 312, 王安忆读书笔记 
1792984, 49.6, 8.2, 5962, 一个女人的史诗 
25639223, 48.9, 8.3, 4604, 身边的江湖 
1083882, 44.2, 8.5, 1583, 白先勇经典作品 
21359062, 24.7, 7.6, 128, 北去来辞 
1963368, 35.7, 8.0, 658, 青木川 
1074879, 35.7, 8.3, 472, 轻功是怎样炼成的 
1055054, 44.7, 8.3, 2206, 刺青时代 
2012816, 25.4, 7.8, 121, 20世纪中国艺术史 
1076654, 54.7, 8.7, 6781, 孽子 
26148896, 40.3, 8.5, 829, 北平无战事 
11527556, 37.9, 8.8, 413, 五味 
1073253, 46.9, 8.8, 1718, 闲话闲说 
3110731, 33.6, 7.3, 1098, 风雅颂 
1468916, 43.7, 8.6, 1292, 王朔文集 谐谑卷 
1443976, 38.4, 8.2, 846, 三寸金莲 
1436716, 51.4, 9.1, 2417, 黄金时代白银时代 
1013396, 32.3, 8.0, 358, 无字（第一部） 
1851303, 39.5, 8.3, 909, 达马的语气 
1122859, 37.0, 8.6, 433, 越过云层的晴朗 
2053682, 26.3, 9.5, 43, 老舍幽默文集 
1069754, 41.8, 8.2, 1522, 红处方 
1930501, 29.8, 8.4, 157, 毕飞宇小说 
1320797, 33.9, 8.3, 347, 毕淑敏作品精选 
1398449, 32.8, 8.1, 347, 贾平凹散文 
1469266, 32.9, 7.7, 560, 冈底斯的诱惑 
2237615, 30.6, 8.1, 236, 无主题变奏 
25831578, 25.6, 8.3, 83, 永远的菲利普 
25789686, 38.2, 8.3, 725, 相遇 
2027824, 42.0, 8.7, 881, 风景 
25981277, 32.4, 8.2, 294, 抚顺故事集 
3160326, 35.6, 7.8, 821, 雌性的草地 
1126440, 40.3, 8.1, 1332, 妇女生活 
3662115, 41.0, 7.6, 3089, 河岸 
26359066, 24.6, 7.2, 187, 一瓢纽约 
1641034, 37.8, 8.7, 441, 路遥全集 
3662581, 41.9, 7.6, 3733, 巫言 
10522856, 57.7, 9.0, 7112, 冬牧场 
2177833, 32.0, 8.6, 190, 再解读 
26259092, 27.9, 7.5, 264, 山上有神 
20472036, 30.0, 7.2, 589, 众声喧哗 
3058259, 35.7, 8.0, 664, 你不是一个俗人 
1029698, 37.2, 7.6, 1483, 英国情人 
3723236, 40.6, 8.0, 1607, 我与父辈 
1398460, 33.7, 7.9, 514, 余秋雨散文 
1046385, 44.1, 7.1, 14611, 毒 
24699651, 31.1, 7.7, 398, 吃饭 
3878514, 39.4, 7.9, 1478, 苍黄 
5924683, 28.4, 8.1, 158, 阮郎归 
25761068, 35.1, 8.5, 348, 天桥上的魔术师 
2042907, 47.9, 7.8, 8431, 品三国（下） 
25931861, 29.0, 6.5, 1399, 洗澡之后 
19987957, 37.9, 7.3, 2665, 寡人有疾 
26665637, 17.9, 5.8, 230, 愿你成为最好的女子 
3002467, 31.3, 8.6, 168, 厚土 
5275073, 38.7, 7.9, 1289, 白雪乌鸦 
1547677, 36.6, 8.0, 776, 等待 
1054917, 54.9, 8.5, 9362, 沧浪之水 
25871715, 26.0, 8.2, 96, 性学入门 
1317879, 30.6, 7.9, 291, 九月寓言 
1791682, 40.3, 7.4, 3724, 空中小姐 
1088022, 60.0, 8.9, 11758, 亮剑 
24872210, 40.2, 9.2, 404, 无愁河的浪荡汉子·朱雀城 
5269439, 56.2, 8.4, 13755, 城门开 
2992485, 29.8, 8.9, 105, 此时此地 
1046276, 40.2, 8.1, 1301, 温暖和百感交集的旅程 
1679588, 29.8, 8.8, 113, 那儿 
26307908, 27.1, 7.7, 185, 野蛮生长 
6959636, 30.8, 8.6, 157, 写碑之心 
1921699, 41.5, 9.5, 377, 汪曾祺小说 
1978928, 37.2, 8.1, 774, 永远有多远 
1779578, 34.6, 9.2, 176, Vitamin D 
3376687, 24.2, 7.5, 126, 苍河白日梦 
1202550, 43.4, 8.8, 984, 地久天长 
1077917, 33.9, 7.5, 888, 四十一炮 
1425007, 30.9, 8.1, 248, 玛卓的爱情 
25893458, 24.4, 7.6, 120, 空巢 
1064566, 35.9, 7.6, 1148, 私人生活 
3183810, 32.4, 7.2, 987, 酒国 
2016749, 51.6, 8.1, 10051, 金陵十三钗 
1200845, 31.0, 7.3, 634, 沉重的翅膀 
10522858, 38.6, 8.5, 620, 马雁诗集 
2010598, 24.5, 8.9, 46, 走向混沌 
10785589, 36.8, 7.8, 1044, 我想陪你去麦加 
1750013, 33.8, 7.8, 586, 曼哈顿的中国女人 
3406518, 50.7, 8.5, 4670, 追随她的旅程 
1078250, 53.4, 8.2, 11684, 洗澡 
1003986, 54.6, 8.8, 5835, 病隙碎笔 
3415661, 39.0, 8.1, 1059, 水在时间之下 
1292354, 37.2, 7.6, 1464, 空山 
1734833, 39.2, 8.2, 963, 余华精选集 
1051928, 34.9, 9.1, 197, 跨越边界的社区 
1025562, 42.5, 8.1, 1967, 城北地带 
1033922, 37.5, 8.0, 907, 英格力士 
1437160, 35.8, 7.7, 983, 平原 
7154690, 35.6, 8.3, 467, 王小波全集 第一卷 
5337243, 52.9, 8.6, 5880, 纽约客 
26802289, 14.7, 7.6, 18, 天吾手记 
1888581, 35.1, 8.4, 386, 我爱美元 
1029375, 29.2, 8.0, 204, 纪实和虚构 
1127699, 41.9, 8.1, 1774, 慢船去中国 
1018577, 61.0, 8.9, 13753, 霸王别姬 青蛇 
10563468, 33.7, 7.5, 841, 隐身衣 
3115481, 30.3, 8.9, 114, 刘以鬯小说自选集 
1022060, 64.9, 8.3, 72848, 狼图腾 
1477437, 50.5, 8.9, 2692, 唐人故事 
4799445, 43.9, 7.9, 3421, 太阳黑子 
23860457, 28.5, 7.7, 242, 躺下去会舒服点 
2137809, 21.6, 8.1, 47, 老井 
26712353, 38.2, 8.7, 473, 血疫 
1455679, 34.2, 7.4, 1070, 无知者无畏 
3075279, 33.2, 8.2, 341, 秧歌 
1072541, 36.6, 8.4, 491, 中国现当代文学名篇十五讲 
1104719, 32.6, 8.5, 229, 严歌苓文集（共7册） 
1014578, 63.4, 9.0, 17230, 我的精神家园 
10426427, 33.3, 8.4, 281, 白银时代 
3550069, 31.2, 8.0, 290, 哺乳期的女人 
5414639, 39.8, 8.5, 756, 旧情复燃 
3008800, 23.9, 8.6, 50, 先秦文化史讲义 
6808941, 41.0, 8.0, 1721, 七日谈 
5321791, 32.9, 7.3, 945, 中文系 
1024733, 39.3, 7.7, 1915, 鲜血梅花 
1054685, 68.3, 9.0, 36566, 沉默的大多数 
3239549, 61.6, 9.1, 11275, 夹边沟记事 
1042633, 38.1, 8.7, 469, 梦也何曾到谢桥 
2036954, 30.1, 7.8, 294, 欲望电影 
26742950, 19.0, 8.1, 30, 仿佛若有光：女主播抑郁症日记 
25839997, 23.2, 8.1, 63, 文学史微观察 
19941417, 26.2, 7.8, 140, 戏年 
1041414, 45.9, 8.6, 1868, 威尼斯日记 
1132974, 30.8, 7.1, 811, 组织部来了个年轻人 
23186549, 39.3, 7.8, 1665, 我们家 
24742929, 31.1, 8.6, 163, 碎琉璃 
5910655, 41.1, 8.3, 1201, 古炉 
1375398, 31.2, 8.5, 182, 毕司沃斯先生的房子 
1023478, 39.1, 7.9, 1395, 怀念声名狼藉的日子 
1022229, 32.3, 7.9, 395, 玫瑰门 
3627948, 33.7, 8.4, 303, 持灯的使者 
1200841, 30.0, 7.2, 586, 许茂和他的女儿们 
1468918, 41.2, 8.4, 1080, 王朔文集 挚情卷 
4884218, 58.8, 8.8, 11276, 我的阿勒泰 
20502629, 31.9, 8.6, 186, 黄连.厚朴 
3713398, 26.6, 7.8, 150, 左边 
2988943, 52.8, 8.3, 9014, 青灯 
11632290, 39.0, 8.7, 535, 未名湖畔的爱与罚 
4104387, 26.3, 8.9, 61, 人类传播理论 
1025559, 33.4, 7.4, 910, 一个人的战争 
5288540, 38.0, 7.6, 1710, 朱雀 
1056806, 40.0, 7.8, 1879, 动什么，别动感情 
1262965, 37.2, 8.2, 684, 中国当代文学史教程 
1830011, 29.5, 8.3, 163, 徐冰：烟草计划 
1044912, 29.6, 8.2, 179, 晚学盲言（上下） 
26274801, 35.3, 7.5, 1171, 沉默也会歌唱 
19977690, 35.1, 8.3, 424, 天堂蒜薹之歌 
1290398, 47.4, 8.4, 3060, 白蛇 
1055301, 48.1, 8.5, 3044, 世界上最疼我的那个人去了 
26380073, 23.9, 8.2, 66, 三人成宴 
1033825, 59.0, 8.7, 13502, 顾城的诗 
2138402, 31.4, 7.8, 375, 塔铺 
2030664, 36.0, 6.7, 5318, 我的千岁寒 
1881721, 18.2, 8.8, 18, 当代俄罗斯中短篇小说选 
19976869, 28.6, 8.0, 182, 一池疏影落寒花 
1490736, 38.0, 7.7, 1488, 古典爱情 
4062447, 25.3, 9.5, 37, 光学原理 
1032581, 50.8, 8.4, 5521, 胭脂扣 生死桥 
3018339, 50.1, 7.7, 15304, 万物生长 
3389984, 51.5, 8.6, 4634, 俗世奇人 
1767945, 63.7, 8.8, 24729, 一只特立独行的猪 
1014978, 27.4, 7.5, 238, 天鹅绒 
5254355, 23.1, 8.2, 58, 这里不平静 
1397659, 44.3, 8.0, 3167, 国画 
1005939, 36.0, 8.1, 614, 故乡天下黄花 
3518334, 44.7, 8.8, 1213, 我的阴阳两界 
4903361, 43.4, 8.3, 1773, 侯卫东官场笔记2 
4894980, 46.0, 7.8, 5907, 心术 
25931615, 27.0, 7.8, 163, 胎心、异物及其他 
1101677, 34.4, 8.8, 234, 问题与方法 
10517247, 35.2, 8.5, 353, 在新疆 
1162565, 35.2, 8.3, 435, 羽蛇 
1020520, 23.7, 8.0, 75, 林白文集（全四册） 
2026211, 54.2, 8.9, 4732, 士兵突击 
1017172, 38.3, 7.8, 1371, 大浴女 
1692648, 56.2, 8.9, 6540, 一个人的村庄 
2052760, 38.3, 8.1, 940, 我能否相信自己 
2999641, 37.1, 8.2, 676, 现实一种:余华中短篇小说集 
1421014, 31.0, 7.2, 737, 我和你 
3294275, 20.1, 8.2, 34, 一千个春天-婚姻的自述 
2258056, 38.1, 8.7, 470, 逍遥津 
1170538, 27.6, 8.0, 151, 肖开愚的诗 
1205283, 39.7, 9.4, 314, 汪曾祺全集(1) 
3183086, 36.7, 8.2, 623, 巴珑 
3598313, 59.0, 8.0, 45456, 西决 
1151877, 39.7, 7.8, 1775, 千万别把我当人 
1061596, 32.3, 8.3, 264, 69届初中生 
25961341, 22.6, 7.6, 84, 三个三重奏 
1029370, 45.9, 9.1, 1052, 记忆与印象 
1440035, 27.0, 8.3, 106, 须兰小说选 
6875218, 34.8, 8.5, 329, 富春山居图卷 
20257127, 30.7, 8.2, 220, 从小李到老李 
1135242, 20.1, 7.9, 41, 当代西方史学理论 
3225885, 32.0, 7.7, 473, 跑步穿过中关村 
26683050, 24.5, 9.5, 33, 你是前所未有的,又是久已存在的 
1858594, 39.0, 7.3, 3392, 暗算 
1262065, 30.3, 7.5, 428, 世间女子 
1071187, 38.4, 9.0, 366, 老舍幽默诗文集 
1847633, 30.5, 8.2, 210, 香港的情与爱 
1461195, 36.3, 8.1, 652, 我的丁一之旅 
3735996, 33.7, 8.4, 303, 西征记 
2059360, 32.7, 8.1, 341, 人啊，人！ 
1961473, 31.8, 8.2, 267, 官人 
25763562, 16.4, 7.1, 35, 策展的挑战 
4210280, 37.9, 7.6, 1690, 除非灵魂拍手作歌 
1857446, 34.2, 6.6, 4194, 碧奴 
24739078, 30.2, 8.0, 242, 彼年此时 
2297786, 46.3, 7.6, 8758, 北京，北京 
26313575, 35.0, 8.2, 466, 各自爱 
26428578, 21.9, 8.6, 36, 接下来，我问，你答 
2250803, 25.5, 8.5, 70, 郭店楚简校读记 
3333989, 51.1, 8.1, 9172, 荒废集 
25937456, 27.4, 7.3, 301, 我的九十九次死亡 
3779926, 29.5, 8.0, 214, 芒克的诗 
1011647, 32.7, 8.3, 283, 扎根 
25790082, 23.8, 7.6, 106, 读懂中国改革 
1751281, 26.4, 7.8, 145, 作品与展场 
25913504, 34.6, 7.2, 1582, 邹氏女 
6718314, 46.3, 8.0, 4551, 晚来寂静 
1289045, 37.3, 8.0, 876, 采薇歌 
10756546, 29.7, 8.2, 182, 遗弃 
1276297, 44.3, 9.0, 909, 顾城诗全编 
25839984, 22.0, 8.6, 37, 夜雨赏荷 
11602263, 47.0, 9.1, 1233, 羊道·深山夏牧场 
1692012, 29.2, 8.0, 202, 烟波江南Ⅰ·梨花落·碧玉钗 
25809574, 24.4, 7.4, 144, 少年游 
1705507, 48.3, 8.0, 6473, 胭脂扣 
1793990, 42.9, 8.9, 815, 早晨从中午开始 
4191638, 37.9, 8.4, 621, 10 1/2章世界史 
25804642, 34.5, 7.5, 999, 谈话的泥沼 
19957710, 24.0, 8.7, 48, 自由诗篇 
4912688, 47.8, 8.5, 2893, 干校六记 
1047635, 19.1, 7.7, 39, 生死恋歌 
2213491, 30.7, 8.1, 239, 心灵独白：余杰自选集 
4929998, 42.4, 8.3, 1488, 侯卫东官场笔记3 
1014374, 37.8, 8.4, 604, 东藏记 
25938049, 24.7, 7.5, 139, 天体悬浮 
1001911, 31.6, 7.3, 723, 灵魂饭 
25918783, 25.5, 7.3, 203, 苦菜花，甘蔗芽 
1060852, 59.8, 8.8, 13292, 呼兰河传 
1080828, 32.5, 7.3, 880, 小城之恋 
10775763, 33.4, 7.2, 1212, 补玉山居 
1146287, 28.9, 8.0, 190, 淡绿色的月亮 
1201867, 33.6, 8.5, 272, 十面埋伏 
1291021, 35.1, 7.9, 670, 狗日的粮食 
1143960, 19.8, 7.9, 39, 解放的速度 
1468917, 41.2, 8.4, 1082, 王朔文集 矫情卷 
5387711, 41.2, 8.3, 1211, 侯卫东官场笔记5 
3002454, 28.5, 8.0, 177, 旧址 
5416922, 37.7, 8.8, 395, 萨勒姆的女巫 
25764376, 29.7, 8.1, 200, 父亲到死，一步三回头 
1009381, 40.6, 8.5, 872, 少年血 
1223753, 19.5, 7.4, 53, 上海的早晨（全四册） 
1146285, 31.4, 8.5, 188, 瓦城上空的麦田 
1084407, 33.0, 8.4, 268, 乌泥湖年谱 
1027989, 33.5, 7.6, 718, 爸爸爸 
10453121, 40.3, 7.3, 4445, 下面，我该干些什么 
1786899, 30.3, 8.1, 225, 又见棕榈 又见棕榈 
20413517, 26.1, 8.1, 105, 春梦 
23774736, 33.7, 7.4, 976, 春天在哪里 
3156693, 24.4, 7.8, 99, 共产主义下的广州 
1274958, 24.3, 8.7, 50, 狱里狱外 
1214006, 38.5, 7.9, 1248, 王朔文集 
10566848, 35.7, 7.8, 841, 黑夜飞行 
5912249, 37.3, 7.4, 2040, 生于一九九叉 
1983487, 42.3, 8.6, 1030, 王小波全集(第九卷) 
1002471, 29.8, 8.1, 203, 他们不得不从河堤上走回去 
1068866, 35.6, 7.6, 1066, 小鲍庄 
1082653, 30.1, 8.3, 179, 往事 
4953489, 30.0, 8.3, 177, 九月里的三十年 
5414391, 66.8, 9.0, 28832, 寻路中国 
2043286, 24.4, 7.9, 91, 儿子的大玩偶 
1010173, 32.4, 7.5, 652, 绿袖子 
2073471, 35.3, 8.2, 490, 慢船去中国 
11503110, 25.8, 7.9, 118, 纸上蹁跹 
2284204, 40.5, 7.4, 3868, 道士下山 
1398447, 28.7, 7.9, 204, 冯骥才散文 
24861020, 22.5, 8.4, 45, 要么庸俗 要么孤独 
3359745, 33.6, 8.7, 227, 隐匿者 
4730228, 27.7, 8.3, 118, 大地雅歌 
1988741, 35.7, 7.0, 2760, 驻京办主任 
6953465, 30.7, 8.7, 141, 花瓣饭 
1974711, 24.7, 7.7, 116, 当代文学理论导读 
6124301, 29.1, 7.0, 649, 赫本啊赫本 
1285961, 40.9, 8.3, 1151, 根鸟 
1047178, 32.2, 8.5, 213, 昌耀的诗 
1260251, 44.7, 8.7, 1355, 茶人三部曲（全三册） 
1059113, 33.0, 7.8, 502, 与往事干杯 
6813419, 20.3, 8.4, 31, You Are Not So Smart 
6946737, 31.7, 8.6, 180, 当代中国的启蒙与反启蒙 
1038744, 38.3, 7.2, 3454, 来来往往 
5989228, 30.8, 7.8, 331, 十四首素歌 
1588110, 20.0, 7.6, 50, 溥杰自传 
1908392, 25.3, 8.2, 84, 金庸小說的女子 
1026871, 39.7, 8.0, 1354, 林清玄散文 
24852538, 23.7, 8.4, 56, 大馆奴 
5348123, 20.9, 6.2, 287, 班主任 
3070554, 30.9, 7.8, 343, 人到中年 
6518605, 56.4, 9.4, 3539, 三体全集 
6811699, 28.0, 7.5, 272, 火车环岛台湾自由行 
5500743, 28.8, 7.8, 228, 更与何人说 
1050339, 58.4, 7.8, 60560, 文化苦旅 
7916072, 39.4, 7.6, 2269, 杨氏女 
1777823, 49.5, 8.1, 6924, 八十年代访谈录 
26272073, 40.1, 8.1, 1278, 一生里的某一刻 
1045578, 39.7, 8.7, 602, 长河 
26425892, 41.3, 8.5, 972, 我的凉山兄弟 
11510636, 19.1, 8.3, 27, 无鸟的夏天 
1003284, 54.8, 8.1, 17890, 退步集 
10521376, 34.0, 7.1, 1609, 北京小兽 
1103137, 25.3, 7.6, 144, 世界当代艺术史 
21361336, 29.4, 8.8, 106, 我妹 
2184558, 25.4, 7.7, 133, 当代艺术 
26414452, 21.3, 7.2, 92, 陪都重庆 
4061754, 41.7, 8.1, 1702, 黑花黄 
11595929, 20.9, 6.8, 130, 王澍建筑地图 
3880354, 39.2, 8.7, 560, 金山 
1119332, 35.5, 7.4, 1395, 怀念狼 
1060204, 35.2, 7.6, 990, 历史的天空 
3010130, 51.4, 7.7, 19737, 悲观主义的花朵 
14449069, 34.9, 8.0, 565, 春在绿芜中 
1080223, 38.5, 9.2, 314, 人与国家 
4881850, 56.4, 9.0, 5879, 阿勒泰的角落 
3518333, 42.4, 8.8, 837, 寻找无双 
3274851, 49.0, 8.0, 7349, 原谅我红尘颠倒 
1425023, 30.7, 9.2, 97, 矮纸集 
1493523, 42.7, 8.3, 1577, 读库0601 
23008971, 59.2, 9.0, 8967, 平如美棠 
1077926, 34.2, 7.6, 812, 菩萨蛮 
10563199, 31.1, 8.9, 128, 国家记忆（2） 
3337102, 21.6, 7.3, 90, 下落不明的生活 
1039758, 31.2, 7.8, 358, 石榴树上结樱桃 
2159124, 34.2, 8.4, 330, 高山下的花环 
1143899, 35.6, 7.7, 935, 一点正经没有 
1822820, 34.2, 7.6, 824, 不谈爱情 
1051324, 39.0, 7.8, 1570, 铁屋中的呐喊 
2979012, 35.8, 8.0, 668, 十八相送 
1048411, 37.2, 7.6, 1476, 战栗 
1069857, 29.8, 8.6, 132, 天下第一楼 
1980793, 35.0, 8.5, 339, 王晋康科幻小说精选（全4册） 
3075276, 35.0, 8.6, 311, 逆行精灵 
1007396, 38.6, 8.1, 991, 男生日记 
1819978, 49.2, 8.5, 3632, 温莎墓园日记 
1062346, 39.9, 8.0, 1413, 王贵与安娜 
1062409, 27.0, 7.8, 164, 西省暗杀考 
2245227, 25.7, 8.3, 84, 差异 
1011637, 36.7, 7.7, 1156, 梅次故事 
1034262, 33.1, 7.9, 456, 西川的诗 
2237618, 28.8, 8.0, 187, 迷舟 
1133947, 30.3, 8.3, 187, 中国现当代文学专题研究 
1352699, 23.2, 8.5, 48, 鐵漿 
2339902, 28.8, 8.2, 157, 一个人的呐喊 
1963629, 36.1, 7.9, 804, 密语者 
1071402, 40.2, 8.5, 814, 南方有嘉木 
3662614, 39.5, 7.9, 1492, 淡江记 
10536368, 37.4, 8.2, 704, 纸上卧游记 
11907998, 21.9, 8.1, 50, My Beloved World 
1987651, 22.8, 8.0, 63, 思凡 
4238144, 52.0, 9.1, 2650, 岁朝清供 
10770916, 28.7, 7.5, 311, 逃跑家 
1143017, 28.7, 8.8, 95, 浮生琐忆 
1975960, 37.5, 7.1, 3460, 所以 
25882262, 24.2, 7.2, 171, 蟠虺 
1048931, 42.5, 7.6, 4120, 天堂向左，深圳往右 
1457149, 37.7, 7.8, 1225, 英儿 
3464389, 45.2, 9.1, 937, 大淖记事 
2974027, 29.8, 8.6, 133, 韩少功散文 
25871620, 21.2, 7.2, 91, 道济群生录 
2150585, 29.7, 8.2, 184, 黑白 
1505559, 37.1, 8.1, 756, 上种红菱下种藕 
1921338, 27.9, 7.5, 264, 灵与肉 
1023045, 67.9, 8.6, 68329, 我们仨 
1972266, 46.5, 7.7, 7647, 余欢 
4154985, 41.0, 8.2, 1328, 天工开物·栩栩如真 
1946854, 31.6, 8.5, 193, 高女人和她的矮丈夫 
1057244, 67.5, 8.6, 63802, 边城 
1829614, 50.9, 8.6, 4223, 琼美卡随想录 
1025960, 35.9, 8.0, 684, 愤怒 
20375477, 37.7, 8.6, 485, 这世间所有的白 
1824720, 33.9, 8.7, 237, 最美的夏天-阳光姐姐嘉年华 
1024854, 43.2, 7.3, 8052, 成都，今夜请将我遗忘 
25874670, 33.8, 8.3, 339, 大地上的事情 
1042830, 25.1, 7.9, 104, 故乡面和花朵（全四册） 
3321606, 28.4, 7.9, 191, 底牌1 
24940983, 25.4, 8.1, 93, 严歌苓作品集：谁家有女初长成 
1963395, 46.9, 8.5, 2462, 鱼丽之宴 
1262214, 24.7, 7.2, 193, 妇女闲聊录 
10199106, 22.4, 9.1, 30, 谁在幸福地生活 
1425031, 30.2, 8.7, 131, 逝川 
2159149, 34.1, 8.6, 266, 书海泛舟记 
5996623, 39.8, 8.2, 1078, 侯卫东官场笔记6 
1054384, 33.3, 7.9, 476, 西方美术史十五讲 
10946178, 41.3, 8.0, 1830, 无尾狗 
25910582, 34.2, 8.0, 506, 成长，请带上这封信 
2224611, 26.1, 8.0, 115, 没有纽扣的红衬衫 
25958626, 35.2, 7.9, 673, 橄榄成渣 
4169342, 46.8, 8.6, 2155, 女儿红 
1223750, 26.0, 7.2, 254, 创业史（全二册） 
1838307, 38.1, 8.8, 424, 史铁生精选集 
1139941, 43.8, 8.1, 2514, 秋 
1753875, 20.9, 6.9, 115, 天怒 
20433557, 35.2, 8.2, 478, 文学江湖 
1077474, 41.1, 7.9, 2006, 舒婷的诗 
2327728, 33.0, 8.4, 268, 踏着月光的行板 
1438536, 45.3, 8.9, 1183, 王小波经典作品 
1327414, 36.6, 8.5, 447, 唐山大地震 
1072189, 45.8, 8.8, 1438, 百年思索 
4747442, 36.0, 8.2, 556, 知青变形记 
26359462, 34.5, 7.6, 861, 床畔 
2307682, 29.7, 7.4, 432, 北京人在纽约 
6952009, 33.6, 8.1, 401, 灰舞鞋 
1084280, 19.4, 8.0, 34, 阎连科 
1009931, 43.4, 7.7, 4182, 潘金莲之前世今生 诱僧 
25713688, 37.9, 8.3, 683, 蒋公的面子 
4917225, 31.1, 7.0, 1001, 余震 
2568082, 35.7, 8.2, 522, 闯关东 
2018527, 44.5, 8.9, 1053, 王小波全集(第八卷) 
1008145, 77.4, 8.9, 179403, 围城 
1082556, 37.2, 8.6, 446, 白先勇自选集 
6730933, 18.9, 8.0, 31, 捕风记 
20433556, 43.4, 8.7, 1098, 昨天的云 
1000993, 40.8, 8.1, 1469, 女生日记-中华儿童文学金奖书库 
3202440, 26.1, 7.5, 186, 暴风骤雨 
10794790, 29.6, 7.6, 333, 六人晚餐 
1023598, 37.7, 7.4, 2196, 支离破碎 
1006970, 39.5, 7.9, 1489, 上海的风花雪月 
3604331, 47.1, 8.4, 2937, 午夜之门 
1021141, 28.0, 7.8, 198, 流水三十章 
1079475, 44.2, 8.3, 2056, 那多三国事件簿之桃园三结义 
1427546, 28.9, 8.6, 114, 曹文轩精选集 
1949674, 44.8, 8.1, 2959, 我纷纷的情欲 
24704186, 32.8, 7.6, 617, 荒芜城 
1690488, 29.2, 8.0, 201, 四牌楼 
1393894, 33.1, 7.8, 511, 白狗秋千架 
10512240, 34.4, 7.9, 581, 燕巢与花事 
23134220, 36.1, 8.3, 509, 上课记2 
1088443, 21.3, 9.4, 22, 伤寒论临证指要 
1011762, 27.5, 7.3, 307, 钱钟书传 
1394402, 39.4, 8.4, 790, 死水微澜 
1200827, 34.2, 8.0, 503, 白门柳（全三册） 
3796226, 28.2, 7.3, 357, 一个啤酒主义者的独白 
5946558, 37.8, 8.3, 671, 莲生与阿玉 
1073535, 40.4, 9.1, 452, 人与自我 
24533414, 31.1, 7.4, 576, 涂自强的个人悲伤 
2237535, 32.2, 7.7, 491, 烦恼人生 
5978079, 36.7, 7.8, 1008, 百家姓 
6937888, 45.4, 8.5, 1928, 树犹如此 
4937488, 22.4, 8.1, 55, 解读延安 
1260663, 31.3, 8.5, 184, 日本故事 
26074846, 27.9, 8.2, 133, 我们的天真填满整个宇宙 
1812895, 46.8, 8.2, 3700, 东宫·西宫 
1002073, 41.6, 7.7, 2999, 维以不永伤 
10618099, 37.9, 8.5, 554, 奇迹集 
2995375, 31.6, 8.1, 281, 天狗 
3033668, 47.2, 7.8, 7328, 闪开，让我歌唱八十年代 
26364493, 24.5, 8.2, 74, 一座营盘 
3075270, 37.6, 8.6, 473, 起舞 
2326423, 41.6, 8.3, 1310, 真水无香 
2365114, 39.9, 7.8, 1844, 中国纪事 
5502410, 30.4, 6.7, 1383, 北京的腔调 
6783708, 39.2, 8.1, 1102, 怒河春醒 
1223754, 19.8, 6.9, 90, 艳阳天（全三册） 
1067070, 31.5, 7.3, 707, 米尼 
6097359, 33.8, 8.0, 470, 花与舌头 
26411941, 13.6, 7.3, 17, 星球大战：传承1 
3925810, 19.0, 7.9, 34, 幻想数学大战5 
1220840, 32.2, 7.5, 626, 1949年：中国知识分子的私人记录 
5275059, 63.0, 7.9, 116810, 1988：我想和这个世界谈谈 
1419704, 19.1, 7.3, 54, 音乐移动群星:霍金传 
20381893, 29.5, 7.3, 466, 小镇奇人异事 
4731789, 27.7, 7.7, 204, 少年张冲六章 
1767310, 49.8, 9.0, 2122, 黄金时代 黑铁时代 
24845389, 31.8, 7.7, 456, 潜意识 
6105339, 32.8, 7.6, 622, 煤老板自述三十年 
4018960, 26.8, 7.7, 173, 对镜成三人 
1051169, 29.4, 8.5, 134, 威尼斯之死 
3741483, 31.3, 7.9, 332, 大动乱的年代 
1822817, 39.8, 8.3, 951, 你是一条河 
1260580, 30.1, 7.7, 325, 欲望的旗帜 
20563018, 23.5, 8.0, 72, 1966－1970：暗淡岁月 
1127683, 28.6, 8.5, 118, 从两个蛋开始 
1052477, 39.4, 7.6, 2249, 中国式离婚 
5349040, 41.6, 8.3, 1296, 侯卫东官场笔记4 
6061723, 25.9, 9.0, 54, 当代艺术家 安东尼奥•洛佩兹•加西亚 
1734830, 45.8, 9.2, 924, 汪曾祺精选集 
2038399, 25.5, 9.1, 48, 风也萧萧 雨也萧萧 
3018322, 46.0, 7.6, 8302, 活着活着就老了 
1278751, 31.9, 7.7, 459, 白夜 
1072847, 38.6, 7.7, 1682, 鱼和它的自行车 
1946554, 28.8, 7.9, 208, 最后的村庄 
1088900, 32.7, 8.1, 344, 洞房·少女小渔 
1003000, 64.3, 8.4, 53967, 悟空传 
19964266, 26.6, 7.6, 183, 重新做人 
1088525, 33.3, 8.4, 281, 1957年的夏季 
26320673, 21.5, 8.5, 36, 在我的开始是我的结束 
10442344, 30.7, 7.7, 364, 九歌.绿衣 
24860612, 19.3, 7.7, 41, 绝响 
3201500, 26.1, 8.0, 116, 走下坡路的男人 
3581499, 28.7, 6.6, 1085, 月色撩人 
1026425, 56.1, 7.4, 92952, 三重门 
25846427, 17.6, 7.2, 42, 一曲薰风 
1073873, 33.8, 7.7, 661, 荒山之恋 
4229282, 44.6, 8.5, 1704, 革命年代 
1019984, 30.4, 8.2, 206, 雾月牛栏 
25834799, 24.4, 7.8, 99, 阵痛 
2309689, 49.8, 8.0, 8511, 圈子圈套1 
26278687, 54.4, 7.8, 28750, 皮囊 
6901550, 37.9, 8.1, 864, 侯卫东官场笔记8 
1043085, 32.4, 8.1, 325, 孝庄秘史 
1939040, 30.1, 8.2, 195, 我与上一代人的战斗 
4872671, 57.7, 8.2, 24859, 佛祖在一号线 
1661862, 24.3, 8.4, 61, 弗兰克·劳埃德·赖特 
1491535, 21.3, 8.5, 35, 中国当代文学思潮史 
1340509, 22.1, 8.3, 45, 肉體學校 
3779927, 31.9, 7.9, 369, 与希罗多德一起旅行 
25723256, 26.6, 8.3, 98, 爱是与水和星同行的旅程 
4621342, 42.7, 7.8, 3171, 世纪末的华丽 
3769019, 39.9, 8.5, 777, 闪亮的日子 
1930752, 34.0, 8.0, 485, 吴川是个黄女孩 
5373473, 25.0, 6.9, 292, 红豆 
1425034, 30.1, 7.9, 265, 虚构 
1280291, 30.0, 8.2, 192, 云破处 
1477232, 37.7, 7.9, 1074, 乔家大院 
6085181, 49.5, 8.1, 6934, 二号首长 
10607710, 50.1, 8.0, 9055, 世间的盐 
2243213, 57.3, 7.9, 40260, 山楂树之恋 
4833920, 44.6, 7.4, 8981, 十八岁给我一个姑娘 
3225748, 43.2, 7.9, 3001, 路上有惊慌 
20424526, 59.1, 8.9, 10255, 邓小平时代 
1962248, 34.4, 8.3, 377, 好工作 
1770953, 35.4, 8.5, 365, 写作的事 
1883991, 55.4, 9.3, 3463, 王小波全集 
1291345, 33.6, 8.3, 326, 我的世界下雪了 
1081206, 30.9, 7.1, 835, 作女 
1090109, 41.3, 7.7, 2796, 红岩 
20463108, 56.3, 8.3, 16385, 观念的水位 
3662594, 49.6, 8.1, 6967, 荒人手记 
5949045, 43.2, 7.5, 5642, 李可乐抗拆记 
1034108, 49.2, 7.2, 35128, 零下一度 
2973153, 35.3, 8.1, 544, 白沙 
1316684, 33.5, 8.1, 398, 血色黄昏 
2250331, 40.4, 7.8, 2044, 高兴 
1962249, 37.4, 8.3, 630, 换位 
4309094, 36.6, 8.3, 552, 体育时期 
1020241, 50.3, 7.6, 19098, 千年一叹 
6529831, 38.4, 8.1, 945, 侯卫东官场笔记7 
3081123, 34.1, 9.2, 162, China, Portrait of a Country 
1082652, 33.1, 8.4, 271, 爸爸在天上看我 
1007313, 47.2, 8.4, 2996, 留德十年 
2008235, 34.1, 7.5, 912, 丑闻笔记 
1444504, 37.2, 8.3, 615, 四面墙 
1081604, 41.5, 7.8, 2494, 秦俑 满洲国妖艳——川岛芳子 
25756940, 27.7, 7.3, 324, 瞻对：终于融化的铁疙瘩 
4113090, 51.0, 7.4, 33315, 我们台湾这些年 
1023000, 47.2, 8.6, 2298, 常识与通识 
1029739, 39.6, 8.0, 1343, 生命的留言 
3652211, 44.9, 8.6, 1576, 爱默生家的恶客 
10946179, 33.3, 7.3, 1030, 通俗爱情 
1003664, 30.8, 7.5, 473, 深喉 
1075045, 38.0, 7.7, 1481, 上海王 
21370840, 41.4, 7.6, 3352, 打工女孩 
1899764, 39.0, 8.4, 739, 长征 
3753878, 28.0, 7.2, 389, 恋人版中英词典 
20427187, 73.0, 8.8, 108310, 看见 
10508059, 33.8, 7.5, 859, 屋顶长的一棵树 
1028406, 39.4, 8.8, 523, 与鲁迅相遇 
6026256, 39.6, 8.7, 591, 红婴仔 
1019391, 32.4, 7.6, 579, 爱与痛的边缘 
1082522, 54.1, 8.2, 13323, 家 
4189138, 29.6, 7.5, 375, 重返1976 
20381889, 29.3, 7.8, 251, 外星人防御计划 
1289044, 39.1, 8.1, 1074, 画眉记 
4059800, 44.8, 8.0, 3454, 私语书 
1051163, 40.4, 7.1, 6529, 同学少年都不贱 
6391201, 33.6, 7.8, 571, 二十二岁之前 
3369793, 67.1, 8.7, 50117, 亲爱的安德烈 
20366370, 46.3, 8.6, 1982, 变革中国 
3010133, 55.7, 8.4, 12562, 琥珀·恋爱的犀牛 
1428106, 43.9, 7.7, 4625, 双面胶 
1001204, 50.5, 7.9, 11561, 山居笔记 
2184297, 29.8, 8.2, 186, 佛的孤独 
6810540, 38.3, 7.9, 1201, 红高粱 
26341546, 39.8, 8.9, 504, 大灭绝时代 
3124541, 25.8, 7.3, 217, 她们 
2216376, 37.2, 8.3, 605, 零号特工 
4887519, 40.4, 8.6, 748, 给姑娘陛下 
10571973, 28.5, 7.4, 338, 你所不知道的夜晚 
3394338, 54.0, 7.5, 49187, 他的国 
6047925, 38.9, 8.2, 919, 梦游书 
3430536, 32.1, 7.0, 1261, 上流社会知识竞赛 
3288165, 33.0, 7.3, 966, 阿嬰 
2188233, 38.5, 8.2, 865, 中国当代文学史 
1061242, 53.6, 8.8, 4967, 写在人生边上 
1015375, 47.7, 8.7, 2207, 现代化的陷阱 
1881118, 41.3, 7.6, 3307, 解密 
1460313, 51.6, 8.4, 6308, 哥伦比亚的倒影 
1768332, 45.6, 8.3, 2603, 喜福会 
6759059, 44.3, 8.0, 3173, 二号首长2 
2252403, 30.0, 7.5, 406, 盂兰变 
3194284, 33.8, 8.1, 421, 我们时代的叙事 
4215678, 38.6, 7.9, 1272, 我城 
1207147, 35.3, 7.3, 1577, 一塌糊涂 
1011754, 62.4, 8.9, 17159, 海子的诗 
1026036, 52.5, 8.6, 5476, 北岛诗歌集 
1797988, 30.3, 8.1, 223, 浮生胡言 
2279868, 44.4, 7.7, 5097, 风声 
1052990, 56.5, 8.9, 6781, 草房子 
5336223, 33.8, 7.0, 1829, 地铁 
1084079, 38.2, 7.9, 1188, 少年天子 
4213460, 31.9, 7.9, 371, 一个人的诗歌史 
10542980, 27.5, 7.6, 219, 北京，最后的纪念 
1165463, 28.7, 8.3, 141, 人间鲁迅 
1082108, 28.0, 7.3, 339, 德龄公主 
3066477, 75.1, 9.2, 74296, 三体Ⅱ 
1772173, 35.7, 7.4, 1445, 诱僧 
1981397, 31.8, 7.8, 401, 三个六月 
1011180, 37.3, 8.7, 410, 顾准日记 
20433554, 44.4, 9.2, 752, 关山夺路 
3072313, 31.5, 7.4, 622, 不失者 
3036665, 31.9, 7.3, 765, 罪全书 
4207781, 63.7, 8.8, 24597, 孩子你慢慢来 
10825209, 29.4, 7.6, 317, 在电影院遇见弗洛伊德 
14278377, 34.2, 8.5, 300, 不堪抄 
1444077, 48.3, 9.2, 1361, 汪曾祺小说经典 
25876241, 26.3, 7.2, 269, 飘窗 
1018664, 39.1, 8.5, 676, 等待野蛮人 
25934176, 41.0, 8.4, 1043, 雪隐鹭鸶 
1040361, 35.6, 8.1, 575, 曾在天涯 
5337250, 42.6, 8.3, 1544, 寂寞的十七岁 
1042863, 36.6, 8.0, 782, 向日葵 
5333599, 51.6, 8.2, 8600, 春天责备 
3894842, 36.3, 7.5, 1412, 格萨尔王 
25784952, 32.0, 8.1, 301, 读库1306 
1025533, 41.1, 7.7, 2694, 玉观音 
3197635, 46.1, 8.9, 1354, 结局或开始 
2339264, 41.8, 8.6, 953, 人为什么活着 
6856711, 32.5, 7.8, 464, 不许流光入梦来 
1078244, 30.8, 7.0, 945, 青春之歌 
25923591, 24.5, 5.7, 2107, 老师好美 
3518332, 56.5, 8.9, 6824, 绿毛水怪 
3662230, 50.8, 8.5, 4781, 七十年代 
1045653, 35.9, 7.2, 2088, 心碎你好 
1733250, 48.6, 8.4, 3804, 韩寒五年文集（上下） 
1491734, 35.6, 8.2, 513, 私人生活的变革 
5281331, 34.0, 7.7, 697, 再不相爱就老了 
1034603, 28.0, 6.9, 578, 红X 
24849840, 34.1, 8.0, 495, 静默有时，倾诉有时 
2982257, 48.9, 8.9, 2084, 面朝大海 春暖花开 
24870163, 32.2, 7.6, 556, 万物皆有伤心处 
1420339, 35.7, 8.0, 654, 博士的爱情算式 
2257188, 45.5, 7.6, 7528, 致女儿书 
23780549, 36.5, 7.8, 977, 愿你的道路漫长 
1382840, 50.0, 8.7, 3157, 背影 
5423772, 38.8, 7.8, 1500, 西夏旅馆 
26261240, 45.2, 7.7, 5932, 古董局中局 3 
1050349, 45.4, 8.1, 3311, 上海的金枝玉叶 
1434521, 30.5, 7.7, 355, 知识分子都到哪里去了 
5944469, 28.5, 7.4, 339, 幸福来敲门 
1424665, 36.2, 7.6, 1203, 我们的钱瑗 
4238362, 69.1, 8.6, 82642, 送你一颗子弹 
2031604, 44.4, 8.8, 1153, 离婚 
1062455, 49.7, 8.4, 4577, 康熙大帝（共四册） 
1986050, 39.6, 8.8, 533, 哲学 科学 常识 
4901590, 43.8, 7.7, 4518, 初夏荷花时期的爱情 
1005358, 55.0, 9.2, 3657, 寻找家园 
1016832, 41.1, 8.4, 1054, 我负丹青 
2568438, 39.9, 8.6, 693, 权力与荣耀 
6729209, 37.5, 7.7, 1363, 遣悲怀 
6971752, 31.4, 7.2, 793, 对照记@1963 
7063852, 36.1, 8.2, 559, 石泉城 
10440961, 33.8, 8.1, 415, 告别的年代 
10601137, 47.4, 7.6, 10960, 你永远都无法叫醒一个装睡的人 
2136481, 29.8, 8.1, 204, 艺术不是惟一的方式 
1029159, 53.8, 7.5, 47350, 八月未央 
3880832, 49.7, 8.2, 6146, 认得几个字 
1853323, 48.0, 7.9, 7198, 圈子圈套2 
6785420, 30.1, 7.9, 265, 辛亥年 
5914551, 36.9, 8.1, 725, 我在故宫看大门 
1907928, 32.1, 7.9, 381, 禁锢在德黑兰的洛丽塔 
1863163, 48.8, 8.4, 3903, 异兽志 
11601093, 30.6, 7.5, 456, 成为和平饭店 
1434426, 35.5, 8.5, 372, 一个大学校长的自白 
1000517, 53.9, 8.8, 5177, 故事新编 
3703510, 34.5, 7.1, 1795, 谜踪之国 I 
4137182, 41.7, 8.3, 1315, 荣辱二十年 
1192090, 62.6, 8.7, 24107, 球状闪电 
1062991, 52.3, 8.4, 7061, 北京法源寺 
6527141, 44.6, 8.2, 2518, 停车暂借问 
1888215, 46.5, 8.4, 2650, 即兴判断 
1853457, 31.8, 7.8, 403, 美元硬过人民币 
3344676, 58.5, 8.1, 34116, 常识 
1475258, 35.4, 7.3, 1593, 青瓷 
2060498, 30.4, 7.2, 642, 我要成为世界的一部分 
1274288, 34.4, 7.6, 844, 离婚指南 
1043416, 36.0, 8.2, 549, 人有病  天知否 
24226729, 30.1, 7.1, 688, 晚安玫瑰 
1018416, 38.4, 8.1, 955, 花忆前身 
1005993, 36.6, 7.6, 1321, 压伤的芦苇 
1081485, 38.8, 8.3, 799, 记忆碎片 
20394952, 38.6, 8.1, 985, 九篇雪 
4882008, 38.2, 8.4, 648, 亚特兰蒂斯之心 
1770956, 39.7, 8.6, 671, 活着的事 
3995526, 69.5, 8.7, 73498, 目送 
1070598, 38.8, 7.9, 1323, 上海的红颜遗事 
2995941, 41.9, 8.3, 1368, 没有指针的钟 
1015952, 36.9, 8.6, 425, 邓小平时代 
10763466, 28.7, 7.1, 508, 中间代·代表作 
26650970, 41.6, 7.4, 4861, 古董局中局 4 
24882288, 44.5, 7.5, 7329, 古董局中局 2 
4832553, 48.0, 8.2, 4541, 侯卫东官场笔记 
1822857, 52.0, 9.0, 2983, 王小波全集（第二卷 杂文） 
2372670, 38.0, 7.9, 1129, 兔子，跑吧 
4732153, 38.7, 7.7, 1691, 过得去 
10480987, 31.5, 7.3, 705, 郁闷的中国人 
1876936, 42.5, 7.8, 3038, 新结婚时代 
3264655, 42.6, 8.5, 1202, 未来世界 
4229407, 32.6, 7.4, 772, 宝岛眷村 
10561209, 48.5, 8.9, 1956, 全职高手1·放逐斗神 
20278799, 48.4, 7.6, 13124, 三十六大 
1963684, 63.4, 8.6, 32746, 半生缘 
1391191, 59.8, 8.5, 21431, 京华烟云 
11602267, 47.8, 8.9, 1762, 羊道·春牧场 
2996046, 31.8, 7.8, 404, 哦，香雪 
1020459, 61.6, 8.4, 34351, 此间的少年 
2567698, 73.9, 8.8, 124907, 三体 
1444225, 38.3, 7.3, 2895, 那么，爱呢？ 
6864307, 47.1, 7.4, 14965, 像我这样笨拙地生活 
1427726, 35.0, 8.1, 522, 耻辱者手记 
1010512, 41.1, 8.6, 849, 1901年 
25897333, 39.4, 7.5, 2630, 我讲个故事，你可别当真啊 
