Tag: 当代文学 

ID, Score, Rating, Votes, Title 
26821461, 45.5, 8.8, 1377, 北鸢 
3239549, 61.6, 9.1, 11259, 夹边沟记事 
26854325, 26.6, 8.6, 78, 喜剧作家 
3633461, 58.1, 8.6, 13695, 一句顶一万句 
26757657, 36.3, 8.3, 519, 望春风 
26853566, 32.1, 8.2, 280, 出家 
1830445, 52.3, 9.0, 3121, 阿城精选集 
26803179, 32.8, 8.4, 261, 平原上的摩西 
3311253, 56.5, 9.0, 5939, 额尔古纳河右岸 
1020961, 58.3, 8.7, 12069, 棋王 
1080309, 60.4, 8.4, 28093, 尘埃落定 
22714154, 54.9, 8.7, 6991, 繁花 
1076654, 54.7, 8.7, 6780, 孽子 
1418686, 58.0, 8.6, 13548, 红拂夜奔 
5269439, 56.2, 8.4, 13753, 城门开 
26669243, 41.3, 8.2, 1394, 慈悲 
3013624, 50.9, 9.1, 2237, 棋王.樹王.孩子王 
26822709, 22.2, 8.9, 32, 聋哑时代 
26672441, 40.1, 8.5, 803, 收山 
26303224, 41.6, 8.1, 1685, 说部之乱 
1143694, 55.4, 8.2, 16628, 动物凶猛 
3448867, 49.7, 9.0, 2105, 采桑子 
3194071, 52.7, 8.6, 5615, 少年巴比伦 
1082138, 55.0, 8.3, 13147, 在细雨中呼喊 
26870405, 30.7, 7.9, 297, 龙头凤尾 
3012517, 57.7, 8.5, 15022, 小姨多鹤 
6742586, 48.2, 7.8, 8833, 我不是潘金莲 
1444077, 48.3, 9.2, 1359, 汪曾祺小说经典 
3544376, 54.2, 9.1, 3665, 顾城的诗顾城的画 
3803820, 56.5, 8.4, 14299, 人生 
3075281, 49.4, 8.6, 3316, 世界上所有的夜晚 
1025753, 55.9, 8.2, 18063, 妻妾成群 
1043485, 52.2, 8.1, 11269, 檀香刑 
26791407, 31.3, 6.5, 2491, 孤独深处 
10877051, 45.7, 9.0, 1123, 顾城哲思录 
1050566, 48.2, 8.0, 6374, 一地鸡毛 
1752755, 54.8, 8.6, 7964, 第九个寡妇 
26897973, 25.9, 7.5, 179, 中国特色的译文读者 
1465007, 50.8, 8.2, 7422, 生死疲劳 
3662594, 49.6, 8.1, 6967, 荒人手记 
1015584, 51.7, 8.0, 12174, 看上去很美 
2079345, 40.9, 8.1, 1485, 侠隐 
1010349, 47.7, 8.0, 5845, 丰乳肥臀 
26284529, 38.0, 7.6, 1710, 群山之巅 
26303995, 30.2, 8.5, 154, 飞毡 
1960287, 37.2, 8.4, 547, 蒙着眼睛的旅行者 
25981277, 32.4, 8.2, 294, 抚顺故事集 
21770836, 40.8, 8.5, 898, 八九十枝花 
1200843, 46.2, 8.1, 3832, 芙蓉镇 
26851547, 27.7, 8.1, 141, 软埋 
3623831, 44.7, 8.1, 2920, 温故一九四二 
3024497, 48.1, 8.4, 3481, 天浴 
1049477, 50.3, 8.0, 9423, 一半是海水一半是火焰 
1146304, 40.9, 8.6, 818, 日光流年 
6718314, 46.3, 8.0, 4549, 晚来寂静 
25696089, 43.4, 7.4, 7066, 1980年代的爱情 
1029791, 67.8, 8.7, 56202, 许三观卖血记 
2016749, 51.6, 8.1, 10047, 金陵十三钗 
1136988, 48.5, 8.9, 1950, 命若琴弦 
10556006, 43.0, 8.8, 927, 状元媒 
2237621, 46.9, 8.4, 2816, 十八岁出门远行 
1078566, 42.7, 7.6, 4305, 桃之夭夭 
1734830, 45.8, 9.2, 924, 汪曾祺精选集 
1760432, 54.4, 9.2, 3356, 受戒 
3239913, 45.6, 8.0, 4019, 推拿 
6048071, 42.9, 8.6, 1132, 七声 
24878188, 29.0, 9.5, 63, 汪曾祺全集（全十六卷） 
26348835, 22.4, 9.1, 30, 大胆使用了绿色 
1393473, 42.8, 8.8, 898, 遍地风流 
1053914, 43.4, 8.5, 1395, 游园惊梦 
1085799, 63.8, 8.6, 35100, 白鹿原 
1417905, 43.1, 7.1, 11819, 废都 
25716611, 44.8, 8.5, 1748, 花街往事 
26801831, 34.3, 7.3, 1269, 在宇宙间不易被风吹散 
26774737, 22.6, 9.2, 29, 材料与注释 
5288540, 38.0, 7.6, 1705, 朱雀 
25789686, 38.2, 8.3, 722, 相遇 
1794267, 38.1, 8.8, 426, 朦胧诗选 
26561444, 34.7, 7.7, 790, 少女哪吒 
1281653, 45.5, 7.8, 5342, 秦腔 
26593903, 30.3, 8.5, 155, 洗牌年代 
26384375, 35.8, 7.8, 855, 平乐镇伤心故事集 
1082349, 57.9, 8.2, 25778, 长恨歌 
26274801, 35.3, 7.5, 1171, 沉默也会歌唱 
1071921, 46.3, 8.1, 3864, 现实一种 
4799445, 43.9, 7.9, 3421, 太阳黑子 
24862876, 38.7, 7.4, 2714, 黄雀记 
1008660, 44.3, 8.4, 1832, 马桥词典 
1083509, 45.1, 8.1, 3166, 人面桃花 
26662022, 24.8, 7.4, 157, 情史失踪者 
1777932, 53.0, 8.6, 5900, 寻找无双·东宫西宫 
23186549, 39.3, 7.8, 1664, 我们家 
1080753, 38.4, 8.2, 846, 受活 
6844469, 42.4, 8.1, 1943, 走夜路请放声歌唱 
1398441, 49.4, 9.1, 1770, 汪曾祺散文 
26278884, 27.9, 8.4, 114, 文化不是味精 
26301984, 37.2, 8.2, 683, 白色流淌一片 
26774892, 30.0, 8.1, 214, 我们爱过又忘记 
26586174, 27.8, 8.0, 157, 万物停止生长时 
2071207, 41.3, 8.4, 1089, 到黑夜想你没办法 
1207819, 49.0, 8.1, 6294, 过把瘾就死 
24872210, 40.2, 9.2, 403, 无愁河的浪荡汉子·朱雀城 
24827456, 43.6, 8.6, 1273, 万箭穿心 
5975571, 41.9, 8.0, 2028, 天香 
26742811, 26.1, 8.4, 84, 兽性大发的兔子 
2349671, 30.0, 8.6, 136, 古桥头 
3464389, 45.2, 9.1, 936, 大淖记事 
26602991, 21.8, 8.1, 49, 未来之书 
1084078, 41.8, 7.9, 2318, 钟鼓楼 
3662581, 41.9, 7.6, 3733, 巫言 
6880158, 60.5, 8.7, 17186, 陆犯焉识 
1165173, 49.4, 8.8, 2549, 务虚笔记 
6783708, 39.2, 8.1, 1102, 怒河春醒 
1397889, 45.3, 8.5, 1891, 穗子物语 
26927492, 17.2, 8.7, 16, 追随他的记忆 
3395241, 44.0, 9.1, 788, 豆汁记 
26745463, 21.3, 7.6, 65, 米米朵拉 
3264644, 48.1, 8.8, 2076, 地久天长 
26598482, 32.1, 7.3, 800, 密林中 
1881118, 41.3, 7.6, 3305, 解密 
1089243, 68.4, 8.8, 52313, 黄金时代 
1883991, 55.4, 9.3, 3462, 王小波全集 
2002992, 37.8, 8.4, 601, 爱，是不能忘记的 
1456183, 49.5, 8.2, 5941, 我的帝王生涯 
25835907, 38.3, 8.0, 1059, 天使坠落在哪里 
3160327, 41.8, 8.0, 2007, 无出路咖啡馆 
6127284, 36.7, 8.5, 451, 酒徒 
1962885, 42.3, 8.1, 1906, 山河入梦 
1764991, 53.5, 8.9, 4262, 我的阴阳两界·革命时期的爱情 
26851548, 18.0, 7.7, 32, 朝霞 
1792984, 49.5, 8.2, 5957, 一个女人的史诗 
20452319, 35.6, 8.0, 650, 让“死”活下去 
26583471, 28.9, 8.3, 146, 蘑菇圈 
2375977, 45.9, 8.4, 2411, 香椿树街故事 
1006737, 44.4, 7.8, 4318, 米 
6780861, 39.3, 7.7, 1905, 春尽江南 
25731990, 36.8, 8.3, 572, 我是落花生的女儿 
20394952, 38.6, 8.1, 984, 九篇雪 
1124305, 47.0, 8.1, 4424, 扶桑 
1056055, 44.2, 8.2, 2322, 罂粟之家 
26846157, 25.8, 8.7, 64, 我们都是赶路人 
4169424, 50.6, 7.9, 11632, 蛙 
19967508, 29.1, 6.7, 1011, 我开始轻视语言 
2221690, 34.0, 9.6, 120, 晚饭花集 
1029326, 36.5, 8.5, 437, 神木 
1021677, 36.8, 9.1, 265, 中国一九五七 
6529759, 43.7, 9.4, 567, 水蛇腰 
26280494, 32.4, 7.3, 862, 活着之上 
10567171, 37.1, 8.0, 854, 生命册 
26852526, 19.9, 8.2, 33, 甲骨时光 
1067960, 38.8, 8.1, 1020, 青衣 
2188233, 38.5, 8.2, 865, 中国当代文学史 
1006341, 45.8, 8.0, 4133, 红粉 
1082154, 77.2, 9.1, 119712, 活着 
1046276, 40.2, 8.1, 1301, 温暖和百感交集的旅程 
26333998, 28.5, 6.8, 764, 少帅 
26313932, 24.2, 8.5, 56, 批评的准备 
26301836, 26.9, 7.3, 272, 你的孤独，比这个世界更动人 
1290398, 47.4, 8.4, 3058, 白蛇 
1086466, 42.8, 8.4, 1409, 北方的河 
3026876, 43.5, 7.8, 3695, 少女小渔 
1482322, 41.7, 8.0, 1969, 绿化树 
1025103, 37.0, 8.5, 477, 伪满洲国（上下） 
3264665, 49.3, 8.6, 3249, 三十而立 
1056927, 24.9, 8.1, 86, 在北大课堂读诗 
1058360, 43.2, 8.2, 1958, 红高粱家族 
26359462, 34.5, 7.6, 859, 床畔 
26600276, 20.1, 8.4, 30, 我的诗篇 
5337248, 58.4, 8.9, 9186, 台北人 
6902319, 41.9, 9.0, 634, 夜行记 
26785210, 19.3, 7.6, 44, 在屋顶上牧云 
5241280, 31.0, 8.5, 175, 革命/叙述 
3015561, 36.2, 8.1, 644, 第二次握手 
1734828, 41.5, 8.5, 1015, 苏童精选集 
20502674, 25.2, 8.9, 51, 异教时辰书 
1038861, 41.9, 7.8, 2707, 手机 
3121288, 23.0, 8.2, 57, 清水里的刀子 
1006691, 33.6, 8.8, 208, 年月日 
25909313, 28.3, 7.3, 361, 阳光猛烈，万物显形 
1801964, 37.5, 8.4, 578, 刘震云精选集 
3176760, 46.1, 8.4, 2465, 革命时期的爱情 
1434480, 37.1, 7.6, 1446, 你别无选择 
1428004, 37.2, 8.2, 679, 羊的门 
1209899, 62.8, 9.0, 15714, 我与地坛 
1151873, 49.0, 8.2, 5433, 我是你爸爸 
1023000, 47.2, 8.6, 2297, 常识与通识 
3406518, 50.7, 8.5, 4669, 追随她的旅程 
3339812, 50.1, 9.3, 1593, 木心作品八种 
2377002, 42.6, 7.9, 2676, 和我们的女儿谈话 
1474793, 32.1, 8.9, 151, 王鼎钧散文 
25850540, 31.2, 7.6, 457, 耶路撒冷 
20499688, 32.8, 8.1, 347, 黄鸡白酒 
20381893, 29.5, 7.3, 466, 小镇奇人异事 
1401425, 63.4, 8.3, 56135, 兄弟（上） 
1443976, 38.4, 8.2, 846, 三寸金莲 
1086468, 44.3, 8.5, 1616, 黑骏马 
2137818, 31.1, 7.9, 318, 伏羲伏羲 
25725064, 33.5, 7.2, 1240, 炸裂志 
3097837, 36.6, 8.1, 689, 汪国真经典诗文 
1063418, 38.6, 7.7, 1671, 没有一条道路是重复的 
6139702, 31.1, 7.6, 445, 纸上王国 
1014374, 37.8, 8.4, 604, 东藏记 
25922753, 26.1, 8.2, 97, 胡子有脸 
26692133, 20.8, 6.6, 158, 匿名 
20563218, 25.7, 7.1, 268, 十三亿种活法 
5423585, 39.1, 8.6, 605, 树枝的疏忽 
25913830, 29.2, 7.7, 275, 六个字母的解法 
25718134, 33.8, 7.3, 1140, 女不强大天不容 
1005242, 35.0, 7.8, 733, 古船 
26051883, 32.8, 7.6, 615, 老生 
6256440, 26.6, 8.8, 68, 我的阅读史 
26591589, 25.3, 8.6, 63, 来自邻人的光 
1753077, 41.8, 9.3, 464, 王小波文集 
20452802, 36.8, 7.8, 1030, 带灯 
4273408, 28.8, 7.8, 229, 一段愛情，兩個人成長 
1043416, 36.0, 8.2, 550, 人有病  天知否 
26760360, 22.7, 6.6, 255, 轻描淡写 
26530414, 29.0, 9.3, 71, 边城 
23860457, 28.5, 7.7, 242, 躺下去会舒服点 
2054019, 34.3, 9.2, 166, 听听那冷雨 
4744011, 28.5, 8.4, 125, “新启蒙”知识档案 
25976633, 32.5, 8.0, 370, 我自己的陌生人 
25857414, 30.9, 7.9, 303, 剩下的都属于你 
1005411, 38.9, 7.8, 1534, 透明的红萝卜 
26797702, 17.9, 6.5, 87, 独药师 
24876757, 25.6, 8.3, 83, 俞心樵诗选 
1791682, 40.3, 7.4, 3723, 空中小姐 
26690458, 16.8, 8.1, 20, 日熄 
1064566, 35.9, 7.6, 1148, 私人生活 
4117261, 36.1, 7.1, 2572, 赴宴者 
10794790, 29.6, 7.6, 333, 六人晚餐 
3880354, 39.2, 8.7, 560, 金山 
3389984, 51.5, 8.6, 4632, 俗世奇人 
21716347, 29.3, 7.4, 396, 日夜书 
1200840, 74.4, 9.0, 93682, 平凡的世界（全三部） 
3546250, 40.5, 7.9, 1800, 寄居者 
5288327, 48.9, 8.3, 4626, 鸟，看见我了 
1143696, 43.9, 7.9, 3400, 永失我爱 
26761291, 35.9, 9.0, 251, 人间草木 
1000696, 45.6, 8.2, 2980, 饥饿的女儿 
1072368, 38.0, 7.5, 1999, 我爱比尔 
1438536, 45.3, 8.9, 1183, 王小波经典作品 
26820293, 15.6, 7.8, 19, 龙楼雀 
1069227, 40.6, 7.9, 1843, 世事如烟 
1039060, 39.9, 7.9, 1631, 玉米 
6840152, 39.4, 8.0, 1296, 甘南纪事 
26681350, 18.5, 7.1, 56, 神圣家族 
1312995, 44.3, 8.5, 1596, 周国平作品精选 
26342533, 25.5, 8.2, 87, 新的一天 
1005939, 35.9, 8.1, 613, 故乡天下黄花 
1018178, 37.9, 7.9, 1115, 浮躁 
1011911, 32.4, 8.3, 266, 花腔 
5910655, 41.1, 8.3, 1201, 古炉 
1055054, 44.7, 8.3, 2206, 刺青时代 
26944997, 16.8, 9.8, 10, 我的决胜21点 
1963368, 35.7, 8.0, 658, 青木川 
1059716, 38.9, 8.6, 590, 水乳大地 
1085883, 58.2, 8.6, 14022, 青铜时代 
4919996, 44.9, 8.7, 1393, 张枣的诗 
3812678, 28.2, 8.4, 120, 莫言自选集 
1082236, 37.6, 8.4, 586, 我没有自己的名字 
26717879, 23.9, 6.3, 545, 极花 
3222662, 40.7, 8.2, 1254, 谁家有女初长成 
26734228, 21.9, 8.1, 50, 鬼吹灯全集 
10563468, 33.7, 7.5, 839, 隐身衣 
6784996, 37.5, 8.2, 723, 声音乐团 
3623828, 32.1, 8.2, 277, 故乡相处流传 
26892411, 35.1, 8.9, 240, 人类要是没有爱情就好了 
25788888, 31.6, 7.9, 350, 我亲爱的精神病患者 
1026884, 41.5, 8.5, 1009, 左手的掌纹 
1468916, 43.7, 8.6, 1292, 王朔文集 谐谑卷 
2068070, 36.0, 7.6, 1174, 启蒙时代 
1078516, 36.0, 7.9, 793, 心灵史 
1391644, 32.6, 8.5, 230, 方方作品精选 
1041912, 41.1, 7.9, 2036, 黄昏里的男孩 
1692648, 56.2, 8.9, 6539, 一个人的村庄 
10426917, 20.9, 9.0, 25, 回首我們的時代 
1052990, 56.5, 8.9, 6782, 草房子 
1801804, 32.0, 8.0, 334, 王安忆精选集 
1055301, 48.1, 8.5, 3044, 世界上最疼我的那个人去了 
4109197, 38.1, 8.5, 575, 最慢的是活着 
1101677, 34.4, 8.8, 234, 问题与方法 
1053331, 44.2, 8.5, 1583, 王朔自选集 
1013396, 32.3, 8.0, 358, 无字（第一部） 
21359062, 24.7, 7.6, 128, 北去来辞 
24540864, 43.5, 6.8, 24523, 第七天 
1085777, 41.2, 8.4, 1078, 贫嘴张大民的幸福生活 
2027824, 42.0, 8.7, 881, 风景 
6953461, 35.9, 8.8, 297, 一坛猪油 
3627948, 33.7, 8.4, 303, 持灯的使者 
1090109, 41.3, 7.7, 2796, 红岩 
24324978, 22.0, 6.8, 167, 这边风景（上下） 
1879937, 32.8, 8.6, 217, 迟子建作品精选 
1076323, 40.3, 8.4, 933, 也是亚当，也是夏娃 
3110731, 33.6, 7.3, 1098, 风雅颂 
1866781, 35.3, 8.3, 438, 当代小说二十家 
4742299, 36.1, 8.5, 408, 北极村童话 
2237615, 30.6, 8.1, 236, 无主题变奏 
26673118, 24.1, 8.7, 49, 扶桑 
1200849, 34.6, 7.8, 680, 李自成 
4109557, 25.9, 7.5, 177, 1980的情人 
1054685, 68.3, 9.0, 36543, 沉默的大多数 
1930501, 29.8, 8.4, 157, 毕飞宇小说 
1398449, 32.8, 8.1, 347, 贾平凹散文 
2300636, 40.2, 7.4, 3624, 我叫刘跃进 
1122859, 37.0, 8.6, 433, 越过云层的晴朗 
1469266, 32.9, 7.7, 558, 冈底斯的诱惑 
1506468, 20.6, 7.5, 61, 喊山 
3264642, 51.4, 8.7, 3976, 似水流年 
2177833, 32.0, 8.6, 190, 再解读 
3824350, 32.1, 8.3, 255, 天一言 
26610125, 21.1, 7.5, 68, 我想和你虚度时光 
6534894, 41.2, 8.7, 773, 我会像青草一样呼吸 
25981276, 30.8, 8.3, 204, 双行星与小卷兽 
1157019, 29.7, 8.5, 142, 那山那人那狗 
1276297, 44.3, 9.0, 909, 顾城诗全编 
26650614, 28.7, 8.4, 130, 多湾 
1214006, 38.5, 7.9, 1248, 王朔文集 
1889528, 30.7, 8.4, 181, 格非作品精选 
1025559, 33.4, 7.4, 910, 一个人的战争 
1132974, 30.8, 7.1, 810, 组织部来了个年轻人 
4747442, 36.0, 8.2, 556, 知青变形记 
1084445, 35.8, 8.1, 593, 觅渡 
1089499, 28.1, 8.0, 165, 将军族 
1126440, 40.3, 8.1, 1332, 妇女生活 
1262965, 37.2, 8.2, 684, 中国当代文学史教程 
1317879, 30.6, 7.9, 291, 九月寓言 
1660790, 29.1, 8.6, 118, 50-70年代中国文学经典再解读 
1070775, 36.6, 8.2, 613, 小城三月 
1072541, 36.5, 8.4, 490, 中国现当代文学名篇十五讲 
1958071, 31.3, 9.4, 94, 求 
10775763, 33.4, 7.2, 1212, 补玉山居 
1480348, 33.4, 8.0, 432, 晚霞消失的时候 
3518332, 56.5, 8.9, 6824, 绿毛水怪 
5321791, 32.9, 7.3, 945, 中文系 
1703544, 52.4, 7.5, 35457, 兄弟（下） 
6756114, 15.5, 8.1, 16, 忧国 
3851799, 38.3, 8.1, 926, 天行者 
1963124, 35.3, 8.3, 440, 看女人 
3415661, 39.0, 8.1, 1059, 水在时间之下 
1077917, 33.9, 7.5, 888, 四十一炮 
1978928, 37.2, 8.1, 774, 永远有多远 
26307908, 27.1, 7.7, 185, 野蛮生长 
1200845, 31.0, 7.3, 634, 沉重的翅膀 
25812256, 18.8, 7.8, 35, 南方的诗学 
1202550, 43.4, 8.8, 984, 地久天长 
7154690, 35.6, 8.3, 466, 王小波全集 第一卷 
1492425, 26.9, 8.9, 67, 张承志作品精选 
1291718, 24.3, 8.2, 71, 残雪 
1945579, 30.4, 8.3, 189, 波動 
1151877, 39.7, 7.8, 1775, 千万别把我当人 
5411419, 31.5, 8.7, 160, 生命流泪的样子 
1962248, 34.4, 8.3, 377, 好工作 
1025562, 42.5, 8.1, 1967, 城北地带 
2030442, 39.0, 8.3, 839, 年轮 
1767945, 63.7, 8.8, 24715, 一只特立独行的猪 
1763806, 50.6, 8.5, 4577, 万寿寺 
1151872, 40.9, 7.8, 2236, 玩的就是心跳 
1033922, 37.5, 8.0, 907, 英格力士 
1437160, 35.8, 7.7, 983, 平原 
20444732, 22.3, 6.4, 308, 中国情人 
3723236, 40.6, 8.0, 1605, 我与父辈 
2137809, 21.6, 8.1, 47, 老井 
1858594, 39.0, 7.3, 3391, 暗算 
3550069, 31.2, 8.0, 290, 哺乳期的女人 
26309861, 40.6, 8.4, 974, 摇摇晃晃的人间 
1041414, 45.9, 8.6, 1868, 威尼斯日记 
1415311, 41.3, 8.1, 1590, 美食家 
2999641, 37.1, 8.2, 676, 现实一种:余华中短篇小说集 
6081356, 30.1, 9.2, 90, 史铁生作品系列（纪念版） 
10199131, 38.0, 8.9, 377, 似水柔情 
1292354, 37.2, 7.6, 1464, 空山 
24533414, 31.1, 7.4, 575, 涂自强的个人悲伤 
1460313, 51.6, 8.4, 6308, 哥伦比亚的倒影 
1200827, 34.2, 8.0, 503, 白门柳（全三册） 
3182667, 32.6, 8.2, 305, 异旅人 
21370689, 27.6, 8.1, 137, 东岸纪事（上下） 
10578488, 26.6, 6.8, 490, 栖 
2131083, 31.8, 8.6, 185, 涉渡之舟 
1036613, 54.6, 8.9, 5047, 茶馆 
26348958, 27.2, 7.9, 155, 小镇姑娘 
3735996, 33.7, 8.4, 303, 西征记 
25786061, 24.6, 7.5, 138, 鱼王 
1316684, 33.5, 8.1, 398, 血色黄昏 
1009381, 40.6, 8.5, 872, 少年血 
5300108, 38.6, 8.1, 990, 尾巴 
25996933, 28.4, 8.5, 114, 独坐 
3075270, 37.6, 8.6, 473, 起舞 
10566848, 35.7, 7.8, 840, 黑夜飞行 
1024733, 39.3, 7.7, 1915, 鲜血梅花 
1077474, 41.1, 7.9, 2005, 舒婷的诗 
3075279, 33.2, 8.2, 341, 秧歌 
1022060, 64.9, 8.3, 72818, 狼图腾 
26791930, 31.9, 8.2, 270, 生于一九八四 
21318646, 24.0, 8.1, 73, 迷冬 
1029375, 29.2, 8.0, 204, 纪实和虚构 
3215462, 30.0, 9.2, 88, 白海参 
25893458, 24.4, 7.6, 120, 空巢 
3889680, 29.7, 7.4, 430, 坚硬如水 
1096790, 54.4, 8.6, 7444, 黑铁时代 
1022229, 32.3, 7.9, 395, 玫瑰门 
25918783, 25.5, 7.3, 203, 苦菜花，甘蔗芽 
25878646, 22.8, 8.4, 48, 刘晓东 
1023478, 39.1, 7.9, 1395, 怀念声名狼藉的日子 
19977690, 35.1, 8.3, 424, 天堂蒜薹之歌 
1734833, 39.1, 8.2, 961, 余华精选集 
5296499, 28.9, 8.9, 91, 4444 
1205303, 41.0, 9.5, 348, 汪曾祺全集(2) 
1200841, 30.0, 7.2, 586, 许茂和他的女儿们 
1425007, 30.9, 8.1, 248, 玛卓的爱情 
1468918, 41.2, 8.4, 1080, 王朔文集 挚情卷 
10588869, 29.2, 6.8, 891, 牛鬼蛇神 
1003664, 30.8, 7.5, 473, 深喉 
11591743, 30.9, 8.2, 228, 白雪猪头 
1017172, 38.3, 7.8, 1371, 大浴女 
2258056, 38.1, 8.7, 470, 逍遥津 
1018577, 61.0, 8.9, 13751, 霸王别姬 青蛇 
10508054, 40.6, 7.6, 2893, 云中人 
25731506, 42.4, 8.0, 2245, 乱时候，穷时候 
1129261, 35.2, 8.9, 244, 格里格海的细雨黄昏 
3610681, 58.5, 9.2, 6158, 海子诗全集 
1962875, 35.2, 7.7, 868, 林海雪原 
6953464, 31.5, 8.6, 176, 亲亲土豆 
1018584, 38.5, 8.5, 613, 青春念想 
1084077, 32.1, 8.2, 277, 黄河东流去 
26270396, 26.8, 8.3, 101, 试验 
2060640, 17.9, 8.3, 22, 潜在写作 
26236436, 32.4, 7.2, 990, 我们夜里在美术馆谈恋爱 
26005623, 23.1, 8.2, 58, 吾血吾土 
5924683, 28.4, 8.1, 158, 阮郎归 
26695660, 15.1, 7.4, 22, 潮起潮落：新中国文坛沉思录 
1822817, 39.8, 8.3, 951, 你是一条河 
5399267, 38.4, 8.7, 492, 北岛作品精选 
3427190, 37.4, 8.5, 506, 生死场 呼兰河传 
1223750, 26.0, 7.2, 254, 创业史（全二册） 
26294820, 31.1, 8.0, 284, 白蛇 
26766251, 22.6, 9.7, 23, 告别放映室 
2138402, 31.4, 7.8, 375, 塔铺 
1444078, 25.2, 8.2, 83, 林斤澜小说经典 
1086227, 39.5, 9.1, 400, 合欢树 
1084407, 33.0, 8.4, 268, 乌泥湖年谱 
1288888, 30.8, 8.4, 185, 半个我正在疼痛 
1490736, 38.0, 7.7, 1488, 古典爱情 
4120366, 25.2, 8.6, 62, 灵魂之旅 
1161387, 35.6, 8.7, 314, 无梦楼随笔 
1793990, 42.9, 8.9, 814, 早晨从中午开始 
1078244, 30.8, 7.0, 945, 青春之歌 
26701731, 24.4, 8.4, 63, 爱你就像爱生命 
1069420, 24.7, 7.7, 116, 为了忘却的集体记忆 
1206319, 40.3, 8.7, 661, 我的遥远的清平湾 
1732996, 43.6, 8.9, 911, 顾城 
6100947, 43.6, 7.6, 5130, 刘氏女 
25639223, 48.9, 8.3, 4596, 身边的江湖 
1943703, 36.1, 8.1, 632, 一个红卫兵的自白 
3105372, 30.8, 8.1, 245, 谈话录 
3075276, 35.0, 8.6, 311, 逆行精灵 
1052127, 31.1, 7.7, 393, 活动变人形 
1397659, 44.3, 8.0, 3167, 国画 
20502629, 31.9, 8.6, 186, 黄连.厚朴 
10607835, 27.8, 7.7, 208, 《读书》十年（二） 
2983286, 29.4, 8.0, 210, 卡夫卡是谁 
1033825, 59.0, 8.7, 13500, 顾城的诗 
2154744, 26.9, 8.8, 72, 迟子建文集（全四册） 
1819978, 49.2, 8.5, 3631, 温莎墓园日记 
1421014, 31.0, 7.2, 737, 我和你 
6952009, 33.6, 8.1, 401, 灰舞鞋 
1291345, 33.6, 8.3, 326, 我的世界下雪了 
25903874, 15.3, 7.8, 18, 杨绛全集 
3297888, 48.9, 8.4, 3993, 云雀叫了一整天 
1205283, 39.7, 9.4, 314, 汪曾祺全集(1) 
24877320, 42.2, 7.8, 2850, 龙族Ⅲ 
3018339, 50.1, 7.7, 15298, 万物生长 
1334641, 24.0, 8.3, 63, 旋風 
1071958, 27.5, 7.7, 198, 残雪自选集 
10742745, 35.5, 8.1, 568, 模范青年 
2279868, 44.4, 7.7, 5095, 风声 
5423777, 38.3, 8.1, 928, 睡觉大师 
1062991, 52.3, 8.4, 7060, 北京法源寺 
1084631, 28.8, 7.6, 283, 什么是垃圾，什么是爱 
1083882, 44.2, 8.5, 1582, 白先勇经典作品 
4065256, 16.5, 8.0, 20, 哈金诗选 
6440761, 27.2, 7.5, 232, 浮夸 
1012241, 33.8, 8.3, 339, 朦胧诗新编 
10571973, 28.5, 7.4, 338, 你所不知道的夜晚 
1029370, 45.9, 9.1, 1052, 记忆与印象 
1876271, 30.0, 8.4, 162, 異域 
1130366, 41.8, 7.9, 2321, 生活秀 
1866134, 21.1, 8.9, 27, 中国黑色幽默小说大观 
3146656, 47.1, 8.4, 2924, 五月女王 
25800697, 34.8, 7.1, 1916, 妈阁是座城 
1072847, 38.6, 7.7, 1682, 鱼和它的自行车 
1027989, 33.5, 7.6, 718, 爸爸爸 
25909786, 24.4, 8.6, 55, 北极村童话 
1032581, 50.8, 8.4, 5521, 胭脂扣 生死桥 
26340272, 22.7, 7.4, 103, 我的旅行方式 
10522856, 57.7, 9.0, 7110, 冬牧场 
25722228, 21.3, 7.5, 71, 香港的情与爱 
3874387, 35.9, 7.8, 882, 河流的秘密 
1011754, 62.4, 8.9, 17157, 海子的诗 
25716757, 23.5, 7.5, 109, 移民 
1468917, 41.2, 8.4, 1081, 王朔文集 矫情卷 
1010995, 31.0, 8.8, 137, 二十世纪中国文学史论(第一卷) 
1737434, 33.3, 8.4, 281, 萧红精选集 
1883990, 46.0, 8.8, 1477, 白银时代/2010/黑铁时代 
24876892, 26.9, 8.8, 71, 人字旁 
1801805, 26.7, 7.8, 154, 张贤亮精选集 
4187232, 22.6, 9.2, 29, 当代文学的概念 
3618428, 25.3, 6.6, 474, 潜伏 
2089279, 33.5, 7.1, 1446, 我的非正常生活 
2203532, 25.4, 8.6, 64, 李零自选集 
6866113, 24.9, 8.8, 52, 周晓枫散文选集 
25938049, 24.7, 7.5, 139, 天体悬浮 
1477437, 50.5, 8.9, 2692, 唐人故事 
1398460, 33.7, 7.9, 514, 余秋雨散文 
1201867, 33.6, 8.5, 272, 十面埋伏 
1311280, 51.2, 9.0, 2616, 灵魂的事 
1196141, 24.8, 8.7, 55, 新历史主义与文学批评 
2287508, 43.2, 8.0, 2577, 多余的素材 
1462101, 37.9, 8.4, 613, 北岛诗选 
1050339, 58.4, 7.8, 60550, 文化苦旅 
2250331, 40.4, 7.8, 2043, 高兴 
1857446, 34.2, 6.6, 4194, 碧奴 
1080828, 32.5, 7.3, 879, 小城之恋 
1020520, 23.7, 8.0, 75, 林白文集（全四册） 
1436716, 51.4, 9.1, 2417, 黄金时代白银时代 
2237618, 28.8, 8.0, 187, 迷舟 
3002457, 22.2, 8.7, 36, 万里无云 
1477232, 37.7, 7.9, 1073, 乔家大院 
25998266, 20.3, 7.1, 82, 一切坚固的都烟消云散 
25839997, 23.2, 8.1, 63, 文学史微观察 
1068866, 35.6, 7.6, 1066, 小鲍庄 
1008732, 47.6, 8.4, 3213, 失败之书 
3099625, 26.6, 8.3, 98, 郑小琼诗选 
1425034, 30.1, 7.9, 264, 虚构 
1398447, 28.7, 7.9, 204, 冯骥才散文 
1828111, 32.2, 7.3, 824, 最后一个匈奴 
6967530, 29.1, 8.3, 152, 乔家的儿女 
6722956, 34.4, 7.9, 583, 十一味爱 
2150585, 29.7, 8.2, 184, 黑白 
1186661, 18.5, 7.7, 35, 人之窝 
1003908, 35.6, 8.4, 414, 南渡记 
2137802, 31.5, 7.9, 343, 杀夫 
1042863, 36.6, 8.0, 782, 向日葵 
2978217, 17.2, 8.0, 23, 有话好好说 
3546866, 28.9, 7.8, 232, 上海往事 
20473670, 27.6, 8.2, 127, 斗鸡 
1162565, 35.2, 8.3, 435, 羽蛇 
6953465, 30.7, 8.7, 141, 花瓣饭 
19941513, 22.3, 7.4, 95, 方圆四十里 
1847633, 30.5, 8.2, 210, 香港的情与爱 
1002400, 32.5, 8.2, 298, 城的灯 
2047229, 25.3, 7.3, 196, 桑青与桃红 
26312987, 11.3, 7.4, 10, 众妙之门 
1119332, 35.5, 7.4, 1394, 怀念狼 
4238144, 52.0, 9.1, 2649, 岁朝清供 
26171370, 20.4, 7.4, 64, 浮出海面 
3605809, 21.6, 8.2, 44, 西藏，系在皮绳结上的魂 
4218689, 37.0, 8.2, 663, 哀悼乳房 
2568082, 35.7, 8.2, 522, 闯关东 
1023815, 27.3, 7.4, 263, 北京病人 
5389759, 33.5, 8.4, 294, Shit My Dad Says 
1011527, 28.6, 9.0, 81, 刘震云自选集（上下卷） 
1099206, 33.8, 8.9, 198, “灰阑”中的叙述 
25810522, 34.0, 8.2, 387, 1966年 
1005334, 20.0, 8.0, 38, 哀妇人 
1001911, 31.6, 7.3, 723, 灵魂饭 
2069245, 22.4, 8.7, 37, 冯骥才分类文集（全16卷） 
24226729, 30.0, 7.1, 687, 晚安玫瑰 
1676983, 31.7, 8.5, 197, 苏童 
26342613, 19.0, 7.8, 36, 罂粟之家 
5988567, 26.0, 8.0, 112, 我的现实 我的主义 
1038744, 38.3, 7.2, 3454, 来来往往 
1370750, 46.6, 8.6, 2076, 突然我記起你的臉 
1098103, 31.1, 7.6, 443, 周渔的火车 
3154493, 29.5, 8.0, 213, 荷花淀 
2237535, 32.2, 7.7, 491, 烦恼人生 
3070554, 30.9, 7.8, 343, 人到中年 
5348123, 20.9, 6.2, 287, 班主任 
1014978, 27.4, 7.5, 238, 天鹅绒 
1874697, 22.2, 8.6, 38, 安妮·雪莉 
1005358, 55.0, 9.2, 3653, 寻找家园 
1019586, 37.0, 8.6, 433, 红瓦 
2117303, 34.9, 7.8, 719, 大校的女儿 
6308767, 23.2, 8.1, 63, 梅雨 
3274851, 49.0, 8.0, 7349, 原谅我红尘颠倒 
3010130, 51.4, 7.7, 19733, 悲观主义的花朵 
6529676, 18.0, 8.1, 25, 当代文学的“历史化” 
2015357, 50.2, 9.1, 2019, 王小波全集（第六卷） 
20472036, 30.0, 7.2, 589, 众声喧哗 
6794522, 26.8, 7.8, 158, 对抗语文 
5302122, 26.5, 8.4, 89, 现代派文学辞典 
25733162, 26.9, 7.5, 218, 今夜星光灿烂 
2159124, 34.2, 8.4, 330, 高山下的花环 
1063443, 33.7, 8.4, 301, 全家福 
2016626, 42.6, 8.9, 772, 王小波全集(第七卷):中篇小说 
1075457, 19.8, 7.6, 49, 伤口咚咚咚 
5275104, 23.2, 8.2, 59, 典型文案 
1822820, 34.2, 7.6, 824, 不谈爱情 
7065576, 28.4, 8.1, 158, 睡眠是条大河 
1278751, 31.9, 7.7, 459, 白夜 
1067521, 31.8, 8.9, 143, 谁翻乐府凄凉曲 
3594808, 32.4, 8.9, 158, 萧红十年集 
25722313, 23.2, 8.0, 68, 文革轶事 
1795716, 32.8, 8.3, 285, 今夜有暴风雪 
3518333, 42.4, 8.8, 837, 寻找无双 
7175432, 35.5, 8.9, 256, 张枣随笔选 
1048411, 37.2, 7.6, 1475, 战栗 
4260927, 33.5, 8.0, 438, 鬼魅丹青 
6397056, 29.2, 8.0, 203, 到世界上去 
20493284, 32.9, 7.6, 637, 寻欢者不知所终 
3511129, 53.0, 9.4, 2170, 我的团长我的团（下部） 
6125474, 24.4, 8.4, 63, 艺妓芙蓉 
1260250, 32.1, 7.7, 477, 抉择 
1788257, 24.2, 9.1, 39, 归来的陌生人 
1757273, 24.4, 8.3, 67, 边缘 
1084405, 25.7, 7.7, 141, 新星 
1987651, 22.8, 8.0, 63, 思凡 
1438470, 29.9, 7.8, 284, 我能否相信自己 
1014578, 63.4, 9.0, 17227, 我的精神家园 
6101205, 31.7, 8.2, 260, 你们忘了这个世界吗 
1475141, 23.9, 8.2, 66, 往事恍如昨 
6743285, 27.8, 7.9, 172, 相爱的日子 
4267117, 33.6, 8.4, 299, 严歌苓作品精选 
10453121, 40.3, 7.3, 4445, 下面，我该干些什么 
1260580, 30.1, 7.7, 325, 欲望的旗帜 
7055241, 28.9, 8.3, 147, 我去钱德勒威尔参加舞会 
1087507, 24.6, 8.8, 50, 刘震云 
1065235, 24.7, 8.1, 83, 被当作鬼的人 
1988700, 26.6, 7.9, 137, 马原自选集 
3766512, 26.7, 8.2, 108, 中国当代文学主潮 
1025533, 41.1, 7.7, 2693, 玉观音 
1018881, 39.6, 9.0, 441, 穆旦诗全集 
3202440, 26.1, 7.5, 186, 暴风骤雨 
2988943, 52.8, 8.3, 9012, 青灯 
24721546, 22.7, 7.9, 67, 悲恸之地 
1036864, 35.7, 8.5, 382, 余光中散文 
2974027, 29.8, 8.6, 133, 韩少功散文 
1946854, 31.6, 8.5, 193, 高女人和她的矮丈夫 
1505559, 37.1, 8.1, 755, 上种红菱下种藕 
1186209, 44.6, 8.7, 1336, 张晓风经典作品 
1921338, 27.9, 7.5, 264, 灵与肉 
1007212, 36.1, 8.6, 372, 断裂丛书第2辑 
24940983, 25.4, 8.1, 93, 严歌苓作品集：谁家有女初长成 
1425004, 27.9, 8.1, 145, 访问梦境 
1705507, 48.3, 8.0, 6471, 胭脂扣 
11591741, 31.1, 8.7, 150, 一匹马两个人 
1060204, 35.2, 7.6, 990, 历史的天空 
4077909, 25.1, 7.9, 105, 重返八十年代 
1442455, 40.7, 8.8, 639, 王小波作品精选 
22226574, 19.2, 8.8, 21, 身体地图 
2224611, 26.0, 8.0, 114, 没有纽扣的红衬衫 
1457149, 37.7, 7.8, 1225, 英儿 
1659233, 25.9, 8.4, 81, 1956:百花时代 
23774736, 33.7, 7.4, 976, 春天在哪里 
25843055, 34.8, 9.1, 194, 花花朵朵坛坛罐罐 
11586903, 35.0, 7.9, 656, 夏目漱石的百合 
24318970, 32.0, 8.4, 227, 立春 
1067070, 31.5, 7.3, 707, 米尼 
1021141, 28.0, 7.8, 198, 流水三十章 
1084280, 19.4, 8.0, 34, 阎连科 
20271210, 25.5, 7.3, 201, 留一个房间给你用 
3154464, 22.0, 8.8, 33, 长夜 
1200839, 25.4, 7.4, 178, 冬天里的春天（全二册） 
1038010, 35.3, 7.3, 1567, 血玲珑 
1003978, 24.7, 8.1, 82, 表意的焦虑 
1082556, 37.2, 8.6, 446, 白先勇自选集 
19973737, 27.6, 7.8, 184, 永远的尹雪艳 
11601093, 30.6, 7.5, 456, 成为和平饭店 
19941416, 20.4, 8.2, 36, 古斯特城堡 
3561920, 36.0, 8.4, 446, 昆仑殇 
25723968, 22.8, 7.5, 96, 寻他千百度 
2327728, 33.0, 8.4, 268, 踏着月光的行板 
1200847, 27.5, 7.5, 244, 都市风流 
1949195, 33.7, 8.3, 331, 有只鸽子叫红唇儿 
1054583, 23.8, 7.7, 97, 当代文学关键词 
3336960, 41.1, 8.5, 951, 沧海明月·凝碧卷 
26291216, 30.3, 6.5, 1930, 我们生活在巨大的差距里 
24944326, 24.6, 7.4, 152, 旅人来自不同星球 
1029698, 37.2, 7.6, 1483, 英国情人 
3169443, 22.4, 8.7, 37, 许地山选集 
1146285, 31.4, 8.5, 188, 瓦城上空的麦田 
4212299, 21.2, 8.0, 47, 零度看張──重構張愛玲 
6100839, 19.8, 8.5, 27, 中国当代文学制度研究 
4202250, 26.4, 7.4, 218, 再见，如果还会再见 
1003264, 28.5, 8.3, 136, 韩少功自选集 
5412795, 24.3, 8.3, 66, 我BOOK1 
10763466, 28.7, 7.1, 508, 中间代·代表作 
6064282, 22.6, 8.8, 36, 满树榆钱儿 
1260663, 31.3, 8.5, 184, 日本故事 
1019984, 30.4, 8.2, 206, 雾月牛栏 
4054726, 42.9, 9.2, 602, 围城 / 人·兽·鬼 
25780829, 22.7, 8.1, 58, 隐形的女人 
1223730, 21.4, 7.0, 116, 山乡巨变 
2044903, 30.7, 8.3, 200, 等你，在雨中 
1026036, 52.5, 8.6, 5476, 北岛诗歌集 
2995375, 31.6, 8.1, 281, 天狗 
6720698, 19.3, 6.9, 80, 五香街 
1084075, 28.8, 7.5, 320, 将军吟 
4122941, 30.6, 7.6, 402, 锦瑟无端 
5946558, 37.8, 8.3, 671, 莲生与阿玉 
6527141, 44.6, 8.2, 2517, 停车暂借问 
1256656, 27.0, 8.8, 73, 菰蒲深处 
1223754, 19.8, 6.9, 90, 艳阳天（全三册） 
1280291, 30.0, 8.2, 192, 云破处 
6518250, 28.8, 7.9, 206, 武昌城 
7062628, 25.3, 8.3, 79, 许子东讲稿-张爱玲.郁达夫.香港文学-卷二 
1420340, 24.1, 7.8, 95, 月亮背面 
5298344, 18.8, 8.5, 23, 中国布衣 
2973153, 35.3, 8.1, 544, 白沙 
25798973, 24.4, 7.8, 99, 触：台湾娘子上凉山 
4837840, 27.6, 6.9, 530, 光年 
3554728, 27.6, 8.6, 93, 富貴窯 
5944469, 28.5, 7.4, 339, 幸福来敲门 
1025968, 29.9, 8.8, 116, 二十世纪中国文学史论（第二卷） 
3684926, 30.4, 8.2, 208, 动物凶猛 
1012703, 33.8, 7.8, 593, 林家铺子 
2345727, 47.3, 7.5, 12821, 蜗居 
1499588, 34.5, 8.2, 425, 桃花灿烂 
2184297, 29.8, 8.2, 186, 佛的孤独 
1145495, 28.4, 8.4, 124, 毕飞宇文集 
7175433, 26.9, 8.3, 103, 戈麦的诗 
1121284, 33.1, 8.4, 274, 无非男女 
2012685, 30.8, 7.3, 614, 废都 
25735495, 19.3, 8.5, 25, 历炼精魂 
26260130, 23.7, 8.1, 69, 病隙碎笔 
4039235, 38.7, 8.7, 511, 王小波全集（第五卷 长篇小说 剧本） 
3266390, 24.2, 8.4, 60, 一九四九：傷痕書寫與國家文學 
1028117, 29.3, 8.7, 112, 晚翠文谈新编 
1065263, 17.1, 7.1, 41, 逆水女人:世纪贼王张子强之妻罗艳芳自述 
1709524, 30.0, 7.3, 518, 绝对隐私 
24699038, 27.6, 8.4, 108, 我只在乎你 
26628289, 25.4, 7.3, 199, 一直爱下去 
1810990, 29.6, 8.1, 199, 白金的女体塑像 
1853457, 31.8, 7.8, 403, 美元硬过人民币 
20259784, 33.6, 8.6, 246, 大崩溃 
7161754, 30.2, 8.5, 154, 出麦田记 
3662230, 50.8, 8.5, 4781, 七十年代 
1044619, 30.5, 8.1, 231, 暗示 
3581499, 28.7, 6.6, 1084, 月色撩人 
26320673, 21.5, 8.5, 36, 在我的开始是我的结束 
1018747, 25.3, 7.6, 143, 中国当代文学关键词十讲 
1946554, 28.8, 7.9, 208, 最后的村庄 
4891534, 29.5, 8.5, 136, 傅雷书信选 
1073873, 33.8, 7.7, 661, 荒山之恋 
3200846, 24.0, 8.3, 63, 方方自选集 
3432304, 49.7, 9.1, 1866, 大江东去（共三部） 
1436892, 34.8, 8.7, 275, 杨绛作品集 
5373473, 25.0, 6.9, 292, 红豆 
10825206, 22.7, 6.7, 220, 代表作·新女性 
1047851, 45.5, 7.7, 6267, 晃晃悠悠 
2996046, 31.8, 7.8, 404, 哦，香雪 
1427790, 27.0, 8.6, 84, 三更有夢書當枕 
1813467, 34.8, 9.0, 211, 周国平文集（全3卷） 
2027850, 18.9, 7.4, 47, 西望长安 
6877611, 24.9, 7.6, 131, 张马丁的第八天 
6902317, 38.5, 8.6, 547, 革命时期的爱情 
21345926, 17.7, 8.4, 20, 感伤时代的文学 
20379521, 23.6, 7.5, 112, 萝卜菜籽结牡丹 
1040361, 35.6, 8.1, 575, 曾在天涯 
5295745, 33.1, 8.6, 229, 蒙古往事 
5367303, 47.7, 8.4, 3272, 城邦暴力团（下） 
2297786, 46.3, 7.6, 8756, 北京，北京 
1288913, 45.4, 8.3, 2511, 半生为人 
1015166, 23.0, 8.3, 53, 流年 
1261153, 54.8, 8.4, 10752, 青蛇 
5377301, 25.9, 8.4, 81, 且行且歌 
1045231, 32.0, 7.3, 783, 花儿与少年 
25923591, 24.5, 5.7, 2105, 老师好美 
1079892, 33.8, 7.6, 752, 橘子红了 
1061596, 32.3, 8.3, 264, 69届初中生 
10427334, 33.4, 8.2, 352, 大时代的边上 
25746682, 13.3, 7.7, 13, 落在纸上的雪 
20428320, 29.6, 7.9, 240, 扶桑 
1008062, 39.2, 8.4, 773, 后宫 
4091806, 26.2, 7.7, 154, 那五 
26795190, 11.9, 4.7, 220, 春盏 
1915716, 40.4, 8.5, 836, 负暄琐话 
21668148, 26.2, 8.3, 91, 西藏秘密 
3223683, 21.4, 8.3, 40, 方舟 
1822767, 24.7, 8.1, 82, 凤凰琴 
2148199, 32.7, 8.1, 346, 现在让我们赞美富人 
2243213, 57.3, 7.9, 40254, 山楂树之恋 
11443351, 26.2, 7.7, 155, 谁比谁傻多少 
4267151, 25.3, 7.7, 129, 一生中最高兴的一天 
25761068, 35.1, 8.5, 347, 天桥上的魔术师 
4133076, 21.5, 7.4, 81, 真空家乡 
6729209, 37.5, 7.7, 1363, 遣悲怀 
24155698, 23.7, 6.9, 219, 一号命令 
1987262, 36.1, 8.3, 506, 王小波全集(第十卷):未竟稿 
25834799, 24.4, 7.8, 99, 阵痛 
1083883, 46.3, 8.7, 1760, 席慕蓉经典作品 
3297466, 53.2, 9.2, 2821, 我的团长我的团（上部） 
6138325, 28.9, 7.7, 259, 时光，请等一等 
1081206, 30.9, 7.1, 835, 作女 
1739906, 29.3, 7.7, 282, 北方的盐 
1037951, 40.5, 8.3, 1071, 食指的诗 
2040844, 17.2, 7.2, 39, 乾清门内 
1062346, 39.9, 8.0, 1413, 王贵与安娜 
4918257, 28.7, 6.4, 1578, 风语 
3130181, 27.3, 8.1, 131, 编辑部的故事 
2974036, 37.1, 8.4, 536, 周国平散文 
1771267, 37.9, 7.5, 1952, 熬至滴水成珠 
10554312, 27.1, 8.1, 127, 英华沉浮录 3 
2060051, 30.4, 7.9, 279, 为不高兴的欢乐 
2307682, 29.7, 7.4, 432, 北京人在纽约 
2363683, 27.0, 8.1, 124, 是谁在深夜说话 
3177130, 30.4, 9.0, 108, 席慕容诗歌精品 
25817366, 23.0, 7.7, 84, 褐色鸟群 
5922198, 25.6, 8.0, 105, 游园惊梦 
4088399, 22.9, 7.9, 69, 大平原 
1222849, 40.7, 8.2, 1254, 另一种妇女生活 
1049976, 31.4, 7.8, 373, 望着你 
3448092, 24.5, 7.7, 111, 春香 
1073386, 28.0, 8.1, 148, 艾青诗选 
24737171, 23.3, 6.7, 255, 53种离别 
1084084, 22.3, 6.9, 160, 东方（全三册） 
26612811, 14.1, 7.6, 16, 极品笨妖怪2-神秘原野 
1426704, 22.4, 7.4, 96, 最后的情人 
2122639, 29.2, 7.9, 222, 白水青菜 
6759294, 26.3, 7.7, 158, 发现小说 
3545884, 37.9, 8.7, 451, 牛天赐传 
1580622, 33.4, 8.4, 288, 謫仙記 
1091456, 33.0, 8.4, 268, 树下 
19987957, 37.9, 7.3, 2663, 寡人有疾 
6810540, 38.3, 7.9, 1200, 红高粱 
3247600, 22.3, 8.1, 54, 典型文坛 
1016595, 48.8, 8.3, 4480, 雍正皇帝（全三册） 
1982415, 23.0, 6.9, 185, 道德颂 
2296562, 26.7, 7.5, 207, 天空线下 
1875581, 40.1, 7.8, 1945, 西班牙三棵树 
1146675, 28.0, 7.9, 179, 我爱小丸子 
1690488, 29.2, 8.0, 201, 四牌楼 
4087460, 26.5, 7.2, 279, 小说密码 
26742681, 12.5, 7.7, 11, 新世纪第一个十年小说研究 
2150589, 25.5, 8.1, 95, 赤脚医生万泉和 
1069365, 25.2, 8.8, 55, 批评空间的开创--二十世纪中国文学研究 
1428428, 29.8, 8.9, 106, 灵地的缅想 
1461192, 31.5, 7.4, 623, 笨花 
1957586, 22.5, 7.7, 75, 口述历史下的老舍之死 
1214921, 20.0, 8.0, 38, 为了报仇写小说 
1438954, 38.8, 8.1, 1029, 米 
1004795, 32.0, 7.0, 1223, 有了快感你就喊 
1095433, 41.0, 8.1, 1511, 顽主 
1129288, 30.4, 7.8, 311, 朋友 
1132512, 24.9, 7.7, 120, 坚硬的稀粥 
25852518, 43.1, 7.6, 4683, 南方有令秧 
2032964, 47.3, 9.1, 1298, 正红旗下 
1030470, 44.5, 7.9, 3781, 香草山 
1322455, 56.0, 8.8, 7231, 遥远的救世主 
3179444, 30.2, 8.4, 167, 蒲柳人家 
1010977, 28.2, 8.1, 154, 天下粮仓 
3197630, 39.1, 9.1, 376, 一代人远和近 
1874477, 26.7, 7.8, 154, 第三代诗新编 
1025960, 35.9, 8.0, 684, 愤怒 
