Tag: 心理学 

ID, Score, Rating, Votes, Title 
1032501, 57.8, 8.7, 11246, 心理学与生活 
1476651, 59.4, 9.0, 9355, 社会心理学 
1775691, 63.0, 8.3, 51800, 少有人走的路 
10786473, 55.4, 8.2, 16516, 自控力 
1012611, 59.7, 8.3, 29451, 乌合之众 
26910673, 34.4, 7.3, 1300, 巨婴国 
26695174, 47.5, 9.0, 1484, 灯塔 
2328458, 54.6, 9.1, 3920, 社会性动物 
1786387, 61.0, 8.6, 22060, 影响力 
3026879, 59.8, 8.8, 13268, 爱的艺术 
26807400, 37.7, 8.9, 361, 成功心理学 
4242172, 65.8, 8.3, 84367, 天才在左 疯子在右 
1437973, 48.1, 8.7, 2334, 亲密关系 
1534951, 50.6, 8.9, 2715, 逃避自由 
3533221, 50.3, 8.5, 4353, 非暴力沟通 
26921116, 31.2, 9.8, 72, 活着就很伟大 
10785583, 48.9, 8.2, 5345, 思考，快与慢 
26275861, 46.6, 8.6, 2084, 沟通的艺术（插图修订第14版） 
26371317, 51.1, 8.2, 7832, 24个比利 
6952036, 50.9, 9.2, 1987, 对伪心理学说不 
1051097, 43.4, 8.7, 1097, 我们时代的神经症人格 
2143904, 49.6, 8.9, 2335, 进化心理学 
4071842, 51.2, 8.6, 4438, 路西法效应 
3143537, 48.6, 9.3, 1276, 津巴多普通心理学 
26909546, 27.9, 9.6, 51, 我们内心的冲突 
4180711, 53.2, 8.2, 11340, 拖延心理学 
26805083, 33.8, 9.5, 125, 心理治疗之路 
1193621, 46.6, 8.5, 2368, 决策与判断 
2328178, 40.2, 9.0, 487, 态度改变与社会影响 
26150549, 37.9, 8.7, 450, 人性中的善良天使 
4864832, 36.7, 9.4, 203, 为什么学生不喜欢上学? 
25782902, 46.0, 8.3, 2797, 反脆弱 
1147347, 49.2, 8.8, 2455, 改变心理学的40项研究 
26892222, 30.1, 8.2, 198, 生活的哲学 
22994632, 41.0, 9.0, 549, 成功，动机与目标 
26892353, 30.7, 9.3, 91, 蜥蜴脑法则 
1504957, 51.1, 8.6, 4371, 学会提问 
25763679, 32.6, 9.0, 151, 不确定世界的理性选择 
26369699, 41.9, 8.5, 1085, 被讨厌的勇气 
20507212, 45.6, 8.0, 3992, 习惯的力量 
26842369, 20.6, 8.9, 25, 像我们一样疯狂 
26605978, 35.8, 8.4, 429, 超越智商 
26879144, 29.9, 8.7, 125, 落差 
3223711, 52.8, 8.1, 12486, 怪诞行为学 
26390426, 37.1, 8.3, 596, 比利战争 
1944205, 44.0, 8.9, 969, 追寻记忆的痕迹 
1135734, 46.3, 8.6, 1976, 追寻生命的意义 
26808809, 34.7, 8.6, 295, 当我遇见一个人 
10828002, 43.0, 8.1, 2173, 游戏改变世界 
5940553, 49.0, 8.8, 2371, 当尼采哭泣 
1761759, 51.5, 8.9, 3128, 超越死亡 
1874488, 47.5, 8.1, 4793, 别做正常的傻瓜 
26178426, 37.5, 7.6, 1555, 稀缺 
1201821, 50.9, 8.0, 10485, 梦的解析 
24721654, 38.1, 8.8, 424, 红书 
4149893, 41.5, 7.0, 10194, 每天懂一点好玩心理学 
1444900, 46.7, 8.7, 1865, 爱的五种语言 
1193622, 36.7, 8.2, 623, 自我 
26742180, 27.6, 8.5, 100, 心智探奇 
2116916, 44.3, 8.8, 1139, 动机与人格 
26712787, 34.6, 8.2, 434, 可爱的诅咒 
3688489, 48.6, 7.8, 9614, 异类 
26819479, 32.2, 8.5, 215, 小说药丸 
3006742, 38.7, 8.5, 635, 改变 
20492550, 45.2, 7.8, 5090, 清醒思考的艺术 
2259198, 43.9, 9.0, 855, 合作的进化 
4953695, 55.6, 8.0, 24650, 拆掉思维里的墙 
26853742, 30.3, 8.7, 132, 疯子的自由 
6709809, 54.3, 8.4, 9908, 暗时间 
1056295, 57.1, 8.3, 18804, 人性的弱点全集 
1038292, 51.2, 8.6, 4407, 精神分析引论 
26846721, 31.3, 8.8, 144, 如何在爱中修行 
3158482, 53.6, 8.9, 4370, 新世界 
3389960, 41.4, 8.0, 1844, 自卑与超越 
3266968, 48.8, 7.3, 26283, 秘密 
1322992, 31.1, 8.3, 212, 理解人性 
26911009, 29.3, 9.6, 62, 自信向左 自卑向右 
5913475, 42.1, 8.2, 1615, 高难度谈话 
26855873, 25.5, 9.1, 48, 自我的智慧 
3057556, 55.9, 9.0, 5449, 狂热分子 
10539126, 43.8, 8.5, 1491, 社会动物 
26924263, 30.5, 9.8, 65, 你就要很独特 
26593192, 27.9, 8.7, 90, 思想本质 
3908032, 46.5, 7.3, 16125, 怪诞心理学 
2372450, 45.1, 8.6, 1628, 改变，从心开始 
5914475, 43.1, 8.0, 2520, 无价 
3900987, 44.7, 7.7, 5361, 引爆点 
1931769, 39.4, 9.1, 390, 心理学 
2080764, 47.1, 8.3, 3347, 为何家会伤人 
10773358, 43.2, 8.1, 2242, 意志力 
1218321, 41.3, 9.1, 520, 个人形成论 
6391211, 31.3, 8.7, 155, 给未来的记忆 
26847674, 26.8, 8.7, 75, 狡猾的情感 
1223845, 47.4, 7.6, 10883, 男人来自火星 女人来自金星 
26862325, 22.9, 8.9, 36, 人类的荣耀 
3869711, 40.9, 8.2, 1298, 消费者行为学 （第8版·中国版） 
1006614, 43.7, 8.7, 1154, 我们内心的冲突 
6800930, 30.7, 9.0, 113, 人格心理学 
4934733, 41.6, 8.3, 1314, 真实的幸福 
1288844, 46.0, 8.2, 3183, 设计心理学 
26590889, 32.4, 8.3, 268, 情绪急救:应对各种日常心理伤害的策略和方法 
4929897, 39.4, 7.8, 1696, 情商：为什么情商比智商更重要 
2125973, 43.3, 9.3, 585, 心理学导论 
3171735, 40.0, 9.3, 359, 行为科学统计 
2980795, 43.2, 7.7, 4045, 内向者优势 
2183559, 36.8, 8.6, 416, 发展心理学 
26606002, 32.4, 7.8, 448, 恰如其分的自尊 
4062809, 36.1, 8.6, 369, 改善情绪的正念疗法 
26865498, 21.3, 8.6, 33, 医治受伤的自信 
26815907, 25.2, 7.3, 192, 这样和世界相处 
26412113, 34.0, 8.5, 291, 机器人叛乱 
1979199, 37.5, 8.5, 522, 批判性思维 
6052834, 42.0, 8.2, 1584, 亲密关系 
1007073, 33.7, 8.0, 461, 语言本能 
1475128, 34.8, 8.8, 251, 人的潜能和价值 
25867785, 34.5, 8.8, 239, 正义之心 
10773362, 40.4, 8.2, 1201, 随机漫步的傻瓜 
26665498, 35.9, 7.5, 1309, 生命中最简单又最困难的事 
3116096, 41.7, 8.4, 1168, 象与骑象人 
20270670, 44.7, 8.3, 2213, 为何爱会伤人 
26796536, 27.8, 9.4, 56, 身体从未忘记 
5937126, 35.2, 9.2, 191, 认知神经科学 
2376506, 46.0, 8.8, 1483, 生命的轨迹 
2033081, 50.0, 8.2, 6399, 身份的焦虑 
26820338, 25.1, 7.8, 114, 从自我苛求中解放出来 
1313174, 43.5, 8.5, 1399, 荣格自传 
26827391, 25.0, 8.6, 60, 如何应对愤怒的公众 
19949881, 41.6, 8.8, 735, 绝非偶然 
1908685, 31.8, 8.1, 291, 精神焦虑症的自救（病理分析卷） 
25858916, 42.0, 8.3, 1389, 感谢自己的不完美 
6913343, 41.2, 8.3, 1210, 理性乐观派 
25867744, 25.0, 8.3, 75, 简单冥想术：激活你的潜在创造力 
3684193, 42.9, 8.9, 820, 叔本华的治疗 
1477442, 36.9, 9.0, 291, 为自己的人 
3755086, 34.4, 8.8, 237, 发展心理学-儿童与青少年-第八版 
1178089, 45.1, 9.0, 1033, 给心理治疗师的礼物 
5361804, 35.9, 8.5, 397, 焦虑的意义 
5336008, 37.5, 8.3, 640, 瞬变 
26767504, 26.5, 8.2, 105, 孤独 
3035600, 45.1, 8.5, 1842, 心灵的七种兵器 
1429566, 43.0, 8.4, 1466, 变态心理学（第9版） 
1105890, 44.7, 8.2, 2549, 生命的重建 
5980113, 39.1, 8.8, 496, 伯恩斯新情绪疗法 
26851515, 26.9, 7.7, 178, 细节 
1187550, 38.8, 8.1, 1019, 人格心理学 
26688605, 28.1, 6.9, 594, 认同感：用故事包装事实的艺术 
4934590, 39.4, 8.5, 706, 活出最乐观的自己 
3033690, 47.6, 8.0, 5706, 24重人格 
3236762, 37.1, 9.0, 300, 事事本无碍 
3413836, 51.0, 8.4, 5680, 当下的力量 
26285299, 30.5, 8.3, 191, 创造力 
2070807, 42.7, 8.5, 1227, 懂得爱 
26304087, 41.0, 9.2, 456, 孩子：挑战 
11601993, 40.0, 8.1, 1266, 安静 
1927902, 45.3, 7.6, 7194, 九型人格 
6510688, 33.0, 8.0, 405, 看见成长的自己 
25913619, 34.0, 7.9, 538, 理性动物 
25697495, 34.7, 8.7, 269, 情感依附 
1038977, 40.9, 8.6, 815, 谈判是什么 
26849228, 23.2, 8.7, 42, 心情词典 
26806961, 24.9, 8.1, 85, 社交天性 
26838015, 25.0, 8.4, 69, 对于自己，你还是个陌生人 
1857295, 40.8, 9.0, 530, 荣格心理学入门 
1018360, 41.7, 8.6, 936, 性心理学 
26697774, 26.4, 8.6, 76, “错误”的行为 
4263247, 37.6, 8.4, 587, 为什么大猩猩比专家高明 
26647130, 28.7, 8.1, 167, 无处不在的人格 
2970296, 36.2, 8.1, 643, 情绪的解析 
10563555, 44.7, 8.9, 1076, 恐惧 
26921335, 21.8, 9.2, 26, 读完本书，才有力气完成剩下的梦想 
1065003, 38.5, 8.5, 609, 中毒的父母 
6861475, 30.2, 9.3, 85, 意识探秘 
20269004, 30.7, 9.0, 113, 电影美学与心理学 
26840504, 28.0, 7.7, 220, 人人都有妄想症 
3786755, 43.6, 7.2, 10771, 每天懂一点色彩心理学 
1132110, 42.3, 8.4, 1302, 谁在我家 
26782094, 31.7, 7.9, 352, 解决冲突的关键技巧 
20475794, 41.4, 8.1, 1620, 身体知道答案 
24325270, 33.4, 8.2, 349, 道德动物 
6784219, 31.6, 9.4, 97, 生物心理学 
24878420, 37.9, 7.8, 1265, 明智行动的艺术 
6859959, 37.2, 9.0, 305, 健全的社会 
2848329, 34.8, 9.1, 194, Making up the Mind 
4246667, 35.2, 7.6, 986, 粘住 
2285530, 38.5, 9.1, 342, 弗洛伊德及其后继者 
1936756, 41.6, 8.6, 922, 诊疗椅上的谎言 
1047205, 40.1, 8.2, 1142, 性学三论・爱情心理学 
2252637, 33.5, 8.0, 443, 诱惑的艺术 
23708491, 35.3, 7.7, 896, 设计师要懂心理学 
26304954, 28.9, 9.5, 62, 存在主义心理治疗 
3248660, 34.9, 8.3, 407, 语言的魔力 
20477116, 33.1, 9.0, 163, 对权威的服从 
5248376, 40.5, 8.6, 762, 一味 
1101447, 39.1, 7.7, 1838, 不要用爱控制我 
26603828, 32.0, 8.1, 301, 我们与生俱来的七情 
26288194, 32.4, 9.1, 136, 权力与领导（第5版） 
1008949, 35.7, 9.1, 224, 分裂的自我 
6773583, 37.4, 9.0, 313, 意识光谱 
1315575, 35.0, 8.3, 418, 找寻逝去的自我 
6157548, 38.9, 7.6, 2061, 房间里的大象 
2893591, 37.5, 8.5, 518, King, Warrior, Magician, Lover 
20473412, 41.6, 8.0, 1917, 品牌洗脑 
4216680, 37.8, 9.0, 333, 心理类型 
26861583, 36.6, 7.8, 991, 不正常人类症候群 
2307720, 44.2, 8.2, 2342, 幸福的方法 
26702041, 31.6, 7.7, 432, 天生变态狂 
1764940, 38.2, 8.3, 726, 爱是一种选择 
1918220, 39.2, 8.4, 769, 性与性格 
25920297, 32.2, 7.7, 486, 丘吉尔的黑狗 
1788302, 43.3, 8.5, 1357, 重塑心灵 
3432953, 40.1, 8.9, 528, 爱情刽子手 
26319527, 36.0, 8.1, 614, 性学三论 
1394365, 28.8, 8.7, 104, 教養的迷思 
5916004, 34.0, 8.5, 291, 欲望的演化 
1879497, 37.1, 8.5, 485, 新家庭如何塑造人 
3224456, 43.1, 7.7, 3961, 少有人走的路Ⅱ 
6065757, 35.7, 7.2, 2009, FBI心理分析术 
4275052, 36.2, 8.1, 643, 九型人格 
24839553, 38.6, 7.3, 3089, 拖拉一点也无妨 
3422625, 33.5, 8.5, 266, 幸福的真意 
3222291, 31.6, 8.5, 195, 意识的解释 
3298988, 41.3, 8.5, 973, 直视骄阳 
3823020, 36.7, 8.8, 337, 性、生态、灵性 
4742971, 39.9, 7.9, 1627, 错把妻子当帽子 
4032570, 35.1, 8.5, 348, 进化的大脑 
26257557, 31.2, 8.7, 154, 热锅上的家庭 
4309584, 34.5, 8.6, 284, 孩子的宇宙 
3248694, 29.2, 8.5, 129, 不确定状况下的判断 
20413742, 41.1, 7.5, 3743, 不说，就真来不及了 
26334506, 27.7, 8.9, 76, 正常的另一面 
1183730, 43.2, 8.4, 1503, 谈话的力量 
5253757, 44.6, 7.9, 3886, 怪诞行为学2 
2984241, 35.3, 8.6, 324, 思维改变生活 
3346153, 16.9, 6.9, 47, 成败就在刹那间 
1930235, 39.3, 9.0, 421, 社会心理学 
3682751, 34.7, 7.7, 784, 谈判力 
2344105, 38.6, 8.1, 978, 把妹達人之謎男方法 
1509898, 39.2, 9.5, 271, 神经科学 
25833051, 29.8, 8.6, 132, 幸福的婚姻 
26647114, 27.5, 7.9, 163, 太聪明所以不幸福？ 
3822285, 34.5, 8.7, 263, 自我导向行为 
2282946, 43.1, 7.8, 3388, 直面内心的恐惧 
2340059, 38.2, 7.6, 1805, 心理控制术 
25753137, 31.6, 9.3, 105, 心理治疗中的依恋 
1324893, 33.9, 8.1, 429, 犯罪心理画像 
26296233, 31.4, 8.4, 204, 重塑大脑，重塑人生 
26889013, 22.9, 8.8, 38, 看自己：现代症的心理解剖 
26694945, 25.6, 7.8, 126, 抗压力 
6516304, 29.4, 7.8, 255, 分心不是我的错 
26865732, 19.8, 8.8, 23, 纳粹医生 
3425151, 31.3, 8.9, 133, 焦虑情绪调节手册 
26900445, 19.8, 9.0, 21, 像疯子一样思考 像天才一样行动 
3062632, 42.0, 8.5, 1094, 日常生活中的自我呈现 
26593221, 28.0, 9.4, 58, 精神分析诊断（万千心理） 
7067149, 28.6, 9.0, 82, 认知心理学及其启示 
24859467, 31.2, 8.7, 153, 谁说了算？ 
3345059, 31.0, 8.6, 161, 心理医生为什么没有告诉我 
6061658, 36.3, 8.7, 347, 幸福超越完美 
1499410, 20.9, 8.6, 31, The Blank Slate 
3327830, 42.5, 7.7, 3536, 前世今生：16堂生死启蒙课 
2054246, 39.5, 8.0, 1312, 你的误区 
1065156, 29.3, 8.0, 206, 我生活的种种模式 
26823208, 25.0, 8.3, 74, 离经叛道 
26769136, 28.4, 8.7, 97, 为什么长大？ 
26838508, 19.9, 7.8, 43, 具身认知：身体如何影响思维和行为 
21346249, 32.8, 7.7, 549, 选择的悖论 
26894664, 20.0, 8.7, 25, 看脸 
26388011, 24.9, 7.4, 162, 隐性动机 
4053315, 39.8, 8.3, 958, 一念之转 
10736800, 37.6, 6.7, 7765, 重口味心理学 
1085007, 29.4, 8.0, 211, 敏感的人:如何面对外界压力 
1929918, 36.7, 8.9, 310, 心理学的邀请 
6507262, 33.7, 7.5, 842, 如何让你爱的人爱上你 
3681639, 32.2, 8.2, 286, 正念 
4159753, 33.4, 9.3, 136, Your Brain at Work 
7054138, 32.7, 7.3, 906, 洗脑术 
1051659, 38.8, 8.9, 432, 我与你 
26733302, 29.1, 7.5, 338, 自控力：和压力做朋友 
1310112, 39.8, 8.3, 960, 诫律 
25848493, 35.5, 8.4, 413, 猿猴的把戏 
1007667, 38.6, 8.2, 868, 心理学的故事 
26769282, 19.1, 8.0, 32, 如何作出正确决策 
4151204, 35.9, 9.1, 229, 心理学导论 
10794605, 28.8, 7.8, 229, 超级恋爱催眠术 
4843911, 36.1, 7.1, 2563, 魔鬼搭讪学 
25750617, 22.7, 8.5, 44, 嫉羡和感恩 
6890201, 36.7, 7.1, 2923, 我知道你不知道的自己在想什么 
2015536, 31.5, 8.1, 279, 消费者行为学 
5417235, 33.4, 7.9, 487, 失败的逻辑 
26357297, 21.7, 8.2, 45, 记忆之术 
4137809, 34.6, 7.8, 678, 让大脑自由 
1042832, 31.4, 8.3, 225, 走出抑郁 
1292428, 37.1, 8.6, 440, 神经症与人的成长 
26895993, 36.2, 8.2, 571, 刻意练习 
3016247, 24.1, 7.9, 87, 抑郁症的内观认知疗法 
3601801, 32.0, 8.7, 173, 变态心理学 
25885205, 27.9, 7.9, 176, 记忆的风景 
5361568, 27.9, 8.4, 114, 获得幸福婚姻的7法则 
26821903, 35.3, 7.9, 689, 精神科的故事：空中秋千 
3265827, 38.4, 8.9, 403, 人的自我寻求 
1507437, 40.3, 8.4, 933, 人格裂变的姑娘 
2222424, 30.2, 7.6, 372, 女人的起源 
6851587, 32.7, 8.3, 280, 神话的力量 
1965977, 41.8, 7.4, 5093, 我的抑郁症 
3712855, 40.5, 8.3, 1085, 为何越爱越孤独 
1913947, 36.5, 8.3, 541, 万物简史 
1697556, 30.6, 9.8, 66, Principles of Neural Science 
7052007, 28.3, 8.6, 103, 心理学入门 
26865040, 20.1, 8.9, 23, 发展与罪恶 
3035606, 43.4, 8.5, 1376, 七个心理寓言 
26293066, 33.2, 7.7, 595, 你是一切的答案 
1450606, 37.4, 8.3, 627, 爱的序位 
25832152, 30.3, 8.8, 123, 自尊的力量 
26434548, 37.1, 8.0, 846, 别和她说话 
2250289, 44.3, 7.9, 3673, 一个人不要怕 
6510682, 26.0, 7.9, 124, 脑的阅读 
5372542, 29.7, 8.1, 200, 情感勒索 
2244869, 35.1, 7.4, 1298, 瞬間贏得信任的冷讀術 
26335187, 16.1, 7.1, 33, The Road to Character 
24700106, 29.5, 7.8, 259, 硅谷最受欢迎的情商课 
26737908, 27.7, 8.3, 119, 你好，抑郁 
26328457, 29.3, 8.4, 144, 童话心理学 
24720021, 22.7, 8.7, 39, 权力与无知：寻求暴力的根源 
3004272, 37.1, 8.3, 599, 天资差异 
3016336, 38.1, 8.5, 571, 我们为什么不说话 
26743743, 21.4, 8.3, 40, 穿越孤独 
2157346, 30.4, 8.3, 190, 笛卡尔的错误 
1053711, 33.7, 8.4, 300, 自我分析 
10586741, 41.0, 8.3, 1179, 关键对话 
26836252, 17.4, 9.3, 13, 你一动，我就懂 
1778062, 34.7, 8.9, 228, 荣格文集 
1141543, 36.7, 7.8, 1013, 金融心理学 
21241284, 29.3, 8.8, 104, 我穿越疯狂的旅程 
25848953, 26.1, 7.0, 333, 群体性孤独 
26636365, 22.6, 8.7, 38, 偏执狂 
5976544, 34.5, 8.1, 471, 交易心理分析 
26861524, 19.7, 8.7, 24, The Undoing Project 
2338638, 33.2, 8.2, 339, 预知社会 
1291194, 22.1, 9.0, 30, The Society of Mind 
1112447, 33.4, 8.1, 389, 群氓的时代 
6309931, 26.5, 8.6, 77, 自我·群体·社会 
10484712, 33.3, 7.7, 609, 驱动力 
25905227, 28.0, 7.5, 268, 你的生存本能正在杀死你 
10537771, 29.8, 8.9, 105, 登天之梯 
2141865, 37.4, 8.5, 509, 家庭会伤人 
2145946, 33.9, 8.4, 315, 萨提亚家庭治疗模式 
26865924, 23.8, 9.1, 37, 精神病态者的科学 
1214804, 37.2, 8.6, 448, 未发现的自我 
1581309, 29.8, 8.3, 169, 神经衰弱和强迫观念的根治法 
3654465, 37.8, 7.7, 1441, 少有人走的路III 
5291811, 30.5, 7.6, 398, 认识自己，接纳自己 
26781653, 21.6, 8.4, 39, 弗洛伊德遇见佛陀 
1784676, 32.2, 8.9, 153, 占有还是生存 
3613841, 33.6, 8.1, 402, 自信的秘密 
3149514, 38.1, 8.0, 1016, 战胜拖拉 
25910698, 31.2, 8.2, 237, 迷人的假象 
25839107, 33.1, 7.4, 858, 魔鬼约会学 
7174792, 36.6, 8.5, 446, 千面英雄 
3094686, 32.5, 7.6, 590, 銀座媽媽桑說話術 
26774616, 27.1, 8.5, 91, 你就是答案（情怀版） 
26870352, 19.2, 7.6, 43, 内向性格的竞争力:发挥你的本来优势 
20616993, 30.3, 6.6, 1601, 洗脑术 
11509401, 36.2, 6.9, 3767, 正能量 
1057378, 30.0, 7.8, 286, 非同寻常的大众幻想与群众性癫狂 
24722609, 40.4, 7.6, 2737, 催眠师手记 
25925226, 25.9, 8.5, 75, 强势 
5910460, 34.7, 7.5, 1024, 看不见的大猩猩 
4010184, 35.3, 7.4, 1354, 本能 
6861142, 31.2, 8.1, 263, 心灵的面具 
4199618, 32.4, 8.2, 294, 做梦的艺术 
6139564, 35.0, 8.9, 236, 雅克•拉康 
1843275, 30.2, 8.4, 168, 超越自由与尊严 
2241170, 38.8, 8.6, 582, 自我的真相 
1020427, 33.5, 8.6, 244, 爱与意志 
26752847, 23.6, 7.4, 124, 整理情绪的力量 
25752076, 30.3, 7.9, 272, 贪婪的大脑 
1331882, 33.9, 9.3, 147, 存在心理治療（上） 
3441145, 26.8, 8.2, 110, 自尊的6大支柱 
1072606, 38.9, 8.9, 435, 艺术与错觉 
20480678, 30.1, 7.0, 808, 逆转 
1067830, 34.8, 8.9, 229, 人对抗自己 
1337933, 27.0, 7.9, 149, 西方心理咨询经典案例集 
26851858, 20.9, 8.7, 29, 画的力量 
3123690, 33.1, 7.9, 463, 旷野无人 
2293880, 26.9, 8.7, 76, 生涯咨询与辅导 
26803304, 18.5, 8.0, 29, 为什么受伤的总是聪明人 
22224887, 29.2, 8.6, 120, 全脑教养法 
6014434, 28.9, 9.2, 75, 心理统计学（第3版） 
25744065, 29.7, 8.3, 168, 决断力 
3772058, 33.6, 7.5, 826, 吸引力法则 
3312040, 31.2, 8.1, 262, 谁会认错 
1444813, 31.5, 8.4, 208, 灵魂的黑夜 
2823823, 42.7, 9.2, 589, Marva Collins&#39; Way 
3671442, 44.4, 8.5, 1644, 修炼当下的力量 
5246820, 33.7, 7.5, 838, 津巴多时间心理学 
19941064, 22.5, 7.9, 64, 自私的父母 
2061421, 24.4, 8.0, 85, 语言心理学 
20563266, 26.3, 8.6, 74, 社会认知 
1316093, 43.5, 8.3, 1804, 超越自卑 
26697242, 26.4, 7.1, 310, 钓愚 
21676595, 21.6, 8.4, 39, 狐狸与刺猬 
4924898, 24.5, 7.1, 205, 群体的智慧 
20506638, 28.6, 9.0, 82, 自体心理学的理论与实践 
1220789, 40.5, 8.1, 1385, 爱上双人舞 
7064464, 21.3, 8.4, 37, 音乐、语言与脑 
25985811, 26.2, 7.9, 128, 非暴力沟通实践篇 
1053405, 31.9, 8.9, 146, 人类的破坏性剖析 
6852021, 30.2, 7.6, 374, 与内心的小孩对话 
1950407, 36.4, 9.0, 270, 客体关系心理治疗 
1869638, 27.1, 8.9, 69, The Inner Game of Tennis 
26705662, 28.9, 9.2, 75, 心理营养 
26333444, 24.5, 9.1, 41, 精神分析治疗：实践指导（万千心理） 
26866061, 22.4, 8.7, 37, 让孩子不恐惧、不焦虑、不拖延 
26299530, 26.9, 8.0, 132, 善恶之源 
3695857, 31.9, 8.0, 329, 我与躁郁症共处的30年 
1829801, 35.5, 8.2, 508, 忧郁 
11442509, 32.6, 8.4, 249, 读懂恋人心 
26850526, 36.6, 8.3, 546, 追时间的人 
24872319, 31.6, 8.1, 284, 理性的非理性 
26740257, 28.5, 8.0, 179, 内在革命：一本关于成长的书 
24868861, 30.4, 7.6, 390, 倾听术 
1476458, 33.9, 8.5, 285, 自我实现的人 
2209663, 32.1, 7.2, 918, 孤独的性 
3696966, 37.1, 8.9, 330, 踏上心灵幽径 
1173442, 36.1, 8.9, 280, 精神分析案例解析 
21868971, 28.7, 8.8, 95, 隐藏的自我 
1053204, 37.5, 7.7, 1363, 弗洛伊德心理哲学 
26183848, 36.6, 7.3, 2045, 完美关系的秘密 
6084402, 36.1, 8.7, 339, 游戏力 
1684120, 30.9, 7.6, 430, 思维的版图 
1006005, 36.7, 8.5, 453, 过犹不及 
24845389, 31.8, 7.7, 456, 潜意识 
1000697, 20.7, 9.3, 21, 天才的思考 
4062735, 35.2, 8.5, 352, 对生命说是 
1459390, 31.1, 9.4, 91, 弗洛姆文集：我相信人有实现自己的权利 
20259499, 25.7, 7.4, 190, 忧郁的解剖 
1425985, 16.1, 6.3, 69, 心理学的故事 
25808733, 27.5, 9.2, 61, 爱·恨与修复 
2281620, 31.0, 8.5, 175, 艾瑞克森催眠治疗理论 
24527645, 29.6, 8.1, 199, 心的处方笺 
1823968, 27.0, 9.0, 64, 西尔格德心理学 
1921568, 25.2, 8.1, 90, 奖励的惩罚 
19894314, 28.1, 8.9, 81, 自体的分析 
26248157, 25.0, 8.5, 65, 你能写出好故事 
5300082, 18.8, 7.7, 37, 亲爱的，我们别吵了 
26342463, 22.8, 7.1, 142, 你就是脸皮太薄！ 
3405756, 33.8, 7.9, 524, 生活的暗面 
25834256, 25.9, 8.5, 75, 培养高情商的孩子 
26383818, 24.5, 8.2, 74, 父性 
2383735, 22.6, 8.8, 36, How We Know What Isn&#39;t So 
4771145, 26.7, 9.2, 54, The Tell-tale Brain 
25763661, 20.4, 8.4, 32, 积极心理学 
2193673, 28.5, 7.9, 195, 心理和脑 
1135754, 44.2, 8.1, 2668, 你的灯亮着吗? 
1539735, 27.1, 8.2, 117, 自觉和领悟之路 
26723536, 21.4, 7.3, 87, 争辩力 
2303751, 24.9, 9.3, 39, 家庭与夫妻治疗 
26365755, 26.3, 9.4, 45, 精神分析案例解析（万千心理） 
2141624, 30.4, 7.5, 435, 躁狂抑郁多才俊 
3277343, 40.7, 8.1, 1434, 生命四元素 
6990052, 30.4, 7.6, 391, 哈佛幸福课 
20471507, 32.3, 7.9, 393, 九种忧伤 
5299980, 30.0, 8.3, 177, 教出乐观的孩子 
21214091, 38.6, 9.0, 379, 人生的十二个面向 
1002815, 37.9, 7.7, 1470, 登天的感觉 
1429564, 27.4, 8.3, 112, 心理咨询的技巧和策略 
4821765, 36.1, 8.0, 706, 火星上的人类学家 
2990695, 28.6, 8.3, 138, 爱，上了瘾 
1908684, 25.6, 7.9, 115, 精神焦虑症的自救 演讲访谈卷 
25834607, 26.6, 7.9, 137, 自由的进化 
2299775, 22.9, 8.2, 56, Musicophilia 
3622446, 36.0, 6.9, 3544, FBI教你破解身体语言 
1219421, 29.5, 8.2, 176, 实验心理学 
5377234, 31.9, 7.6, 517, 情商2 
26769662, 24.0, 7.7, 101, 雄性衰落 
26790125, 13.2, 7.8, 12, 注意力 
1315234, 35.0, 8.1, 522, 图腾与禁忌 
1275195, 23.4, 8.8, 41, 恶 
6515939, 35.6, 6.8, 3957, 世界如此险恶，你要内心强大 
4022709, 29.8, 7.4, 441, 助推 
25894861, 29.7, 6.5, 1661, 跟任何人都聊得来 
4210847, 32.7, 8.3, 280, 潜意识与心灵成长 
20485924, 27.1, 8.4, 99, Give and Take 
1868555, 22.7, 8.8, 37, 阻力最小之路 
25810164, 28.7, 8.6, 111, 心理学百科 
6068005, 30.4, 8.6, 146, 原型与集体无意识-荣格文集（第五卷） 
25760338, 28.8, 9.4, 65, 万千心理：心理治疗实战录 
2345245, 22.1, 9.2, 27, Synaptic Self 
24706032, 28.5, 7.4, 335, 本能 
2072469, 35.3, 8.0, 610, 死亡回忆 
1291535, 34.9, 7.6, 931, Blink 
3858060, 24.9, 8.8, 52, 心理咨询师的问诊策略 
26354161, 26.6, 8.1, 116, 爱人、情人和怪人 
4187225, 35.0, 7.6, 961, 59秒 
1327007, 38.5, 8.6, 551, 悲剧心理学 
26775040, 23.8, 7.9, 82, 完美母女关系的秘密 
4233221, 26.7, 8.5, 85, 双相情感障碍 
1315269, 31.0, 8.3, 208, 心灵、自我与社会 
26822490, 17.5, 8.8, 16, 我们在为什么样的广告买单 
26645313, 27.3, 8.0, 142, 不正常人类研究所 
24532754, 26.4, 8.8, 66, 认知疗法基础与应用 
5335820, 31.8, 9.0, 134, 心理动力学心理治疗简明指南 
1879344, 34.6, 8.8, 242, 精神分析与宗教 
6750510, 34.7, 7.9, 619, 设计心理学2 
2374426, 12.7, 8.0, 10, Bounded Rationality 
3834938, 50.1, 8.3, 5632, 与神对话（第一卷） 
25817021, 34.9, 8.1, 513, 20岁，光阴不再来 
1225971, 28.5, 7.4, 338, 谁在操纵你？ 
23752241, 22.9, 8.3, 52, 自体的重建 
2158889, 36.5, 8.3, 544, 权力的48条法则 
26261585, 20.2, 5.7, 545, 反洗脑 
3216250, 21.2, 9.1, 25, 认知、脑与意识 
11524925, 30.0, 9.3, 82, 阿斯伯格综合征完全指南 
26324187, 31.7, 7.7, 441, 每一种孤独都有陪伴 
6394591, 24.3, 8.5, 57, 心理学史 
6538416, 27.5, 7.4, 271, 微表情 
3662227, 32.8, 8.4, 258, 私密的神话 
10809149, 29.1, 8.1, 180, 别忽视上帝的提醒 
4087584, 32.8, 7.4, 804, 害羞心理学 
25774384, 26.4, 8.5, 82, 冥想 
5398985, 28.3, 7.8, 208, 积极情绪的力量 
1171256, 27.6, 8.2, 127, 教育心理学 
3140334, 27.6, 8.6, 93, 无快乐的经济:人类获得满足的心理学 
3314537, 22.7, 9.0, 33, 婴儿、儿童和青少年 
3666720, 21.0, 9.1, 24, 儿童心理学手册 
5999507, 35.0, 8.4, 380, 妈妈及生命的意义 
4208898, 27.3, 8.4, 102, 心灵种种 
25755874, 29.4, 7.6, 319, 运动改造大脑 
26780966, 19.5, 7.6, 46, 生活中的大脑骗局 
26220853, 26.0, 8.8, 62, 论人的成长 
2362451, 24.3, 8.7, 50, 感受发生的一切 
1425813, 23.9, 7.8, 91, 儿童心理学 
3542657, 22.4, 8.2, 51, 思维与决策（第四版） 
6011081, 28.4, 7.0, 547, 冥想5分钟，等于熟睡一小时 
11589950, 40.2, 7.7, 2273, 沃顿商学院最受欢迎的谈判课 
1764721, 27.5, 8.5, 98, 心灵的激情（上） 
20271917, 26.4, 7.6, 177, 持续的幸福 
24380575, 24.8, 6.9, 278, FBI行为分析学 
3423225, 27.9, 8.6, 97, 寻找斯宾诺莎 
2241169, 39.0, 8.7, 540, 解脱之道 
3324610, 33.2, 7.4, 870, 摇摆 
25953748, 24.6, 6.7, 352, FBI危险人格识别术 
20476804, 30.5, 7.7, 355, 不诚实的诚实真相 
3030535, 31.9, 7.8, 412, 自我训练 
26443173, 18.2, 7.3, 44, 石头剪刀布博弈心理学 
6430918, 19.1, 7.3, 54, 20几岁要懂得的手段和心计大全集 
25876499, 26.9, 7.2, 305, 女人的性爱动机 
1775895, 35.4, 8.5, 366, 心的出路 
26735206, 20.0, 9.3, 19, 亲密伴侣 
1775813, 28.7, 8.3, 140, 存在的勇气 
10598181, 28.6, 7.3, 389, 随机生存的智慧 
25961690, 30.7, 8.2, 219, 梦的解析 
1478704, 30.7, 9.1, 104, 心理治疗入门 
2296845, 25.9, 6.9, 363, 专注力 
24867884, 21.7, 8.3, 42, 变态心理学 
20272118, 25.4, 8.3, 80, 儿童大脑开窍手册 
1064649, 32.9, 8.8, 184, 分析心理学的理论与实践 
1274469, 45.5, 8.4, 2251, 自杀论 
25805226, 26.6, 7.5, 206, 控制焦虑 
25961421, 18.5, 8.4, 23, 情绪自控力：把消极变积极的力量 
1004506, 32.4, 8.1, 324, 就业宝典 
26430576, 24.5, 7.9, 94, 为什么我们爱得这么累 
4159343, 35.2, 7.7, 879, 潜意识的力量 
1053709, 31.5, 8.3, 227, 禅宗与精神分析 
2327264, 34.4, 8.5, 311, 日益亲近 
1257434, 35.3, 7.9, 694, 马斯洛人本哲学 
26790813, 23.7, 8.5, 52, 黑羊效应 
11605861, 22.9, 9.6, 25, 客体关系家庭治疗 
4863620, 29.1, 9.5, 64, 长程心理动力学心理治疗 
26721477, 20.4, 9.1, 22, 创伤与复原 
26628226, 21.9, 7.4, 88, 达尔文告诉你，为什么男人不坏女人不爱 
4836697, 41.9, 8.3, 1376, 看见真相的男孩 
5398731, 30.3, 7.4, 481, 童话的心理分析 
23058339, 24.2, 8.3, 65, 认知设计 
11583939, 15.2, 8.0, 16, 行动科学 
25707650, 24.6, 7.1, 209, 别想那只大象 
2082044, 35.9, 8.1, 612, 金赛性学报告 
26891167, 18.0, 8.5, 20, 红楼梦圆 
2074773, 34.6, 7.8, 686, 把妹達人 
2327273, 29.1, 8.4, 139, 我好-你好 
3192038, 30.6, 7.9, 287, 广告心理 
6712304, 35.3, 7.3, 1562, 怪诞心理学2 
1843070, 27.7, 8.5, 102, 儿童的人格教育 
22229485, 34.3, 7.8, 652, 需求 
6194593, 31.1, 7.6, 443, 人类性幻想 
5356341, 36.6, 8.0, 778, 男人来自火星，女人来自金星2 
5262349, 31.0, 9.1, 110, 心理治疗之路 
6810303, 27.1, 7.2, 319, 终结拖延症 
4188027, 31.2, 8.5, 181, 活在爱中的秘诀 
1440342, 32.1, 8.6, 194, 发生认识论原理 
26214776, 25.2, 7.7, 127, 实力、运气与成功 
4258808, 36.4, 8.3, 535, 还我本来面目 
10758030, 34.1, 8.8, 225, 让孩子的大脑自由 
3771081, 34.5, 7.6, 872, 为什么男人爱说谎 女人爱哭 
4312829, 42.0, 8.3, 1399, 亲密行为 
25975450, 27.9, 8.4, 113, 积极恋爱心理学 
1912252, 20.4, 8.7, 27, 理解孩子的成长 
1931681, 33.3, 8.9, 182, 罗杰斯著作精粹 
25976094, 24.5, 8.1, 80, 普鲁斯特是个神经学家 
4736432, 21.8, 7.4, 86, 羞涩与社交焦虑 
2887830, 18.0, 8.4, 21, Hope and Help for Your Nerves 
5939058, 36.9, 7.5, 1617, 别拿男人不当动物 
1823961, 17.4, 8.3, 20, 适应性思维 
2054643, 31.3, 8.5, 183, 生理心理学 
4045849, 37.5, 8.8, 386, 无可摧毁的纯真 
2021604, 26.9, 8.5, 89, 管理决策中的判断 
3690451, 40.7, 8.3, 1110, 我遗失了时间 
20390477, 24.3, 9.1, 40, Far From the Tree 
1799255, 32.8, 8.5, 238, 精神分析入门 
3896758, 38.4, 8.4, 675, 参谋助手论 
26770312, 20.2, 8.5, 29, 自我分析 
1762619, 24.9, 9.2, 41, 弗洛姆著作精选：人性、社会、拯救 
5325861, 31.8, 6.5, 2816, 气场 
1964884, 34.8, 7.4, 1224, 为什么幸运的人总幸运倒霉的人老倒霉 
24746183, 19.0, 8.1, 30, 暴食症康复指南 
1141154, 32.4, 8.4, 242, 程序开发心理学 
1232744, 29.8, 8.8, 114, 神经质的实质与治疗 
3712854, 33.8, 7.8, 588, 梦知道答案 
10520050, 25.2, 8.7, 58, Tiny Beautiful Things 
4892883, 39.9, 8.5, 772, 爱是一切的答案 
1197815, 30.8, 8.9, 123, 团体心理治疗 
10517695, 29.7, 6.7, 1184, 你以为你以为的就是你以为的吗 
25712066, 29.0, 7.7, 263, 当哲学家遇上心理医生 
7154320, 31.9, 7.5, 585, 与爱因斯坦月球漫步 
2979734, 24.7, 9.0, 45, Nonsense 
4710580, 38.8, 8.7, 521, 智慧的觉醒 
1046135, 22.5, 7.6, 82, 克服焦虑 
6858459, 35.7, 8.1, 585, 当下的力量Ⅱ 
3656423, 27.9, 7.7, 215, 我的那条叫做“抑郁症”的黑狗/与抑郁症相伴的日子 
21966337, 30.1, 8.9, 110, 论关系 
2229649, 32.2, 8.3, 257, 童年的秘密 
10876941, 26.9, 8.8, 71, 心理动力学疗法 
10344527, 22.8, 8.3, 51, 妈妈的心灵课 
10769712, 26.4, 6.3, 1043, 爆发 
6019667, 27.1, 7.5, 227, 选择的艺术 
3373894, 27.7, 7.3, 324, 说服力 
4100363, 25.6, 8.6, 67, 人类和动物的表情 
5408894, 28.3, 7.5, 290, 你需要多少朋友 
25714450, 22.6, 8.3, 49, 自恋主义文化 
26641750, 22.3, 8.1, 54, 我战胜了抑郁症 
25863575, 26.1, 8.5, 78, 不是读心术不是心理学不是魔法 
2282133, 28.2, 8.1, 154, 一种幻想的未来 文明及其不满 
10557754, 29.0, 8.2, 161, 荣格与炼金术 
26852140, 19.1, 7.7, 39, 冷眼观爱2：一切情感问题的答案 
1676619, 22.2, 8.7, 36, 智慧与魔咒 
25931208, 24.6, 7.2, 188, 反直觉思考 
1909385, 20.7, 6.8, 122, 人间游戏 
4917079, 21.9, 7.7, 68, 人性能达到的境界 
4882155, 29.0, 6.9, 730, 关于爱与性的一切，你全错了 
1551550, 27.1, 7.9, 150, 格式塔心理学原理（上下） 
4934611, 32.2, 7.2, 939, 九型人格心灵密码学 
1320151, 25.2, 8.1, 90, 人是如何学习的 
1829139, 37.3, 7.2, 2826, “色”眼识人 
5395411, 23.4, 7.5, 107, 习得性无助 
6810273, 31.2, 8.5, 182, 我即我脑 
3115378, 27.7, 7.6, 229, NLP自我重塑计划-21天塑造全新自我 
5373043, 23.4, 7.5, 107, 人情与面子 
1819835, 28.0, 8.5, 106, 弗洛伊德传(上、下) 
24284032, 23.2, 8.1, 63, 危险方法 
25875190, 28.9, 7.5, 327, 眨眼之间 
3352074, 31.3, 8.1, 268, 萨提亚冥想－内在和谐、人际和睦与世界和平 
1338662, 28.1, 8.9, 81, 艾瑞克森：天生的催眠大師 
25750516, 25.2, 9.0, 48, 潜意识与心灵成长 
1970825, 32.8, 8.3, 286, 自杀与美好生活 
2122937, 31.7, 8.8, 153, 在幻想锁链的彼岸 
26667961, 15.0, 7.9, 16, 温尼科特传 
4816556, 18.3, 8.0, 28, 焦虑症和恐惧症 
25866894, 21.7, 6.9, 138, 疯狂行为学 
25764531, 28.3, 7.4, 325, 性别是条毛毛虫 
26856945, 13.9, 7.9, 13, 音爆 
2382924, 36.4, 8.1, 664, 色彩的性格 
26314386, 25.7, 8.5, 73, 心灵的未来 
1712350, 24.6, 7.7, 113, 动机心理学 
1065750, 36.2, 8.2, 578, 我是谁 
1444100, 26.5, 8.5, 83, 实验心理学教程 
25778576, 24.8, 8.6, 58, 魅力 
25809383, 25.1, 8.3, 76, 怪诞现象学（插图第6版） 
2125914, 24.9, 9.2, 41, 青春期 
6902720, 27.6, 8.4, 107, 意念力 
3800022, 47.4, 8.2, 4104, 活出全新的自己 
1316723, 33.6, 8.4, 296, 日常生活的精神病理学 
26132615, 22.6, 8.3, 49, 寻找遗失的美好 
26315808, 20.1, 8.1, 36, 童话的魅力 
24383564, 22.0, 7.5, 82, 性格的力量 
3084973, 31.6, 8.9, 139, 心理治疗师的问答艺术 
2303128, 34.4, 8.5, 311, 简析荣格 
4619523, 29.4, 8.6, 124, 回家 
6717149, 26.8, 8.3, 101, 分心也有好人生 
3290954, 28.6, 8.7, 101, 弗洛伊德心理学入门 
25917623, 28.2, 7.7, 225, 女巫一定得死 
2006868, 26.6, 9.3, 50, 人我之間 
4722181, 31.2, 7.5, 509, 小心，无良是一种病 
2125536, 33.4, 8.5, 260, 懂得生命 
11403211, 22.4, 8.2, 51, Daring Greatly 
20445340, 25.4, 6.6, 488, 16型人格的自我修炼 
1852584, 29.6, 8.7, 119, 异常心理学 
3023149, 37.3, 8.5, 499, 狂喜之后 
26429188, 27.3, 7.9, 157, 基因战争 
25799516, 20.5, 8.6, 29, 认知行为治疗 
26647363, 23.7, 7.9, 80, 设计心理学4 
1479072, 22.3, 8.1, 54, 消费者行为学 
5293924, 22.3, 7.5, 87, 美国的弑母文化 
4039365, 25.3, 7.9, 108, 爱的最佳距离 
25917736, 23.8, 7.5, 117, 情种起源 
1945390, 24.0, 8.1, 73, 法西斯主义群众心理学 
26612166, 17.9, 8.2, 23, 同理心文明 
6537368, 21.8, 8.5, 38, 中国人的关系原理 
26672431, 27.7, 8.4, 109, 愿你拥有被爱照亮的生命 
4265573, 34.6, 8.1, 484, 赌客信条 
3574846, 25.3, 8.3, 78, 辩证行为疗法 
3824134, 31.0, 7.4, 562, 动物精神 
4256998, 30.3, 7.5, 430, 爱情心理学 
25794568, 20.1, 8.6, 27, 伯克毕生发展心理学：从青年到老年（第4版） 
10825209, 29.4, 7.6, 317, 在电影院遇见弗洛伊德 
6857343, 23.1, 9.0, 35, 内向孩子的潜在优势 
1320298, 26.6, 7.9, 138, 超越恐惧和贪婪 
1168575, 41.3, 8.6, 870, 爱和自由 
3426781, 21.1, 7.9, 50, 边缘性人格障碍治疗手册 
26664265, 20.6, 7.9, 45, Grit 
6832303, 42.6, 6.9, 16172, 别相信任何人 
1974521, 34.2, 8.7, 250, 变态心理学与心理治疗 
3540367, 31.9, 8.4, 224, 印象洗脑术 
21764541, 33.9, 8.7, 238, 爱的五种能力 
10581953, 20.2, 8.7, 26, 边缘性人格障碍的移情焦点治疗 
26675645, 18.7, 7.8, 34, 愚昧者的愚昧 
25858893, 17.9, 8.0, 26, 心理学最佳入门（原书第2版） 
1020110, 20.6, 7.9, 45, 丘比特之箭 
4330526, 34.1, 8.4, 322, 幻想即现实 
21294724, 22.9, 7.2, 131, 人格解码 
1171983, 31.2, 8.6, 167, 洞察未来 
3077186, 34.8, 8.1, 499, 群氓之族 
20472028, 31.9, 7.9, 371, 我们为何如此不安 
26220337, 19.6, 6.6, 119, 元认知：改变大脑的顽固思维 
26836245, 16.5, 8.2, 18, 当我遇见一个人 
1149311, 30.8, 8.6, 156, 心理学史导论 
6009051, 31.8, 8.2, 263, 爱上双人舞 
26261080, 19.7, 7.5, 51, 破窗效应（新知文库） 
25806938, 25.5, 7.2, 227, 怪癖心理学 
26593896, 15.3, 7.9, 17, 道德的起源 
6999545, 33.6, 8.1, 405, 男人的伎俩 女人的道行 
4213167, 25.3, 8.1, 91, 危险的心理咨询 
3185636, 27.8, 8.8, 82, 天才儿童的悲剧 
26275063, 34.2, 8.6, 274, 活得明白 
2115948, 34.6, 8.1, 482, 解读“疯狂”——热点话题人物的心理分析 
10600374, 29.1, 7.6, 298, 拖延心理学2 
2080389, 27.8, 8.9, 77, 人心 
25792009, 27.3, 7.7, 192, 不分心：初学者的正念书 
5975975, 24.9, 7.6, 132, 无边的恐惧 
26790128, 12.4, 7.9, 10, 小集团思维 
4715270, 27.9, 6.8, 657, 读心术 
20386245, 20.5, 6.4, 191, 情商 
1726684, 30.5, 7.6, 395, Why Men Marry Bitches 
2333083, 28.4, 8.4, 124, 人的意识 
1223943, 28.1, 7.8, 201, 拉康选集 
6861176, 24.0, 8.7, 48, 精神分析治愈之道 
1420502, 32.8, 8.1, 348, 爱欲与文明 
6076154, 30.0, 6.4, 2182, 跟乐嘉学性格色彩 
20283580, 22.9, 7.5, 98, 乐观的偏见 
10764917, 23.7, 8.4, 56, 不与自己对抗你就会更强大 
1064298, 35.2, 7.6, 999, 海蒂性学报告：男人篇 
26833809, 19.0, 8.2, 28, 看不见的背叛 
26278762, 22.2, 7.6, 78, 心思大开 
1050762, 29.9, 8.0, 230, 10秒钟让自己不同凡响 
26593901, 14.3, 7.9, 14, 合作的物种 
3578482, 31.7, 8.6, 182, 释梦 
3865964, 25.0, 9.1, 44, 家庭与家庭治疗 
26202327, 22.8, 7.5, 95, 愉悦回路 
2075107, 30.6, 7.2, 674, 邪恶心理学 
3667896, 18.1, 7.0, 56, 消费心理学 
3742938, 26.4, 7.8, 146, 銀座紅牌馭男術 
25978468, 34.3, 7.8, 647, 遇见孩子，遇见更好的自己 
5502402, 27.3, 8.0, 142, 哈佛积极心理学笔记 
1103252, 33.3, 8.2, 342, 你有几个灵魂 
20509730, 25.5, 8.2, 88, 生活就像练习 
25963532, 20.0, 7.6, 50, 理性情绪 
26657452, 15.8, 7.6, 22, 眼神不败术 
1879498, 30.0, 8.2, 194, 萨提亚治疗实录 
6053667, 24.7, 9.9, 28, 動力取向精神醫學--臨床應用與實務 
5924575, 23.5, 7.9, 78, The Gifts of Imperfection 
10794539, 20.9, 8.0, 45, 心智 
25894673, 22.9, 8.7, 40, Make it Stick 
25939066, 19.7, 8.1, 34, 心理学家的读脸术 
1421346, 26.7, 8.1, 118, 森田心理疗法实践 
4931586, 21.7, 8.5, 37, 荣格文集（全九册） 
6869079, 32.6, 8.1, 340, 但愿婚前我知道 
3642050, 40.1, 8.3, 1014, 宽恕就是爱 
4872667, 30.3, 8.1, 224, 爱自己 
4836530, 24.7, 8.7, 54, 剑桥学习科学手册 
26797123, 12.1, 7.1, 14, 温暖消逝：关于临终、死亡与丧亲关怀 
3596216, 23.7, 8.0, 74, 改变思维 
5437075, 30.8, 8.1, 246, 解读绝望 
10770914, 23.7, 7.6, 105, 6个问题竟能说服各种人 
3334723, 31.3, 7.7, 409, 谣言 
2061640, 22.7, 7.2, 126, 疯狂天才 
6114839, 24.4, 8.1, 78, 睡人 
26043897, 22.2, 8.1, 53, 想象 
11524362, 27.4, 8.0, 146, 注意!有人在盯着你 
2283406, 22.3, 7.0, 141, 111个失败的案例 
1331735, 31.8, 8.6, 185, 佛洛依德之精神分析论 
1272898, 27.4, 8.7, 83, 自我的根源 
20259504, 23.1, 8.5, 47, 质性研究访谈 
25809399, 21.7, 7.7, 65, 透视谎言 
6100950, 28.0, 7.1, 439, 微反应 
3608151, 21.9, 8.2, 47, 环境心理学 
3430785, 31.6, 8.7, 163, 催眠之声伴随你 
4817904, 27.3, 9.1, 63, 以人为中心心理咨询实践 
1071941, 18.5, 8.5, 22, 怎样适应生活 
26733525, 17.1, 8.2, 20, 记忆-牛津通识读本 
26377468, 19.4, 8.6, 24, 小猪猪的故事（万千心理） 
1428482, 34.5, 8.6, 286, 心理神探 
3583739, 23.5, 9.0, 37, 遊戲與現實 
2118345, 19.8, 8.5, 27, 為什麼我不敢告訴您我是誰 
25917098, 19.8, 8.8, 23, 精神障碍诊断与统计手册(案头参考书)(第五版) 
1862776, 33.6, 8.0, 454, 心理学改变生活 
25925049, 25.0, 6.9, 294, 那些伤，为什么我还放不下：斯坦福大学最重要的一堂情绪管理课 
25930184, 18.4, 7.9, 30, 从心理问题到心理优势 
20492095, 25.8, 7.1, 273, 性、谋杀及生命的意义 
1331654, 24.7, 8.0, 90, 榮格與占星學 
3023839, 30.8, 8.1, 243, 苦痛和疾病的社会根源 
3887659, 29.7, 7.5, 382, 当经济学遇上生物学和心理学 
