Tag: 心理 

ID, Score, Rating, Votes, Title 
1032501, 57.8, 8.7, 11246, 心理学与生活 
1476651, 59.4, 9.0, 9355, 社会心理学 
26275861, 46.6, 8.6, 2084, 沟通的艺术（插图修订第14版） 
26869695, 32.2, 9.0, 142, 棕色的世界 
1775691, 63.0, 8.3, 51805, 少有人走的路 
10786473, 55.4, 8.2, 16520, 自控力 
26910673, 34.5, 7.3, 1313, 巨婴国 
2328458, 54.6, 9.1, 3920, 社会性动物 
3026879, 59.8, 8.8, 13269, 爱的艺术 
26807400, 37.7, 8.9, 361, 成功心理学 
1786387, 61.0, 8.6, 22060, 影响力 
4242172, 65.8, 8.3, 84370, 天才在左 疯子在右 
1437973, 48.1, 8.7, 2334, 亲密关系 
1012611, 59.7, 8.3, 29455, 乌合之众 
26853742, 30.3, 8.7, 132, 疯子的自由 
3533221, 50.3, 8.5, 4355, 非暴力沟通 
26371317, 51.1, 8.2, 7836, 24个比利 
1442869, 54.3, 8.9, 4846, 献给阿尔吉侬的花束 
26761696, 45.3, 7.8, 5155, 精进 
6952036, 50.9, 9.2, 1989, 对伪心理学说不 
26923390, 37.4, 9.0, 315, 长夜难明 
2143904, 49.6, 8.9, 2335, 进化心理学 
1051097, 43.4, 8.7, 1098, 我们时代的神经症人格 
4071842, 51.2, 8.6, 4438, 路西法效应 
3143537, 48.6, 9.3, 1276, 津巴多普通心理学 
26909546, 27.9, 9.6, 51, 我们内心的冲突 
1534951, 50.6, 8.9, 2715, 逃避自由 
4180711, 53.2, 8.2, 11341, 拖延心理学 
2340100, 60.8, 8.1, 52187, 遇见未知的自己 
1056295, 57.1, 8.3, 18805, 人性的弱点全集 
26805083, 33.8, 9.5, 125, 心理治疗之路 
2328178, 40.2, 9.0, 487, 态度改变与社会影响 
1193621, 46.6, 8.5, 2369, 决策与判断 
25782902, 46.0, 8.3, 2798, 反脆弱 
1147347, 49.2, 8.8, 2455, 改变心理学的40项研究 
26390426, 37.1, 8.3, 596, 比利战争 
1022632, 55.3, 8.7, 7466, 罪与罚 
26369699, 41.9, 8.5, 1085, 被讨厌的勇气 
10785583, 48.9, 8.2, 5346, 思考，快与慢 
26842369, 20.6, 8.9, 25, 像我们一样疯狂 
25763679, 32.6, 9.0, 151, 不确定世界的理性选择 
26892353, 30.7, 9.3, 91, 蜥蜴脑法则 
26879144, 29.9, 8.7, 125, 落差 
26865732, 19.8, 8.8, 23, 纳粹医生 
20507212, 45.6, 8.0, 3992, 习惯的力量 
26808809, 34.7, 8.6, 295, 当我遇见一个人 
3223711, 52.8, 8.1, 12486, 怪诞行为学 
1135734, 46.3, 8.6, 1976, 追寻生命的意义 
3318174, 44.6, 8.3, 2200, 这书能让你戒烟 
1761759, 51.5, 8.9, 3128, 超越死亡 
5940553, 49.0, 8.8, 2373, 当尼采哭泣 
4864832, 36.7, 9.4, 203, 为什么学生不喜欢上学? 
1874488, 47.5, 8.1, 4793, 别做正常的傻瓜 
24721654, 38.1, 8.8, 424, 红书 
1201821, 50.9, 8.0, 10486, 梦的解析 
2033081, 50.0, 8.2, 6399, 身份的焦虑 
4149893, 41.5, 7.0, 10193, 每天懂一点好玩心理学 
1444900, 46.7, 8.7, 1865, 爱的五种语言 
26712787, 34.6, 8.2, 434, 可爱的诅咒 
1193622, 36.7, 8.2, 623, 自我 
26742180, 27.6, 8.5, 100, 心智探奇 
3006742, 38.7, 8.5, 636, 改变 
2116916, 44.3, 8.8, 1139, 动机与人格 
1504957, 51.1, 8.6, 4371, 学会提问 
3266968, 48.8, 7.3, 26284, 秘密 
3158482, 53.6, 8.9, 4370, 新世界 
26924263, 30.5, 9.8, 65, 你就要很独特 
3389960, 41.4, 8.0, 1845, 自卑与超越 
3413836, 51.0, 8.4, 5680, 当下的力量 
1038292, 51.2, 8.6, 4408, 精神分析引论 
4953695, 55.6, 8.0, 24654, 拆掉思维里的墙 
3057556, 55.9, 9.0, 5449, 狂热分子 
26304087, 41.0, 9.2, 456, 孩子：挑战 
26852595, 33.3, 9.7, 102, 解梦大师 
26593192, 27.9, 8.7, 90, 思想本质 
3908032, 46.5, 7.3, 16126, 怪诞心理学 
1322992, 31.1, 8.3, 212, 理解人性 
2372450, 45.1, 8.6, 1628, 改变，从心开始 
1944205, 44.0, 8.9, 969, 追寻记忆的痕迹 
2080764, 47.1, 8.3, 3347, 为何家会伤人 
1931769, 39.4, 9.1, 390, 心理学 
10563555, 44.7, 8.9, 1076, 恐惧 
10773358, 43.2, 8.1, 2242, 意志力 
26846721, 31.4, 8.8, 145, 如何在爱中修行 
6800930, 30.7, 9.0, 113, 人格心理学 
6391211, 31.3, 8.7, 155, 给未来的记忆 
1223845, 47.4, 7.6, 10883, 男人来自火星 女人来自金星 
1067049, 43.7, 8.8, 1032, 孩子，把你的手给我 
22994632, 41.0, 9.0, 549, 成功，动机与目标 
4934733, 41.6, 8.3, 1314, 真实的幸福 
1006614, 43.7, 8.7, 1155, 我们内心的冲突 
26590889, 32.4, 8.3, 268, 情绪急救:应对各种日常心理伤害的策略和方法 
26605978, 35.8, 8.4, 429, 超越智商 
4929897, 39.4, 7.8, 1696, 情商：为什么情商比智商更重要 
1288844, 46.0, 8.2, 3183, 设计心理学 
2980795, 43.2, 7.7, 4044, 内向者优势 
1218321, 41.3, 9.1, 520, 个人形成论 
10539126, 43.8, 8.5, 1491, 社会动物 
2183559, 36.8, 8.6, 416, 发展心理学 
26606002, 32.4, 7.8, 448, 恰如其分的自尊 
26855873, 25.5, 9.1, 48, 自我的智慧 
1437488, 42.3, 9.2, 552, 群魔 
4062809, 36.1, 8.6, 369, 改善情绪的正念疗法 
26815907, 25.3, 7.3, 193, 这样和世界相处 
2125973, 43.3, 9.3, 585, 心理学导论 
3688489, 48.6, 7.8, 9615, 异类 
26865498, 21.3, 8.6, 33, 医治受伤的自信 
1475128, 34.8, 8.8, 251, 人的潜能和价值 
5336008, 37.5, 8.3, 640, 瞬变 
3116096, 41.7, 8.4, 1168, 象与骑象人 
26796536, 27.8, 9.4, 56, 身体从未忘记 
3900987, 44.7, 7.7, 5361, 引爆点 
3032690, 46.3, 9.3, 900, 被人遗忘的人：中国精神病人生存状况 
20270670, 44.7, 8.3, 2213, 为何爱会伤人 
3420606, 40.6, 8.7, 703, 正面管教 
26820338, 25.1, 7.8, 114, 从自我苛求中解放出来 
25858916, 42.0, 8.3, 1390, 感谢自己的不完美 
6052834, 42.0, 8.2, 1584, 亲密关系 
3684193, 42.9, 8.9, 820, 叔本华的治疗 
5361804, 35.9, 8.5, 397, 焦虑的意义 
1105890, 44.7, 8.2, 2549, 生命的重建 
1178089, 45.1, 9.0, 1033, 给心理治疗师的礼物 
26767504, 26.5, 8.2, 105, 孤独 
1908685, 31.8, 8.1, 291, 精神焦虑症的自救（病理分析卷） 
1477442, 36.9, 9.0, 291, 为自己的人 
1429566, 43.0, 8.4, 1466, 变态心理学（第9版） 
3035600, 45.1, 8.5, 1842, 心灵的七种兵器 
5980113, 39.1, 8.8, 496, 伯恩斯新情绪疗法 
3755086, 34.4, 8.8, 237, 发展心理学-儿童与青少年-第八版 
3033690, 47.6, 8.0, 5706, 24重人格 
4934590, 39.4, 8.5, 706, 活出最乐观的自己 
10546850, 46.4, 8.9, 1408, 内在的天空 
1187550, 38.8, 8.1, 1019, 人格心理学 
2070807, 42.7, 8.5, 1227, 懂得爱 
1911687, 42.5, 7.4, 5806, 厚黑学 
11601993, 40.0, 8.1, 1266, 安静 
6510688, 33.0, 8.0, 405, 看见成长的自己 
1035517, 45.6, 7.6, 7677, 男人这东西 
7058059, 46.5, 8.0, 4723, 我们心中的怕和爱 
25697495, 34.7, 8.7, 269, 情感依附 
25913619, 34.0, 7.9, 538, 理性动物 
26849278, 23.4, 7.7, 90, 你的善良必须有点锋芒 
1927902, 45.3, 7.6, 7194, 九型人格 
2376506, 46.0, 8.8, 1483, 生命的轨迹 
1857295, 40.8, 9.0, 531, 荣格心理学入门 
26647130, 28.7, 8.1, 167, 无处不在的人格 
1018360, 41.7, 8.6, 936, 性心理学 
4263247, 37.6, 8.4, 587, 为什么大猩猩比专家高明 
2970296, 36.2, 8.1, 643, 情绪的解析 
1065003, 38.5, 8.5, 609, 中毒的父母 
1038977, 40.9, 8.6, 815, 谈判是什么 
1132110, 42.3, 8.4, 1302, 谁在我家 
3622904, 45.1, 7.3, 11953, 不抱怨的世界 
3786755, 43.6, 7.2, 10771, 每天懂一点色彩心理学 
2275635, 47.7, 8.9, 1738, 如何说孩子才会听，怎么听孩子才肯说 
26672408, 27.0, 6.9, 464, 本书书名无法描述本书内容 
20475794, 41.4, 8.1, 1620, 身体知道答案 
24878420, 37.9, 7.8, 1265, 明智行动的艺术 
2252637, 33.5, 8.0, 443, 诱惑的艺术 
26304954, 28.9, 9.5, 62, 存在主义心理治疗 
19949881, 41.6, 8.8, 735, 绝非偶然 
2848329, 34.8, 9.1, 194, Making up the Mind 
1936756, 41.6, 8.6, 922, 诊疗椅上的谎言 
4246667, 35.2, 7.6, 986, 粘住 
1101447, 39.1, 7.7, 1838, 不要用爱控制我 
26611254, 18.1, 8.2, 24, 幸福创造力：七天活出丰盛自在人生 
2285530, 38.5, 9.1, 342, 弗洛伊德及其后继者 
1313174, 43.5, 8.5, 1399, 荣格自传 
26603828, 32.0, 8.1, 301, 我们与生俱来的七情 
20477116, 33.1, 9.0, 163, 对权威的服从 
3248660, 34.9, 8.3, 407, 语言的魔力 
1008949, 35.7, 9.1, 224, 分裂的自我 
26828557, 26.5, 8.0, 123, 从行动开始 
6784219, 31.6, 9.4, 97, 生物心理学 
1476003, 43.0, 8.8, 915, 異變者1 
2307720, 44.2, 8.2, 2342, 幸福的方法 
25920297, 32.2, 7.7, 486, 丘吉尔的黑狗 
3432953, 40.1, 8.9, 528, 爱情刽子手 
26921335, 21.8, 9.2, 26, 读完本书，才有力气完成剩下的梦想 
5248376, 40.5, 8.6, 762, 一味 
3236762, 37.1, 9.0, 300, 事事本无碍 
25833051, 29.8, 8.6, 132, 幸福的婚姻 
4216680, 37.8, 9.0, 333, 心理类型 
1764940, 38.2, 8.3, 726, 爱是一种选择 
6157548, 38.9, 7.6, 2061, 房间里的大象 
1918220, 39.2, 8.4, 769, 性与性格 
1788302, 43.3, 8.5, 1357, 重塑心灵 
2344105, 38.6, 8.1, 978, 把妹達人之謎男方法 
1879497, 37.1, 8.5, 485, 新家庭如何塑造人 
25846315, 30.7, 9.2, 98, The Sense of Style 
26702041, 31.6, 7.7, 432, 天生变态狂 
6065757, 35.7, 7.2, 2009, FBI心理分析术 
3224456, 43.1, 7.7, 3961, 少有人走的路Ⅱ 
4275052, 36.2, 8.1, 643, 九型人格 
24839553, 38.6, 7.3, 3088, 拖拉一点也无妨 
1315575, 35.0, 8.3, 418, 找寻逝去的自我 
26183848, 36.6, 7.3, 2045, 完美关系的秘密 
25928292, 28.5, 7.7, 242, 不懂色彩 不看电影 
3298988, 41.3, 8.5, 973, 直视骄阳 
3823020, 36.7, 8.8, 337, 性、生态、灵性 
26740257, 28.5, 8.0, 179, 内在革命：一本关于成长的书 
20437599, 38.1, 8.0, 1023, 自杀 
4309584, 34.5, 8.6, 284, 孩子的宇宙 
2984241, 35.3, 8.6, 324, 思维改变生活 
26257557, 31.2, 8.7, 154, 热锅上的家庭 
3422625, 33.5, 8.5, 266, 幸福的真意 
5253757, 44.6, 7.9, 3885, 怪诞行为学2 
26647114, 27.5, 7.9, 163, 太聪明所以不幸福？ 
1047205, 40.1, 8.2, 1142, 性学三论・爱情心理学 
22993829, 38.9, 7.7, 1766, 我们这儿是精神病院 
26694945, 25.6, 7.8, 126, 抗压力 
5916004, 34.0, 8.5, 291, 欲望的演化 
3822285, 34.5, 8.7, 263, 自我导向行为 
2282946, 43.1, 7.8, 3388, 直面内心的恐惧 
26889013, 22.9, 8.8, 38, 看自己：现代症的心理解剖 
3171735, 40.0, 9.3, 359, 行为科学统计 
26296233, 31.4, 8.4, 204, 重塑大脑，重塑人生 
3425151, 31.3, 8.9, 133, 焦虑情绪调节手册 
25753137, 31.6, 9.3, 105, 心理治疗中的依恋 
6773583, 37.4, 9.0, 313, 意识光谱 
26791309, 20.5, 8.8, 26, 初识传播学（插图第7版） 
6859959, 37.2, 9.0, 305, 健全的社会 
3345059, 31.0, 8.6, 161, 心理医生为什么没有告诉我 
2340059, 38.2, 7.6, 1805, 心理控制术 
4816212, 38.3, 7.4, 2473, 真希望我20几岁就知道的事 
26593221, 28.0, 9.4, 58, 精神分析诊断（万千心理） 
6516304, 29.4, 7.8, 255, 分心不是我的错 
7067149, 28.6, 9.0, 82, 认知心理学及其启示 
2241168, 42.4, 8.4, 1328, 内在的探索 
26873207, 26.7, 8.9, 65, 爱是唯一的真相 
4742971, 39.9, 7.9, 1627, 错把妻子当帽子 
1050762, 29.9, 8.0, 230, 10秒钟让自己不同凡响 
4165838, 38.5, 8.0, 1092, 接纳不完美的自己 
4053315, 39.8, 8.3, 958, 一念之转 
1965977, 41.8, 7.4, 5093, 我的抑郁症 
25982794, 37.4, 7.1, 3402, 世界上所有童话都是写给大人看的 
4836697, 41.9, 8.3, 1376, 看见真相的男孩 
3005076, 39.3, 8.7, 563, 再活一次 
1324893, 33.9, 8.1, 429, 犯罪心理画像 
1443662, 34.6, 9.2, 175, 拒斥死亡 
7054138, 32.7, 7.3, 906, 洗脑术 
4151190, 36.1, 8.2, 567, 完美的爱，不完美的关系 
3427154, 31.5, 7.8, 383, 犯罪心理学 
1083030, 41.8, 9.0, 625, 双重人格 地下室手记 
2347737, 41.2, 8.1, 1568, 深夜加油站遇见苏格拉底 
1085007, 29.4, 8.0, 211, 敏感的人:如何面对外界压力 
24875416, 44.6, 8.3, 2175, 生命最后的读书会 
26616951, 24.1, 7.7, 103, WOOP思维心理学 
26434548, 37.1, 8.0, 847, 别和她说话 
1007667, 38.6, 8.2, 868, 心理学的故事 
10747883, 49.5, 8.0, 8087, 怦然心动的人生整理魔法 
3321968, 38.7, 7.7, 1692, 说谎 
6507262, 33.7, 7.5, 842, 如何让你爱的人爱上你 
6797700, 37.3, 8.4, 560, 自我与本我 
10571219, 34.0, 8.2, 388, 必要的丧失 
24528199, 30.2, 7.9, 266, 恋爱从失恋开始 
19963287, 39.1, 9.0, 410, 诸神的面具 
5339693, 31.6, 8.4, 212, 母爱的羁绊 
5906066, 36.1, 8.2, 565, 请理解我 
6792322, 43.5, 8.6, 1251, 认知与设计 
26411095, 31.2, 7.6, 454, 当我们阅读时，我们看到了什么 
3123393, 46.5, 7.6, 9164, 遇见心想事成的自己 
25750617, 22.7, 8.5, 44, 嫉羡和感恩 
6890201, 36.7, 7.1, 2923, 我知道你不知道的自己在想什么 
3016247, 24.1, 7.9, 87, 抑郁症的内观认知疗法 
24859467, 31.2, 8.7, 153, 谁说了算？ 
26285299, 30.5, 8.3, 191, 创造力 
7052007, 28.3, 8.6, 103, 心理学入门 
26042854, 30.8, 7.5, 473, 理智向左 疯狂向右 
25885205, 27.9, 7.9, 176, 记忆的风景 
5976544, 34.5, 8.1, 471, 交易心理分析 
1274469, 45.5, 8.4, 2251, 自杀论 
1507437, 40.3, 8.4, 933, 人格裂变的姑娘 
1024279, 41.7, 8.0, 1979, 普通心理学 
25867785, 34.5, 8.8, 239, 正义之心 
3800022, 47.4, 8.2, 4104, 活出全新的自己 
3712855, 40.5, 8.3, 1085, 为何越爱越孤独 
3265827, 38.4, 8.9, 403, 人的自我寻求 
1292428, 37.1, 8.6, 440, 神经症与人的成长 
26900445, 19.8, 9.0, 21, 像疯子一样思考 像天才一样行动 
3035606, 43.4, 8.5, 1376, 七个心理寓言 
1450606, 37.4, 8.3, 627, 爱的序位 
6851587, 32.7, 8.3, 280, 神话的力量 
10809021, 34.9, 8.5, 337, 学生托乐思的迷惘 
26293066, 33.2, 7.7, 595, 你是一切的答案 
25832152, 30.3, 8.8, 123, 自尊的力量 
1042832, 31.4, 8.3, 225, 走出抑郁 
26782080, 24.4, 7.7, 110, 用安静改变世界 
5417235, 33.4, 7.9, 487, 失败的逻辑 
25941678, 27.1, 6.8, 542, 他爱的是玫瑰，而你是蔷薇 
1930235, 39.3, 9.0, 421, 社会心理学 
2244869, 35.1, 7.4, 1298, 瞬間贏得信任的冷讀術 
4843911, 36.1, 7.1, 2563, 魔鬼搭讪学 
5372542, 29.7, 8.1, 200, 情感勒索 
3601801, 32.0, 8.7, 173, 变态心理学 
21241284, 29.3, 8.8, 104, 我穿越疯狂的旅程 
26743743, 21.4, 8.3, 40, 穿越孤独 
3004272, 37.1, 8.3, 599, 天资差异 
26895144, 26.9, 9.6, 44, 你才是自己的过来人 
3016336, 38.1, 8.5, 571, 我们为什么不说话 
26894686, 16.2, 8.1, 18, 棉花糖实验 
26328457, 29.4, 8.4, 145, 童话心理学 
2157346, 30.4, 8.3, 190, 笛卡尔的错误 
1258513, 45.1, 8.5, 1843, 爱与寂寞 
26836252, 17.4, 9.3, 13, 你一动，我就懂 
1599035, 29.2, 8.4, 141, 简捷启发式 
26711164, 24.6, 8.2, 75, 再也不怕跟人打交道 
10537771, 29.8, 8.9, 105, 登天之梯 
23708491, 35.3, 7.7, 896, 设计师要懂心理学 
6851648, 29.3, 7.4, 392, 迷恋 
1913947, 36.5, 8.3, 541, 万物简史 
2141865, 37.4, 8.5, 509, 家庭会伤人 
6309931, 26.5, 8.6, 77, 自我·群体·社会 
3149514, 38.1, 8.0, 1016, 战胜拖拉 
25905227, 28.0, 7.5, 268, 你的生存本能正在杀死你 
2145946, 33.9, 8.4, 315, 萨提亚家庭治疗模式 
1214804, 37.2, 8.6, 448, 未发现的自我 
5291811, 30.5, 7.6, 398, 认识自己，接纳自己 
3654465, 37.8, 7.7, 1441, 少有人走的路III 
3671442, 44.4, 8.5, 1644, 修炼当下的力量 
4137809, 34.6, 7.8, 678, 让大脑自由 
20480678, 30.1, 7.0, 808, 逆转 
25910698, 31.2, 8.2, 237, 迷人的假象 
6957796, 35.8, 8.4, 434, 爱得太多的女人 
25867744, 25.0, 8.3, 75, 简单冥想术：激活你的潜在创造力 
2113347, 38.9, 8.6, 593, 卡耐基经典全集 
1784676, 32.2, 8.9, 153, 占有还是生存 
2293880, 26.9, 8.7, 76, 生涯咨询与辅导 
21764541, 33.9, 8.7, 238, 爱的五种能力 
3613841, 33.6, 8.1, 402, 自信的秘密 
10794605, 28.8, 7.8, 229, 超级恋爱催眠术 
2241170, 38.8, 8.6, 582, 自我的真相 
6861142, 31.2, 8.1, 263, 心灵的面具 
26774616, 27.1, 8.5, 91, 你就是答案（情怀版） 
10773362, 40.4, 8.2, 1201, 随机漫步的傻瓜 
26285423, 28.5, 8.1, 161, 亲密关系的秘密 
20616993, 30.3, 6.6, 1602, 洗脑术 
26417964, 29.1, 7.9, 218, 不可慢待的孤独 
1053711, 33.7, 8.4, 301, 自我分析 
25801138, 29.9, 8.7, 125, 是什么带来力量 
11509401, 36.2, 6.9, 3767, 正能量 
24722609, 40.4, 7.6, 2737, 催眠师手记 
1020427, 33.5, 8.6, 244, 爱与意志 
5910460, 34.7, 7.5, 1024, 看不见的大猩猩 
1331882, 33.9, 9.3, 147, 存在心理治療（上） 
1337933, 27.0, 7.9, 149, 西方心理咨询经典案例集 
1778062, 34.7, 8.9, 228, 荣格文集 
3312040, 31.2, 8.1, 262, 谁会认错 
1364963, 23.9, 8.2, 66, Girl, Interrupted 
1843275, 30.2, 8.4, 168, 超越自由与尊严 
19941064, 22.5, 7.9, 64, 自私的父母 
1444813, 31.5, 8.4, 208, 灵魂的黑夜 
25839107, 33.1, 7.4, 858, 魔鬼约会学 
1316093, 43.5, 8.3, 1805, 超越自卑 
1581309, 29.8, 8.3, 169, 神经衰弱和强迫观念的根治法 
1067830, 34.8, 8.9, 229, 人对抗自己 
25774384, 26.4, 8.5, 82, 冥想 
4010184, 35.3, 7.4, 1354, 本能 
26594509, 34.4, 8.3, 377, 别和她说话2：X的现身 
3441145, 26.8, 8.2, 110, 自尊的6大支柱 
1869638, 27.1, 8.9, 69, The Inner Game of Tennis 
1220789, 40.5, 8.1, 1385, 爱上双人舞 
4030556, 30.5, 8.5, 161, 哈佛经典谈判术 
3772058, 33.6, 7.5, 826, 吸引力法则 
3759379, 39.1, 9.1, 372, 父母效能训练手册 
1053405, 31.9, 8.9, 146, 人类的破坏性剖析 
3123690, 33.2, 7.9, 464, 旷野无人 
26860869, 19.6, 7.5, 50, 如何实现有效社交 
4159753, 33.4, 9.3, 136, Your Brain at Work 
25744065, 29.7, 8.3, 168, 决断力 
3094686, 32.5, 7.6, 590, 銀座媽媽桑說話術 
20506638, 28.6, 9.0, 82, 自体心理学的理论与实践 
11442509, 32.6, 8.4, 249, 读懂恋人心 
26803304, 18.5, 8.0, 29, 为什么受伤的总是聪明人 
1314262, 42.0, 8.0, 2087, 情感化设计 
1829801, 35.5, 8.2, 508, 忧郁 
26333444, 24.5, 9.1, 41, 精神分析治疗：实践指导（万千心理） 
25848953, 26.1, 7.0, 333, 群体性孤独 
5246820, 33.7, 7.5, 838, 津巴多时间心理学 
3005066, 40.7, 8.1, 1446, 在爱中修行 
1006005, 36.7, 8.5, 453, 过犹不及 
25752046, 37.6, 8.1, 828, 心如钢铁地追求幸福 
3695857, 31.9, 8.0, 329, 我与躁郁症共处的30年 
1173442, 36.1, 8.9, 280, 精神分析案例解析 
2061421, 24.4, 8.0, 85, 语言心理学 
6852021, 30.2, 7.6, 374, 与内心的小孩对话 
1950407, 36.4, 9.0, 270, 客体关系心理治疗 
1459390, 31.1, 9.4, 91, 弗洛姆文集：我相信人有实现自己的权利 
4062735, 35.2, 8.5, 352, 对生命说是 
4726852, 37.2, 8.5, 491, 正念的奇迹 
2281620, 31.0, 8.5, 175, 艾瑞克森催眠治疗理论 
24845389, 31.8, 7.7, 456, 潜意识 
5300082, 18.8, 7.7, 37, 亲爱的，我们别吵了 
4710580, 38.8, 8.7, 521, 智慧的觉醒 
25808733, 27.5, 9.2, 61, 爱·恨与修复 
3276681, 36.4, 7.7, 1094, 他其实没那么喜欢你 
26299530, 26.9, 8.0, 132, 善恶之源 
25763661, 20.4, 8.4, 32, 积极心理学 
24527645, 29.6, 8.1, 199, 心的处方笺 
26671406, 28.5, 9.4, 62, 儿童健康讲记：一个中医眼中的儿童健康、心理与教育 
20434393, 34.5, 8.0, 534, 销售无处不在 
4932095, 41.0, 7.6, 3120, 好好爱自己 
1476458, 33.9, 8.5, 285, 自我实现的人 
2303751, 24.9, 9.3, 39, 家庭与夫妻治疗 
2193673, 28.5, 7.9, 195, 心理和脑 
3681639, 32.2, 8.2, 286, 正念 
1429564, 27.4, 8.3, 112, 心理咨询的技巧和策略 
6125682, 37.8, 7.5, 1921, 力量 
1184872, 38.0, 8.4, 632, 捕捉儿童敏感期 
19894314, 28.1, 8.9, 81, 自体的分析 
2141624, 30.4, 7.5, 435, 躁狂抑郁多才俊 
1921568, 25.2, 8.1, 90, 奖励的惩罚 
1908684, 25.6, 7.9, 115, 精神焦虑症的自救 演讲访谈卷 
2990695, 28.6, 8.3, 138, 爱，上了瘾 
1539735, 27.1, 8.2, 117, 自觉和领悟之路 
1082901, 25.6, 7.8, 126, 聪明人的训练 
26888624, 16.8, 7.5, 29, 走出焦虑风暴 
3875750, 35.2, 7.8, 765, 完美伴侣 
1002815, 37.9, 7.7, 1470, 登天的感觉 
3622446, 36.0, 6.9, 3544, FBI教你破解身体语言 
4821765, 36.1, 8.0, 706, 火星上的人类学家 
25809012, 26.4, 8.1, 111, 爱的博弈 
10436476, 26.0, 8.4, 82, 一個人的療癒 
3248694, 29.2, 8.5, 130, 不确定状况下的判断 
26365755, 26.3, 9.4, 45, 精神分析案例解析（万千心理） 
26617241, 26.7, 7.5, 209, 渡过 
4032570, 35.1, 8.5, 348, 进化的大脑 
6759677, 31.4, 8.7, 158, 走出恐惧 
6515939, 35.6, 6.8, 3957, 世界如此险恶，你要内心强大 
26769662, 23.6, 7.6, 102, 雄性衰落 
3854718, 26.5, 8.2, 105, 认知心理学 
25985811, 26.2, 7.9, 128, 非暴力沟通实践篇 
25810164, 28.7, 8.6, 111, 心理学百科 
26775040, 23.8, 7.9, 82, 完美母女关系的秘密 
1684120, 30.9, 7.6, 430, 思维的版图 
6990052, 30.4, 7.6, 391, 哈佛幸福课 
21676595, 21.6, 8.4, 39, 狐狸与刺猬 
20414886, 32.6, 9.3, 120, 让孩子心悦诚服 
1310112, 39.8, 8.3, 960, 诫律 
10799765, 31.3, 7.6, 464, 盖洛普优势识别器2.0 
6538416, 27.5, 7.4, 271, 微表情 
24708172, 26.1, 7.4, 204, 自控力2 
26261585, 20.2, 5.7, 545, 反洗脑 
2072469, 35.3, 8.0, 610, 死亡回忆 
1171256, 27.6, 8.2, 127, 教育心理学 
5975576, 45.3, 7.7, 6045, 冷浪漫 
1053204, 37.5, 7.7, 1363, 弗洛伊德心理哲学 
26798534, 21.7, 7.6, 70, 嘿，你正常吗 
2382924, 36.4, 8.1, 664, 色彩的性格 
2362451, 24.3, 8.7, 50, 感受发生的一切 
26663916, 34.7, 8.2, 442, 沟通圣经 
26220853, 26.0, 8.8, 62, 论人的成长 
23018929, 22.9, 8.2, 56, 沟通 
5398985, 28.3, 7.8, 208, 积极情绪的力量 
26324187, 31.7, 7.7, 441, 每一种孤独都有陪伴 
3742938, 26.4, 7.8, 146, 銀座紅牌馭男術 
3314537, 22.7, 9.0, 33, 婴儿、儿童和青少年 
5999507, 35.0, 8.4, 380, 妈妈及生命的意义 
10520050, 25.2, 8.7, 58, Tiny Beautiful Things 
4087584, 32.8, 7.4, 804, 害羞心理学 
3662227, 32.8, 8.4, 258, 私密的神话 
4208898, 27.3, 8.4, 102, 心灵种种 
25976876, 21.6, 7.8, 59, 轻疗愈 
24380575, 24.8, 6.9, 278, FBI行为分析学 
3642050, 40.1, 8.3, 1014, 宽恕就是爱 
26680733, 21.3, 6.9, 128, 谢你不娶之恩 
24746183, 19.0, 8.1, 30, 暴食症康复指南 
25765450, 25.5, 7.2, 228, 如何控制自己的情绪 
24714253, 24.2, 7.2, 171, 世界会抛弃你吗 
20563266, 26.3, 8.6, 74, 社会认知 
26377695, 24.7, 7.6, 128, 自知心理学 
1836957, 32.3, 8.4, 238, 痊愈的本能 
6966843, 41.8, 7.8, 2641, 重遇未知的自己 
25718139, 29.8, 7.4, 441, 每个人都会死，但我总以为自己不会 
10541306, 24.2, 6.5, 419, 墨菲定律 
1219421, 29.5, 8.2, 176, 实验心理学 
6075190, 21.3, 8.5, 35, Pitch Anything 
3324610, 33.2, 7.4, 870, 摇摆 
1478704, 30.7, 9.1, 104, 心理治疗入门 
1159821, 30.0, 8.4, 161, 意识的宇宙 
4015086, 30.4, 8.2, 206, “现在全明白了！”－你我他的自我认识之路 
26333923, 12.2, 7.4, 12, The Sellout 
2063029, 29.0, 7.5, 332, 销售中的心理学 
1491590, 36.4, 8.0, 746, 人性的优点 
26275063, 34.2, 8.6, 274, 活得明白 
3423225, 27.9, 8.6, 97, 寻找斯宾诺莎 
1775895, 35.4, 8.5, 366, 心的出路 
25953748, 24.6, 6.7, 352, FBI危险人格识别术 
25805226, 26.6, 7.5, 206, 控制焦虑 
25753360, 34.4, 7.2, 1517, 本色 
4258808, 36.4, 8.3, 535, 还我本来面目 
3582354, 38.6, 8.0, 1108, 找回你的生命礼物 
25747577, 31.0, 6.9, 1138, 7天治愈拖延症 
5990487, 32.8, 7.2, 1075, 我的自闭症男友 
26854398, 20.8, 8.5, 32, 我不想做一个“通情达理”的好姑娘 
20476804, 30.5, 7.7, 355, 不诚实的诚实真相 
1425813, 23.9, 7.8, 91, 儿童心理学 
25764531, 28.3, 7.4, 325, 性别是条毛毛虫 
2327264, 34.4, 8.5, 311, 日益亲近 
3192038, 30.6, 7.9, 287, 广告心理 
3030535, 31.9, 7.8, 412, 自我训练 
1141543, 36.7, 7.8, 1013, 金融心理学 
4159343, 35.2, 7.7, 879, 潜意识的力量 
25885237, 29.4, 7.9, 233, 编剧心理学 
2327273, 29.1, 8.4, 139, 我好-你好 
1039222, 35.3, 7.8, 786, 荣格性格哲学 
11605861, 22.9, 9.6, 25, 客体关系家庭治疗 
4169495, 31.6, 7.5, 559, 让天赋自由 
6014434, 28.9, 9.2, 75, 心理统计学（第3版） 
5398731, 30.3, 7.4, 481, 童话的心理分析 
1266211, 32.3, 9.1, 133, 论意识操纵（上下） 
24867884, 21.7, 8.3, 42, 变态心理学 
4022709, 29.8, 7.4, 441, 助推 
20271917, 26.4, 7.6, 177, 持续的幸福 
5262349, 31.0, 9.1, 110, 心理治疗之路 
4736432, 21.8, 7.4, 86, 羞涩与社交焦虑 
1428482, 34.5, 8.6, 286, 心理神探 
3771081, 34.5, 7.6, 872, 为什么男人爱说谎 女人爱哭 
25961421, 18.5, 8.4, 23, 情绪自控力：把消极变积极的力量 
26781091, 21.9, 8.7, 34, 妈妈，谢谢你懂我 
6712304, 35.3, 7.3, 1562, 怪诞心理学2 
4771145, 26.7, 9.2, 54, The Tell-tale Brain 
6861475, 30.2, 9.3, 85, 意识探秘 
2304415, 30.0, 8.9, 108, 倾听孩子 
1463494, 31.2, 7.8, 360, Why Men Love Bitches 
25774694, 27.8, 8.3, 120, 梦书 
1762619, 24.9, 9.2, 41, 弗洛姆著作精选：人性、社会、拯救 
2887830, 18.0, 8.4, 21, Hope and Help for Your Nerves 
25975450, 27.9, 8.4, 113, 积极恋爱心理学 
5401757, 31.6, 7.6, 488, 恋爱戒律 
1799255, 32.8, 8.5, 238, 精神分析入门 
26856945, 13.9, 7.9, 13, 音爆 
3712854, 33.8, 7.8, 588, 梦知道答案 
1232744, 29.8, 8.8, 114, 神经质的实质与治疗 
1046135, 22.5, 7.6, 82, 克服焦虑 
3690451, 40.7, 8.3, 1110, 我遗失了时间 
1964884, 34.8, 7.4, 1224, 为什么幸运的人总幸运倒霉的人老倒霉 
26178426, 37.5, 7.6, 1555, 稀缺 
1197815, 30.8, 8.9, 123, 团体心理治疗 
26260187, 35.0, 7.8, 741, 零秒思考 
25710178, 27.9, 8.4, 113, 情感堵塞 
2296845, 25.9, 6.9, 363, 专注力 
1064649, 32.9, 8.8, 184, 分析心理学的理论与实践 
4767452, 27.4, 7.5, 239, 爱自己，和谁结婚都一样 
3023839, 30.8, 8.1, 243, 苦痛和疾病的社会根源 
10484712, 33.3, 7.7, 610, 驱动力 
10344527, 22.8, 8.3, 51, 妈妈的心灵课 
5356341, 36.6, 8.0, 778, 男人来自火星，女人来自金星2 
1320151, 25.2, 8.1, 90, 人是如何学习的 
5937126, 35.2, 9.2, 191, 认知神经科学 
1315234, 35.0, 8.1, 522, 图腾与禁忌 
4188027, 31.2, 8.5, 181, 活在爱中的秘诀 
3796598, 34.1, 8.6, 267, 爱情与工作的每日禅 
4863620, 29.1, 9.5, 64, 长程心理动力学心理治疗 
4892883, 39.9, 8.5, 772, 爱是一切的答案 
1069754, 41.8, 8.2, 1521, 红处方 
1257434, 35.3, 7.9, 694, 马斯洛人本哲学 
3373894, 27.7, 7.3, 324, 说服力 
3656423, 27.9, 7.7, 215, 我的那条叫做“抑郁症”的黑狗/与抑郁症相伴的日子 
25805198, 31.1, 8.3, 214, 初学者的冥想书 
6019667, 27.1, 7.5, 227, 选择的艺术 
3115378, 27.7, 7.6, 229, NLP自我重塑计划-21天塑造全新自我 
1931681, 33.3, 8.9, 182, 罗杰斯著作精粹 
2054643, 31.3, 8.5, 183, 生理心理学 
26382598, 28.2, 7.5, 279, 零售心理战 
26789992, 21.8, 9.1, 27, NLP圣经 
10545691, 36.9, 7.9, 921, 好好修养爱 
4872667, 30.3, 8.1, 224, 爱自己 
1551550, 27.1, 7.9, 150, 格式塔心理学原理（上下） 
25712066, 29.0, 7.7, 263, 当哲学家遇上心理医生 
25931208, 24.6, 7.2, 188, 反直觉思考 
6810273, 31.2, 8.5, 182, 我即我脑 
4249313, 36.7, 7.7, 1164, 活在当下 
1843070, 27.7, 8.5, 102, 儿童的人格教育 
1969445, 33.2, 8.5, 253, 卡耐基经典励志全集 
26805866, 23.6, 8.3, 58, 0～12岁，给孩子一个好性格 
4265573, 34.6, 8.1, 484, 赌客信条 
1829139, 37.3, 7.2, 2826, “色”眼识人 
1909385, 20.7, 6.8, 122, 人间游戏 
21363088, 29.1, 7.9, 220, 价格游戏 
4934611, 32.2, 7.2, 939, 九型人格心灵密码学 
4882155, 29.0, 6.9, 730, 关于爱与性的一切，你全错了 
19967799, 24.0, 8.1, 73, 失控的正向思考 
4254672, 37.8, 7.6, 1647, 不抱怨的世界2 
1487698, 21.2, 8.5, 34, 创造力手册 
10557754, 29.0, 8.2, 161, 荣格与炼金术 
3593985, 27.5, 7.4, 275, 情商 
21329705, 33.8, 8.5, 281, 灵性开悟不是你想的那样 
4911319, 25.0, 7.3, 183, 积极心理学 
4920383, 34.8, 7.4, 1211, 这辈子，只能这样吗？ 
3140334, 27.6, 8.6, 93, 无快乐的经济:人类获得满足的心理学 
2173025, 38.1, 7.5, 2054, 放下。爱 
4816556, 18.3, 8.0, 28, 焦虑症和恐惧症 
5395411, 23.4, 7.5, 107, 习得性无助 
2082044, 35.9, 8.1, 612, 金赛性学报告 
24753186, 36.6, 7.3, 2038, 邪恶催眠师 
6725495, 39.8, 7.6, 2465, 必须犯规的游戏 
3352074, 31.3, 8.1, 268, 萨提亚冥想－内在和谐、人际和睦与世界和平 
5935767, 27.2, 8.3, 109, 皮格马利翁效应 
26705846, 20.9, 7.7, 56, 剪刀石头布 
1444091, 30.3, 7.8, 306, 认知心理学 
24371637, 22.4, 6.9, 162, 盲目心理学 
2383735, 22.6, 8.8, 36, How We Know What Isn&#39;t So 
1712350, 24.6, 7.7, 113, 动机心理学 
4087655, 33.5, 7.9, 493, 注意力曲线 
5245583, 29.2, 6.8, 886, 中二病中毒说明书 
3277343, 40.7, 8.1, 1434, 生命四元素 
3542657, 22.4, 8.2, 51, 思维与决策（第四版） 
5381440, 15.6, 7.3, 26, 三分钟看清一个人 
6714584, 33.3, 8.2, 345, 轮回 
26430576, 24.5, 7.9, 94, 为什么我们爱得这么累 
25799516, 20.5, 8.6, 29, 认知行为治疗 
1084711, 28.0, 7.7, 216, 谣言心理学 
3084973, 31.6, 8.9, 139, 心理治疗师的问答艺术 
2303128, 34.4, 8.5, 311, 简析荣格 
26780966, 19.5, 7.6, 46, 生活中的大脑骗局 
6068005, 30.4, 8.6, 146, 原型与集体无意识-荣格文集（第五卷） 
3000055, 29.8, 8.0, 225, 五十分钟的一小时 
1445816, 31.0, 8.3, 209, 不必火星撞地球 
2006868, 26.6, 9.3, 50, 人我之間 
4832469, 32.4, 7.8, 456, 第五位莎莉 
3075277, 30.9, 7.0, 965, 隐疾 
26611852, 13.2, 7.5, 14, 害羞与社交焦虑症 
10443011, 28.2, 8.6, 102, 活出你的小宇宙 
1162945, 34.2, 8.6, 271, 弗洛伊德文集（全8册） 
1734002, 34.4, 8.0, 520, 你不知道的自己 
25729298, 28.0, 7.2, 383, 你是在恋爱，还是在发神经 
11403211, 22.4, 8.2, 51, Daring Greatly 
6053667, 24.7, 9.9, 28, 動力取向精神醫學--臨床應用與實務 
1132712, 32.5, 7.6, 585, NLP简快心理疗法 
25917623, 28.2, 7.7, 225, 女巫一定得死 
25863575, 26.1, 8.5, 78, 不是读心术不是心理学不是魔法 
1316723, 33.6, 8.4, 296, 日常生活的精神病理学 
21249031, 29.9, 8.6, 135, 灵性亲密关系 
2026939, 44.5, 7.4, 8755, 女心理师（上） 
10454001, 25.5, 9.2, 45, 儿童的利益 
26672431, 27.7, 8.4, 109, 愿你拥有被爱照亮的生命 
4619523, 29.4, 8.6, 124, 回家 
26838015, 25.0, 8.4, 69, 对于自己，你还是个陌生人 
20445340, 25.4, 6.6, 488, 16型人格的自我修炼 
1256282, 41.6, 8.5, 1021, 心灵自由之路 
4809796, 44.4, 8.2, 2430, 韩国漫画血型书 
1479072, 22.3, 8.1, 54, 消费者行为学 
1443869, 33.1, 8.5, 250, 人类的性存在 
25750516, 25.2, 9.0, 48, 潜意识与心灵成长 
3426781, 21.1, 7.9, 50, 边缘性人格障碍治疗手册 
5408896, 21.4, 8.3, 40, 不焦虑的活法 
1065750, 36.2, 8.2, 578, 我是谁 
26882462, 24.8, 6.7, 371, 你从未真正拼过 
25866894, 21.7, 6.9, 138, 疯狂行为学 
1338662, 28.1, 8.9, 81, 艾瑞克森：天生的催眠大師 
2979734, 24.7, 9.0, 45, Nonsense 
10560212, 23.0, 7.9, 71, 边缘型人格障碍 
20452425, 27.6, 7.3, 315, 自爱，无须等待 
10563327, 30.1, 7.3, 530, 人生中最美妙的事都是免费的 
1393911, 22.6, 9.8, 22, 漢斯.柯赫與自體心理學 
2193674, 27.9, 8.0, 159, 心理和脑与生活 
10825209, 29.4, 7.6, 317, 在电影院遇见弗洛伊德 
10537773, 24.9, 7.7, 120, 良知泯灭 
1393623, 32.5, 8.3, 270, 实验心理学 
4194978, 32.1, 8.6, 192, 完整的成长 
4256998, 30.3, 7.5, 430, 爱情心理学 
4722181, 31.2, 7.5, 509, 小心，无良是一种病 
1227966, 40.6, 7.8, 2123, 你的第一本哲学书 
25792009, 27.3, 7.7, 192, 不分心：初学者的正念书 
6858459, 35.7, 8.1, 585, 当下的力量Ⅱ 
6902720, 27.6, 8.4, 107, 意念力 
25695309, 23.8, 8.5, 53, 超越自我之道 
1327007, 38.5, 8.6, 551, 悲剧心理学 
1440592, 32.5, 7.9, 413, 用脑拿订单 
23160215, 22.6, 8.1, 57, 第七感 
10581953, 20.2, 8.7, 26, 边缘性人格障碍的移情焦点治疗 
3540367, 31.9, 8.4, 224, 印象洗脑术 
1974521, 34.2, 8.7, 250, 变态心理学与心理治疗 
25858893, 17.9, 8.0, 26, 心理学最佳入门（原书第2版） 
1879499, 31.6, 8.6, 178, 罗杰斯心理治疗 
2125536, 33.4, 8.5, 260, 懂得生命 
3185636, 27.8, 8.8, 82, 天才儿童的悲剧 
2339932, 28.8, 8.3, 144, 男人需要尊重 女人需要爱 
4213167, 25.3, 8.1, 91, 危险的心理咨询 
4330526, 34.1, 8.4, 322, 幻想即现实 
1020110, 20.6, 7.9, 45, 丘比特之箭 
20472028, 31.9, 7.9, 371, 我们为何如此不安 
25834607, 26.6, 7.9, 137, 自由的进化 
6759296, 34.0, 7.9, 547, 五岁时，我杀了我自己 
10876941, 26.9, 8.8, 71, 心理动力学疗法 
20503637, 28.8, 7.9, 208, 遇见我的前世今生 
5257922, 28.4, 8.5, 113, 梦的真相 
1171983, 31.2, 8.6, 167, 洞察未来 
1023775, 34.6, 8.6, 293, 不正常的人 
1348659, 24.7, 7.6, 127, 孤獨，或類似的東西 
3865964, 25.0, 9.1, 44, 家庭与家庭治疗 
25963532, 20.0, 7.6, 50, 理性情绪 
26756940, 20.4, 8.1, 38, 心理大师：罪爱 
1823968, 27.0, 9.0, 64, 西尔格德心理学 
3574846, 25.3, 8.3, 78, 辩证行为疗法 
3290954, 28.6, 8.7, 101, 弗洛伊德心理学入门 
21965490, 24.7, 7.5, 141, 设计师式认知 
4715270, 27.9, 6.8, 657, 读心术 
1879344, 34.6, 8.8, 242, 精神分析与宗教 
1852584, 29.6, 8.7, 119, 异常心理学 
11538005, 29.8, 8.8, 114, 0-6岁A+育儿法 
6076154, 30.0, 6.4, 2182, 跟乐嘉学性格色彩 
2174650, 26.8, 8.3, 101, 地理学的犯罪心理画像 
21294724, 22.9, 7.2, 131, 人格解码 
1879498, 30.0, 8.2, 194, 萨提亚治疗实录 
20386245, 20.5, 6.4, 191, 情商 
2075107, 30.6, 7.2, 674, 邪恶心理学 
4001778, 22.6, 8.2, 53, Emotional Intelligence 2.0 
26790128, 12.4, 7.9, 10, 小集团思维 
25806938, 25.5, 7.2, 227, 怪癖心理学 
26202327, 22.8, 7.5, 95, 愉悦回路 
3784639, 37.8, 8.6, 489, 超越时空 
1833283, 25.7, 9.1, 49, 应该补上的一课 
3717178, 32.6, 7.0, 1399, 错觉 
5924575, 23.5, 7.9, 78, The Gifts of Imperfection 
1393343, 27.6, 8.6, 92, 回归内在 
3063890, 30.1, 7.4, 464, 天才向左 疯子向右 
26183866, 24.6, 8.0, 87, 自私书 
10445391, 19.7, 8.1, 34, 认知行为疗法 
4262114, 33.4, 6.8, 2363, 女人这东西 
1331881, 30.3, 9.4, 81, 存在心理治療（下） 
26833809, 19.0, 8.2, 28, 看不见的背叛 
1394365, 28.8, 8.7, 104, 教養的迷思 
7916282, 33.6, 8.0, 448, 汉尼拔崛起 
1470118, 32.4, 8.9, 157, 大众行为与公园设计 
21722944, 29.8, 7.3, 499, 为什么有些人永不受伤 
1444100, 26.5, 8.5, 83, 实验心理学教程 
10761494, 33.7, 7.4, 970, 女心理师 
25894673, 22.9, 8.7, 40, Make it Stick 
4199618, 32.4, 8.2, 294, 做梦的艺术 
3829573, 27.7, 7.3, 324, 像女人一样行动 像男人一样思考 
2845839, 17.3, 8.5, 18, The Psychology of Problem Solving 
2486955, 31.5, 8.4, 208, How to Write a Lot 
1071941, 18.5, 8.5, 22, 怎样适应生活 
10600374, 29.1, 7.6, 298, 拖延心理学2 
4237985, 23.1, 9.1, 33, 如何说孩子才能和平相处 
1396395, 23.3, 6.8, 224, 美化你的声音 
26760849, 21.0, 8.5, 33, 自我 
5437075, 30.8, 8.1, 246, 解读绝望 
26312412, 18.7, 8.0, 30, 发现你的天赋 
6194593, 31.1, 7.6, 443, 人类性幻想 
6100950, 28.0, 7.1, 439, 微反应 
3063877, 23.9, 8.1, 72, 智能的结构 
20272118, 25.4, 8.3, 80, 儿童大脑开窍手册 
3578482, 31.7, 8.6, 182, 释梦 
6758932, 25.2, 7.7, 127, 超负荷的大脑 
2061640, 22.7, 7.2, 126, 疯狂天才 
11511943, 21.5, 7.5, 74, 銀座媽媽桑教的，男人就是吃這套! 
25917098, 19.8, 8.8, 23, 精神障碍诊断与统计手册(案头参考书)(第五版) 
6713131, 27.9, 9.1, 69, 解放父母解放孩子 
4164215, 31.6, 7.7, 439, 当一切改变时，改变一切 
6861176, 24.0, 8.7, 48, 精神分析治愈之道 
25711748, 29.3, 8.5, 133, 灵性的自我开战 
2144124, 34.3, 7.8, 649, 日本人的传说与心灵 
10607680, 23.8, 8.3, 61, 亲密关系的重建 
25727582, 19.7, 8.4, 28, 发展心理学 
5036712, 29.4, 8.4, 145, The Lovely Bones MTI可爱的骨头 
1862776, 33.6, 8.0, 454, 心理学改变生活 
26721477, 20.4, 9.1, 22, 创伤与复原 
25818131, 19.7, 8.1, 34, 论移情问题 
2333083, 28.4, 8.4, 124, 人的意识 
26723536, 21.4, 7.3, 87, 争辩力 
1038390, 28.9, 8.3, 146, 动机剖析 
3773490, 25.6, 7.4, 184, 牌桌阅人术 
1421346, 26.7, 8.1, 118, 森田心理疗法实践 
26389181, 18.6, 8.2, 26, 内向也是一种优势 
25794568, 20.1, 8.6, 27, 伯克毕生发展心理学：从青年到老年（第4版） 
25722097, 28.1, 7.1, 448, 慢慢来，让灵魂跟上来 
20283580, 22.9, 7.5, 98, 乐观的偏见 
1037056, 34.3, 8.3, 367, 唤起心中的巨人 
1150976, 21.9, 7.9, 58, 精神病医生 
3074379, 23.7, 8.8, 43, 存在心理学探索 
2871453, 12.0, 7.7, 10, The Origin of Consciousness in the Breakdown of the Bicameral Mind 
6974458, 27.6, 8.7, 86, 精神分析与灵魂治疗 
1784645, 26.8, 8.9, 66, 出神入化 
1255944, 24.1, 8.0, 80, 心理咨询与治疗经典案例 
20492095, 25.8, 7.1, 273, 性、谋杀及生命的意义 
2080389, 27.8, 8.9, 77, 人心 
26586159, 22.9, 8.2, 56, 美丽是心底的明媚 
1442215, 26.1, 8.3, 90, 心理治疗师之路 
1970825, 32.8, 8.3, 286, 自杀与美好生活 
20258609, 24.9, 9.0, 46, 心理咨询师的14堂必修课 
1081971, 41.3, 8.0, 1840, 拯救乳房 
23780851, 33.9, 8.4, 315, 金刚经修心课 
26733525, 17.1, 8.2, 20, 记忆-牛津通识读本 
1057794, 27.9, 8.3, 123, 东洋冥想的心理学 
2062167, 24.8, 8.9, 48, 性与生活 
2239428, 32.9, 7.5, 722, 职场和恋爱中的九型人格 
10740601, 20.9, 8.9, 26, 社会性与人格发展 
20442237, 25.6, 7.6, 152, 这一生为何而来 
4262003, 22.1, 9.2, 27, 掌握家庭治疗 
25837839, 21.4, 7.5, 72, 人的七张面孔 
1801977, 30.6, 8.3, 194, 施蛰存精选集 
26844552, 18.0, 7.6, 34, 历史的赢法：用军 
6101341, 31.7, 8.4, 216, 回到当下的旅程 
10747362, 36.4, 7.9, 840, 活出全新的自己 
4139970, 27.1, 7.9, 151, 当大脑遇到金钱 
5326322, 30.2, 7.6, 374, 心里住着狮子的女孩 
1032018, 27.5, 8.1, 135, 心理咨询面谈技术 
26319527, 36.0, 8.1, 614, 性学三论 
10445541, 22.3, 8.6, 39, The Age of Insight 
1966686, 27.3, 7.3, 298, 雅致的精神病院 
26220843, 16.6, 7.6, 26, 抑郁症 
24522608, 22.1, 8.3, 45, 幸福的神话 
3743816, 26.5, 7.4, 225, 完全变态手册 
4233106, 25.2, 8.0, 97, 学会接受你自己 
3405756, 33.8, 7.9, 524, 生活的暗面 
5422846, 24.1, 8.4, 59, 正念之道－每天解脱一点点（万千心理） 
25795553, 20.4, 7.5, 59, ADD的人生整理术 
5037451, 29.9, 6.8, 1045, 每天懂一点恋爱心理学 
5301484, 33.9, 8.2, 383, 不一样的恋爱心理学 
1425749, 26.5, 7.8, 148, 投资心理学 
3059083, 46.4, 9.0, 1263, LIAR.GAMEⅠ 
25943358, 23.2, 7.2, 138, 盲点 
3265210, 28.6, 8.2, 151, 创造的勇气 
6711978, 25.4, 7.7, 131, 不懂拒绝的老好人 
6557350, 18.2, 8.8, 18, 接受与实现疗法 
6430317, 21.8, 7.4, 85, 十个天才的精神病史 
1871654, 23.4, 8.5, 49, 学习爱 
26612166, 17.9, 8.2, 23, 同理心文明 
4047166, 26.7, 8.0, 128, 遇见懂得付出的自己 
20492550, 45.2, 7.8, 5092, 清醒思考的艺术 
1964207, 27.8, 7.5, 260, 社交商 
1683963, 21.3, 8.6, 33, 为婚姻立界线 
1261320, 27.1, 7.7, 184, 微精神分析学 
2172516, 25.0, 6.5, 513, 5分钟和陌生人成为朋友 
3979167, 20.1, 9.1, 21, How Life Imitates Chess 
24697928, 24.3, 7.3, 159, 人之将死 
11445560, 25.4, 7.3, 197, 天才的基因 
6520484, 24.9, 8.6, 59, 与狼共奔的女人 
4817621, 27.1, 6.8, 542, 丢掉50样东西，找回100分人生 
3513006, 31.4, 7.8, 372, 失落的致富经典 
3359251, 27.2, 8.3, 109, 如何停止忧虑，开创人生 
21346248, 21.5, 7.2, 98, 遗失的智慧 
5384744, 24.7, 8.1, 82, 不要用爱控制我2 
2131768, 26.4, 7.9, 134, 人性 
1480991, 24.1, 7.7, 103, 心理与力学 
3701270, 27.2, 8.1, 128, 家庭系统排列入门 
26201895, 23.1, 7.8, 78, 孩子与恶 
10762436, 23.0, 7.2, 133, 我们都是拖拉斯基 
25693207, 25.7, 8.1, 98, 婚姻心理学:婚姻是最好的修行 
26425298, 21.8, 7.6, 72, 与自我和解 
3347599, 23.1, 7.6, 93, 心理学带你走出思维误区 
1444770, 33.0, 7.7, 566, 男人约会往北，女人约会往南 
6808038, 22.4, 9.1, 30, 廖阅鹏催眠圣经 
7154813, 29.2, 7.9, 225, 治疗密码 
5363711, 20.2, 8.5, 29, 游戏治疗 
1755137, 29.9, 8.6, 134, 谈话疗法 
2893591, 37.5, 8.5, 518, King, Warrior, Magician, Lover 
26429949, 20.4, 8.5, 30, 原来，懂比爱更重要 
10544103, 27.6, 7.8, 183, 快乐竞争力 
4030358, 31.5, 7.9, 341, 心灵午夜密谈 
22382669, 21.4, 7.2, 94, 正能量修成手册 
3924620, 26.7, 9.6, 43, 在爱中升华 
1104522, 28.7, 8.3, 142, 内心枷锁 
20380809, 29.0, 7.4, 375, 世界如此险恶，你要内心强大 2 
3875639, 25.8, 7.3, 218, 生活中的心理学 
25899645, 19.7, 8.4, 28, 自我与自性 
1331654, 24.7, 8.0, 90, 榮格與占星學 
25769201, 23.6, 6.6, 313, 你体内的囤积欲 
6065534, 26.4, 7.3, 244, 囤积是种病 
3597938, 39.1, 7.4, 2917, A型人说明书 &amp; B型人说明书 
26755104, 22.3, 7.5, 87, 20几岁，你为什么害怕来不及 
1058896, 20.6, 7.4, 67, 体验悲哀 
1042797, 25.6, 7.9, 114, 荣格心理学与西藏佛教 
1318190, 26.0, 7.3, 227, 超常思维的力量 
1015857, 27.6, 7.6, 226, 股市心理博弈（修订版） 
1051493, 26.7, 8.2, 109, 不要恐惧抑郁症 
5337231, 41.5, 8.2, 1461, 我爱问连岳Ⅳ 
11524189, 31.3, 8.4, 203, 在爱情中我们寻找什么 
1323106, 21.7, 8.2, 45, 思想和行动的社会基础：社会认知论（上、下册） 
6811406, 27.9, 7.9, 174, 约会倍增术 
1076574, 32.6, 8.4, 253, 激发无限的潜力 
5301258, 30.4, 8.6, 145, 个人觉醒的力量 
26296636, 19.4, 7.6, 45, 心理控制方法 
3516747, 24.0, 7.5, 121, 女性心理学 
26425904, 19.8, 7.7, 45, 我在地球的日子 
1086761, 31.4, 7.7, 419, 可以吃的女人 
6114192, 17.9, 8.3, 22, 人类性反应 
