Tag: 思想 

ID, Score, Rating, Votes, Title 
1054685, 68.3, 9.0, 36564, 沉默的大多数 
26826605, 34.3, 9.3, 155, 加缪手记 
1003479, 65.7, 9.1, 21177, 中国历代政治得失 
5375620, 58.7, 8.8, 11219, 失控 
26692468, 41.7, 8.6, 934, 智识分子 
1767945, 63.7, 8.8, 24724, 一只特立独行的猪 
2143904, 49.6, 8.9, 2336, 进化心理学 
1014578, 63.4, 9.0, 17229, 我的精神家园 
1012307, 52.9, 9.1, 3005, 规训与惩罚 
1068912, 46.8, 8.6, 2133, 中国文化的深层结构 
1004699, 53.7, 8.9, 4440, 作为意志和表象的世界 
1036541, 51.5, 8.7, 4075, 疯癫与文明 
25978763, 43.0, 8.9, 833, 僧侣与哲学家 
14439405, 40.8, 8.9, 584, 哲学的故事 
1963912, 59.3, 8.8, 12240, 正见 
1015748, 48.1, 8.9, 1842, 开放社会及其敌人（全二卷） 
2025235, 50.2, 9.1, 2020, 顾准文集 
1400195, 49.6, 8.7, 2983, 论自由 
1269900, 50.2, 8.2, 6669, 活法 
1005193, 51.5, 8.6, 4666, 重新认识你自己 
1021273, 57.8, 8.8, 9709, 中国哲学简史 
1012032, 54.3, 8.6, 7376, 查拉图斯特拉如是说 
1084435, 43.8, 8.5, 1472, 策略思维 
1426971, 61.8, 8.8, 18279, 野火集 
1905742, 46.0, 8.8, 1472, 金枝（上下册） 
1045716, 52.7, 8.7, 4876, 人生中不可不想的事 
1418180, 57.9, 8.9, 8527, 思维的乐趣 
1787729, 42.6, 8.4, 1375, 单向度的人 
1460340, 49.3, 8.9, 2205, 人性的，太人性的 
1058131, 44.6, 8.4, 1926, 金融炼金术 
1033248, 49.9, 8.9, 2423, 幸福之路 
2212371, 52.1, 9.0, 3022, 先知 
3055719, 48.4, 8.7, 2472, 经济学的思维方式（第11版） 
1017238, 51.4, 8.8, 3500, 美学散步 
1995655, 41.5, 9.2, 493, 演员自我修养(第一部) 
3431988, 44.2, 9.1, 812, 人的境况 
1964774, 57.5, 9.0, 6903, 论语 
26363926, 36.6, 8.6, 402, 何为良好生活 
3025921, 45.2, 7.7, 5918, 黑天鹅 
1030898, 45.9, 8.8, 1454, 复杂 
1491719, 28.5, 8.3, 136, 论红楼梦 
1022318, 46.4, 8.7, 1778, 爱弥儿 
1762869, 57.7, 8.9, 8205, 如彗星划过夜空 
6558202, 46.3, 9.0, 1242, 容忍与自由 
1002690, 50.7, 8.8, 3107, 陈寅恪的最后20年 
4773224, 52.4, 8.3, 8425, 生活十讲 
1203421, 42.2, 9.3, 497, 王阳明全集（全二册） 
3006742, 38.7, 8.5, 636, 改变 
1010204, 49.3, 8.5, 3711, 宽容 
1139360, 49.7, 9.1, 1877, 毛泽东选集 第一卷 
26867512, 23.9, 8.9, 42, Homo Deus 
1016864, 45.8, 8.9, 1284, 士与中国文化 
26390229, 41.9, 8.0, 2050, 把生命浪费在美好的事物上 
1041452, 44.3, 8.4, 1823, 存在与虚无 
4002701, 51.8, 8.4, 6519, 朱镕基答记者问 
2032141, 49.5, 8.9, 2284, 陈寅恪魏晋南北朝史讲演录 
26737694, 33.1, 8.0, 409, 西风东土 
1015375, 47.7, 8.7, 2207, 现代化的陷阱 
1039258, 39.3, 8.8, 514, 西方政治思想史 
1024785, 43.3, 9.1, 712, 西方现代思想史 
7057936, 39.8, 8.4, 848, 批判性思维 
26769136, 28.4, 8.7, 97, 为什么长大？ 
26828226, 25.8, 9.1, 50, 加缪手记：第二卷 
1049136, 45.0, 8.6, 1595, 数学：确定性的丧失 
5336008, 37.5, 8.3, 641, 瞬变 
1608873, 46.1, 9.2, 968, 山海經 
1475128, 34.8, 8.8, 251, 人的潜能和价值 
25867785, 34.5, 8.8, 239, 正义之心 
10877051, 45.7, 9.0, 1124, 顾城哲思录 
3260902, 43.6, 8.8, 1012, 智慧书 
5922204, 44.7, 8.3, 2239, 曾国藩的正面与侧面 
25928708, 42.2, 8.6, 1005, 佛祖都说了些什么? 
17153313, 37.2, 9.0, 304, 哲学导论 
26828229, 24.9, 9.4, 37, 加缪手记：第三卷 
1657455, 46.3, 8.6, 1973, 论人类不平等的起源和基础 
26905389, 35.4, 8.5, 365, 人生所有经过的路，都是必经之路 
2980795, 43.2, 7.7, 4044, 内向者优势 
25742296, 33.4, 8.1, 387, 有限与无限的游戏 
3116096, 41.7, 8.4, 1168, 象与骑象人 
1311280, 51.2, 9.0, 2616, 灵魂的事 
26136989, 30.9, 8.3, 207, 王阳明大传：知行合一的心学智慧（全三册） 
1873802, 35.3, 9.2, 193, 人的行為 
1079104, 49.1, 8.6, 3153, 尼采：在世纪的转折点上 
1907199, 53.0, 8.6, 5969, 扫起落叶好过冬 
1005813, 43.9, 9.0, 855, 自由秩序原理 
1456524, 44.5, 7.9, 3819, 这个世界会好吗 
1027030, 43.1, 8.4, 1497, 常识 
1077688, 34.9, 9.0, 214, 逻辑新引・怎样判别是非 
3662234, 35.4, 8.6, 334, 日本的思想 
1016930, 45.1, 9.0, 1039, 论法的精神（上） 
10779604, 36.6, 8.8, 334, 图灵的秘密 
2209227, 43.6, 8.3, 1839, 一个孤独漫步者的遐想 
1072189, 45.8, 8.8, 1438, 百年思索 
1829799, 49.1, 8.7, 2740, 爱的觉醒 
20475794, 41.4, 8.1, 1621, 身体知道答案 
1465543, 46.1, 8.8, 1518, 异端的权利 
20273773, 38.0, 8.2, 791, 人生的意义 
6100919, 43.0, 9.1, 679, 治史三书 
3795033, 38.4, 9.0, 367, 数学天书中的证明 
1254278, 43.6, 8.7, 1129, 思想录 
1051919, 48.9, 9.3, 1328, 庄子今注今译（全三册） 
3788399, 35.5, 9.7, 138, 复分析 
3823020, 36.7, 8.8, 337, 性、生态、灵性 
1918220, 39.2, 8.4, 769, 性与性格 
6720539, 37.8, 8.3, 679, 断层线 
3391717, 44.5, 8.1, 2837, 中国好人 
1315260, 33.5, 8.7, 222, 时代的精神状况 
1828292, 38.0, 8.6, 509, 黑暗时代的人们 
1075952, 35.1, 9.5, 150, 饮冰室合集（全十二册） 
25789478, 32.8, 8.8, 183, 宽忍的灰色黎明 
1287508, 43.0, 8.2, 1900, 明室 
10449401, 34.6, 9.3, 163, 现代性的神学起源 
1421310, 36.2, 8.6, 379, 知识分子的鸦片 
25955940, 34.7, 8.6, 296, 透过佛法看世界 
11614538, 37.6, 8.7, 431, 程序员的职业素养 
2340059, 38.2, 7.6, 1805, 心理控制术 
3117247, 42.1, 9.0, 652, 中国古代思想史论 
1003692, 31.8, 8.5, 200, 真实世界的脉络 
26293220, 30.4, 7.7, 347, 像TED一样演讲 
1033829, 36.2, 9.0, 263, 法律、立法与自由(第一卷) 
6431982, 34.6, 9.1, 190, 说理 
26591902, 31.6, 9.2, 112, 中国思想史十讲（上卷） 
6889351, 37.7, 8.7, 436, 建筑的诗学 
1788967, 45.7, 8.6, 1803, 我们这一代 
1022187, 38.1, 8.3, 718, 知识考古学 
1030294, 42.4, 8.8, 834, 林中路 
21326266, 34.5, 8.1, 475, 与机器赛跑 
25881855, 36.5, 8.5, 435, 大教堂与集市 
2154713, 44.0, 8.9, 968, 精通正则表达式 
1440001, 24.9, 9.3, 39, Darwin&#39;s Dangerous Idea: Evolution and the Meanings of Life 
1489670, 48.5, 8.7, 2503, 老子他说 
10544787, 31.3, 8.8, 143, 暴力 
1729284, 43.3, 8.0, 2608, 单行道 
2135139, 42.3, 8.4, 1290, 我为什么要写作 
1066957, 31.4, 8.1, 273, 罗织经 
1035600, 41.1, 8.6, 846, 福柯的生死爱欲 
2363834, 44.2, 8.8, 1117, 春秋大义 
3069267, 34.0, 9.1, 174, 陀思妥耶夫斯基的世界观 
1258513, 45.1, 8.5, 1843, 爱与寂寞 
1053526, 41.7, 8.4, 1180, 哲学与人生 
2149717, 49.2, 8.9, 2174, 庄子諵譁（上） 
1022232, 42.1, 8.6, 989, 中国思想史（全三册） 
2375990, 39.7, 8.9, 496, 经济学思想史讲义 
4320831, 33.4, 8.8, 202, 责任与判断 
3261600, 58.6, 9.3, 5567, 人生的智慧 
6687032, 36.2, 8.8, 314, 经验的疆界 
1780035, 39.5, 8.6, 645, 如何改变世界 
26307520, 29.3, 8.1, 187, 没有街道的城市 
1084434, 41.7, 9.0, 613, 以自由看待发展 
3238339, 41.0, 8.7, 747, 人以什么理由来记忆 
10597973, 41.8, 8.1, 1746, 旧山河 
1310188, 40.4, 8.3, 1065, 魔鬼出没的世界 
1070246, 42.5, 8.6, 1054, 置身于苦难与阳光之间 
26220259, 38.0, 8.3, 700, 褚时健：影响企业家的企业家 
26922983, 19.2, 8.9, 20, 演讲的本质 
26737134, 34.4, 8.0, 523, 就要一场绚丽突围 
21324451, 38.9, 8.9, 438, 不是为了快乐 
3132641, 39.6, 8.8, 536, 中国现代思想史论 
1012380, 39.4, 8.8, 516, 精神现象学（上卷） 
1322336, 41.1, 9.0, 561, 控制论与科学方法论 
3874395, 35.9, 8.9, 272, 思想的力量 
7055536, 38.1, 8.9, 386, 资中筠自选集（全五册） 
1070274, 36.6, 8.5, 445, 人的宗教(修订版) 
2222359, 38.3, 8.9, 398, 非理性的人 
3381387, 36.9, 8.9, 319, 论持久战 
1488497, 35.1, 9.1, 204, 中国政治思想史 
1982096, 44.6, 8.4, 1915, 关于来洛尼亚王国的十三个童话故事 
2122637, 40.4, 8.1, 1368, 20世纪最伟大的心理学实验 
3055477, 40.6, 8.4, 982, 西潮 
1921597, 45.8, 8.9, 1286, 大学·中庸 
1027384, 33.2, 9.2, 141, 海德格尔选集（上下） 
7064456, 35.0, 8.4, 376, 研究之美 
25881102, 47.4, 8.9, 1654, 独裁者手册 
1556409, 32.1, 8.4, 232, 信任论 
1074329, 38.4, 8.9, 402, 尼采（上下） 
1021529, 38.2, 8.9, 390, 重负与神恩 
6969827, 41.0, 7.7, 2669, 理想丰满 
2267824, 39.6, 8.4, 822, 制度是如何形成的 
26857572, 27.3, 8.8, 76, 处处见生机 
24083865, 41.2, 7.7, 2782, 女人明白要趁早之三观易碎 
3171864, 35.6, 7.6, 1068, 一头想要被吃掉的猪 
3865451, 34.9, 8.9, 234, 现象学导论 
1003093, 44.0, 8.7, 1204, 美学三书 
1214303, 41.6, 8.8, 735, 韩非子 
1077568, 41.5, 9.0, 589, 自由论 
4189215, 38.6, 9.2, 320, 灵之舞 
6826594, 39.0, 8.2, 941, 故事照亮未来 
25884108, 31.4, 8.1, 270, 程序员的呐喊 
1808679, 36.6, 8.6, 402, 再造文明的尝试 
1030526, 43.9, 8.9, 947, 中国文化史导论 
20395644, 33.3, 7.7, 599, 大量流出 
2256361, 38.4, 8.8, 447, 箭术与禅心 
1050175, 47.0, 8.0, 5118, 赫逊河畔谈中国历史 
4164620, 31.4, 9.0, 125, 王阳明《传习录》详注集评 
3007268, 48.1, 9.3, 1172, 传习录 
20444403, 29.3, 8.3, 157, 知鱼之乐 
1970116, 41.9, 8.1, 1762, 这一代人的怕和爱 
1484492, 38.1, 8.9, 382, 20世纪思想史 
26831650, 17.5, 8.0, 24, 转向：用工程师思维解决商业难题 
26676661, 27.2, 8.6, 87, 从黄河文明到“一带一路”.第1卷 
22404951, 35.4, 9.0, 231, 建筑：篠原一男 
4285631, 41.6, 8.7, 814, 意识形态起源和影响 
3410829, 45.1, 8.6, 1614, 给青年建筑师的信 
1176241, 34.7, 9.2, 177, 宗教思想史 
4589142, 44.4, 9.7, 477, Book 
26910910, 12.4, 7.9, 10, 彼岸书 
1462854, 28.3, 8.9, 83, 理想的冲突 
3557854, 34.0, 8.7, 239, 思虑中国 
1963430, 34.7, 8.7, 269, 欧洲思想史 
1484425, 33.7, 7.7, 647, 囚徒的困境 
1007667, 38.6, 8.2, 868, 心理学的故事 
2219765, 28.1, 9.0, 76, 十力语要 
4219498, 26.4, 9.7, 39, 李泽厚集 
1050951, 36.8, 8.2, 641, 米沃什词典 
25767815, 25.7, 8.6, 68, 自我颠覆的倾向 
26545443, 26.5, 7.8, 148, 自由的基因 
1003828, 36.3, 8.8, 320, 中国思想传统的现代诠释 
1803230, 37.7, 8.8, 398, 中国近三百年学术史 
6528928, 34.2, 7.9, 562, 沉疴遍地 
26699788, 25.7, 8.5, 72, 二十六篇 
25822107, 23.6, 8.3, 58, 未来考古学 
25870783, 32.9, 9.1, 146, 荣耀与丑闻 
25928726, 30.9, 8.7, 146, 导读拉康 
6100990, 41.7, 7.7, 3028, 访问 
1256282, 41.6, 8.5, 1021, 心灵自由之路 
3123393, 46.5, 7.6, 9164, 遇见心想事成的自己 
1055823, 31.0, 8.8, 137, 纵欲与虚无之上 
10748231, 29.4, 9.3, 76, 哲学论稿 
3117248, 36.0, 8.5, 404, 中国近代思想史论 
1722020, 38.9, 8.7, 528, 最初和最终的自由 
10581480, 33.7, 8.5, 274, 地球的法则 
1413045, 36.6, 8.9, 304, 西方文明史 
26839363, 17.6, 7.1, 46, 请用数据说话 
1027085, 43.6, 8.3, 1838, 叔本华人生哲学 
5380072, 39.1, 8.2, 947, 思想与乡愁 
1011180, 37.3, 8.7, 410, 顾准日记 
1316549, 34.7, 8.6, 295, 极端的年代 
1292428, 37.1, 8.6, 440, 神经症与人的成长 
1104943, 28.2, 8.0, 169, 柔道战略 
26847674, 26.8, 8.7, 75, 狡猾的情感 
1444813, 31.5, 8.4, 208, 灵魂的黑夜 
4106854, 36.7, 9.2, 238, 四圣心源 
26628827, 25.2, 7.3, 189, 宫崎骏和他的世界 
26644896, 28.1, 8.3, 128, 我是谁？ 
1032937, 40.0, 8.9, 517, 问题与主义 
6060527, 23.1, 9.0, 35, 爱因斯坦文集（全三卷） 
25886895, 32.7, 7.0, 1431, 如何成为一个妖孽 
1021702, 42.4, 8.6, 1051, 偶像的黄昏 
1843001, 32.3, 8.5, 218, 给莉莉的信 
1052973, 36.7, 8.5, 457, 科学的历程 
1277275, 48.9, 9.2, 1483, 学术与政治 
24530141, 26.8, 8.0, 130, 重估价值 
25708550, 30.4, 8.0, 251, 知识分子与社会 
1081197, 40.1, 8.7, 643, 歌德谈话录 
3057556, 55.9, 9.0, 5450, 狂热分子 
1444141, 37.1, 9.1, 276, 演讲与论文集 
1945984, 32.0, 8.9, 149, 诚与真 
2334078, 32.0, 8.6, 190, 混序：维萨与组织的未来形态 
1078516, 36.0, 7.9, 793, 心灵史 
2009914, 41.7, 8.8, 754, 为权利而斗争 
1315167, 39.0, 9.0, 406, 历史的用途与滥用 
1843857, 29.0, 8.0, 196, 未来的冲击 
1322324, 40.5, 8.8, 619, 思想史研究课堂讲录 
4167567, 25.1, 7.4, 169, 物演通论 
2122295, 32.1, 8.9, 151, 人物志 
2871453, 12.0, 7.7, 10, The Origin of Consciousness in the Breakdown of the Bicameral Mind 
5350197, 39.8, 8.6, 683, 中国文化的命运 
1083333, 36.7, 8.4, 502, 积极生活 
1101606, 33.4, 8.3, 318, 聪明人的圣经 
1782312, 38.5, 9.1, 342, 发现社会之旅 
1082901, 25.6, 7.8, 126, 聪明人的训练 
1035562, 37.0, 8.6, 429, 在通向语言的途中 
1073535, 40.4, 9.1, 452, 人与自我 
2969222, 31.0, 9.0, 117, 现象学之基本问题 
1013987, 31.4, 8.5, 186, 古代中国的思想世界 
1008757, 35.5, 9.0, 234, 致死的疾病 
10536368, 37.4, 8.2, 704, 纸上卧游记 
10505864, 30.3, 7.6, 382, 乔姆斯基、福柯论辩录 
2029640, 42.9, 8.4, 1443, 南怀瑾讲演录 
26268552, 29.0, 7.6, 297, 如何变得有思想 
26627873, 28.6, 7.2, 442, 格局逆袭 
2149199, 33.1, 8.7, 208, 世界历史沉思录 
3546274, 31.1, 9.4, 91, 精神领袖 
10427332, 35.8, 7.9, 754, 当代中国八种社会思潮 
1392568, 37.1, 8.8, 360, 哲学之树 
4162766, 37.8, 7.8, 1257, 中国人的精神 
1049561, 38.1, 8.9, 387, 俄国思想家 
1280205, 34.1, 8.8, 225, 宗教经验种种 
1485340, 34.5, 8.3, 381, 德鲁克日志 
1082469, 40.7, 9.3, 396, 加缪全集（全四册） 
25906249, 26.9, 8.7, 77, 导读尼采 
1256169, 31.8, 8.7, 169, 真理与方法（上卷） 
26411141, 28.4, 7.4, 330, 世界为何存在？ 
7163150, 29.8, 8.5, 143, 本真性的伦理 
1059258, 63.4, 9.4, 9726, 道德经 
3496820, 34.2, 8.4, 330, 没有建筑师的建筑 
21649772, 37.0, 9.2, 252, 白鱼解字 
1815627, 40.5, 8.6, 770, 书斋里的革命 
2144413, 33.1, 7.7, 586, 简单法则 
1963674, 38.1, 7.7, 1510, 陈丹青 艾未未：非艺术访谈 
26674343, 31.8, 8.6, 185, 容忍与自由 
4841504, 33.3, 8.7, 215, 与孤独为伍 
1033561, 37.6, 8.8, 393, 文明论概略 
1256284, 41.1, 8.4, 1064, 谋生之道 
25923695, 33.4, 8.0, 436, 电车难题 
10593787, 29.8, 8.8, 114, 古代哲学的智慧 
4169495, 31.6, 7.5, 559, 让天赋自由 
20501758, 30.2, 8.8, 120, 声之善恶 
1253292, 44.1, 9.1, 793, 老子今注今译 
19977858, 36.6, 9.1, 258, 朱光潜谈美 
1832047, 28.3, 7.9, 190, 权力的转移 
1397594, 32.8, 8.3, 286, 致新知识分子 
25774978, 37.4, 8.7, 418, 眼泪与圣徒 
1491630, 43.8, 8.7, 1174, 小窗幽记 
5401989, 51.5, 8.1, 9783, 自由在高处 
10434858, 35.0, 8.6, 311, 我们为什么离正义越来越远 
1766308, 35.4, 9.1, 215, 明夷待访录 
1058031, 33.6, 9.0, 177, 中国思想传统及其现代变迁 
2326230, 39.5, 8.6, 644, 我的精神自传 
1065335, 43.1, 9.1, 686, 朱熹的历史世界(上下) 
1130519, 33.1, 8.3, 300, 麦克卢汉精粹 
1476920, 34.7, 9.1, 191, 五十奥义书 
1809674, 29.2, 9.3, 73, 徐梵澄文集 
1038979, 40.5, 8.6, 761, 道德理想国的覆灭 
1025373, 41.1, 8.6, 850, 中国思想通俗讲话 
1006301, 28.7, 8.2, 155, 教育的目的 
1393220, 28.2, 9.0, 77, 启蒙运动与现代性 
10598181, 28.6, 7.3, 389, 随机生存的智慧 
1186712, 43.0, 8.2, 1893, 各自的朝圣路 
1784921, 38.2, 8.9, 390, 论道德的谱系 
2019392, 34.2, 9.0, 194, 罗素论自由 
1287865, 52.1, 9.4, 1910, 老子 
1661300, 26.9, 8.6, 82, 世界范围内的反现代化思潮 
1002562, 36.9, 8.7, 387, 论道德的谱系 善恶之彼岸 
1852677, 37.8, 8.5, 549, 爱与生的苦恼 
25809708, 22.8, 8.4, 48, 如何改变世界 
1023775, 34.6, 8.6, 293, 不正常的人 
1315213, 49.1, 9.0, 1906, 中国文化要义 
1077499, 39.3, 8.6, 629, 重寻胡适历程 
1049946, 29.8, 8.5, 144, 代价论 
25698186, 24.9, 8.9, 49, 真理与真诚 
2240928, 38.3, 8.7, 485, 当生命陷落时 
6990248, 33.7, 7.5, 851, 失败者之歌 
5503967, 31.9, 8.5, 205, 织梦人 
1071016, 28.3, 8.5, 112, 中国传统的创造性转化 
2334592, 29.1, 9.0, 88, 萌萌文集 
6717822, 29.7, 8.5, 141, 中国思想史 
2777125, 26.9, 9.4, 49, 西方大观念（全二卷） 
26593192, 27.9, 8.7, 90, 思想本质 
3144300, 36.8, 9.2, 243, 通向实在之路 
1279934, 29.6, 8.5, 138, 马克思主义、毛泽东主义与乌托邦主义 
1044994, 49.3, 9.3, 1413, 鲁迅全集(1) 
1028406, 39.4, 8.8, 523, 与鲁迅相遇 
2281420, 36.2, 8.8, 315, 巴坦加里的瑜伽经 
1270511, 38.2, 8.1, 921, 湖上闲思录 
24704563, 23.1, 8.8, 39, 思想的力量 
26846157, 25.8, 8.7, 64, 我们都是赶路人 
1148191, 36.0, 8.6, 363, 费曼讲物理入门 
2262869, 33.4, 8.2, 350, 保守主义 
1005354, 48.2, 9.1, 1484, 逻辑哲学论 
1080223, 38.5, 9.2, 314, 人与国家 
4941684, 23.4, 9.3, 31, 古兰经注 
1986275, 32.1, 8.6, 192, 大失败 
2079351, 39.5, 9.2, 363, 從理想主義到經驗主義 
1432078, 36.2, 8.0, 718, 历史的终结及最后之人 
2286854, 35.4, 8.0, 621, 从胡塞尔到德里达 
5257777, 31.8, 8.6, 185, 每个人的政治 
6025826, 29.5, 8.5, 137, 异教徒 
3773959, 41.3, 8.4, 1101, 只有一个人生 
2022506, 37.9, 7.8, 1285, 思想国 
2029641, 39.0, 8.1, 1049, 南怀瑾与彼得·圣吉 
1027427, 40.6, 8.4, 973, 论语今读 
26833527, 18.6, 8.7, 20, 麦肯锡精英的谈判策略 
5985553, 25.9, 9.2, 48, 现代中国思想的核心观念 
26674037, 30.5, 8.6, 148, 为人文教育辩护 
3519570, 24.1, 8.8, 46, 汉译世界学术名著丛书珍藏本 
1314977, 32.6, 8.7, 193, 全球化时代的文化认同 
26893018, 13.1, 8.2, 10, 改变世界的创业者 
1042814, 37.3, 9.2, 261, 人与世界 
24748616, 35.4, 8.2, 498, 介绍我自己的思想 
3034307, 31.6, 8.4, 213, 现代中国思想的兴起（全四册） 
23789345, 31.9, 8.9, 146, 渐行渐远的红利 
25906248, 28.1, 8.4, 117, 导读德勒兹 
3101021, 47.9, 8.7, 2260, 极权主义的起源 
1060196, 29.5, 8.9, 101, 思想家 
1658346, 32.7, 8.4, 257, 思想史上的失踪者 
26589233, 26.4, 8.0, 121, 1+12:通向常识的道路 
1865875, 30.7, 9.0, 112, 爱因斯坦文集（第一卷） 
1905142, 32.2, 8.6, 195, 中国意识的危机 
1028052, 39.5, 7.9, 1513, 李叔同说佛 
19976775, 33.4, 7.5, 796, 死城漫游指南 
6437896, 30.7, 7.7, 368, 六项精进 
1015660, 33.0, 8.6, 225, 现代性社会理论绪论 
1017851, 27.2, 8.2, 118, 文化资本与社会炼金术 
1621745, 39.6, 8.7, 590, 家春秋（全3册） 
19962889, 23.9, 9.6, 29, 梦想与路径 
1058669, 38.4, 8.8, 445, 现代危机与思想人物 
2984358, 30.1, 9.2, 89, 新唯识论 
5401874, 30.9, 7.9, 306, 什么是好的公共生活 
26837417, 13.3, 7.7, 13, 我读天下无字书（增订版） 
2221115, 45.2, 9.0, 1055, 庄子諵譁（下） 
1931318, 41.3, 7.0, 9723, 于丹《论语》心得 
10487884, 19.5, 8.8, 22, 亵渎 
3128876, 32.8, 8.3, 284, 反抗绝望 
6725978, 32.8, 8.3, 284, 逍遥游 
1197956, 35.1, 8.8, 261, 权力论 
6714961, 34.5, 9.2, 173, 中国现代思想的起源 
3510267, 33.1, 8.8, 192, 殷海光林毓生书信录 
1125026, 42.0, 9.0, 642, 毛泽东选集 第二卷 
1013371, 33.8, 8.6, 257, 中国文化的展望 
1073068, 36.4, 8.2, 591, 在边缘看世界 
1270267, 32.0, 8.8, 161, 通过知识获得解放 
1438102, 29.6, 8.2, 180, 与齐泽克对话 
1012379, 44.6, 8.6, 1508, 知识分子论 
1070007, 47.8, 8.8, 1970, 致命的自负 
1465594, 25.6, 8.0, 106, 符号学与语言哲学 
5401859, 32.3, 8.3, 263, 门后的秘密 
26436287, 21.6, 8.9, 29, 孔学古微 
4903188, 36.7, 8.3, 560, 叶隐入门 
2064067, 34.0, 7.6, 793, 一个人 
2046190, 20.1, 8.9, 23, Be Here Now 
4241588, 30.0, 7.2, 596, 像设计师那样思考 
1030171, 34.3, 8.3, 373, 中国人的道德前景 
2284844, 22.5, 8.0, 60, 美国革命的思想意识渊源 
21248826, 19.5, 7.6, 46, “升职超人”教你旋风成长法则 
2335325, 28.0, 9.0, 74, 经济学基础文献选读 
1320925, 37.4, 8.6, 457, 朝话 
1970595, 26.1, 7.6, 167, 商人为什么需要哲学 
2984016, 33.1, 8.8, 191, 爱因斯坦晚年文集 
1277981, 56.7, 8.8, 8054, 社会契约论 
4884200, 25.1, 7.5, 150, 这次不一样？800年金融荒唐史 
1894184, 39.1, 8.9, 447, 罗素自选文集 
1807349, 39.3, 8.6, 632, 个人尊严 
1077196, 43.7, 8.6, 1288, 蒙田随笔全集（全三册） 
19956258, 37.2, 8.5, 490, 容忍比自由更重要 
1170591, 29.4, 8.9, 99, 胡适全集（共44卷） 
2061863, 40.2, 8.6, 727, 自私的德性 
1441453, 30.7, 8.6, 154, 历史学的理论和实际 
26539803, 18.3, 7.4, 42, 没有上帝的宗教 
1287511, 38.6, 8.1, 992, 思痛录 露沙的路 
1315680, 38.5, 8.7, 494, 司法过程的性质 
19995928, 31.0, 7.7, 389, 出发，和每个人谈一次梦想 
1430203, 31.9, 8.8, 157, 系统的哲学 
1753077, 41.8, 9.3, 464, 王小波文集 
1165193, 24.6, 8.1, 81, 大众塔木德 
3795574, 28.2, 7.0, 526, 部落：一呼百应的力量 
25810167, 24.5, 7.7, 112, 哲学百科 
26833522, 16.7, 7.2, 35, 麦肯锡精英的思考习惯 
1186899, 29.5, 8.2, 176, 思想的未来 
4264066, 34.4, 9.0, 200, 权威与个人 
3332889, 27.5, 8.3, 114, 近代读书人的思想世界与治学取向 
10588021, 38.4, 8.0, 1078, 技术元素 
26842899, 15.6, 7.8, 19, 博弈思考法 
1072989, 32.9, 9.0, 158, 薄伽梵歌论 
2275558, 31.0, 9.0, 117, 中庸 
1041385, 56.4, 9.2, 4494, 论美国的民主 
20499536, 35.9, 7.8, 867, 时代的稻草人 
1178535, 41.3, 8.6, 869, 人性论（上下） 
4269888, 39.2, 8.7, 558, 阳明学述要 
1812011, 49.5, 9.0, 2026, 佛教的见地与修道 
3260366, 36.9, 9.1, 267, 社会主义 
10443011, 28.2, 8.6, 102, 活出你的小宇宙 
4787994, 27.5, 9.5, 51, 数学在19世纪的发展（第一卷） 
2241168, 42.4, 8.4, 1328, 内在的探索 
1849409, 48.6, 9.1, 1566, 易经 
3465962, 38.6, 8.9, 417, 素书 
1024765, 28.6, 8.1, 164, 从结构到解构（上下） 
3668161, 28.7, 8.0, 184, 项目管理之美 
5346359, 28.7, 9.3, 68, 余英时学术思想文选 
4843462, 42.1, 9.4, 448, 楞严经 
1255584, 36.8, 8.4, 511, 时间与自由意志 
4062752, 38.2, 8.8, 432, 古典自由主义 
4766921, 44.6, 8.9, 1056, 解体概要 
2051028, 30.1, 8.3, 180, 文化研究关键词 
6965746, 42.2, 8.2, 1634, 科技想要什么 
1211033, 39.7, 9.1, 411, 古今数学思想（二） 
2213463, 44.4, 8.7, 1282, 拯救与逍遥 
1393233, 42.7, 9.2, 583, 古典时代疯狂史 
2271222, 40.4, 9.1, 457, 鬼谷子（第二版） 
1257360, 42.2, 8.8, 805, 孟子 
5408882, 54.7, 9.1, 3986, 公正 
4711466, 37.1, 8.1, 751, 培根随笔 
1454687, 48.7, 9.0, 1785, 政府论（下篇） 
10600614, 28.4, 8.6, 106, 哲学与人生 （第二版） 
1082578, 52.7, 9.0, 3333, 理想国与哲人王 
4246991, 32.1, 8.5, 210, 疾痛的故事 
1986050, 39.6, 8.8, 533, 哲学 科学 常识 
24870782, 30.7, 8.4, 181, 青年王阳明：行动中的儒家思想（杜维明作品系列） 
25813166, 26.7, 9.4, 48, 无限与视角 
7916069, 41.6, 8.8, 735, 被禁锢的头脑 
3722967, 42.1, 8.3, 1422, 人生十论 
25845924, 24.6, 8.4, 65, 波普主义 
21432137, 41.3, 8.7, 776, 共同的底线 
6749832, 43.1, 9.0, 755, 复杂 
1027977, 32.0, 9.0, 137, 新科学 
1500045, 37.6, 8.7, 432, 猜想与反驳 
2068955, 34.2, 8.9, 208, 大学之理念 
21330698, 28.4, 8.9, 84, 中國文化冷風景 
26834528, 21.0, 7.8, 53, 佐藤大:用设计解决问题 
1033163, 49.2, 9.2, 1539, 老子注译及评介 
1004821, 58.6, 8.7, 12778, 理想国 
1003284, 54.8, 8.1, 17888, 退步集 
1468622, 25.3, 8.3, 78, A New Kind of Science 
6946737, 31.7, 8.6, 180, 当代中国的启蒙与反启蒙 
1853029, 28.1, 9.2, 66, 道藏（1-36册） 
1447912, 36.2, 8.8, 315, 五四运动 
3075468, 30.6, 8.9, 119, 哲学史方法论十四讲 
3376690, 43.5, 8.4, 1599, 中国怎么办 
1026534, 32.6, 8.5, 228, 布拉格精神 
1065977, 50.3, 8.6, 3835, 共产党宣言 
1799255, 32.8, 8.5, 238, 精神分析入门 
24371383, 37.1, 7.7, 1246, 中国国民性演变历程 
5385877, 36.9, 9.0, 291, 中国近代思想与学术的系谱 
4857097, 36.3, 8.9, 289, 政治思考 
6811366, 49.2, 8.3, 4810, 禅与摩托车维修艺术 
3241907, 41.3, 8.3, 1247, 维特根斯坦笔记 
10594802, 41.5, 8.0, 1898, 写给无神论者 
1437686, 38.7, 8.8, 462, 自由及其背叛 
1083054, 42.5, 9.0, 688, 现代性与大屠杀 
4272339, 30.8, 9.0, 115, 后现代性下的生命与多重时间 
2302217, 49.4, 8.8, 2529, 阿特拉斯耸耸肩（上下） 
25782902, 46.0, 8.3, 2798, 反脆弱 
1013042, 31.5, 8.3, 229, 孤独的狂欢 
1123740, 46.5, 9.5, 763, 科学革命的结构 
1291204, 57.0, 9.4, 3874, 哥德尔、艾舍尔、巴赫 
4236917, 36.3, 8.6, 382, 观念史研究 
1433411, 50.5, 8.8, 3026, 新教伦理与资本主义精神 
1053623, 47.0, 8.4, 2868, 文明的冲突与世界秩序的重建 
1721111, 49.0, 8.6, 3089, 周国平人生哲思录 
1043419, 41.1, 8.9, 612, 自由与繁荣的国度 
5379664, 38.6, 7.6, 1929, 浅薄 
1597272, 32.2, 9.4, 106, 巴赫金全集（全7卷） 
5906312, 41.0, 8.7, 749, 兴盛与危机 
1276771, 37.7, 8.1, 844, 政府论（上篇） 
3557583, 32.9, 8.4, 265, 通往尊严的公共生活 
10491605, 41.3, 8.5, 976, 余英时访谈录 
1466180, 31.8, 8.4, 219, 东汉生死观 
1077528, 57.6, 8.9, 8049, 通往奴役之路 
26431217, 37.2, 8.6, 447, 在江湖 
1851383, 25.4, 9.2, 44, 哲学与真理 
20499070, 37.7, 8.1, 833, 这个社会会好吗 
6725979, 33.2, 8.3, 307, 思辨的禅趣 
3389811, 42.8, 8.7, 997, 西方哲学史（修订第8版） 
2359003, 54.4, 8.2, 14025, 沉思录 
1253713, 33.4, 8.7, 219, 基督教神学思想史 
2241170, 38.8, 8.6, 583, 自我的真相 
4199761, 51.3, 8.4, 5982, 重新发现社会 
5373043, 23.4, 7.5, 107, 人情与面子 
1012272, 44.3, 8.7, 1268, 反对阐释 
25928725, 28.5, 8.6, 107, 导读齐泽克 
3706510, 31.5, 9.1, 118, 中国文化思想史九种 
1491505, 31.7, 8.3, 235, 幽暗意识与民主传统 
1052077, 35.4, 8.9, 252, 文史传统与文化重建 
1058229, 40.3, 8.7, 666, 智慧书 
25800850, 30.9, 8.0, 274, 动荡的世界 
1317485, 46.4, 8.6, 2021, 生命是什么 
1468426, 46.6, 8.7, 1848, 利维坦 
2046236, 57.5, 9.3, 4696, 庄子 
24298157, 32.6, 8.9, 163, 来日方长 
1049522, 51.6, 8.8, 3631, 西西弗的神话 
1949420, 57.5, 9.3, 4697, 孙子兵法 
1054092, 33.8, 8.1, 415, 罗素自传（第一卷） 
1000506, 32.2, 8.5, 213, 蜜蜂的寓言 
1028268, 47.0, 8.8, 1726, 正义论 
6021440, 59.6, 8.8, 12936, 黑客与画家 
1810945, 37.8, 8.5, 547, 东西文化及其哲学 
23780616, 31.8, 8.7, 170, 一个悲观主义者的积极思考 
1008189, 58.0, 8.9, 8644, 西方哲学史（上卷） 
4149376, 35.3, 8.0, 618, 朝闻道集 
2065347, 33.9, 8.3, 346, 走出中世纪 
3027232, 36.6, 8.2, 620, 人往低处走 
1451698, 34.9, 8.9, 235, 什么是教育 
2051821, 39.2, 8.7, 557, 论革命 
4146477, 37.6, 7.6, 1602, 北大批判 
5988185, 42.4, 8.3, 1487, 宅兹中国 
1252057, 45.8, 8.9, 1274, 1844年经济学哲学手稿 
1077621, 40.3, 8.8, 596, 毛泽东选集 第三卷 
3071729, 35.4, 8.6, 331, 希腊精神 
1137278, 34.2, 8.5, 297, 系统化思维导论（银年纪念版） 
1315249, 34.0, 8.1, 437, 人心与人生 
3546574, 36.8, 8.8, 342, 扭曲的人性之材 
3023149, 37.3, 8.5, 499, 狂喜之后 
4122992, 39.8, 8.6, 680, 人生的三路向 
1045818, 65.9, 8.5, 59072, 苏菲的世界 
2049128, 44.1, 8.1, 2617, 丧家狗 
1400030, 45.1, 8.7, 1443, 推理的迷宫 
1419432, 34.4, 8.0, 525, 熵：一种新的世界观 
1095849, 40.9, 8.8, 655, 词与物 
3463292, 45.0, 9.2, 829, 叔本华美学随笔 
1069805, 46.7, 8.7, 1875, 给青年的十二封信 
1004710, 31.5, 8.6, 175, 犹在镜中 
1076280, 43.7, 8.7, 1150, 第一哲学沉思集 
1071023, 47.5, 8.6, 2391, 谈谈方法 
3413327, 29.4, 8.6, 124, 经济学的邀请 
1021698, 32.6, 8.3, 276, 西方现代艺术史 
1067592, 42.0, 8.7, 871, 要塞 
3131803, 38.9, 8.6, 593, 致青年朋友 
1469342, 27.2, 8.2, 118, 噪音 
5326339, 32.9, 8.5, 241, 在傻子和英雄之间 
1156866, 32.3, 8.0, 358, 系统思考 
1076378, 49.8, 9.1, 1890, 传统十论 
1075249, 41.2, 8.9, 623, 西方哲学原著选读(上卷) 
3213781, 40.9, 9.1, 488, 启迪 
1262809, 37.5, 8.8, 387, 近代的超克 
10432364, 31.7, 8.1, 287, 奇思妙想 
1272898, 27.4, 8.7, 83, 自我的根源 
1227414, 38.0, 9.1, 318, 古今数学思想（四） 
11589947, 33.4, 7.8, 544, 这个时代的无知与傲慢 
1013879, 29.2, 9.0, 90, 韦伯：法律与价值 
5214612, 35.3, 8.2, 492, 福柯 
1277169, 43.0, 9.0, 747, 古今数学思想（一） 
1899804, 29.6, 8.1, 199, 涌现 
6392223, 27.5, 8.7, 84, 浪漫主义时代的政治观念 
1615235, 36.3, 8.2, 581, 蒙田随笔 
26585057, 33.8, 7.4, 997, 罗辑思维：迷茫时代的明白人 
3003032, 47.9, 9.2, 1281, 浪漫主义的根源 
4126261, 36.7, 8.1, 701, 身份与暴力 
2141589, 30.1, 8.7, 128, 眼与心 
1060774, 56.1, 8.7, 8566, 君主论 
1070358, 31.5, 8.5, 189, 思考法国大革命 
1002958, 38.9, 8.7, 528, 战争论（全三卷） 
2143763, 37.4, 8.4, 563, 疯狂的意义 
2284288, 30.7, 8.7, 141, 善的脆弱性 
1042070, 42.3, 8.5, 1152, 历史的经验 
4289511, 30.5, 9.1, 102, 鬼谷子集校集注 
1139359, 39.3, 8.9, 462, 毛泽东选集 第四卷 
3669748, 36.7, 8.8, 339, 儒教中国及其现代命运 
1041366, 47.1, 9.3, 1014, 管锥编（全五册） 
5396636, 37.5, 9.2, 270, 资本主义与精神分裂 （卷二） 
5346110, 52.5, 9.0, 3213, 穷查理宝典 
1000888, 50.1, 9.0, 2215, 論語譯註 
4766916, 34.5, 8.6, 284, 爱默生随笔 
10785583, 48.9, 8.2, 5347, 思考，快与慢 
1082468, 29.7, 8.8, 112, 维特根斯坦全集（全12卷） 
20501255, 29.5, 8.6, 126, 朱光潜谈读书 
6526752, 49.0, 8.8, 2400, 生命之书 
1020296, 36.9, 8.7, 385, 恐惧与颤栗 
26785219, 20.0, 7.0, 85, 联邦监狱的&#34;间谍&#34; 
10773362, 40.4, 8.2, 1201, 随机漫步的傻瓜 
4931700, 28.4, 9.1, 74, 创新的先知 
26628659, 28.9, 8.0, 193, 守先待后 
3072490, 40.1, 8.5, 800, 功利主义 
1444025, 40.3, 8.2, 1176, 存在主义是一种人道主义 
1276479, 43.1, 8.8, 929, 发达资本主义时代的抒情诗人 
4231733, 30.1, 8.5, 150, 论自由意志 
1083309, 37.3, 8.9, 340, 论可能生活 
4124727, 58.2, 8.1, 32539, 孤独六讲 
1979199, 37.5, 8.5, 522, 批判性思维 
1063852, 51.6, 8.8, 3583, 悲剧的诞生 
1484111, 23.6, 8.5, 51, 个人知识 
2363639, 34.7, 8.7, 269, 点亮自性之光 
1465419, 39.3, 8.5, 702, 资本主义与自由 
2066374, 48.8, 9.1, 1623, 返璞归真 
1068301, 32.7, 8.4, 254, 意识形态与乌托邦 
1937955, 38.0, 8.5, 566, 胡适之先生晚年谈话录 
1495244, 22.9, 8.7, 40, 犹太教神秘主义主流 
1393386, 32.5, 8.7, 190, 主体解释学 
4853094, 37.1, 9.0, 302, 探索现代社会的起源 
6756090, 40.1, 8.4, 902, 松本行弘的程序世界 
1171881, 37.2, 8.0, 866, 有闲阶级论 
26663951, 33.7, 7.8, 582, 唧唧复唧唧 
1755628, 24.9, 7.6, 132, 筑就我们的国家 
2256360, 34.0, 8.8, 222, 胡塞尔现象学 
4864406, 32.2, 8.7, 180, 教育就是解放心灵 
24699353, 32.7, 8.0, 385, 现代世界的诞生 
3803268, 38.8, 8.5, 645, 历史决定论的贫困 
1442720, 55.1, 9.4, 2941, 鲁迅全集（2005最新修订版） 
1043903, 32.2, 8.7, 180, 哲学的故事 
1979209, 32.8, 8.6, 217, 上帝之城（上下） 
1442650, 29.3, 8.5, 132, 火的精神分析 
1466236, 41.5, 8.0, 1879, 风中的纸屑 
1069576, 38.4, 8.5, 602, 西方哲学史 
4292120, 33.7, 7.0, 1772, 低智商社会 
1002135, 33.1, 8.6, 229, 历史与阶级意识 
6042298, 31.3, 9.2, 107, 符号学原理与推演 
10416635, 32.4, 8.4, 244, 文明·国家·大学 
3077186, 34.8, 8.1, 499, 群氓之族 
2315287, 39.4, 8.6, 635, 技术垄断 
5914497, 35.0, 8.9, 238, 作为方法的中国 
24872278, 31.6, 7.2, 836, 信号与噪声 
4044354, 26.6, 8.5, 84, 符号政治经济学批判 
1216737, 50.8, 8.9, 2780, 纯粹理性批判 
3223719, 36.9, 8.2, 644, 围炉夜话 
1116367, 47.2, 8.7, 2018, 道德情操论 
1003986, 54.6, 8.8, 5835, 病隙碎笔 
25908079, 38.8, 8.5, 646, 新经济，新规则 
1277279, 38.1, 8.2, 801, 文明与野蛮 
1077129, 46.5, 8.5, 2312, 一生的学习 
1020009, 35.0, 8.3, 414, 中国问题 
25947310, 34.3, 7.3, 1260, 21世纪资本论 
2985723, 34.8, 8.5, 331, 经济思想史 
6081356, 30.1, 9.2, 90, 史铁生作品系列（纪念版） 
1915375, 40.5, 8.8, 621, 西方的没落（全二卷） 
5914483, 28.5, 9.4, 62, 金克木集（全八卷） 
2155341, 38.4, 8.9, 402, 官僚体制·反资本主义的心态 
5905979, 36.3, 8.8, 319, 斜目而视 
10608218, 32.3, 7.7, 503, 价值的理由 
4909051, 26.2, 8.7, 68, 历史讲演录 
1077428, 42.4, 9.1, 618, 自然权利与历史 
4212276, 40.1, 8.4, 889, 苏联的心灵 
1025723, 54.3, 8.3, 11660, 潜规则 
1965596, 26.4, 8.7, 71, 科学与方法 
1025001, 42.5, 8.5, 1193, 东方学 
2079931, 40.2, 8.7, 651, 大转型 
1026628, 36.5, 9.0, 275, 原则与妥协（修订本） 
24897425, 28.8, 8.5, 122, 佛学概论 
2138608, 36.2, 8.7, 344, 中国社会中的宗教 
5983758, 30.5, 8.5, 161, 像物理学家一样思考 
2974917, 38.8, 8.7, 519, 自由主义 
1392562, 38.8, 8.5, 648, 康德哲学讲演录 
1684120, 30.9, 7.6, 430, 思维的版图 
1000213, 44.5, 8.5, 1666, 迎向灵光消逝的年代 
1083052, 36.1, 8.3, 506, 现代性的后果 
1251839, 43.5, 8.6, 1246, 权力意志 
1135754, 44.2, 8.1, 2669, 你的灯亮着吗? 
5332713, 50.7, 9.0, 2449, 人间是剧场 
1916659, 35.6, 8.6, 341, 关于陀思妥耶夫斯基的六次讲座 
1789444, 37.9, 8.4, 621, 第三次浪潮 
5906321, 42.4, 9.1, 612, 开放中的变迁 
1018822, 29.8, 8.5, 144, 理念人 
1006560, 51.8, 8.2, 8858, 血酬定律 
1048712, 35.5, 8.4, 407, 柏拉图全集（第一卷） 
1064734, 44.2, 8.4, 1779, 疾病的隐喻 
1315190, 48.4, 8.8, 2169, 想象的共同体 
24379797, 35.5, 8.7, 305, 民主•宪法•人权 
1196945, 42.4, 8.5, 1179, 集体行动的逻辑 
1821216, 35.1, 8.4, 383, 古代中国文化讲义 
1489494, 48.3, 8.5, 3116, 人与永恒 
22513668, 29.5, 8.3, 162, 逻辑要义 
2213965, 41.3, 8.2, 1404, 他人就是地狱 
25908549, 26.5, 7.5, 202, 无政府主义人类学碎片 
3335650, 35.5, 8.7, 309, 春秋大义2 
3423021, 31.8, 8.5, 202, 通灵芯片 
3069690, 42.6, 8.5, 1214, 人生的起点和终站 
21966337, 30.1, 8.9, 111, 论关系 
2184710, 31.7, 8.3, 238, 生命的悲剧意识 
20272112, 43.1, 8.2, 1928, 欢喜 
1047588, 32.1, 7.9, 379, 酷儿理论 
2975939, 36.8, 7.4, 1832, 论扯淡 
1054816, 36.7, 9.2, 240, 法律与革命 
1206206, 40.9, 8.2, 1301, 皇帝新脑 
1089398, 52.3, 8.9, 3528, 西方哲学史（下卷） 
1024677, 36.2, 8.2, 571, 上帝死了 
1074030, 39.9, 8.3, 965, 西方哲学十五讲 
1926728, 38.6, 9.3, 291, 往事与随想 
2419991, 26.7, 8.5, 86, 中国科学技术史 
20625420, 28.8, 8.0, 188, 怀疑的时代需要怎样的信仰 
2049781, 42.2, 8.5, 1134, 世界在你心中 
2137823, 28.2, 8.4, 119, 经济发展理论 
1060531, 46.7, 8.5, 2396, 忏悔录 
1867455, 34.5, 7.9, 599, 像外行一样思考，像专家一样实践——科研成功之道 
3784639, 37.8, 8.6, 489, 超越时空 
21355964, 32.7, 8.2, 308, 生活的艺术家 
1783111, 49.9, 8.7, 3116, 存在与时间 
10601137, 48.4, 7.7, 10958, 你永远都无法叫醒一个装睡的人 
3424068, 30.5, 7.6, 394, 生命的心流 
1083985, 36.7, 8.5, 451, 混沌 
3697494, 52.9, 9.1, 3029, 洞穴奇案 
1157293, 31.1, 8.2, 233, 原始思维 
1042938, 32.5, 9.3, 119, 礼记集解（全三册） 
1032063, 54.4, 8.9, 4948, 旧制度与大革命 
4163938, 47.5, 8.7, 2110, 软件随想录 
4199741, 40.9, 8.5, 920, 代码整洁之道 
2348372, 52.5, 8.3, 8489, 野蛮生长 
3740431, 48.9, 8.4, 3954, 灵魂只能独行 
1822857, 52.0, 9.0, 2983, 王小波全集（第二卷 杂文） 
26150549, 37.9, 8.7, 450, 人性中的善良天使 
1071227, 51.8, 9.0, 2899, 大问题 
3283550, 36.0, 9.1, 233, 西方政治思想史 
25745691, 37.9, 7.2, 3177, 罗辑思维 
3404727, 41.1, 8.4, 1055, 同时 
1004322, 52.2, 8.6, 5217, 第二性 
26279954, 25.6, 7.2, 232, 知识的边界 
2216583, 51.2, 8.8, 3396, 沉重的肉身 
1015941, 30.8, 8.4, 185, 继承人 
1675500, 35.9, 9.0, 250, 后现代主义与文化理论 
1316536, 40.2, 8.6, 730, 萨特读本 
5372651, 42.5, 8.3, 1532, 程序员的思维修炼 
1525734, 37.3, 8.8, 370, 德意志意识形态 
25752043, 44.8, 8.7, 1378, 信息简史 
1045862, 47.7, 8.5, 2818, 第五项修炼 
1056883, 40.5, 9.2, 420, 读通鉴论（上中下册） 
1858458, 39.6, 8.3, 929, 兵以诈立 
6425061, 52.9, 8.6, 5829, 哲学家们都干了些什么？ 
20463108, 56.3, 8.3, 16385, 观念的水位 
4105450, 27.4, 8.7, 83, 过时的人（第一、二卷） 
1437162, 39.4, 8.1, 1132, 随想录 
1048672, 39.9, 8.0, 1425, 尼采生存哲学 
19970664, 32.6, 9.4, 113, 柏拉图对话中的神 
1856723, 34.4, 8.6, 279, 沉默的美学 
1152111, 46.4, 8.6, 2007, 程序员修炼之道 
5924290, 27.4, 8.8, 77, 中国前近代思想的屈折与展开 
3333989, 51.1, 8.1, 9171, 荒废集 
10607712, 35.0, 8.0, 578, 迷人的谎言 
1343594, 31.6, 9.0, 129, Distinction 
1437687, 43.1, 8.7, 1045, 性经验史 
20453024, 48.7, 8.6, 2935, 不要因为走得太远而忘记为什么出发 
1226635, 25.6, 8.3, 83, 思维方式 
1006624, 41.4, 8.4, 1115, 孟子譯注 
1956018, 32.1, 8.8, 162, 世界哲学史 
2567964, 35.4, 8.6, 334, 道德的重量 
4832495, 27.9, 7.8, 192, 工作、消费、新穷人 
1211041, 38.2, 9.1, 328, 古今数学思想（三） 
2984324, 26.9, 8.1, 122, 文明的解析 
1045574, 30.6, 8.6, 152, 梦想的诗学 
2122992, 45.9, 9.0, 1161, 故道白云 
1270551, 44.4, 9.0, 925, 八十忆双亲 师友杂忆 
1784676, 32.2, 8.9, 153, 占有还是生存 
1004329, 37.6, 8.7, 428, 个人主义与经济秩序 
1504957, 51.1, 8.6, 4371, 学会提问 
3184336, 40.3, 8.0, 1512, 民主四讲 
10488580, 35.3, 9.0, 229, 鬼谷子 
1150503, 46.9, 9.0, 1360, 资本论（第一卷） 
1292405, 51.5, 8.6, 4673, 自私的基因 
3158094, 33.2, 8.8, 194, 英国个人主义的起源 
4718464, 27.8, 8.8, 82, 民族主义 
3608751, 37.5, 7.4, 2100, 醒来 
1890228, 27.2, 7.9, 154, 女权辩护 妇女的屈从地位 
24902403, 31.2, 9.2, 106, 忙总管理笔记 
4244859, 42.0, 8.4, 1235, 超越金融 
4917249, 35.1, 9.2, 189, 韩非子 
1034259, 45.8, 8.5, 2058, 小逻辑 
4114172, 38.3, 8.7, 480, 为什么要相信达尔文 
1292301, 27.4, 9.0, 68, 生活世界现象学 
1020547, 47.7, 8.9, 1723, 论语新解 
2083981, 49.9, 8.7, 3144, 了凡四训 
1534951, 50.6, 8.9, 2717, 逃避自由 
1205456, 32.2, 7.8, 439, 未来之路 
1062193, 58.7, 8.6, 15187, 娱乐至死 
1273726, 38.4, 8.8, 443, 邓小平文选 第三卷 
6859959, 37.2, 9.0, 305, 健全的社会 
5422665, 43.2, 8.0, 2594, 大设计 
25952961, 44.8, 8.8, 1233, 博尔赫斯谈话录 
3134906, 29.9, 7.8, 283, 公共人的衰落 
1139980, 51.0, 9.3, 1797, 四書章句集注 
1467587, 49.2, 9.0, 1951, UNIX编程艺术 
4874162, 40.7, 8.4, 985, 与神对话（第二卷） 
5924293, 30.4, 8.7, 135, 中国的冲击 
4898627, 42.0, 8.3, 1386, 禅者的初心 
7564417, 32.7, 7.7, 535, Linux/Unix设计思想 
3032327, 24.5, 7.4, 147, 逻辑思维训练500题 
4857048, 29.7, 8.1, 202, 幸福散论 
3259487, 31.3, 8.4, 202, 文化与无政府状态 
1420502, 32.8, 8.1, 348, 爱欲与文明 
1073063, 40.6, 8.6, 779, 人论 
25906168, 28.6, 8.0, 181, 论天人之际 
5376431, 26.0, 8.7, 66, 维特根斯坦剑桥讲演录 
1424341, 27.2, 8.2, 118, 公共知识分子 
10877038, 33.8, 9.0, 180, 光焰不熄 
1245533, 39.8, 8.6, 680, 论优美感和崇高感 
26658379, 47.5, 8.5, 2751, 必然 
5502440, 42.8, 8.3, 1603, 南渡北归（第二部） 
3104573, 26.4, 8.1, 111, 现代政治的正当性基础 
1320278, 25.7, 8.4, 78, 策略与博弈 
1827054, 34.8, 9.1, 196, 诺斯替宗教 
1000570, 35.2, 9.1, 208, 论语集释(全四册) 
1546451, 26.8, 8.3, 102, 斯文 
1011215, 52.7, 8.8, 4292, 论语别裁(上下) 
3406401, 60.5, 9.0, 10977, 悉达多 
1469339, 31.3, 8.7, 157, 物体系 
5910460, 34.7, 7.5, 1024, 看不见的大猩猩 
1077668, 33.9, 9.3, 147, 朱子语类（全八册） 
20283567, 29.3, 7.0, 672, 下一个倒下的会不会是华为 
1963058, 38.6, 7.9, 1274, 木腿正义 
1292314, 27.3, 8.4, 103, 理性、真理与历史 
1056390, 36.9, 8.3, 581, 重点所在 
1048173, 45.4, 8.0, 3863, 忏悔录 
2209114, 33.5, 8.9, 189, 什么是哲学 
1393447, 49.3, 9.1, 1751, 忧郁的热带 
1232071, 34.6, 8.5, 322, 如何求解问题 
6808941, 41.0, 8.0, 1721, 七日谈 
6878212, 46.7, 8.0, 4866, 一个村庄里的中国 
1053405, 31.9, 8.9, 147, 人类的破坏性剖析 
1226368, 28.5, 8.5, 116, 元史学 
25928983, 41.8, 7.6, 3649, 周鸿祎自述 
1012611, 59.7, 8.3, 29474, 乌合之众 
1315844, 47.2, 9.1, 1272, 古拉格群岛（上中下） 
1319893, 40.0, 8.1, 1255, 当和尚遇到钻石 
7054148, 32.0, 8.6, 189, 批评与临床 
1949061, 36.5, 8.6, 400, 不合时宜的沉思 
1021977, 37.3, 8.0, 877, 思考致富 
1491153, 47.7, 8.7, 2197, 曾国藩家书 
1960038, 33.4, 9.0, 170, 诸神的复活 
10540308, 38.2, 8.4, 644, 走进生命的学问 
3735295, 38.7, 7.5, 2311, 未来是湿的 
3688489, 48.6, 7.8, 9616, 异类 
10581521, 32.4, 8.8, 171, 西方人文主义传统 
20492550, 45.2, 7.8, 5098, 清醒思考的艺术 
1173548, 39.4, 9.0, 427, 程序设计实践 
20434430, 36.9, 8.0, 814, 你要如何衡量你的人生 
2157629, 39.4, 8.2, 1004, 平常禅 
1322413, 33.6, 8.9, 191, 魏晋玄学论稿 
4733982, 28.6, 8.3, 138, 轴心时代 
1034653, 42.8, 8.8, 898, 國學概論 
1048109, 39.4, 8.6, 637, 第三波 
1865089, 58.2, 8.4, 19075, 瓦尔登湖 
3138847, 41.7, 7.9, 2269, 思考的技术 
1267883, 33.7, 9.1, 164, 当代政治哲学（上下） 
1777823, 49.5, 8.1, 6923, 八十年代访谈录 
1911687, 42.5, 7.4, 5810, 厚黑学 
5320866, 50.4, 8.3, 5941, 重来 
2377537, 35.4, 8.3, 445, 活着，为了什么？ 
1810530, 31.8, 8.6, 184, 中产阶级的孩子们 
3629804, 32.9, 9.3, 127, 概率论沉思录 
26740257, 28.5, 8.0, 179, 内在革命：一本关于成长的书 
3908625, 42.9, 7.8, 3281, 单向街 001 
1588297, 34.9, 9.0, 215, 统计学 
6710686, 32.2, 9.0, 141, 生命政治的诞生 
4190173, 36.2, 9.1, 242, 人应该如何生活 
3642673, 55.3, 8.0, 23090, 我执 
2156168, 42.2, 8.4, 1283, 书读完了 
1438669, 42.2, 8.6, 1012, 这个动荡的世界 
1002574, 31.0, 8.8, 137, 资本主义的动力 
26581737, 32.6, 8.7, 191, 权力的毛细管作用 
3834938, 50.1, 8.3, 5635, 与神对话（第一卷） 
1484695, 42.5, 8.1, 1981, 季羡林谈人生 
1916533, 40.4, 8.8, 609, 毛泽东选集 第五卷 
2240482, 50.2, 8.0, 9251, 走到人生边上 
1817332, 39.0, 8.8, 487, 爱因斯坦谈人生 
1135841, 28.8, 8.6, 112, 改变世界的机器 
1233159, 33.8, 8.7, 233, 国家与革命 
1045201, 49.3, 8.2, 5714, 哲学的慰藉 
6398616, 27.8, 8.8, 82, 霍布斯与共和主义自由 
2033081, 50.0, 8.2, 6399, 身份的焦虑 
1050929, 48.1, 8.7, 2358, 隐蔽的秩序 
1823052, 37.8, 8.4, 611, 在土星的标志下 
25733467, 44.3, 9.1, 826, V字仇杀队 
11605940, 40.9, 8.5, 910, 倒转红轮 
1247769, 41.8, 8.6, 940, 家庭、私有制和国家的起源 
1556289, 30.2, 8.7, 131, 立法者与阐释者 
1116325, 32.8, 8.6, 216, 人类理解论（上下） 
10569245, 35.1, 7.1, 2059, 不愿说谢谢的人 
2130190, 51.9, 9.1, 2590, Java编程思想 （第4版） 
4872671, 57.7, 8.2, 24858, 佛祖在一号线 
1775813, 28.7, 8.3, 140, 存在的勇气 
1245505, 32.3, 8.5, 218, 自然宗教对话录 
1116336, 33.0, 8.5, 246, 佛教逻辑 
1004318, 46.2, 8.3, 2894, 守望的距离：周国平散文集 
1091964, 39.6, 9.0, 441, 路易·波拿巴的雾月十八日 
25980792, 32.8, 8.0, 387, 从华夏到中国 
3035593, 42.1, 8.2, 1612, 崩溃 
6973020, 32.7, 8.2, 311, 独抒己见 
1321789, 54.6, 8.5, 8903, 美丽新世界 
1315248, 36.8, 8.9, 314, 论李维 
1061242, 53.6, 8.8, 4967, 写在人生边上 
26320417, 35.2, 8.9, 245, 自然社会 
6709809, 54.3, 8.4, 9914, 暗时间 
1005692, 44.0, 8.4, 1722, 西方哲学史 
1823058, 42.0, 8.3, 1403, 关于他人的痛苦 
1127776, 39.0, 8.7, 541, 交流的无奈 
1808521, 25.8, 7.6, 158, 美第奇效应 
1792738, 34.2, 8.9, 209, 几位著名经济思想家的生平、时代和思想 
3104604, 26.1, 8.2, 97, 所有可能的世界 
1464575, 34.0, 8.4, 319, 危险的愉悦 
1038949, 36.7, 8.5, 457, 资本主义、社会主义与民主 
2999785, 40.6, 8.6, 782, 塔木德 
2338638, 33.2, 8.2, 339, 预知社会 
1195595, 28.6, 8.8, 94, 人工科学 
1160320, 40.9, 8.8, 658, 政治学 
1418648, 46.4, 8.4, 2609, 胡适口述自传 
1048930, 49.0, 9.0, 1886, 联邦党人文集 
1034067, 54.9, 8.8, 6087, 美的历程 
6725981, 32.9, 8.3, 289, 道可道 
5982380, 37.0, 8.3, 591, 祸枣集 
25780470, 23.3, 7.6, 96, 如何创造思维 
7007666, 34.5, 7.2, 1544, 认知盈余 
1929871, 28.4, 8.3, 133, 认同的力量 
3344676, 58.4, 8.1, 34114, 常识 
1008094, 45.7, 9.3, 828, 春秋左傳注（全四冊） 
2345548, 48.6, 8.3, 4372, 学习之道（第2版） 
3422625, 33.5, 8.5, 266, 幸福的真意 
10555435, 36.2, 8.1, 637, 七周七语言 
26315736, 31.3, 7.7, 414, 树，不在了 
1082150, 56.0, 8.3, 15657, 白银时代 
1009100, 29.1, 8.7, 109, 近代政治思想的基础（上、下卷） 
1036446, 45.6, 8.9, 1242, 诗学 
1429998, 36.4, 8.8, 325, 社会学主要思潮 
20429280, 31.9, 8.3, 245, 死生有命 富贵在天 
2147562, 41.1, 8.6, 843, 棋与人生 
2158889, 36.5, 8.3, 544, 权力的48条法则 
24529162, 35.9, 8.2, 546, 民主的奇迹 
26315455, 30.3, 7.9, 272, 心之道 
1022739, 32.5, 8.0, 371, 从牛顿、达尔文到巴菲特 
3750309, 44.1, 8.4, 1760, 安静的位置 
1087547, 42.4, 8.5, 1164, 理解媒介 
6735584, 32.6, 7.5, 681, 1985 
1291355, 44.8, 7.9, 4045, 非常道 
1077248, 34.6, 8.2, 429, 文化与帝国主义 
1859573, 25.9, 8.9, 57, Solving Mathematical Problems 
1705302, 32.1, 8.9, 150, 现代经济学的历程 
4160794, 43.2, 8.4, 1521, 多余的话 
25944419, 27.0, 7.3, 280, 大地上所有的河流 
