Tag: 投资 

ID, Score, Rating, Votes, Title 
5346110, 52.5, 9.0, 3210, 穷查理宝典 
5243775, 49.9, 9.0, 2165, 聪明的投资者 
1033778, 56.8, 8.2, 21348, 富爸爸，穷爸爸 
1958714, 52.0, 8.7, 4380, 彼得·林奇的成功投资 
26163553, 45.7, 8.7, 1583, 投资中最简单的事 
1087737, 50.1, 8.9, 2498, 日本蜡烛图技术 
10799082, 45.9, 8.7, 1643, 投资最重要的事 
1013378, 46.4, 8.8, 1579, 证券分析 
26290085, 40.9, 8.8, 665, 手把手教你读财报 
1021346, 51.4, 8.7, 3959, 股票作手回忆录 
1058131, 44.6, 8.4, 1925, 金融炼金术 
1089991, 48.9, 9.1, 1641, 期货市场技术分析 
1046164, 43.3, 8.3, 1760, 巴菲特致股东的信 
1182173, 48.3, 8.9, 1893, 炒股的智慧 
10773362, 40.4, 8.2, 1201, 随机漫步的傻瓜 
2015368, 39.2, 9.1, 378, 价值评估 
5408886, 42.5, 8.3, 1525, 大空头 
1972412, 43.6, 8.1, 2399, 说谎者的扑克牌 
1007459, 40.9, 8.5, 912, 怎样选择成长股 
4249967, 39.7, 8.1, 1196, 财务自由之路 
23760469, 30.7, 8.9, 121, 投资银行、对冲基金和私募股权投资 
1728725, 43.8, 8.9, 939, 股市真规则 
3043970, 41.1, 8.4, 1063, 漫步华尔街 
2382899, 40.5, 8.4, 955, 通向财务自由之路 
2051332, 42.2, 8.4, 1272, 解读基金 
2189613, 43.6, 8.4, 1630, 战胜华尔街 
25829645, 37.8, 8.8, 403, 股市进阶之道 
2335844, 39.6, 9.1, 406, Margin of Safety 
10568233, 36.1, 9.0, 258, 策略投资 
4100680, 41.2, 8.6, 858, 巴菲特的护城河 
2048893, 42.1, 7.8, 2818, 财报就像一本故事书 
1083161, 39.1, 8.4, 760, 风险投资家环球游记 
26419787, 22.8, 9.5, 26, 公司价值分析 
1085935, 38.3, 8.0, 1053, 非理性繁荣 
5914480, 40.3, 8.6, 737, 富可敌国 
3027464, 42.4, 8.6, 1049, 专业投机原理 
2339892, 41.4, 8.4, 1106, 海龟交易法则 
1131736, 42.0, 8.6, 970, 股票大作手操盘术 
6736909, 34.7, 8.7, 268, 投资交易笔记 
4748753, 33.4, 8.7, 218, 机构投资的创新之路 
4906492, 37.2, 8.8, 365, 金融市场技术分析 
2284696, 30.7, 9.2, 97, Seeking Wisdom 
1420638, 42.0, 8.3, 1388, 投资学 
10550974, 34.2, 8.7, 247, 公司基本面分析实务 
1949744, 43.7, 8.2, 2123, 对冲基金风云录 
25844463, 36.2, 8.8, 314, 摩根财团 
20036150, 33.8, 9.1, 168, Principles 
26901046, 22.8, 9.2, 30, 穿过迷雾 
3107581, 41.1, 8.9, 611, 史丹·温斯坦称傲牛熊市的秘密 
4244804, 36.9, 8.5, 465, 笑傲股市 
3164123, 42.4, 8.2, 1705, 巴菲特传 
24708136, 27.0, 8.5, 90, 估值 
3291970, 41.8, 8.0, 2000, 滚雪球（上） 
3265599, 37.1, 8.2, 672, 逃不开的经济周期 
5314887, 37.8, 8.2, 753, 邓普顿教你逆向投资 
1511636, 30.8, 8.8, 133, 价值投资 
5921785, 43.9, 8.7, 1186, 乱世华尔街 
1004118, 44.8, 8.2, 2613, 富爸爸财务自由之路 
5976544, 34.5, 8.1, 471, 交易心理分析 
1949390, 36.9, 8.2, 646, 投资者的未来 
2031890, 39.7, 8.3, 936, 以交易为生 
1692957, 41.6, 8.3, 1303, 十年一梦 
4244859, 42.0, 8.4, 1235, 超越金融 
11525290, 34.5, 8.5, 314, 走出幻觉走向成熟 
1923472, 37.9, 8.5, 558, 大投机家 
26335181, 32.9, 8.2, 321, 巴菲特之道 
25984361, 24.0, 9.3, 34, 主动投资组合管理 
2341113, 37.4, 8.6, 462, 走进我的交易室 
10862869, 30.3, 8.5, 155, 重剑无锋 
6395844, 30.4, 8.4, 172, 股市天才 
6556332, 37.9, 7.8, 1280, 旅行，人生最有价值的投资 
1891639, 37.2, 8.6, 445, 赌金者 
7051700, 25.0, 8.3, 75, 共同基金常识 
3725211, 24.5, 7.7, 112, 不落俗套的成功 
2171619, 26.9, 8.7, 76, 投资学基础 
25779081, 30.8, 8.8, 132, 教你炒股票 
25901160, 31.2, 7.4, 584, 低风险投资之路 
4894684, 36.2, 8.7, 344, 创业之初你不可不知的融资知识 
4953707, 40.3, 8.2, 1185, 门口的野蛮人 
19977078, 35.0, 8.5, 344, 股权战争 
1161117, 35.0, 8.2, 466, 股市趋势技术分析 
3292060, 41.0, 8.1, 1501, 滚雪球（下） 
1042567, 30.4, 7.4, 498, 邻家的百万富翁 
5029372, 39.6, 7.8, 1750, 一个证券分析师的醒悟 
3233988, 34.9, 8.5, 337, 资本的游戏 
1141543, 36.7, 7.8, 1013, 金融心理学 
11509654, 32.0, 8.5, 207, 金融怪杰 
24698948, 23.1, 8.4, 50, 量化投资策略 
24153567, 27.0, 8.6, 83, 对冲基金奇才 
26864253, 20.0, 8.8, 24, 商界局外人 
1443196, 39.4, 8.1, 1134, 诚信的背后 
6967535, 35.8, 7.7, 972, 资本之王 
4923147, 31.7, 8.0, 318, 史上最伟大的交易 
10741914, 33.4, 8.5, 261, 点球成金 
3060535, 31.8, 8.1, 295, 约翰.聂夫的成功投资 
26844959, 29.5, 8.3, 163, 学会花钱 
4191818, 32.8, 7.7, 550, 彼得·林奇教你理财 
3605924, 28.8, 7.7, 255, 滚雪球 
3027457, 35.0, 8.1, 521, 华尔街幽灵 
26695863, 31.2, 8.8, 142, 梦想与浮沉：A股十年上市博弈 
4724794, 27.9, 8.5, 105, 财务报表分析 
25875806, 26.3, 8.2, 101, 并购之王 
1160483, 35.8, 8.1, 599, 克罗谈投资策略 
3300884, 37.7, 8.1, 833, 投资大师罗杰斯给宝贝女儿的12封信 
4894568, 26.6, 8.2, 106, 个人理财 
20419190, 27.0, 8.5, 90, 门口的野蛮人2 
1763719, 29.1, 9.3, 72, Market Wizards 
1022739, 32.5, 8.0, 371, 从牛顿、达尔文到巴菲特 
1217868, 32.4, 8.1, 326, 短线交易大师 
1006415, 33.1, 8.3, 300, 股市操练大全 
6712293, 36.7, 8.2, 631, 宽客 
1031634, 40.9, 8.1, 1494, 富爸爸投资指南 
25885180, 32.5, 7.8, 457, 百箭穿杨 
1088630, 34.5, 8.7, 259, 沃伦·巴菲特之路 
26666438, 18.0, 8.4, 21, 癫狂与恐慌 
1547736, 23.3, 9.1, 34, 不确定条件下的投资 
1082262, 33.9, 7.9, 535, 艾略特波浪理论 
1776987, 43.4, 9.0, 794, 期权、期货和其他衍生品（第5版） 
21324988, 26.3, 8.4, 86, 有效资产管理 
6717799, 26.1, 8.9, 59, 估值建模 
26866034, 26.0, 7.9, 124, 菜场经济学 
10441758, 29.6, 8.2, 179, 证券分析师的最佳实践指南 
3994868, 29.6, 7.6, 334, 钱的外遇 
1045597, 29.7, 8.0, 222, 巴菲特的投资组合 
5281775, 29.3, 8.1, 186, 奥马哈之雾 
2045899, 32.2, 7.8, 436, 股市稳赚 
25662404, 29.6, 8.3, 164, 旅行，人生最有价值的投资2 
2111085, 36.2, 9.2, 221, 财务报表分析 
1253945, 34.9, 8.6, 304, 金钱游戏 
1281186, 31.3, 8.4, 202, 系统交易方法 
23774479, 30.6, 8.5, 165, 期货交易策略 
1088307, 28.3, 7.9, 188, 股票K线战法 
3195672, 31.8, 8.2, 265, 道氏理论 
7052101, 25.2, 8.5, 67, 价值 
3591151, 31.9, 7.3, 776, 巴菲特教你读财报 
1429642, 36.1, 7.8, 902, 巴菲特与索罗斯的投资习惯 
1524751, 26.9, 7.9, 147, 投资正途 
3351179, 30.5, 8.1, 231, 股市长线法宝 
1057378, 30.0, 7.8, 286, 非同寻常的大众幻想与群众性癫狂 
1951858, 28.0, 8.4, 116, 1000%的男人 
3697960, 31.6, 8.2, 256, 明明白白看年报 
26357758, 23.7, 9.1, 36, 风险投资交易 
11614505, 33.2, 8.0, 419, 避开股市的地雷 
1439848, 34.1, 8.3, 357, 证券分析实践 
1928404, 31.3, 7.5, 520, 1929年大崩盘 
11641858, 23.6, 8.7, 45, 风险投资交易 
1104482, 28.0, 8.2, 136, 投资学精要 
3575823, 31.2, 8.5, 182, 股权投资基金运作 
26285905, 28.1, 7.4, 310, 疯狂的投资 
26816965, 17.7, 8.0, 25, 股价为什么会上涨 
4119096, 28.8, 7.4, 354, 查理·芒格传 
4001189, 27.6, 7.8, 183, 外汇短线交易的24堂精品课 
1041539, 31.0, 8.1, 253, 格雷厄姆投资指南 
11519248, 29.2, 8.4, 141, 投资之道 
25926542, 44.0, 8.8, 1085, 一本书读懂财报 
6801745, 27.1, 8.0, 139, 日本蜡烛图技术新解 
4831458, 28.4, 6.8, 737, 钱不要存银行 
1425600, 26.7, 7.9, 141, 戴维斯王朝 
2151543, 31.2, 8.0, 291, 与天为敌 
2013150, 24.8, 8.2, 78, 债券市场分析和策略 
6519055, 30.6, 7.6, 404, 买基金为自己加薪 
4904712, 35.2, 8.4, 387, 投机者的扑克 
3393534, 30.7, 8.2, 219, 在股市大崩溃前抛出的人 
1038702, 33.4, 8.0, 431, 贼巢 
1071320, 25.9, 8.2, 94, 巴菲特 
25837660, 22.7, 7.4, 102, 投资者的敌人 
4146584, 18.3, 6.9, 64, 资产配置的艺术 
26396020, 21.5, 8.3, 41, 从零开始学炒股：股票入门与实战 
1024450, 23.7, 8.6, 49, 价值再发现 
1908206, 29.5, 7.7, 289, 沸腾的岁月 
25987324, 22.4, 8.8, 35, 投资银行 
26838502, 22.7, 7.7, 78, 一个投资家的20年 
6732077, 34.5, 7.3, 1336, 艺术里的金钱游戏 
1320298, 26.6, 7.9, 138, 超越恐惧和贪婪 
25951781, 20.8, 8.8, 27, 策略投资方法论 
6080028, 32.8, 7.8, 491, 黑石的起点，我的顶点 
20413944, 24.7, 8.5, 61, 金融投机史 
24882623, 24.9, 8.8, 52, 鹏城楼市风云录 
4012148, 31.4, 8.0, 299, 轻松读懂财报 
1186753, 33.4, 8.1, 392, 在不确定的世界 
26834876, 20.6, 8.2, 37, 金牌投资人 
1004255, 27.7, 7.8, 186, 股票操作学 
3898010, 25.1, 8.3, 76, 市场的(错误)行为:风险、破产与收益的分形观点 
1084669, 25.2, 7.3, 189, 上市公司财务报表解读 
4187421, 35.0, 7.6, 965, 给你一个亿 
26659659, 26.7, 7.8, 154, 劳阿毛说并购 
26846867, 14.9, 7.4, 21, 99%的人一看就会的理财书 
4137182, 41.7, 8.3, 1315, 荣辱二十年 
10815976, 21.7, 9.0, 28, 股权资产估值 
5367863, 20.9, 9.0, 25, 达摩达兰论估价 
1786066, 25.3, 9.4, 39, Trading and Exchanges 
1146003, 30.4, 8.3, 189, 重塑证券交易心理 
1490089, 39.0, 8.3, 827, 富爸爸(辞职创业前的10堂课)/富爸爸系列丛书 
24700151, 27.0, 7.6, 199, 街头智慧 
26194949, 21.7, 8.7, 33, 财务模型与估值 
3025921, 45.2, 7.7, 5917, 黑天鹅 
24758489, 27.7, 7.2, 359, 投资哲学 
6428360, 27.3, 8.5, 95, 富爸爸房地产投资指南 
2977274, 27.6, 8.1, 138, 黄金屋 
25860723, 24.7, 9.4, 36, Economic Principles 
26879229, 18.2, 7.9, 29, 读懂银行股 
4023402, 27.0, 8.0, 135, 经济指标解读 
2031077, 24.5, 7.4, 147, 疯狂的投资 
25730741, 21.7, 8.7, 33, 私募股权投资管理 
1706274, 22.4, 9.1, 30, 现代投资组合理论和投资分析 
24385064, 28.8, 8.3, 144, 一个农民的亿万传奇 
1015857, 27.6, 7.6, 226, 股市心理博弈（修订版） 
1417775, 38.3, 8.6, 533, 中国证券市场批判 
24738759, 25.5, 8.1, 95, 祖鲁法则 
1963544, 31.0, 7.7, 386, 短线交易秘诀 
24852525, 30.9, 7.5, 487, 那些滚雪球的人 
1043145, 31.1, 8.3, 212, 期货交易技术分析 
1488504, 31.7, 7.8, 398, 我如何在股市赚了200万 
6522164, 24.7, 8.1, 83, 外汇交易指南 
1062393, 29.7, 7.4, 427, 江恩华尔街45年 
26655811, 14.2, 7.5, 17, 估值的艺术：110个解读案例 
2568149, 26.5, 7.6, 180, 财富公式 
6517366, 27.0, 7.7, 181, 我在高盛的经济预测法 
1082999, 23.6, 7.7, 93, 技术分析 
26421264, 29.7, 7.7, 305, 期货大作手风云录—初入期海 
4913265, 24.7, 8.3, 71, 房地产赚钱笔记 
25779423, 28.9, 7.3, 414, 老二非死不可 
2005378, 26.0, 7.2, 254, 股票投资的24堂必修课 
2280169, 30.6, 7.0, 890, 时间的玫瑰 
10765018, 28.8, 7.7, 254, 拿工薪，三十几岁你也能赚到600万 
26894260, 12.2, 7.8, 10, 投资交易笔记（续） 
6526466, 18.7, 8.1, 28, 行为金融 
22704028, 22.4, 7.8, 69, 逆向投资策略 
3234327, 28.5, 8.0, 179, 财务报表分析与证券投资 
4139970, 27.1, 7.9, 151, 当大脑遇到金钱 
6711123, 22.2, 8.8, 34, 对冲基金 
2253867, 24.6, 8.3, 69, 期货交易者资金管理策略 
26360411, 19.3, 7.6, 44, 亚洲财务黑洞 
26311149, 25.2, 9.2, 43, 哈林顿在现金桌 
10734905, 27.6, 8.1, 139, 富爸爸不公平的优势 
10528799, 26.0, 7.5, 180, 打开量化投资的黑箱 
1035275, 25.9, 7.0, 314, 逆向思考的艺术 
2220884, 28.7, 8.1, 168, 高级技术分析 
4188908, 24.5, 7.2, 184, 一个交易者的资金管理系统 
3812826, 27.6, 8.1, 137, 股市投资致富之道 
2007962, 22.4, 7.9, 63, 动能指标 
1861934, 21.8, 8.5, 38, 时运变迁 
1425749, 26.5, 7.8, 148, 投资心理学 
2567297, 25.0, 7.2, 204, 让你赚大钱 
26786534, 18.3, 7.4, 42, 低风险投资之路（第二版） 
21966354, 26.9, 7.6, 194, 基金长青 
26425918, 23.1, 7.3, 124, 投资第一课 
10739338, 29.6, 7.9, 239, 对冲基金风云录2 
26914073, 26.4, 9.4, 46, 小风暴1.0 
1426727, 33.0, 7.7, 575, 热门商品投资 
25853790, 17.7, 8.0, 25, 投资策略实战分析 
6516233, 25.1, 7.7, 125, 高频交易 
1799839, 31.3, 8.2, 241, 高胜算操盘 
4722403, 26.5, 7.6, 179, 投机教父尼德霍夫回忆录 
3265723, 24.9, 7.9, 101, 喧哗与骚动 
2991567, 24.9, 8.3, 73, 价值平均策略 
1047898, 27.4, 8.2, 123, 操盘建议-全球顶尖交易员的成功实践和心路历程 
2378061, 24.4, 8.0, 85, Midas外汇交易指南 
1449808, 25.2, 7.6, 140, 学习学习再学习 
20272283, 23.9, 7.7, 100, 交易圣经 
26658607, 22.0, 7.8, 64, 分级基金与投资策略 
1002882, 27.7, 7.5, 256, 证券混沌操作法 
4200660, 18.3, 8.0, 28, 期权投资策略 
25779411, 18.1, 8.2, 24, 从众危机 
4009346, 31.1, 9.1, 112, Investment Banking 
1220853, 53.4, 8.3, 9897, 伟大的博弈 
3043742, 28.3, 7.8, 210, 外汇交易进阶 
4149140, 27.0, 7.2, 314, 解读量化投资 
6863129, 24.6, 7.9, 96, 对冲基金经理笔记 
2052897, 27.2, 7.7, 188, 苏黎世投机定律 
1048539, 35.3, 8.0, 617, 富爸爸年轻退休 
3716052, 29.9, 8.1, 207, 看懂股市新闻 
10480740, 21.7, 6.9, 138, 百战成精 
2202515, 23.6, 7.9, 79, 股市博弈论 
1489146, 26.2, 8.8, 64, 固定收益证券手册 
2182465, 26.0, 7.2, 252, 客户的游艇在哪里 
3200835, 24.3, 7.8, 98, 巴菲特法则 
3110789, 24.1, 7.4, 136, 玩赚地球 
1012107, 29.3, 8.2, 172, 股市操练大全（第二册） 
3056628, 24.3, 8.4, 61, 香港企业购并经典 
2011330, 24.5, 7.4, 147, 我是如何弄垮巴林银行的 
3166022, 22.9, 8.9, 36, 财务报表分析与运用 
2981710, 29.1, 7.8, 241, 格雷厄姆 
1095634, 55.3, 8.7, 7451, 小狗钱钱 
1916270, 30.9, 7.6, 429, 华尔街的肉 
1431096, 24.7, 8.0, 90, 财务报表分析与证券定价 
24868873, 19.8, 7.4, 57, 垃圾债券之王 
2160066, 29.0, 7.6, 295, 大投机家的证券心理学 
3111423, 31.8, 8.5, 202, 投资魔法书 
3292986, 23.2, 7.7, 87, 趋势交易法 
4931687, 22.0, 8.5, 39, 巴菲特致股东的信 
26415028, 21.5, 7.3, 88, 策略为先 
1197933, 35.1, 7.7, 853, 巴比伦富翁的理财课 
25744585, 22.7, 7.7, 78, 以交易为生 II 
5993545, 21.7, 7.1, 112, 如果巴西下雨，就买星巴克股票 
1024363, 26.0, 7.7, 147, 索罗斯 
1019877, 30.6, 8.4, 179, 开放社会 
5385688, 22.7, 8.5, 44, 财务金融建模 
1695059, 21.0, 8.5, 33, Active Portfolio Management 
24872787, 22.1, 8.2, 48, 楼市探秘 
25733327, 24.1, 7.5, 123, 菜鸟看财务报表一学就会 
26378772, 19.4, 8.4, 27, 超级天使投资 
26374984, 26.5, 8.5, 83, 选择做富人 
1088618, 25.1, 8.1, 88, 冷静自信的交易策略 
6742735, 28.0, 8.7, 91, 广厦天下 
5345694, 24.4, 8.6, 55, 外汇交易三部曲 
6078732, 22.1, 8.0, 56, 价值投资 
1023812, 24.1, 8.9, 43, 华尔街证券分析 
1171512, 20.2, 8.5, 29, 逃向期货 
3145649, 24.4, 7.9, 92, 从亏损到赢利 
6976275, 24.9, 7.3, 179, 我的PE观 
3793874, 25.2, 7.7, 128, 白话金融投资 
4891851, 23.9, 6.9, 227, 从零开始学炒股 
1396346, 24.2, 8.4, 60, 创造金钱  长期资本管理公司的传奇 
1488929, 19.6, 7.6, 47, 美国房地产大亨唐纳德·特朗普的投资课 
4882545, 24.8, 7.8, 107, 自律的交易者 
6023966, 26.7, 8.4, 92, 振荡指标MACD 
26695045, 24.7, 7.8, 106, 全球风口：积木式创新与中国新机遇 
3129355, 27.5, 8.0, 148, 憨夺型投资者 
1082512, 49.1, 9.4, 1232, 公司理财 
24696672, 36.2, 8.5, 419, 经济运行的逻辑 
4821399, 29.0, 7.3, 422, 中国式价值投资 
26838147, 25.0, 8.7, 56, 给创业小白的财报书 
23801526, 23.3, 6.8, 226, 私募帝国 
4888394, 26.5, 8.0, 124, 赢得输家的游戏 
2678794, 20.5, 8.1, 39, 积极资产配置投资者理财指南 
5046242, 19.8, 7.8, 42, 每日交易心理训练 
5214779, 23.9, 7.7, 100, 日本蜡烛图教程 
1085713, 13.8, 7.6, 15, 投资分析与组合管理（第六版） 
3813177, 25.3, 7.9, 108, 投资丛林 
2077671, 25.3, 7.7, 129, 机械交易系统 
20312382, 23.5, 8.2, 62, 穷思维 富思维 
25742274, 30.7, 8.1, 240, 德扑之王 
3145555, 19.1, 9.0, 19, 经营分析与评价 
26286602, 25.4, 9.2, 44, 股票大作手操盘术(珍藏版) 
2244873, 25.4, 8.6, 64, 中国株式市場の真実―政府・金融機関・上場企業による闇の構造 
19957141, 26.7, 7.2, 292, 对赌 
3235606, 33.3, 8.0, 425, 半路出家的投资银行家 
4249960, 23.0, 7.8, 76, 新金融资本家 
23155640, 24.5, 8.2, 73, 中国重组 
2792239, 19.8, 8.2, 32, The Little Book of Common Sense Investing 
3016264, 25.0, 8.3, 75, 股票投资就问三个问题 
25784098, 27.7, 7.3, 323, 华尔街之狼 
3892150, 19.4, 7.0, 74, 海龟交易特训班 
25934012, 24.8, 8.4, 67, 定价未来 
1926115, 23.2, 7.9, 73, 华尔街点金人 
4708522, 27.8, 7.2, 367, 私募江湖 
3273009, 29.2, 7.7, 274, 索罗斯带你走出金融危机 
24863153, 17.4, 6.5, 78, 千炼成妖 
1370755, 19.2, 8.9, 20, 史瓦格期貨基本分析 
3425317, 24.5, 7.4, 149, 台湾股市大泡沫 
25711100, 15.6, 7.9, 18, 量化投资与对冲基金丛书：波动率交易 
10815977, 18.5, 8.9, 18, 投资组合管理 
10571271, 23.4, 6.7, 265, 我为什么要投资你 
20429193, 22.8, 7.6, 88, 期货投资的艺术 
6711979, 22.2, 8.2, 49, 上市公司公告解读25讲 
6018626, 13.6, 7.8, 13, Expected Returns 
25740139, 17.7, 7.6, 32, 富爸爸点石成金 
20495141, 18.3, 8.5, 21, 陆一良心说股事 
10801092, 22.2, 7.4, 93, 价值投资,从看懂财报开始 
1106392, 22.7, 7.9, 67, 证券期货投资计算机化技术分析原理 
26588279, 18.8, 7.0, 65, 估值就是讲故事：创业融资与投资 
6049012, 26.3, 7.1, 301, 上班族小奥的千万富翁养成记 
1143656, 25.0, 7.7, 123, 证券交易新空间 
4866933, 25.1, 7.7, 125, 资本市场 
3872873, 25.8, 8.3, 86, 智者傲行 
1017213, 39.3, 8.4, 777, 金融学 
3198691, 24.0, 8.0, 79, 投资存亡战 
1491845, 26.9, 7.7, 175, 操纵金钱 
2287680, 27.3, 7.3, 294, 魔鬼投资学 
6386231, 21.5, 6.7, 167, 一个台湾人在大陆四年的投资笔记 
6037415, 22.8, 7.3, 115, 一本书读懂风险投资 
25975503, 25.2, 8.3, 77, 金融的哲学 
4127274, 22.9, 8.8, 38, 期貨交易策略 
4888389, 14.2, 7.4, 18, 投资学:以EXCEL为分析工具(原书第3版) 
1057847, 23.6, 8.1, 68, 投资革命 
26419870, 20.6, 8.0, 42, 对冲之王 
21332136, 15.8, 7.4, 25, 看懂经济数据，学会投资理财 
1912804, 20.2, 7.4, 62, 精明交易者 
3925917, 29.3, 8.0, 207, 巴比伦最富有的人 
1022470, 18.2, 7.8, 31, 现金流量与证券分析 
10740403, 20.7, 6.7, 138, 可转债投资魔法书 
1965143, 27.3, 8.0, 144, 香港股史 
5384911, 18.2, 6.6, 85, 统计套利 
10588815, 23.9, 7.5, 119, 天使投资 
6435570, 25.9, 6.9, 361, 对冲基金到底是什么？ 
1252649, 14.4, 7.4, 19, 现在启动 
4754742, 16.1, 7.2, 31, The Total Money Makeover 
1077181, 32.0, 7.6, 530, 富爸爸商学院 
1064212, 22.5, 7.5, 90, 法柏报告 
1023248, 22.1, 8.5, 40, 悲观博士考夫曼论货币与市场 
1141901, 26.0, 7.7, 148, 一个华尔街瘾君子的自白 
2269563, 21.9, 8.7, 34, Option Volatility &amp; Pricing 
1272204, 11.7, 7.6, 10, 投资估价--评估任何资产价值的工具和技术 
1867940, 24.8, 7.4, 158, 股市奇才 
26435600, 16.0, 7.6, 23, 投融资那点事儿 
4180015, 19.4, 8.6, 24, 我是如何成功的 
4285326, 19.6, 8.6, 25, Value 
3710649, 25.9, 7.8, 133, 股市信息藏宝图 
1110210, 20.4, 8.2, 36, 专业交易人士技术分析 
1193786, 20.6, 7.7, 53, 资本市场的混沌与秩序 
1734921, 22.7, 7.5, 93, 江恩股市定律 
25795600, 17.4, 7.9, 25, 蜡烛图精解 
3881793, 18.1, 7.4, 40, 股票投资心理战术 
25799692, 13.0, 7.3, 15, 资产证券化实务精解 
4836453, 28.0, 7.6, 242, 论性 
1193606, 24.7, 8.1, 82, 兼并、收购与公司重组 
2074109, 18.9, 8.3, 26, 技术分析与股票盈利预测 
2327837, 25.7, 6.9, 341, 理财有道 
26821339, 26.0, 9.6, 39, 猎金之王刘銮雄 
11442160, 12.0, 7.7, 10, 股市之神是川銀藏 
6039989, 18.3, 8.7, 19, Confidence Game 
1955989, 23.8, 7.9, 82, 个人理财 
1983845, 12.7, 8.0, 10, The Money Game 
24872734, 12.4, 7.2, 14, 风投的选择 
3099576, 21.8, 7.4, 85, 非理性市场与蜥蜴式大脑思维 
26289619, 19.4, 7.6, 45, 投资的常识 
1065804, 21.8, 7.5, 78, 最后的合伙人 
20255374, 18.8, 7.5, 43, 银行行长不轻易说的理财经 
11026291, 14.7, 7.0, 26, 高收益债券与杠杆收购 
25903030, 14.7, 7.7, 17, 缠论解盘 
11640047, 20.0, 7.4, 59, 资本 
25987287, 16.2, 7.6, 24, ETF投资 
4121554, 15.2, 8.0, 16, 傑西．李佛摩股市操盤術 ( 完整版 ) 
26317160, 19.1, 8.5, 24, 从报表看企业——数字背后的秘密（第二版） 
26305402, 15.7, 7.2, 28, 跨市场交易策略 
1487962, 20.2, 7.6, 52, 如何从数字中拧出关键信息 
11517058, 15.0, 7.1, 26, 图表辨析与交易系统 
3107257, 15.0, 7.8, 17, 积极型投资组合管理 
1087256, 11.0, 6.4, 17, 华尔街巨人 
3316877, 21.9, 7.5, 80, 超级强势股 
25747830, 18.9, 7.7, 38, 巴菲特的投资组合(珍藏版) 
10462473, 18.9, 7.5, 44, 波浪理论经典 
1012337, 21.8, 7.5, 79, 逆向投资策略 
1794899, 26.9, 8.8, 72, Investment Science 
24298920, 18.1, 7.4, 40, 环球投资旅行 
1073390, 19.9, 7.9, 40, 大交易 
1162481, 21.7, 7.6, 71, 蜡烛图精解 
1430074, 24.6, 7.9, 95, 股票买卖原则 
3675744, 16.7, 7.4, 30, 股市操练大全（第七册） 
26358781, 18.0, 7.9, 28, 万物枯荣 
5921213, 48.5, 8.5, 3263, MBA教不了的创富课 
24700315, 10.3, 6.0, 19, 债券及债券基金投资从入门到精通 
1922112, 17.0, 7.0, 44, 创建自己的交易系统 
1227756, 16.2, 8.0, 19, 风险投资手册 
1847861, 22.3, 8.6, 39, Adventure Capitalist 
25742411, 32.1, 7.3, 807, 亲历投行 
1099706, 11.6, 6.8, 15, 短线英雄 
1961855, 16.0, 6.9, 38, 股民学校初级教程 
6038311, 17.6, 6.0, 152, 投资答案 
25981915, 13.7, 7.0, 21, 财报越看越有趣 
26366432, 11.1, 7.3, 10, 巴菲特超越价值 
24153566, 13.5, 7.0, 20, 超级强势股 
10455768, 12.7, 7.2, 15, 认识金融 
4021671, 15.5, 7.6, 21, 完美的竞赛 
25910545, 17.0, 8.1, 21, 巴菲特高收益投资策略 
3753978, 15.0, 7.0, 28, 玩转移动平均线 
6709783, 64.2, 9.1, 16669, 浪潮之巅 
6728935, 9.9, 5.7, 22, 房虫帝国 
