Tag: 政治哲学 

ID, Score, Rating, Votes, Title 
26877271, 19.4, 9.2, 18, 马克斯·韦伯与德国政治：1890—1920 
26683648, 29.7, 8.6, 131, 民主的不满 
1281180, 24.5, 7.3, 165, 《耶路撒冷的艾希曼》:伦理的现代困境 
5408882, 54.7, 9.1, 3986, 公正 
26667007, 30.2, 9.2, 91, 思虑20世纪 
1468426, 46.6, 8.7, 1848, 利维坦 
3101021, 47.9, 8.7, 2260, 极权主义的起源 
1277981, 56.7, 8.8, 8054, 社会契约论 
1400195, 49.6, 8.7, 2983, 论自由 
1015748, 48.1, 8.9, 1842, 开放社会及其敌人（全二卷） 
20463108, 56.3, 8.3, 16385, 观念的水位 
3431988, 44.2, 9.1, 812, 人的境况 
1028268, 47.0, 8.8, 1726, 正义论 
1432078, 36.2, 8.0, 718, 历史的终结及最后之人 
19976381, 42.5, 8.9, 767, 政治秩序的起源 
26320417, 35.2, 8.9, 245, 自然社会 
1039258, 39.3, 8.8, 515, 西方政治思想史 
1887249, 28.0, 8.9, 79, Homo Sacer 
1041385, 56.4, 9.2, 4494, 论美国的民主 
2287712, 42.2, 8.8, 807, 美国精神的封闭 
3092897, 41.2, 9.1, 515, 政治学说史（上卷） 
10544787, 31.3, 8.8, 143, 暴力 
4212276, 40.1, 8.4, 889, 苏联的心灵 
4857097, 36.3, 8.9, 289, 政治思考 
3238339, 41.0, 8.7, 747, 人以什么理由来记忆 
26700368, 23.5, 8.7, 44, 市场与大师 
10601137, 48.4, 7.7, 10958, 你永远都无法叫醒一个装睡的人 
3546574, 36.8, 8.8, 342, 扭曲的人性之材 
26821267, 20.2, 8.1, 37, 对民主之恨 
3669381, 38.1, 8.8, 426, 坏世界研究 
2051821, 39.2, 8.7, 557, 论革命 
1077568, 41.5, 9.0, 589, 自由论 
26832582, 14.1, 8.0, 13, 何为正义 
3003032, 47.9, 9.2, 1281, 浪漫主义的根源 
1276771, 37.7, 8.1, 844, 政府论（上篇） 
4190173, 36.2, 9.1, 242, 人应该如何生活 
6953288, 32.3, 9.0, 144, 什么是政治哲学 
4062752, 38.2, 8.8, 432, 古典自由主义 
3593300, 40.2, 9.1, 443, 民主新论 
10540308, 38.2, 8.4, 644, 走进生命的学问 
1009100, 29.1, 8.7, 109, 近代政治思想的基础（上、下卷） 
2170983, 44.2, 9.0, 903, 苏格拉底的申辩 
1039771, 37.6, 8.9, 356, 法哲学原理 
26584727, 31.0, 9.1, 110, 柏拉图四书 
26289557, 22.9, 8.3, 52, 阿伦特手册 
2284288, 30.7, 8.7, 141, 善的脆弱性 
1038979, 40.5, 8.6, 761, 道德理想国的覆灭 
25705618, 26.7, 9.1, 57, 马基雅维里时刻 
26545443, 26.5, 7.8, 149, 自由的基因 
1055823, 31.0, 8.8, 137, 纵欲与虚无之上 
1861059, 35.0, 8.7, 285, 陆地与海洋 
3134906, 29.9, 7.8, 283, 公共人的衰落 
1488497, 35.1, 9.1, 204, 中国政治思想史 
3237711, 35.7, 8.7, 318, 自由的伦理 
10566979, 33.6, 8.6, 246, 利维坦的道德困境 
3067148, 35.6, 8.5, 376, 去政治化的政治 
1437686, 38.7, 8.8, 462, 自由及其背叛 
26261103, 24.9, 8.4, 68, 无目的的手段 
6714961, 34.5, 9.2, 173, 中国现代思想的起源 
3880817, 37.9, 9.2, 286, 政治学说史（下卷） 
3072490, 40.1, 8.5, 800, 功利主义 
1267883, 33.7, 9.1, 164, 当代政治哲学（上下） 
26590147, 30.0, 7.7, 321, 正义的可能 
25725197, 26.8, 9.0, 62, 合法性与正当性 
2974917, 38.8, 8.7, 519, 自由主义 
3283550, 36.0, 9.1, 233, 西方政治思想史 
4260515, 27.0, 9.0, 64, 例外狀態 
20503759, 24.3, 8.3, 66, 自由的界限 
20282380, 22.9, 8.9, 36, 德行、商业和历史 
1051349, 35.1, 8.4, 381, 法国革命论 
1277275, 48.9, 9.2, 1483, 学术与政治 
1039750, 36.4, 9.0, 270, 政治的概念 
1281775, 32.5, 9.2, 128, 哲学与政治 
4850299, 31.9, 7.9, 370, 新自由主义简史 
10581468, 29.0, 8.6, 117, 正义的理念 
25723773, 30.5, 9.0, 109, 柏拉图对话录 
1052860, 30.6, 9.0, 111, 正义的两面 
25720292, 26.3, 8.2, 101, 个人印象 
25733132, 26.7, 8.8, 69, 康德政治哲学讲稿 
1828292, 38.0, 8.6, 509, 黑暗时代的人们 
10355298, 32.5, 9.2, 128, 论柏拉图的《会饮》 
7163150, 29.8, 8.5, 143, 本真性的伦理 
4042959, 33.5, 8.8, 203, 政治哲学导论 
25965654, 23.8, 9.2, 35, 政治的神学 
1059912, 30.5, 8.5, 162, 群众与权力 
1755628, 24.9, 7.6, 132, 筑就我们的国家 
25822107, 23.6, 8.3, 58, 未来考古学 
3158094, 33.2, 8.8, 194, 英国个人主义的起源 
3694913, 32.3, 8.8, 168, 莎士比亚的政治 
26177185, 20.8, 8.8, 27, 政治哲学 
26644832, 25.4, 8.2, 86, 政治是什么？ 
26562299, 17.4, 8.4, 19, 根本恶 
1085540, 33.0, 8.8, 187, 关于马基雅维里的思考 
1016930, 45.1, 9.0, 1039, 论法的精神（上） 
1000759, 30.6, 8.3, 196, 古代人的自由与现代人的自由 
1063741, 33.6, 8.6, 245, 霍布斯的政治哲学 
25809708, 22.8, 8.4, 48, 如何改变世界 
1578541, 34.3, 8.9, 214, 古代城邦 
25853747, 20.1, 8.4, 30, 希特勒与德国人 
21233495, 27.6, 9.6, 49, 洛克与自由社会 
25794646, 28.9, 8.4, 134, 你的权利从哪里来？ 
26806123, 12.9, 7.7, 12, 寻求有尊严的生活：正义的能力理论 
1002135, 33.1, 8.6, 229, 历史与阶级意识 
3069627, 32.4, 8.9, 158, 苏格拉底问题与现代性 
3151936, 31.7, 8.8, 154, 霍布斯国家学说中的利维坦 
1004821, 58.6, 8.7, 12778, 理想国 
5257777, 31.8, 8.6, 185, 每个人的政治 
26741233, 21.1, 8.4, 36, 天下的当代性 
1075312, 30.4, 8.8, 125, 自由与权力 
5290299, 30.5, 8.9, 118, 安全、领土与人口 
25920898, 24.4, 9.0, 43, 启蒙的三个批评者 
1750683, 28.0, 8.7, 92, 狱中札记 
4849906, 23.1, 8.9, 37, 西塞罗文集（政治学卷） 
1252661, 30.3, 8.8, 123, 追寻美德 
1053313, 32.7, 9.0, 153, 巨人与侏儒 
5401874, 30.9, 7.9, 306, 什么是好的公共生活 
1491505, 31.7, 8.3, 235, 幽暗意识与民主传统 
3104573, 26.4, 8.1, 111, 现代政治的正当性基础 
1076378, 49.8, 9.1, 1890, 传统十论 
4913793, 21.6, 8.8, 31, 浪漫派的将来之神 
