Tag: 政治 

ID, Score, Rating, Votes, Title 
4820710, 69.6, 9.3, 28013, 1984 
1003479, 65.7, 9.1, 21175, 中国历代政治得失 
26451505, 38.0, 9.1, 317, 伯罗奔尼撒战争 
25986748, 39.0, 8.6, 596, 我的应许之地 
1027191, 66.3, 9.0, 26831, 历史深处的忧虑 
3813669, 66.2, 8.6, 51442, 民主的细节 
1077528, 57.6, 8.9, 8047, 通往奴役之路 
20424526, 59.1, 8.9, 10252, 邓小平时代 
2035179, 68.6, 9.2, 28036, 动物农场 
1041385, 56.4, 9.2, 4494, 论美国的民主 
1082387, 67.6, 9.2, 23977, 一九八四·动物农场 
1032063, 54.4, 8.9, 4948, 旧制度与大革命 
26683648, 29.7, 8.6, 131, 民主的不满 
25881102, 47.4, 8.9, 1653, 独裁者手册 
1212199, 52.4, 8.9, 3597, 一百个人的十年 
6401128, 55.9, 8.9, 6222, 批评官员的尺度 
1321789, 54.6, 8.5, 8897, 美丽新世界 
20463108, 56.3, 8.3, 16382, 观念的水位 
19920715, 52.3, 8.6, 5316, 论中国 
1014825, 60.2, 9.0, 10535, 我也有一个梦想 
1982427, 44.8, 9.0, 988, 大明王朝1566 
26581737, 32.6, 8.7, 191, 权力的毛细管作用 
26831766, 19.4, 9.1, 19, 愚政进行曲 
26647781, 31.9, 8.8, 159, 从俾斯麦到希特勒 
3896758, 38.4, 8.4, 675, 参谋助手论 
25808056, 44.0, 8.1, 2563, 纸牌屋 
2382433, 41.1, 8.7, 752, 罗伯特议事规则 
21432137, 41.3, 8.7, 776, 共同的底线 
4827310, 42.7, 8.8, 876, “中间地带”的革命 
1139065, 41.9, 9.0, 630, 党员、党权与党争 
26675905, 23.6, 8.5, 51, 统治与教育 
1281180, 24.5, 7.3, 165, 《耶路撒冷的艾希曼》:伦理的现代困境 
1065977, 50.3, 8.6, 3834, 共产党宣言 
25708550, 30.3, 8.0, 249, 知识分子与社会 
1907199, 53.0, 8.6, 5969, 扫起落叶好过冬 
25886351, 42.8, 7.9, 2744, 耶路撒冷三千年 
1070007, 47.8, 8.8, 1969, 致命的自负 
26278816, 33.0, 8.7, 204, 耶鲁大学公开课 : 政治哲学 
5408882, 54.7, 9.1, 3985, 公正 
10796986, 39.1, 9.1, 374, 魏晋之际的政治权力与家族网络 
6518053, 35.2, 9.0, 224, 脆弱的崛起 
20425489, 41.6, 9.3, 453, 是，首相 
1160320, 40.9, 8.8, 658, 政治学 
10563202, 39.0, 8.3, 827, 可操作的民主 
10749394, 39.1, 8.5, 673, 法官能为民主做什么 
1091964, 39.6, 9.0, 441, 路易·波拿巴的雾月十八日 
24714746, 17.8, 8.8, 17, 民主课 
1916533, 40.4, 8.8, 609, 毛泽东选集 第五卷 
5404221, 33.3, 8.4, 281, 在德黑兰读《洛丽塔》 
10546119, 36.3, 8.3, 524, 弯曲的脊梁 
25760457, 40.2, 8.8, 592, 三案始末 
1009529, 40.6, 8.6, 779, 毛泽东、斯大林与朝鲜战争 
6895949, 37.0, 9.0, 297, 联合政府与一党训政 
6540232, 35.7, 8.8, 290, 过去与未来之间 
3092897, 41.2, 9.1, 515, 政治学说史（上卷） 
1005813, 43.9, 9.0, 855, 自由秩序原理 
1867208, 40.2, 9.1, 439, 政治学 
26577706, 29.0, 7.9, 216, 档案 
1010888, 47.6, 8.4, 3208, 一路走来一路读 
2713409, 42.3, 8.8, 819, 国民党的“联共”与“反共” 
25882350, 29.3, 8.6, 122, Dealing with China 
3923369, 39.1, 8.8, 494, 中华人民共和国建国史研究1 
1506961, 44.5, 8.4, 1879, 西行漫记 
26883590, 21.2, 9.1, 25, 美国裂变 
26700104, 32.4, 8.5, 223, 穿越百年中东 
3593300, 40.2, 9.1, 443, 民主新论 
4248275, 39.0, 8.6, 596, 革命与反革命 
1315182, 37.7, 8.7, 439, 权力与繁荣 
26378573, 27.8, 9.0, 72, 经济人的末日 
4212276, 40.1, 8.4, 889, 苏联的心灵 
26612253, 18.8, 8.4, 24, 剑桥二十世纪政治思想史 
1851488, 32.7, 8.6, 214, 毛泽东的中国及后毛泽东的中国 
5920388, 30.7, 9.1, 104, 李光耀：新加坡赖以生存的硬道理 
1190181, 36.0, 8.4, 444, 国家的视角 
25717107, 36.4, 8.8, 325, 红色资本 
3238339, 41.0, 8.7, 747, 人以什么理由来记忆 
1754836, 43.0, 8.8, 921, 向加泰罗尼亚致敬 
1427824, 34.2, 8.7, 249, 无政府、国家与乌托邦 
4857097, 36.3, 8.9, 289, 政治思考 
3432401, 40.6, 8.1, 1409, 苦难辉煌 
4189598, 37.4, 8.8, 378, 战后欧洲史 
26260335, 26.9, 8.0, 134, 上帝与黄金 
20537674, 32.0, 9.2, 118, 先知三部曲（全新插图修订本） 
7054138, 32.7, 7.3, 906, 洗脑术 
1657455, 46.3, 8.6, 1973, 论人类不平等的起源和基础 
11232882, 31.5, 8.8, 148, 革命 
3669381, 38.1, 8.8, 425, 坏世界研究 
3381387, 36.9, 8.9, 319, 论持久战 
1488497, 35.1, 9.1, 204, 中国政治思想史 
1877291, 41.3, 8.5, 978, 论出版自由 
1927487, 37.5, 7.7, 1354, 乌托邦 
6308034, 41.5, 8.4, 1140, 从&#34;东欧&#34;到&#34;新欧洲&#34; 
2079931, 40.2, 8.7, 651, 大转型 
1776851, 32.3, 8.8, 168, 中国共产党成立史 
1397659, 44.3, 8.0, 3167, 国画 
6833967, 31.9, 7.8, 410, Why Nations Fail 
26821267, 20.2, 8.1, 37, 对民主之恨 
26604925, 31.5, 7.6, 483, 经与史 
25730239, 40.0, 8.1, 1273, 李光耀论中国与世界 
4841640, 36.3, 8.9, 291, 地下 
1804960, 44.3, 9.3, 675, 社会与政治运动讲义 
1482609, 43.6, 9.1, 739, 理解国际冲突 
2280161, 37.5, 9.1, 295, 小镇喧嚣 
26797406, 23.7, 7.3, 138, 美国独行 
26593679, 29.5, 8.5, 136, 康熙盛世与帝王心术 
6822683, 40.8, 8.9, 587, 朱镕基讲话实录 第一卷 
1276771, 37.7, 8.1, 844, 政府论（上篇） 
26171466, 32.0, 9.2, 119, 筚路维艰:中国社会主义路径的五次选择 
2146277, 44.0, 9.1, 784, 一个政治性人物的肖像 
6827362, 28.1, 9.4, 59, 汉密尔顿 
3823943, 27.3, 7.4, 261, 苏联的最后一年 
25777331, 40.0, 8.4, 877, 美国十讲 
3921409, 33.8, 8.3, 342, 一个大国的崛起与崩溃（共三册） 
26832582, 14.1, 8.0, 13, 何为正义 
1480812, 33.2, 8.5, 254, 思考与回忆 
5992743, 41.2, 7.9, 2043, 看懂世界格局的第一本书 
1790005, 37.7, 8.7, 438, 蒙面骑士 
26584746, 34.4, 9.0, 200, 天谴行动 
1437607, 35.2, 8.8, 268, 中国近百年政治史 
2051821, 39.2, 8.7, 557, 论革命 
24737213, 32.5, 8.2, 300, 冷战 
1898651, 31.7, 8.3, 237, 民主与专制的社会起源 
25863979, 23.0, 7.8, 77, 民主的阴暗面 
3785326, 38.7, 8.4, 710, 黑猩猩的政治 
25854138, 30.1, 8.0, 239, 右派国家 
3682755, 39.2, 8.9, 457, 政治科学（第九版） 
6042374, 36.4, 8.9, 293, 政治与文学 
6004602, 31.2, 8.7, 153, 给我自由! 
5350226, 29.8, 8.3, 170, 中东史 
26639522, 23.8, 9.0, 39, 当兵 
25903009, 27.8, 9.0, 72, 光辉岁月 
1044347, 36.1, 9.0, 259, 走向共和（上中下） 
3431988, 44.2, 9.1, 812, 人的境况 
1009100, 29.1, 8.7, 109, 近代政治思想的基础（上、下卷） 
26940340, 29.5, 9.7, 60, 《布局》 
6892602, 37.0, 8.7, 391, 风云人物采访记Ⅰ(上下) 
20481426, 35.0, 8.4, 380, 处在十字路口的选择 
1893879, 45.8, 8.5, 2063, 张居正（全四册） 
26658395, 28.4, 8.8, 91, 政治学通识 
2125296, 35.8, 8.3, 478, 政治的人生 
1048109, 39.4, 8.6, 637, 第三波 
1791909, 25.8, 8.3, 86, 西方政治传统 
1125026, 42.0, 9.0, 642, 毛泽东选集 第二卷 
21676595, 21.6, 8.4, 39, 狐狸与刺猬 
20497889, 43.3, 7.4, 6932, 全世界人民都知道 
26545443, 26.5, 7.8, 148, 自由的基因 
20266235, 32.1, 8.9, 150, 新阶级 
4729534, 27.8, 8.8, 82, 美国政治传统及其缔造者 
26651780, 20.9, 7.8, 52, 仪式、政治与权力 
3818376, 21.9, 9.3, 25, 政治决策与明代海运 
4090803, 32.7, 8.5, 234, 商君书 
1032937, 40.0, 8.9, 517, 问题与主义 
2156302, 26.7, 8.6, 79, 布拉格之春 
2287712, 42.2, 8.8, 807, 美国精神的封闭 
2976744, 30.6, 8.5, 164, 若干重大决策与事件的回顾（上下） 
2976741, 28.2, 8.7, 95, 基辛格 
1080223, 38.5, 9.2, 314, 人与国家 
24887735, 22.3, 9.6, 23, 和平与战争 
19956258, 37.2, 8.5, 489, 容忍比自由更重要 
7051132, 27.1, 8.1, 127, 美国在中国的失败 
1059912, 30.5, 8.5, 162, 群众与权力 
6151717, 26.1, 8.9, 59, 危险的国家 
21268040, 26.8, 8.8, 70, 竞逐富强 
1825754, 31.6, 8.8, 150, A People&#39;s History of the United States 
1315248, 36.8, 8.9, 314, 论李维 
22488897, 26.9, 8.1, 121, 共和的危机 
20390907, 28.8, 9.1, 79, 自由与荣耀 
2998520, 33.6, 8.0, 446, 论小丑 
10439652, 31.5, 8.6, 174, 旧邦新造 
2974917, 38.8, 8.7, 519, 自由主义 
3836582, 30.0, 8.4, 161, 法国大革命的起源 
3335650, 35.5, 8.7, 309, 春秋大义2 
25936051, 35.4, 8.7, 300, 我的一生 
1135838, 33.5, 8.0, 439, 罗马盛衰原因论 
3237711, 35.7, 8.7, 318, 自由的伦理 
1550973, 26.8, 8.2, 110, 同意的计算 
3880797, 29.1, 7.9, 220, 帝国的话语政治 
26821276, 13.7, 8.0, 12, 剩余的时间 
6124314, 32.4, 7.9, 402, 皇帝 
1224599, 36.8, 9.0, 289, 20年危机 
1088525, 33.3, 8.4, 281, 1957年的夏季 
1081334, 36.3, 8.8, 319, 使民主运转起来 
1480121, 35.0, 8.6, 308, 政治哲学史（全两册） 
6395282, 31.0, 7.7, 385, 中国当代社会阶层分析 （最新修订本） 
1071819, 35.3, 8.7, 297, 经济腾飞路 
25705618, 26.7, 9.1, 57, 马基雅维里时刻 
1281855, 27.5, 8.6, 91, 民主与市场 
25853867, 22.5, 7.5, 90, 斯诺登档案 
4882102, 29.6, 7.6, 329, 不可思议的年代 
26294167, 22.9, 8.3, 52, 敬愛的領袖 
1082102, 36.2, 8.3, 511, 风雨独立路 
1034847, 42.5, 8.5, 1198, 美国与中国 
26589233, 26.4, 8.0, 121, 1+12:通向常识的道路 
26602453, 34.9, 8.6, 303, 战国歧途 
1993458, 21.3, 9.6, 20, The Creation of the American Republic, 1776-1787 
20441181, 25.2, 8.9, 51, 沈志华冷战五书（套装共5册） 
1009640, 36.6, 7.7, 1137, 闲看水浒 
20428716, 30.5, 7.5, 442, 公天下 
3320907, 35.0, 8.1, 518, 追踪1789法国大革命 
3410734, 30.1, 8.8, 118, 从爵本位到官本位 
3694913, 32.3, 8.8, 168, 莎士比亚的政治 
10868063, 24.5, 8.2, 74, 审查历史 
5398147, 32.0, 8.6, 190, 廬山會議實錄 
3119995, 25.7, 8.5, 73, 理解公共政策（第十一版） 
5924297, 27.1, 9.1, 61, 美国革命的激进主义 
5257777, 31.8, 8.6, 185, 每个人的政治 
5503769, 32.0, 8.5, 208, 辩论中国模式 
1063741, 33.6, 8.6, 245, 霍布斯的政治哲学 
1274006, 26.5, 9.0, 59, 黎塞留传(全两册) 
1075312, 30.4, 8.8, 125, 自由与权力 
1072924, 33.0, 8.7, 204, 共和・民主・宪政--自由主义思想研究 
26388286, 30.0, 8.3, 177, 纸牌屋 3 
10566979, 33.6, 8.6, 246, 利维坦的道德困境 
10577556, 32.8, 7.9, 431, 中东现场 
1860524, 38.1, 9.5, 231, 战争史研究 
6719693, 27.4, 8.4, 104, 革命將至 
3528077, 26.8, 8.4, 94, 新帝国主义 
1055273, 26.8, 8.9, 66, 权力与货币 
1787729, 42.6, 8.4, 1375, 单向度的人 
2217312, 29.5, 9.0, 94, 西方马克思主义探讨 
10469535, 22.8, 8.2, 55, 无畏而赢 
20282380, 22.9, 8.9, 36, 德行、商业和历史 
1289900, 24.5, 8.2, 74, 世界舞台上的国际政治 
1418776, 24.5, 8.1, 79, 美国反对美国 
1988741, 35.7, 7.0, 2759, 驻京办主任 
1070358, 31.5, 8.5, 189, 思考法国大革命 
1883148, 29.7, 9.0, 96, 现代君主论 
1426482, 30.5, 8.5, 161, 纳粹德国（上下册） 
25551562, 27.2, 7.4, 258, 李光耀回忆录 
25660774, 23.3, 9.5, 28, 问题与主义 
2213246, 32.3, 9.2, 125, Shooting an Elephant 
23764874, 25.5, 7.1, 253, 影子里的中国 
10550572, 22.4, 7.8, 68, 金钱关系 
6850132, 26.1, 8.9, 59, 民主的本性 
3229849, 33.3, 8.0, 423, 粮食危机 
26378392, 22.0, 7.8, 64, 真实世界的纸牌屋 
5375977, 29.6, 9.1, 88, 英格兰宪政史 
20370766, 24.6, 8.5, 60, 最純潔的種族 
25816573, 20.8, 8.5, 32, 中國八十年代政治改革的臺前幕後 
26177185, 20.8, 8.8, 27, 政治哲学 
7836044, 25.6, 8.1, 97, 台湾民主转型的经验与启示 
26649799, 11.7, 7.4, 11, 古代民主与现代民主 
3662479, 32.8, 8.5, 237, 文化与抵抗 
2226226, 22.1, 8.1, 52, 悲壮的衰落 
3226669, 29.3, 8.9, 97, 石油地缘政治 
5447429, 29.4, 8.1, 191, 美国、俄国和冷战 
2047854, 27.8, 9.1, 68, 国际事务概览.第二次世界大战（全11卷） 
1491505, 31.7, 8.3, 235, 幽暗意识与民主传统 
25909032, 28.8, 8.4, 131, 战后欧洲史 01：旧欧洲的终结（1945-1953） 
26340216, 19.9, 6.7, 115, 大道之行 
1029197, 33.2, 7.3, 1014, 外交十记 
6541060, 26.6, 9.3, 50, 群书治要考译（全四册） 
1288989, 30.2, 7.7, 332, 网络共和国 
11600041, 28.2, 7.8, 205, 秘密演讲 
1626946, 28.3, 7.8, 208, 唤醒中国 
1433054, 34.6, 8.8, 244, 风云人物采访记 
4843865, 32.1, 8.2, 278, 失去的机会？ 
2284844, 22.5, 8.0, 60, 美国革命的思想意识渊源 
1443597, 35.1, 8.5, 348, 第三只眼睛看中国 
1065053, 30.8, 8.8, 133, 在事实与规范之间 
1813973, 30.0, 8.9, 109, Politically Correct Bedtime Stories 
1024142, 31.0, 8.0, 279, 我的回忆（上下卷） 
25765442, 29.1, 7.6, 299, 说不尽的外交 
1052829, 34.7, 8.9, 228, 士大夫政治演生史稿 
26699337, 13.6, 7.3, 17, 晕眩年代 
25717418, 24.0, 7.9, 85, 中国冲击 
1031917, 35.3, 8.5, 362, 遇罗克遗作与回忆 
25732329, 23.3, 8.1, 64, 肯尼迪：信仰在风中飘扬 
25917050, 22.2, 7.9, 61, 民主崩溃的政治学 
24719014, 28.0, 7.6, 244, 中国有多特殊 
4267929, 29.1, 8.8, 102, 资源角逐 
10739336, 29.0, 7.3, 420, 强人治国 
25867620, 22.9, 7.6, 90, 红星照耀太平洋 
5387711, 41.2, 8.3, 1210, 侯卫东官场笔记5 
3911960, 25.9, 8.2, 94, 二十世纪初中国政治改革风潮 
1055470, 29.6, 9.5, 69, 通典(全五册) 
1976217, 26.7, 8.1, 117, 赫鲁晓夫回忆录（全三卷） 
3216960, 26.3, 9.3, 48, 政法界右派分子谬论汇集 
10867800, 30.5, 7.4, 509, 大目标 
1052968, 40.4, 8.8, 610, 剑桥中华人民共和国史（下卷） 
1781769, 30.6, 8.4, 179, 反联邦党人赞成什么？ 
10532809, 26.3, 8.6, 75, 翁山蘇姬 
10468339, 28.8, 8.5, 122, 最高法院的“喜剧之王” 
1036798, 30.7, 8.2, 217, 1968年：反叛的年代 
25872374, 21.4, 8.0, 49, 武士政治 
10416635, 32.4, 8.4, 244, 文明·国家·大学 
25728166, 20.5, 7.4, 66, 美国大外交（60周年增订版） 
1210057, 46.1, 9.2, 969, 一九八四 上来透口气 
3002888, 23.5, 9.1, 35, 全球视野中的中国国家安全战略（上卷） 
3260142, 22.5, 9.5, 25, Ideology and Organization in Communist China 
1915018, 28.9, 8.4, 133, 权力的媒介 
4208782, 30.1, 8.6, 140, 当代比较政治学 
1535060, 21.7, 8.1, 48, 文化冷战与中央情报局 
1755419, 21.5, 8.0, 50, 官僚机构 
1421029, 41.1, 7.5, 3697, 帝国的惆怅 
10434858, 35.0, 8.6, 311, 我们为什么离正义越来越远 
1027251, 27.9, 8.6, 97, 自由与传统 
26339977, 19.8, 8.5, 27, Our Kids 
26639302, 26.3, 9.0, 57, 世界的演变 
6998812, 23.9, 8.5, 54, 选举中的谋略与博弈 
4011283, 32.2, 7.8, 434, 中国香港 
5911531, 33.3, 8.5, 258, 独自打保龄 
1066291, 30.0, 8.0, 234, 通往明天的唯一道路 
1951522, 28.5, 8.7, 99, 国家与市场 
3104573, 26.4, 8.1, 111, 现代政治的正当性基础 
6879918, 20.3, 8.6, 28, 共识与冲突 
2280308, 31.0, 8.5, 176, 安邦之道 
26786410, 19.0, 8.1, 30, 超级版图 
26639961, 15.3, 7.7, 19, 以色列的诞生 荣耀 1 
26599858, 16.1, 7.8, 21, 权力与选择（插图第13版） 
2012088, 22.9, 9.1, 32, 毛泽东年谱 
1734929, 32.6, 8.4, 251, 霸权之后 
1013286, 30.7, 8.9, 122, 海权对历史的影响 
1156993, 20.0, 9.3, 19, 维诺那计划 
1959852, 25.3, 8.7, 59, 托克维尔：民主的政治科学 
2038513, 31.8, 8.5, 199, 国际关系精要 
4207522, 26.2, 7.7, 155, 旧欧洲新欧洲核心欧洲 
2121714, 28.2, 8.2, 140, 皇权与绅权 
4190173, 36.2, 9.1, 242, 人应该如何生活 
1245746, 28.3, 8.5, 112, 国际政治中的知觉与错误知觉 
25840516, 23.5, 8.5, 50, 帝国定型 
26236593, 26.9, 7.5, 219, 老牌政敌 
4100385, 20.2, 7.7, 49, 精英的反叛 
21424466, 16.0, 7.4, 26, 自由主义批判史 
25758176, 23.4, 7.9, 76, 晚年毛泽东重读古文内幕 
4272356, 27.6, 8.1, 137, 1945～1949：国共政争与中国命运 
26712427, 13.1, 8.2, 10, 致我們的朋友 
3151936, 31.7, 8.8, 153, 霍布斯国家学说中的利维坦 
3312291, 35.0, 8.2, 468, 凶年纪事 
4821395, 27.3, 7.8, 171, 为什么民主需要不可爱的新闻界 
1449787, 30.4, 8.7, 135, 绝对主义国家的系谱 
1006332, 27.7, 8.0, 154, 民族—国家与暴力 
4212270, 23.4, 8.8, 41, 以色列与启示 
1789317, 32.1, 8.1, 307, 美国自由主义的历史变迁 
24648745, 22.2, 6.8, 174, Hard Choices 
4846148, 33.2, 8.5, 252, 政府的本分 
1416246, 35.2, 8.8, 268, 权力·制度·文化 
1316824, 29.3, 8.6, 122, 帝国主义是资本主义的最高阶段 
25714728, 11.5, 7.5, 10, 建国之父的失败 
4190430, 22.2, 7.9, 61, 职场白领不高兴 
5348650, 18.1, 8.0, 27, 援助的死亡 
1938320, 34.8, 7.7, 808, 美国的本质 
1044823, 27.5, 7.9, 164, 民主的模式 
1878114, 26.3, 9.0, 57, 论断与概念 
1051989, 32.6, 8.5, 229, 尤利西斯的自缚 
4929998, 42.4, 8.3, 1487, 侯卫东官场笔记3 
2343947, 25.2, 8.0, 97, 自由·平等·博爱 
4706744, 20.4, 8.7, 27, 憂鬱的文化政治 
1315237, 32.1, 8.5, 209, 永久和平论 
4918168, 32.2, 7.4, 712, 省委班子 
3118225, 27.0, 7.2, 314, 之江新语 
25779857, 18.9, 6.9, 74, 双重悖论 
1816357, 28.6, 8.1, 164, 民族主义 
25983635, 23.8, 8.3, 61, 驚弦：汪精衛的政治生涯 
25768861, 25.7, 7.5, 171, 断裂的年代 
3097539, 45.1, 8.9, 1146, 自由选择 
10731633, 24.3, 7.5, 130, 问鼎 
1025654, 20.2, 8.5, 29, 农民,政治与革命 
1410929, 33.9, 9.3, 146, 唐代政治史述论稿 
24695948, 20.1, 7.4, 61, 希特勒与20世纪德国 
1491298, 26.9, 8.4, 96, 中国的共产主义与毛泽东的崛起 
6858528, 26.4, 8.7, 71, 非洲国 
20480824, 24.7, 8.5, 61, 大国的兴衰（下） 
1447303, 30.2, 7.6, 371, 激荡的百年史 
2211584, 27.8, 8.2, 131, 立宪派与辛亥革命 
1476068, 32.7, 9.0, 152, 论僭政 
1101903, 30.3, 8.4, 169, 权力与相互依赖 
1076640, 31.0, 7.8, 346, 蒋经国传 
1281257, 31.2, 7.9, 321, 大众的反叛 
1095502, 25.0, 7.6, 134, 民族与民族主义 
5419141, 23.0, 7.7, 83, 现代国家的起源 
26281876, 17.2, 7.9, 24, 日常生活实践·2 
