Tag: 散文随笔 

ID, Score, Rating, Votes, Title 
26883447, 33.9, 9.4, 137, 在人群中消失的日子 
26873638, 35.5, 9.2, 200, 活着本来单纯 
26831788, 38.5, 8.0, 1096, 旅行与读书 
26864773, 34.3, 8.9, 211, 任你行 
26278687, 54.4, 7.8, 28736, 皮囊 
26899220, 30.7, 9.1, 104, 生活，是很好玩的 
3369793, 67.1, 8.7, 50117, 亲爱的安德烈 
1253310, 52.6, 8.9, 3720, 人间草木 
26791998, 37.0, 8.3, 588, 山中的糖果 
3339812, 50.1, 9.3, 1593, 木心作品八种 
26848146, 32.9, 7.8, 495, 民国太太的厨房 
1692648, 56.2, 8.9, 6540, 一个人的村庄 
26711101, 33.0, 8.2, 326, “边缘人”纪事 
26698598, 41.0, 8.2, 1337, 有如走路的速度 
26791617, 36.8, 8.0, 802, 大好河山可骑驴 
26802388, 34.4, 7.6, 844, 自在独行 
10522856, 57.7, 9.0, 7112, 冬牧场 
26685539, 36.7, 8.1, 696, 有鹿来 
4238144, 52.0, 9.1, 2650, 岁朝清供 
26864237, 29.3, 8.6, 121, 爱欲与哀矜 
26894367, 30.8, 8.6, 155, 尘土 
25984204, 52.3, 7.6, 28601, 乖，摸摸头 
1949679, 53.5, 8.7, 5565, 素履之往 
26264154, 43.1, 8.6, 1165, 悲伤与理智 
26914640, 33.1, 9.6, 106, 你配得上更好的人生 
4151117, 47.8, 8.5, 2898, 阴翳礼赞 
25982254, 47.4, 8.1, 4702, 大萝卜和难挑的鳄梨 
26430928, 30.0, 7.4, 460, 如何独处 
26272073, 40.1, 8.1, 1277, 一生里的某一刻 
26687647, 38.1, 7.8, 1318, 至味在人间 
25787364, 38.4, 8.6, 543, 京都古书店风景 
26919685, 18.8, 8.5, 23, 365日 
26882312, 25.0, 9.2, 42, 我有一切的美妙 
26747206, 33.9, 8.8, 218, 人生忽如寄 
1023000, 47.2, 8.6, 2298, 常识与通识 
26672748, 35.2, 8.9, 244, 山居杂忆（插图精装版） 
25762598, 40.2, 8.8, 590, 尽头 
4159088, 50.6, 7.8, 14062, 理想的下午 
25917140, 39.8, 7.2, 4768, 不要让未来的你，讨厌现在的自己 
4773224, 52.4, 8.3, 8425, 生活十讲 
26785701, 38.2, 7.5, 2061, 月童度河 
4113090, 51.0, 7.4, 33309, 我们台湾这些年 
26787813, 32.1, 8.4, 232, 纸上染了蓝 
25639223, 48.9, 8.3, 4603, 身边的江湖 
26253714, 30.7, 7.9, 297, 在西伯利亚森林中 
26704405, 24.2, 8.3, 65, 树敌 
4905854, 48.9, 8.9, 2090, 将饮茶 
26646456, 34.3, 8.1, 458, 无尽绿 
5290534, 48.3, 7.8, 8991, 为了报仇看电影 
1760548, 57.7, 9.2, 5526, 三毛作品集 
20425053, 50.6, 7.7, 16850, 我所理解的生活 
1398441, 49.4, 9.1, 1771, 汪曾祺散文 
3880832, 49.7, 8.2, 6146, 认得几个字 
3267934, 47.0, 8.4, 2883, 日本四季 
4836601, 39.2, 8.3, 856, 扪虱谈鬼录 
26367364, 41.3, 8.1, 1609, 爱吃沙拉的狮子 
3333989, 51.1, 8.1, 9172, 荒废集 
26708780, 35.5, 7.8, 807, 非洲三万里 
26371292, 40.0, 8.1, 1270, 不在他方 
26253239, 16.9, 8.6, 16, 私读001 
25849892, 39.3, 8.8, 508, 人间滋味 
26737694, 33.1, 8.0, 409, 西风东土 
25935074, 40.4, 8.1, 1367, 文·堺雅人：憧憬的日子 
4208780, 48.5, 8.1, 5775, 流浪集 
26476959, 30.5, 8.3, 193, 我青春漫游的时代 
26879048, 24.2, 9.1, 39, 京料理 
4884218, 58.8, 8.8, 11275, 我的阿勒泰 
26679240, 34.9, 7.6, 932, 槽边往事 
3311009, 47.6, 7.2, 24885, 原来你非不快乐 
26053771, 43.8, 8.6, 1317, 小于一 
11588627, 43.8, 7.9, 3330, 无非求碗热汤喝 
20375515, 36.4, 8.2, 596, 重生：桑塔格日记与笔记1947～1963 
26883476, 17.6, 8.6, 18, 汪曾祺书信集 
6937888, 45.4, 8.5, 1928, 树犹如此 
1291570, 43.9, 8.9, 948, 简媜散文 
1829614, 50.9, 8.6, 4222, 琼美卡随想录 
5404877, 40.3, 8.2, 1174, 安持人物琐忆 
24527845, 40.8, 7.0, 8667, 我讲个笑话，你可别哭啊 
26786630, 24.2, 8.2, 70, 采葑小集 
25898124, 42.0, 7.6, 3764, 得未曾有 
20413794, 45.8, 7.7, 6672, 眠空 
3627948, 33.7, 8.4, 303, 持灯的使者 
4160472, 41.2, 8.5, 967, 告诉我，你怎样去生活 
4059800, 44.8, 8.0, 3454, 私语书 
25918820, 39.6, 7.8, 1763, 吴哥之美 
4912688, 48.6, 8.6, 2892, 干校六记 
26841113, 31.0, 9.2, 102, 岁月沧桑 
5908161, 43.0, 8.5, 1305, 雨天的书 
26576518, 33.8, 7.0, 1836, 我的晃荡的青春 
26761291, 36.0, 9.0, 255, 人间草木 
3698217, 51.0, 8.6, 4257, 花田半亩 
1924318, 48.4, 8.9, 1912, 汪曾祺谈吃 
26808156, 25.3, 9.3, 41, 你可以活成自己喜欢的模样 
6844469, 42.4, 8.1, 1944, 走夜路请放声歌唱 
26728018, 29.1, 6.7, 1031, 你所谓的稳定，不过是在浪费生命 
25827812, 35.6, 7.5, 1239, 我这个普通人的生活 
11614503, 25.3, 9.4, 39, 20世纪中外散文经典 
25774772, 38.3, 8.5, 593, 做饭 
4621342, 42.7, 7.8, 3171, 世纪末的华丽 
19899834, 38.9, 7.2, 3917, 只愿你曾被这世界温柔相待 
26313575, 35.0, 8.2, 465, 各自爱 
1950196, 33.6, 9.3, 139, 汪曾祺作品自选集 
4274472, 42.7, 8.2, 1784, 茶之书 
26253701, 30.0, 8.6, 137, 船夫日记 
26803916, 22.4, 7.8, 68, 苏州慢（精装水墨版） 
20453483, 30.7, 8.3, 198, 塞万提斯的未婚妻 
26278884, 27.9, 8.4, 114, 文化不是味精 
3410812, 41.5, 7.4, 4775, 死在这里也不错 
6392678, 39.4, 7.5, 2637, 想念 
4169341, 47.6, 8.3, 3692, 水问 
26331783, 32.3, 7.7, 495, 宋家客厅 
26672856, 15.3, 7.8, 18, 寻海记 
26677405, 27.8, 8.0, 156, 老灵魂 
11535030, 42.2, 8.3, 1452, 一个一个人 
4917641, 42.0, 8.9, 705, 故乡的食物 
1460313, 51.6, 8.4, 6308, 哥伦比亚的倒影 
3621542, 48.9, 8.4, 4007, 蓝房子 
26431217, 37.2, 8.6, 447, 在江湖 
1888215, 46.5, 8.4, 2650, 即兴判断 
25741244, 39.7, 7.1, 5642, 我承认我不曾历经沧桑 
26663951, 33.7, 7.8, 582, 唧唧复唧唧 
26907493, 15.5, 8.1, 16, 种满院植物，安守四季阳光 
4861485, 38.2, 7.2, 3400, 就算天空再深 
1059040, 46.6, 8.6, 2093, 雅舍小品 
2254582, 49.8, 8.9, 2403, 以箭为翅 
26274801, 35.3, 7.5, 1171, 沉默也会歌唱 
26263052, 33.4, 7.9, 488, 毫无必要的热情 
3535331, 32.0, 8.7, 173, 食经 
1411023, 33.1, 8.3, 299, 独居日记 
26388796, 34.7, 8.0, 550, 人间卧底 
2240482, 50.2, 8.0, 9251, 走到人生边上 
26613052, 44.2, 8.7, 1249, 我的造梦之路 
20499702, 38.9, 7.7, 1784, 味道·第一宗罪 
26842329, 28.9, 9.3, 70, 瞬：陳綺貞歌詞筆記 
26577701, 28.1, 8.0, 167, 我的美的世界 
4169342, 46.8, 8.6, 2153, 女儿红 
25784438, 40.6, 8.2, 1231, 不留心，看不见 
10527371, 40.1, 8.9, 525, 马雁散文集 
1398461, 43.0, 8.7, 1029, 梁实秋散文 
1004539, 45.6, 8.5, 2006, 爱与孤独 
1489494, 48.3, 8.5, 3116, 人与永恒 
26895144, 26.9, 9.6, 44, 你才是自己的过来人 
19977313, 42.4, 8.8, 842, 花乱开 
26433664, 22.9, 8.2, 56, 剧院里最好的座位 
5938219, 40.3, 7.8, 1992, 昨日书 
3621252, 44.5, 7.4, 8817, 曾经 
6773642, 39.7, 7.7, 2069, 猛虎细嗅蔷薇 
6021094, 34.0, 7.9, 538, 喜乐京都 
26416401, 39.1, 7.4, 2943, 我敢在你怀里孤独 
25958626, 35.2, 7.9, 673, 橄榄成渣 
1049215, 45.3, 7.5, 8534, 借我一生 
5269117, 33.9, 8.8, 216, 现实即弯路 
11602263, 47.0, 9.1, 1233, 羊道·深山夏牧场 
26730678, 27.0, 7.9, 149, 我不过无比正确的生活 
25887874, 33.6, 7.7, 636, 惜别 
2275635, 47.7, 8.9, 1738, 如何说孩子才会听，怎么听孩子才肯说 
24872489, 34.5, 8.1, 473, 小鸟在天空消失的日子 
4841303, 41.6, 7.6, 3464, 人情·世故 
1015864, 51.3, 9.0, 2659, 惶然录 
10607710, 50.1, 8.0, 9055, 世间的盐 
11602267, 47.8, 8.9, 1762, 羊道·春牧场 
3866002, 40.6, 7.2, 5703, 我所爱的香港 
4881850, 56.4, 9.0, 5878, 阿勒泰的角落 
26828061, 20.9, 8.9, 26, 遗忘在乡下的植物 
25849895, 39.5, 8.9, 476, 人间草木 
1427754, 39.6, 8.8, 534, 侏儒的话 
25873393, 26.0, 8.3, 88, 肖像与观察 
6121542, 43.8, 8.0, 2889, 当你途经我的盛放 
25799286, 36.1, 8.2, 565, 博尔赫斯的面孔 
2375972, 46.9, 8.3, 3237, 今朝风日好 
5336240, 44.4, 8.3, 2096, 异乡记 
3995526, 69.5, 8.7, 73492, 目送 
3604331, 47.1, 8.4, 2937, 午夜之门 
26832527, 25.0, 8.7, 56, 小王子的領悟 
2221690, 34.1, 9.6, 121, 晚饭花集 
3062449, 37.6, 9.2, 273, 唐鲁孙作品（六卷精华版） 
5299805, 30.9, 7.9, 303, 写意巴洛克 
26901043, 15.2, 8.0, 16, 那些书和那些人 
6783708, 39.2, 8.1, 1102, 怒河春醒 
24870163, 32.2, 7.6, 556, 万物皆有伤心处 
26363718, 28.9, 8.6, 115, 谁在银闪闪的地方，等你 
2058479, 44.5, 9.1, 852, 史铁生散文 
25744944, 43.9, 8.5, 1516, 既见君子 
7001042, 36.9, 8.5, 469, 无计花间住 
20499673, 39.9, 7.9, 1622, 味道·人民公社 
25816576, 28.6, 7.6, 271, 流浪者的乡愁 
5914555, 37.6, 8.0, 932, 暴食江湖 
6844364, 33.4, 8.2, 352, 人生一瞬 
25828868, 33.9, 7.5, 881, 快活馋 
4201181, 24.0, 7.9, 85, 空钓寒江 
26682087, 29.9, 7.2, 584, 借山而居 
1793990, 42.9, 8.9, 815, 早晨从中午开始 
20499677, 39.9, 8.0, 1421, 味道·味觉现象 
7175432, 35.5, 8.9, 256, 张枣随笔选 
26644964, 25.6, 8.3, 82, 耶鲁文学小历史 
3769019, 39.9, 8.5, 777, 闪亮的日子 
3652211, 44.9, 8.6, 1576, 爱默生家的恶客 
10485866, 38.6, 8.2, 878, 暴风雨的记忆 
4845827, 46.1, 8.8, 1497, 遇见·猫的国 
1004318, 46.2, 8.3, 2894, 守望的距离：周国平散文集 
5336228, 45.0, 8.7, 1409, 作家笔记 
11602265, 47.0, 9.1, 1230, 羊道•前山夏牧场 
26291216, 30.3, 6.5, 1933, 我们生活在巨大的差距里 
25803923, 39.2, 7.9, 1416, 你是我不及的梦 
4165852, 42.0, 7.5, 4452, 你是那人间的四月天 
26693234, 30.8, 8.5, 171, 心有欢喜过生活 
26803921, 19.6, 7.9, 38, 味言道（精装水墨版） 
1960044, 37.5, 8.5, 522, 伊利亚随笔选 
3773194, 34.0, 8.9, 202, 周作人散文全集 
26757864, 17.1, 7.8, 25, 百年旧痕 
26709057, 26.3, 7.9, 131, 那些被我们辜负的人 
2301475, 41.6, 8.4, 1157, 人间食粮 
1746182, 30.2, 8.8, 120, 龙应台杂文精品 
25660221, 35.1, 7.6, 983, 代表作和被代表作 
4917570, 39.0, 9.0, 403, 旧人旧事 
20394952, 38.6, 8.1, 985, 九篇雪 
25920202, 51.0, 8.6, 4303, 泛若不系之舟 
26658076, 28.5, 8.3, 137, 咸也好，淡也好 
10574080, 32.5, 8.6, 206, 不够知己 
5910921, 31.4, 6.8, 1501, 坦白说，亲爱的 
1288925, 48.5, 8.8, 2216, 五味 
10517247, 35.2, 8.5, 353, 在新疆 
11613687, 35.9, 7.5, 1318, 我是爬行者小江 
6388661, 66.9, 8.8, 40958, 这些人，那些事 
1785502, 41.1, 7.9, 2032, 咖啡苦不苦 
26393369, 23.9, 7.2, 160, 我书架上的神明 
1322445, 40.1, 8.4, 901, 林语堂散文 
26148097, 30.0, 7.3, 522, 不知死，焉知生 
1034349, 43.1, 8.7, 1050, 从前 
25820165, 33.2, 8.7, 210, 田园之秋 
3610492, 40.3, 7.9, 1736, 好色的哈姆莱特 
1615235, 36.3, 8.2, 581, 蒙田随笔 
19967508, 29.1, 6.7, 1011, 我开始轻视语言 
4212607, 46.6, 7.6, 9234, 有味 
24849840, 34.1, 8.0, 495, 静默有时，倾诉有时 
25976633, 32.5, 8.0, 370, 我自己的陌生人 
26359009, 29.6, 6.5, 1650, 和喜欢的一切在一起 
1474793, 32.1, 8.9, 151, 王鼎钧散文 
1559728, 36.8, 8.3, 569, 方丈记 徒然草 
6440324, 38.9, 8.4, 733, 人各有异 
22015881, 31.5, 7.4, 616, 7749 
26820250, 20.9, 8.3, 37, 《掌故》第一集 
26791612, 24.4, 7.8, 99, 有时 
3723236, 40.6, 8.0, 1606, 我与父辈 
3535792, 38.4, 7.6, 1845, 日本料理 
26303967, 25.4, 8.0, 101, 康拉德的黑暗我的黑暗 
5982380, 37.0, 8.3, 591, 祸枣集 
26653018, 27.6, 7.5, 250, 一切终将远去 
25887839, 35.7, 8.1, 592, 历史在你我身边 
2191536, 39.2, 9.1, 381, 资治通鉴-(柏杨白话版)(全九辑三十六册)(双盒装) 
5402205, 40.9, 8.5, 913, 空灵 
7051393, 36.3, 7.6, 1233, 俗 
19948593, 33.1, 8.0, 411, 表演与偷窥 
20272103, 28.9, 7.3, 410, 旧时光的味道 
6429287, 31.9, 7.0, 1204, 独立书店，你好！ 
26662988, 28.1, 8.2, 138, 我明白你会来，所以我等 
21770836, 40.8, 8.5, 899, 八九十枝花 
4267093, 34.6, 9.1, 190, 梁遇春散文 
24720088, 33.3, 7.4, 893, 见好 
20375477, 37.7, 8.6, 485, 这世间所有的白 
5401958, 33.2, 7.2, 1180, 九万字 
5947457, 32.4, 8.8, 172, 虚实之间 
4238362, 69.1, 8.6, 82636, 送你一颗子弹 
6109435, 34.3, 8.1, 458, 《读书》十年 
26315075, 31.8, 7.3, 760, 岛屿来信 
1933931, 50.9, 8.7, 3676, 沿着塞纳河到翡冷翠 
2988943, 52.8, 8.3, 9014, 青灯 
1083883, 46.3, 8.7, 1762, 席慕蓉经典作品 
25833450, 39.7, 7.6, 2381, 奇石 
10794793, 35.3, 9.1, 210, 彩云聚散 
3880846, 45.7, 8.7, 1578, 学飞的盟盟 
26726972, 26.2, 8.4, 85, 人生最美是清欢 
1955325, 22.7, 8.3, 50, 休谟散文集 
10867359, 30.8, 8.3, 203, 考工记 
3662614, 39.5, 7.9, 1492, 淡江记 
4170274, 44.2, 8.5, 1573, 只缘身在此山中 
25961836, 28.1, 8.4, 118, 人只会老，不会死 
25727153, 34.0, 9.2, 160, 永玉六记·珍藏版 
4934669, 36.7, 7.6, 1329, 老而不死是为贼 
26769559, 24.4, 8.1, 78, 心若淡定，便是优雅 
10607712, 35.0, 8.0, 578, 迷人的谎言 
19970056, 32.9, 8.1, 357, 江南 
1061242, 53.6, 8.8, 4967, 写在人生边上 
20433605, 39.2, 7.8, 1620, 因自由而美丽 
26644804, 23.8, 7.9, 82, 在世界遗忘你之前 
4207781, 63.7, 8.8, 24595, 孩子你慢慢来 
4247648, 31.7, 9.2, 114, 最后的浪漫主义者 
25944419, 27.0, 7.3, 280, 大地上所有的河流 
26278431, 24.9, 8.2, 79, 脱腔 
3642673, 55.3, 8.0, 23090, 我执 
2075175, 42.7, 8.8, 882, 缘缘堂随笔 
5906080, 35.7, 7.6, 1088, 阿嬷，我回来了 
1220904, 42.4, 8.9, 754, 春醪集 
25909086, 25.1, 7.7, 124, 第一口啤酒 
10834769, 40.7, 7.7, 2502, 门外汉的京都 
26425946, 25.0, 7.5, 149, 用细节把日子过成诗 
6391201, 33.6, 7.8, 571, 二十二岁之前 
2310647, 34.3, 7.3, 1266, 先上讣告后上天堂 
1466236, 41.5, 8.0, 1879, 风中的纸屑 
26767595, 27.9, 8.1, 146, 云物如故乡 
10795220, 36.8, 7.7, 1181, 喃喃 
1013032, 37.3, 9.3, 240, 风中的院门 
6109582, 35.3, 8.1, 548, 走不出的风景 
26183300, 26.5, 6.9, 410, 跟法国女人学雅致 
26309123, 29.3, 7.0, 676, 近在远方 
4145556, 43.5, 8.4, 1593, 微晕的树林 
3071714, 34.3, 7.9, 576, 饮膳札记 
24838970, 30.3, 6.9, 986, 无聊的魅力 
26282087, 33.2, 7.8, 527, 把所有失眠的夜都给你 
14449069, 34.9, 8.0, 565, 春在绿芜中 
10440147, 36.3, 8.3, 527, 世间的名字 
19964958, 30.3, 8.5, 155, 周作人俞平伯往来通信集 
1546197, 33.4, 8.4, 287, 记忆像铁轨一样长 
6970042, 40.0, 8.9, 522, 草木春秋 
3711727, 38.4, 7.5, 2177, 等待香港 
26864818, 15.3, 7.6, 20, 以蓄满泪水的双眼为耳 
4710587, 36.9, 8.5, 472, 畜界，人界（修订版） 
1262580, 37.8, 7.6, 1655, 像邦妮一样爱你 
26373145, 30.1, 7.4, 466, 耳朵借我 
1062608, 43.6, 8.3, 1841, 旧时月色 
6431238, 34.3, 6.9, 2420, 一个人私奔 
1010499, 32.8, 8.6, 217, 龙坡杂文 
26602535, 22.0, 8.0, 55, 野草离离 
25755752, 31.1, 8.4, 195, 监狱琐记 
25912807, 28.6, 7.9, 199, 和服之韵 
1041414, 45.9, 8.6, 1868, 威尼斯日记 
25849532, 28.8, 8.0, 188, 闲暇处才是生活 
4191531, 35.4, 7.5, 1189, 工作颂歌 
25907098, 28.6, 8.0, 181, 采绿 
5333596, 35.2, 7.4, 1327, 我们的她们 
4896497, 39.2, 8.2, 970, 一一风荷举 
10455864, 35.0, 7.3, 1454, 知情识趣 
25843439, 29.0, 7.9, 215, 听水读抄 
25800339, 32.6, 7.6, 595, 唐诗风物志 
25844486, 31.0, 7.5, 491, 我的旅行哲学 
3139786, 33.3, 9.0, 167, 喬見沒 
25886167, 36.4, 8.6, 391, 武人琴音 
3995798, 35.6, 8.4, 418, 讲故事的人 
7057187, 34.5, 9.4, 149, 陶庵梦忆 
1149495, 40.1, 8.2, 1141, 梦十夜 
25776456, 40.8, 8.7, 716, 老味道 
26269501, 24.8, 7.4, 158, 你配得起更好 
10608218, 32.3, 7.7, 503, 价值的理由 
26586174, 27.8, 8.0, 158, 万物停止生长时 
26868661, 11.8, 7.1, 13, 鲁迅遗风录 
6973686, 30.7, 8.9, 121, 花园 
3097837, 36.6, 8.1, 689, 汪国真经典诗文 
1063251, 39.0, 8.7, 540, 丰子恺散文 
1070985, 43.2, 8.8, 949, 钱钟书散文 
1040673, 34.5, 8.2, 422, 笑忘书 
26791269, 28.3, 8.9, 83, 请你种下这本诗集 
1915716, 40.4, 8.5, 838, 负暄琐话 
4210379, 37.2, 8.7, 402, 京华忆往 
5269439, 56.2, 8.4, 13754, 城门开 
1069805, 46.7, 8.7, 1875, 给青年的十二封信 
24716171, 35.0, 8.6, 309, 沉默的大多数 
7916068, 34.0, 7.6, 783, 路上书 
5414639, 39.8, 8.5, 755, 旧情复燃 
25818124, 34.1, 8.2, 396, 翡翠岛编年 
3643266, 31.7, 7.6, 497, 阅读的至乐 
6727813, 32.3, 8.1, 321, 尘世的梦浮桥 
25740175, 28.5, 8.2, 149, 奇来前书 
10601552, 33.3, 7.2, 1185, 例外 
4061754, 41.7, 8.1, 1702, 黑花黄 
1003986, 54.6, 8.8, 5835, 病隙碎笔 
26765530, 15.3, 7.9, 17, 张充和诗文集 
26286113, 22.7, 7.6, 85, 心事如山 
26437752, 29.4, 6.8, 942, 灯下尘 
26595964, 31.0, 7.2, 732, 当一切在我们周围暗下来 
25859178, 26.2, 8.0, 118, 人间有戏 
26617174, 24.3, 8.1, 77, 大刀阔斧绣花针 
6059783, 35.7, 7.4, 1466, 你好，小确幸 
1016429, 51.2, 8.6, 4432, 毛姆读书随笔 
1288913, 45.4, 8.3, 2512, 半生为人 
5423585, 39.1, 8.6, 605, 树枝的疏忽 
3034097, 38.6, 8.3, 780, 平常茶非常道 
26760360, 22.7, 6.6, 255, 轻描淡写 
4258803, 32.3, 8.2, 289, 一个人的城堡 
4256223, 34.7, 7.8, 691, 西班牙主题变奏 
1079838, 47.8, 8.7, 2219, 湘行散记 
6000646, 33.1, 8.5, 247, 夜读抄 
24754564, 35.4, 7.9, 708, 葬我以风 
1058098, 32.8, 8.0, 386, 张小娴作品集 
10618568, 28.3, 8.8, 89, 蜗耕集 
25752971, 24.4, 7.4, 146, 烟云过眼 
6026256, 39.6, 8.7, 591, 红婴仔 
19948615, 27.8, 8.0, 156, 文艺的，过于文艺的 
1073349, 55.5, 8.8, 6694, 写在人生边上 人生边上的边上 石语 
2241214, 38.8, 8.7, 521, 味至浓时即家乡 
4912689, 40.0, 8.6, 701, 杂忆与杂写 
10563327, 30.1, 7.3, 531, 人生中最美妙的事都是免费的 
1572548, 26.6, 8.1, 115, 姑苏食话 
4067778, 40.9, 8.5, 915, 文字的故事 
2377014, 41.9, 8.2, 1566, 阅读的故事 
1209899, 62.8, 9.0, 15718, 我与地坛 
25890645, 26.9, 7.5, 216, 脸之书 
1227844, 52.4, 8.8, 4096, 雅舍谈吃 
6972440, 33.6, 8.1, 406, 老饕续笔 
3662629, 38.7, 8.3, 792, 黄金盟誓之书 
26685366, 27.3, 8.0, 142, 波西米亚楼 
2042633, 50.4, 9.0, 2334, 金蔷薇 
25780158, 31.0, 8.1, 254, 鸟儿歌唱 
3771868, 34.5, 8.2, 423, 印度札记 
6021091, 36.6, 8.8, 333, 反与正·婚礼集·夏天集 
3808810, 39.8, 7.7, 2123, 来去自由 
26729891, 24.1, 8.8, 46, 踮起脚尖，只为离世界更近一点 
26700446, 26.0, 9.1, 51, 古典的回声（二集） 
25969353, 28.9, 8.9, 92, 天鹅之死 
26778180, 27.2, 8.7, 80, 丰子恺 : 无宠不惊过一生 
6047961, 35.8, 8.2, 534, 天涯海角 
10571606, 28.6, 7.7, 247, 物中看画 
26340273, 27.4, 6.8, 581, 我们这个时代的怕和爱 
5935619, 36.7, 8.0, 785, 记得 
26587464, 20.3, 6.6, 141, 故宫营造 
2995151, 38.1, 8.5, 571, 三生影像 
26393373, 23.6, 7.7, 94, 世间所有的寂静 此刻都在这里 
1017839, 41.6, 7.9, 2218, 带着鲑鱼去旅行 
24380058, 35.1, 7.6, 978, 读书年代 
10597973, 41.8, 8.1, 1746, 旧山河 
3918036, 37.9, 7.7, 1458, 日月 
7916063, 31.5, 7.8, 381, 绝色 
25852665, 36.3, 7.6, 1234, 孤独的人都要吃饱 
4621224, 31.1, 9.2, 104, 英国散文精选 
5914495, 32.0, 8.0, 337, 兰台万卷 
4922253, 33.5, 7.9, 495, 历史：何以至此 
3369600, 59.6, 8.1, 41861, 当我谈跑步时我谈些什么 
5411007, 36.8, 8.0, 812, 胭脂盆地 
4934337, 30.6, 7.0, 897, 最爱的男子 
5935620, 36.0, 7.9, 792, 青玉案 
7916067, 34.5, 7.6, 865, 忘言书 
1003284, 54.8, 8.1, 17888, 退步集 
1278499, 39.5, 8.9, 482, 汪曾祺:文与画 
19987029, 25.0, 9.1, 44, 朱光潜美的人生 
1026884, 41.5, 8.5, 1009, 左手的掌纹 
26677846, 18.4, 9.0, 17, 有味是清欢：美食小品赏读 
24884783, 26.1, 7.7, 151, 性学五章 
25703280, 29.0, 8.5, 126, 游金梦 
25740177, 23.1, 8.2, 58, 奇来后书 
6889524, 29.6, 7.3, 475, 慢漫京都 
4314407, 26.3, 8.4, 86, 台灣花布 
3858961, 32.4, 7.3, 858, 蔡澜眼中的八婆与美女 
26348734, 30.5, 8.4, 176, 听客溪的朝圣 
26791574, 20.1, 8.6, 27, 再见，我思念如初的人 
25932093, 26.1, 8.0, 115, 小园即事 
6097374, 32.9, 8.1, 355, 橄欖香 
20375538, 27.7, 8.4, 109, 浪游之歌 
10541076, 28.1, 8.5, 109, 低吟的荒野 
25909313, 28.3, 7.3, 362, 阳光猛烈，万物显形 
26720709, 21.2, 7.0, 111, 恋物物语 
20270240, 19.9, 6.4, 164, 他还未来你怎敢老去 
25805041, 24.1, 7.6, 113, 革命时代的士大夫 
1117965, 34.0, 9.0, 187, 伍尔芙随笔全集（共四册） 
1398456, 37.4, 8.4, 567, 周作人散文 
5407368, 31.5, 8.0, 306, 古典之殇 
4290387, 31.7, 7.5, 568, 茶当酒集 
3389984, 51.5, 8.6, 4633, 俗世奇人 
25986624, 25.9, 8.5, 75, 幽僻处可有人行？ 
26842777, 14.2, 7.4, 18, 古迹 
2075391, 34.1, 7.2, 1427, 那些不值钱的经验 
26708650, 12.5, 7.7, 11, 纸上民国 
26816075, 19.4, 6.9, 83, 皇帝的影子有多长 
4273327, 36.9, 7.8, 1052, 有所思，乃在大海南 
2031348, 30.9, 7.8, 341, 书与你 
4908970, 32.1, 7.4, 693, 风格练习 
19954823, 28.0, 7.9, 180, 明朝没有沈万三 
5360705, 29.6, 8.0, 216, 东居闲话 
5419801, 41.3, 8.4, 1095, 别样的色彩 
25660774, 23.3, 9.5, 28, 问题与主义 
6727861, 24.5, 8.2, 74, 7749：四十九個我試過／聽過／想過的創作練習 
24852365, 29.9, 7.8, 284, 天涯晚笛 
1963395, 46.9, 8.5, 2462, 鱼丽之宴 
1939594, 39.7, 7.7, 2082, 京都一年 
3538438, 36.7, 8.0, 793, 一切因你而值得 
24754142, 30.3, 7.6, 379, 柔软的距离 
22264311, 35.8, 8.3, 482, 无声无光集 
10554294, 32.5, 8.4, 247, 英华沉浮录 1 
2326423, 41.6, 8.3, 1310, 真水无香 
26803898, 15.8, 7.6, 22, 懒糊窗（精装水墨版） 
5392294, 24.0, 8.4, 58, 阅读不死 
3432870, 32.7, 7.5, 699, 日下书 
26864412, 16.6, 7.3, 32, 有点意思 
2382544, 39.7, 8.7, 607, 园圃之乐 
26304071, 28.4, 8.1, 159, 京都人生 
3822989, 35.7, 8.1, 584, 旧时风物 
6875416, 37.3, 8.5, 501, 感时忧世 
25839990, 25.3, 7.3, 195, 太宰治的脸 
25835801, 23.5, 7.5, 110, 1933，聆听民国 
26595343, 23.0, 7.4, 109, 江湖老友 
1382840, 50.0, 8.7, 3157, 背影 
3768297, 33.7, 7.1, 1520, 乱来 
25805200, 30.5, 7.6, 392, 草色连云 
7154299, 33.5, 7.7, 625, 东榔头 
26728849, 25.3, 7.8, 119, 我在时间尽头等你 
1046276, 40.2, 8.1, 1301, 温暖和百感交集的旅程 
26796729, 19.7, 6.0, 275, 可以不可以 
25869902, 23.9, 7.6, 109, 钓客清话 
2294982, 36.5, 7.8, 971, 与陈丹青交谈 
26498041, 21.2, 7.3, 83, 雨滴在卡夫卡墓碑上 
6729220, 20.2, 8.1, 37, 纵心所欲 
25812290, 26.7, 8.0, 129, 依然如旧的月色 
4208773, 32.6, 7.9, 421, 伦敦画记 
25873058, 25.8, 8.2, 93, 文学种子 
23116260, 35.9, 8.2, 542, 其实，大家都想做菜 
7154298, 33.5, 7.8, 561, 西棒槌 
26577403, 19.5, 7.1, 69, 你心柔软，却有力量 
5908164, 33.1, 8.6, 226, 自己的园地 
6971752, 31.4, 7.2, 793, 对照记@1963 
20379949, 27.8, 7.2, 367, 最后的闺秀 
3802538, 34.0, 8.6, 265, 四方食事 
3338823, 36.9, 7.8, 1059, 三月曝书 
4044131, 31.5, 7.3, 714, 嘲骚 
6802371, 40.6, 7.9, 1842, 一个游荡者的世界 
1875187, 34.8, 8.5, 328, 微晕的树林 
26667254, 20.0, 7.7, 47, 往书记 
25836271, 26.0, 7.4, 202, 小妹 
25804641, 37.1, 7.7, 1264, 草草集 
26578129, 23.1, 7.9, 72, 何有此生 
10794355, 40.9, 7.7, 2620, 台湾念真情 
4160794, 43.2, 8.4, 1521, 多余的话 
4179200, 34.6, 8.1, 486, 看图识字 
1020930, 32.3, 8.6, 200, 苦茶随笔 
6510146, 31.2, 7.7, 404, 梅酒香螺嘬嘬菜 
1228011, 32.3, 8.0, 354, 知堂谈吃 
1483001, 35.3, 9.0, 228, 大自然的日历 
5299919, 40.5, 8.6, 760, 国王鞠躬，国王杀人 
3004379, 35.8, 8.7, 324, 丰子恺散文 
6731445, 34.9, 7.9, 642, 巴黎，很烦人 
1906681, 48.5, 8.8, 2209, 猎人们 
19976869, 28.6, 8.0, 182, 一池疏影落寒花 
3651646, 34.0, 7.9, 541, 精神明亮的人 
4732153, 38.7, 7.7, 1691, 过得去 
10541710, 35.8, 8.9, 269, 老头儿汪曾祺 
19935578, 34.6, 8.1, 482, 旧日红 
1008732, 47.6, 8.4, 3213, 失败之书 
3999563, 34.9, 8.5, 338, 野果 
10782031, 30.5, 8.9, 118, 胡适的理想国 
20476687, 28.8, 7.4, 357, 思凡 
26369862, 27.9, 8.2, 133, 浮光 
4051249, 38.8, 9.1, 356, 杨绛文集·散文卷（上） 
3572745, 28.3, 7.6, 256, 作家看人 
1937814, 35.4, 8.0, 619, 说来话儿长 
25699117, 37.0, 8.1, 743, 都是遗风在醉人 
2025188, 39.8, 8.2, 1084, 故事 
1597381, 31.5, 8.8, 149, 自然与人生 
4051248, 38.8, 8.7, 526, 杨绛文集·散文卷（下） 
3018322, 46.0, 7.6, 8302, 活着活着就老了 
6523973, 31.1, 7.6, 447, 衣锦夜行 
25986829, 22.6, 9.2, 29, 威廉·夏伊勒的二十世纪之旅 
26388373, 21.8, 8.2, 46, 荒野之境 
26281820, 27.1, 8.0, 139, 人物速写 
3389943, 32.4, 8.6, 204, 德富芦花散文 
1048177, 35.0, 8.0, 584, 董桥散文 
3662421, 40.5, 8.1, 1379, 密涅瓦火柴盒 
1022476, 31.5, 8.7, 162, 苦竹杂记 
10512240, 34.4, 7.9, 581, 燕巢与花事 
2075718, 32.5, 8.4, 246, 空山灵雨 
1908358, 39.0, 8.3, 831, 山南水北 
5914551, 36.9, 8.1, 725, 我在故宫看大门 
3191866, 36.7, 8.1, 701, 杜甫的五城 
6389908, 32.1, 8.6, 194, 知堂文集 
10793304, 32.1, 8.1, 310, 读书的“风景” 
10354912, 27.1, 6.9, 473, 吹绉一池春水 
4124727, 58.2, 8.1, 32541, 孤独六讲 
5999408, 29.9, 7.5, 396, 茶可道 
4154991, 25.9, 7.7, 145, 旧书重温忆华年 
26593605, 25.8, 8.2, 92, 得书记 
3920235, 34.0, 7.4, 1036, 等待香港 
7916066, 35.7, 7.6, 1106, 欲爱书 
26693280, 19.2, 8.7, 22, 氍毹留痕 
1785512, 43.9, 8.3, 1941, 漫卷西风 
1395772, 29.5, 8.7, 117, 契诃夫手记 
10529099, 37.4, 8.3, 631, 笑红尘 
25904933, 36.3, 8.4, 470, 我的母亲手记 
3162221, 32.4, 8.2, 295, 夜晚的书斋 
10456975, 31.8, 8.4, 221, 刀下留人 
2156168, 42.2, 8.4, 1283, 书读完了 
3633987, 36.3, 8.1, 650, 书趣 
19967325, 29.6, 8.5, 139, 读书随感 
1748075, 38.3, 8.8, 439, 槐园梦忆 
25911032, 24.4, 8.5, 58, 讀書人家 
10542980, 27.5, 7.6, 219, 北京，最后的纪念 
3647886, 33.3, 8.6, 236, 管风琴·看听读 
1980436, 55.2, 8.7, 7343, 流言 
25875911, 22.8, 8.0, 63, 雪日 
26357269, 34.0, 7.2, 1377, 京都山居生活 
11586903, 35.0, 7.9, 656, 夏目漱石的百合 
25886896, 34.6, 7.4, 1156, 关键词 
26390229, 41.9, 8.0, 2050, 把生命浪费在美好的事物上 
26597968, 23.6, 7.3, 136, 在薄情的世界里深情地活着 
3574690, 34.4, 7.6, 851, 小导演失业日记 
6719924, 31.3, 7.5, 524, 饰琳琅 
5978079, 36.7, 7.8, 1008, 百家姓 
26611152, 17.9, 8.0, 26, 不曾爱过，怎会懂得 
6068581, 18.8, 9.0, 18, 周作人自编集第二辑（深度思考·人与社会） 
4766916, 34.5, 8.6, 284, 爱默生随笔 
25753961, 22.4, 6.7, 205, 假如我们什么都不怕 
25898013, 23.9, 5.9, 1128, 硬糖手册 
26220133, 30.0, 7.2, 586, 把时间浪费在美好的事物上 
1005442, 28.2, 8.7, 94, 药味集 
26312712, 18.4, 7.5, 40, 春天七日 
25910223, 27.1, 8.8, 74, 自然与人生 
25900302, 22.2, 7.4, 92, 农民何谓 
26593509, 27.4, 7.6, 215, 酒友 饭友 
1041297, 36.8, 8.4, 512, 猫啊，猫 
26697279, 27.5, 7.7, 198, 观复猫 
1465795, 34.1, 7.6, 806, 天公不语对枯棋 
6864307, 47.1, 7.4, 14964, 像我这样笨拙地生活 
24860561, 35.0, 7.4, 1258, 且以永日 
6826615, 39.8, 7.8, 1838, 台北小吃札记 
1038703, 36.2, 7.7, 1046, 音乐影响了我的写作 
26140526, 22.7, 6.2, 464, 你值得拥有最好的一切 
20444861, 30.2, 8.4, 168, 始有集 
19964713, 24.9, 9.0, 46, 含英咀华 
1393473, 42.8, 8.8, 899, 遍地风流 
1025384, 29.7, 8.1, 201, 墓中回忆录 
1890742, 35.4, 7.7, 911, 东写西读 
1460123, 37.8, 8.0, 959, 寒夜客来 
1073378, 34.5, 8.6, 286, 北京乎（上下） 
25895511, 26.2, 8.1, 108, 禅定荒野 
6831222, 40.1, 8.4, 900, 随性而至 
1061572, 46.4, 8.5, 2293, 随想 
1186712, 43.0, 8.2, 1893, 各自的朝圣路 
1268594, 29.1, 8.4, 139, 旅行人信札 
3376232, 29.8, 8.3, 171, 宋朝人的吃喝 
4842955, 25.2, 8.6, 62, 如是我闻 
23134220, 36.1, 8.3, 509, 上课记2 
25799743, 28.8, 7.8, 229, 藤花抄 
4274470, 27.3, 6.9, 492, 美味方丈记 
1073544, 30.4, 8.1, 228, 醒来的森林 
4742948, 34.5, 8.4, 346, 缝熊志 
25864840, 28.0, 7.7, 220, 且借纸遁 
1311280, 51.2, 9.0, 2616, 灵魂的事 
25987045, 27.0, 7.5, 220, 在全世界迷路 
3037383, 29.0, 7.6, 297, 人间世 
5905348, 48.2, 8.2, 4743, 笑谈大先生 
1759001, 27.4, 8.9, 72, 老北京的生活 
1004719, 41.4, 8.6, 892, 谈修养 
1399714, 31.0, 8.8, 138, 英伦独语 
3519776, 31.7, 8.3, 237, 留白 
1049361, 47.2, 8.3, 3403, 比我老的老头 
25854086, 23.4, 9.2, 33, 宋人轶事汇编 
3316179, 36.2, 8.1, 643, 人在故乡为异客 
25874670, 33.8, 8.3, 339, 大地上的事情 
3838150, 34.0, 8.3, 354, 我目光下的你 
10466438, 43.4, 8.0, 2679, 上课记 
1186209, 44.6, 8.7, 1336, 张晓风经典作品 
2052596, 48.8, 8.2, 5200, 退步集续编 
1070899, 39.6, 8.6, 658, 浮生悠悠 
3406848, 32.0, 7.6, 531, 终极美味 
24718693, 29.4, 7.4, 402, 与故土一拍两散 
1949417, 42.0, 8.2, 1593, 这就是纽约 
20258511, 26.3, 7.8, 144, 留学时代 
26292968, 22.1, 7.7, 70, 写真的思考 
19976723, 28.7, 7.6, 280, 十五颗小行星 
6042374, 36.4, 8.9, 293, 政治与文学 
26680362, 24.2, 8.3, 65, 我们误解了这个世界 
20431859, 32.4, 8.4, 243, 我的山居动物同伴们 
20428807, 27.2, 8.3, 108, 低处盛开 
10743137, 47.8, 7.7, 9766, 绿皮火车 
26597462, 27.8, 8.3, 121, 失书记•得书记 
4191577, 39.8, 7.9, 1577, 相遇 
1449352, 60.3, 8.6, 19616, 朝花夕拾 
23780549, 36.5, 7.8, 977, 愿你的道路漫长 
24732976, 28.5, 7.1, 493, 品味 
3606804, 42.6, 8.2, 1772, 徒然草 
1492804, 37.1, 8.2, 674, 把栏杆拍遍 
1071187, 38.4, 9.0, 366, 老舍幽默诗文集 
25951606, 26.3, 7.9, 131, 嫉俗 
26335158, 28.1, 7.0, 515, 不过，一场生活 
26772461, 20.5, 6.4, 193, 我们为什么总是看错人 
5942644, 35.0, 8.6, 309, 武藏野 
3713237, 54.9, 8.8, 6118, 亲爱的三毛 
26390011, 25.7, 8.2, 91, 伍尔夫读书笔记 
25774256, 29.0, 7.2, 475, 肥肉 
4711466, 37.1, 8.1, 751, 培根随笔 
25804649, 35.2, 7.4, 1324, 无知的游历 
26215044, 34.7, 7.4, 1202, 我们台湾这些年2 
26303206, 24.6, 7.4, 152, 今天也谢谢招待了 
1071270, 35.5, 8.2, 509, 酸甜苦辣咸 
25709123, 29.2, 6.9, 765, 回忆是一种淡淡的痛 
1011010, 31.2, 8.8, 142, 鹤林玉露 
1045201, 49.3, 8.2, 5714, 哲学的慰藉 
1039878, 28.2, 9.2, 67, 顾随全集 
1021261, 43.0, 8.7, 1025, 烟波蓝：简媜散文精品集 
1270511, 38.2, 8.1, 921, 湖上闲思录 
25729410, 28.3, 8.1, 156, 京范儿 
1033843, 48.7, 8.7, 2562, 张看（上下） 
7916062, 32.5, 8.0, 367, 白描 
6711774, 34.6, 7.8, 684, 出神 
25908110, 35.0, 8.5, 343, 诗人的迟缓 
20513012, 42.6, 7.6, 4260, 无比芜杂的心绪 
25937456, 27.4, 7.3, 301, 我的九十九次死亡 
11577428, 28.1, 7.5, 278, 腰斩哪吒 
4154558, 40.1, 8.7, 645, 人间草木 
1000034, 38.0, 7.4, 2343, 生死遗言 
4583113, 35.0, 6.8, 3423, 四手联弹 
1001204, 50.5, 7.9, 11558, 山居笔记 
4199685, 47.0, 7.6, 9988, 我读 
24743163, 33.7, 7.3, 1111, 世界将我包围 
2369301, 37.4, 8.1, 797, 孤独天使 
4031698, 46.3, 7.8, 6231, 读者 
1409892, 38.7, 9.0, 388, 随遇而安 
1819978, 49.2, 8.5, 3632, 温莎墓园日记 
3698390, 52.3, 8.6, 5290, 送你一匹马 
1426475, 34.2, 8.7, 247, 芥末居杂记 
20278799, 48.4, 7.6, 13121, 三十六大 
26133987, 28.2, 6.7, 820, 云去云来 
10568346, 29.3, 7.4, 396, 孤独的大多数 
1980691, 31.8, 8.0, 322, 四季随笔 
1014179, 25.9, 8.9, 57, 黑塞散文选 
10875996, 38.9, 8.9, 435, 朝圣者之歌 
6979779, 26.1, 7.8, 138, 牛人的物种起源 
4933087, 38.7, 7.3, 3204, 机场里的小旅行 
7058059, 46.5, 8.0, 4725, 我们心中的怕和爱 
3316185, 34.6, 8.0, 537, 失落的大陆 
2165057, 44.1, 8.7, 1229, 堤契诺之歌 
6709834, 51.1, 8.4, 5740, 爸爸爱喜禾 
1026871, 39.7, 8.0, 1354, 林清玄散文 
25844640, 27.2, 7.1, 370, 如何处理仇人的骨灰 
1028201, 38.7, 8.8, 464, 文明的孩子 
1320797, 33.9, 8.3, 347, 毕淑敏作品精选 
25871619, 26.3, 8.3, 93, 作文十九问 
19912140, 29.3, 7.0, 666, 读书毁了我 
26646314, 24.5, 7.3, 165, 今天也要好好吃饭 
4872671, 57.7, 8.2, 24858, 佛祖在一号线 
4841292, 36.2, 7.3, 1868, 十方一念 
1036490, 60.1, 8.8, 13990, 万水千山走遍 
1161387, 35.6, 8.7, 314, 无梦楼随笔 
21965475, 31.9, 7.1, 1023, 爱上几个人渣 
3003471, 38.1, 8.4, 641, 私人藏书 
26352276, 27.1, 8.4, 98, 重访加勒比 
1012221, 34.9, 8.2, 460, 浮生三记 
26318808, 36.3, 7.5, 1433, 我的脖子让我很不爽 
24700924, 34.4, 8.3, 377, 细数那些叫思念的羊 
1434097, 33.7, 8.4, 302, 王朝女性日记 
1276333, 27.9, 9.2, 64, 太阳升起以后 
3034068, 37.8, 7.9, 1094, 神保町书蟲 
10282578, 39.3, 7.7, 1902, 村上广播 
25903857, 29.3, 8.1, 186, 大书特书 
1440568, 36.7, 8.4, 499, 下午茶 
1441440, 38.8, 8.6, 582, 私房书 
1060489, 41.0, 8.7, 743, 驼背小人 
26673003, 23.6, 8.6, 48, 谁不是一边受伤，一边学会成长 
1401795, 48.9, 8.6, 3042, 时间的玫瑰 
26281185, 29.8, 7.9, 251, 因为梦见你离开 
5914563, 41.0, 8.1, 1501, 边走边啃腌萝卜 
25793386, 34.4, 8.8, 235, 扯经 
1053088, 51.7, 9.2, 2255, 陶庵梦忆 西湖梦寻 
19961797, 33.3, 7.5, 780, 少年台湾 
3391717, 44.5, 8.1, 2837, 中国好人 
1038012, 41.2, 8.7, 767, 周国平自选集 
1690728, 41.3, 8.8, 702, 沈从文精选集 
5333599, 51.6, 8.2, 8600, 春天责备 
3451827, 35.9, 8.2, 547, 旅人 
1056616, 48.9, 8.6, 3018, 槭树下的家（席慕蓉作品典藏版） 
6126817, 37.0, 7.8, 1078, 边境 近境 
1437162, 39.4, 8.1, 1132, 随想录 
25750940, 26.8, 8.3, 102, 想乐 
19912127, 35.9, 7.7, 997, 文茜的百年驿站 
1970116, 41.9, 8.1, 1762, 这一代人的怕和爱 
1400717, 44.4, 8.0, 3223, 写作 
3438645, 29.5, 7.6, 327, 靠窗的位子, 光線剛好。 
2157181, 37.5, 8.0, 908, 荷兰牧歌 
10536368, 37.4, 8.2, 704, 纸上卧游记 
2360092, 33.2, 8.4, 280, 替人读书 
10544783, 29.0, 7.0, 633, 草木的理想国 
1492634, 47.1, 8.3, 3363, 生活的艺术 
5942643, 31.6, 7.9, 345, 人文·民主·思想 
25843055, 34.8, 9.1, 195, 花花朵朵坛坛罐罐 
25943103, 27.8, 7.1, 417, 温暖灵魂的味道 
1023045, 67.9, 8.6, 68323, 我们仨 
10876103, 38.7, 7.4, 2700, 守脑如玉 
10825459, 32.9, 8.1, 359, 东京记 
4140466, 26.9, 7.7, 175, 伦敦风景 
1807349, 39.3, 8.6, 632, 个人尊严 
20413880, 41.5, 8.1, 1660, 古书之美 
1018416, 38.4, 8.1, 955, 花忆前身 
4733799, 28.1, 9.2, 66, 英国散文名篇欣赏(第2版) 
25713576, 37.0, 7.8, 1070, 玩儿 
4238189, 30.1, 7.7, 328, 冲绳札记 
4045081, 31.3, 7.7, 409, 美利坚物语 
10748702, 32.4, 8.8, 172, 宁静乐园 
5275500, 48.6, 7.7, 11516, 尘曲 
3115303, 37.6, 8.2, 731, 一生的远行 
25910582, 34.2, 8.0, 506, 成长，请带上这封信 
25918656, 23.9, 8.1, 71, 我的花园、我的城市和我 
1972077, 27.6, 7.3, 312, 王安忆读书笔记 
6129534, 35.6, 7.7, 940, 不曾苟且 
1077196, 43.7, 8.6, 1288, 蒙田随笔全集（全三册） 
4913076, 29.7, 8.0, 223, 书生活 
26662051, 33.9, 8.1, 429, 我说的不一定对 
1022783, 46.3, 8.2, 3369, 用我一辈子去忘记 
26689720, 25.7, 8.7, 63, 好姑娘向暖而生 
3644791, 43.0, 7.4, 6518, 噪音太多 
1322264, 40.7, 7.8, 2181, 陈丹青音乐笔记 
10741328, 27.7, 8.2, 130, 乐在工作 
1013801, 51.7, 8.8, 3658, 倾城 
26582858, 24.6, 7.2, 187, 京都里山四季 
3572739, 33.5, 8.3, 325, 冷记忆5 
2339264, 41.8, 8.6, 953, 人为什么活着 
1037090, 34.5, 8.1, 478, 天下味 
25886895, 32.7, 7.0, 1431, 如何成为一个妖孽 
7007774, 34.5, 7.7, 765, 没有意义就没有摇摆 
26281730, 30.4, 7.9, 276, 南华录 
10736312, 27.3, 7.8, 173, 白日做梦有理 
1054889, 52.0, 7.7, 21914, 行者无疆 
4149376, 35.3, 8.0, 618, 朝闻道集 
2068249, 58.0, 9.0, 7462, 温柔的夜 
4925124, 31.5, 7.7, 427, 灰屋顶的巴黎 
20452319, 35.6, 8.0, 650, 让“死”活下去 
1987453, 44.6, 7.9, 3887, 人生不过如此 
1397886, 32.3, 8.3, 262, 西游记与中国古代政治 
1760730, 44.4, 8.3, 2121, 伍尔夫读书随笔 
25871638, 35.7, 7.7, 961, 品味四讲 
6896040, 42.7, 8.2, 1784, 好小猫 
5388848, 30.1, 7.9, 263, 簪花的少年郎 
1491630, 43.8, 8.7, 1174, 小窗幽记 
1499645, 33.0, 9.5, 112, Essays of E. B. White 
5383175, 45.6, 8.7, 1557, 童年与故乡 
3053868, 48.8, 7.9, 8391, 永不永不说再见 
1392950, 37.7, 7.5, 1897, 花间一壶酒 
3041567, 38.3, 8.8, 434, 美的情愫 
1073518, 28.1, 8.3, 126, 帝京景物略 
1051911, 41.0, 7.9, 1995, 终究悲哀的外国语 
1048441, 47.9, 8.3, 3888, 透明的哀伤 
6126821, 43.8, 8.4, 1667, 远方的鼓声 
6558047, 35.8, 7.9, 755, 胡吃乱想 
5423785, 37.5, 8.1, 804, 千年繁华 
3740431, 48.9, 8.4, 3954, 灵魂只能独行 
2135139, 42.3, 8.4, 1290, 我为什么要写作 
6002887, 38.4, 7.5, 2149, 突然十年便过去 
1029370, 45.9, 9.1, 1052, 记忆与印象 
1056461, 55.7, 8.3, 14837, 旅行的艺术 
19976775, 33.4, 7.5, 796, 死城漫游指南 
5337231, 41.5, 8.2, 1461, 我爱问连岳Ⅳ 
3926699, 29.0, 7.2, 481, 情色之花 
1083882, 44.2, 8.5, 1583, 白先勇经典作品 
1762875, 37.1, 8.3, 596, 暗盒笔记 
5939300, 35.4, 7.3, 1593, 垃圾筐电影院 
4236926, 30.9, 8.0, 276, 的里雅斯特 
1204398, 45.9, 8.8, 1456, 幽梦影 
2174792, 42.0, 8.3, 1385, 清欢 
26394207, 29.0, 8.0, 195, 给孩子的散文 
2287508, 43.2, 8.0, 2578, 多余的素材 
26022097, 40.3, 8.4, 927, 番石榴飘香 
1878708, 56.3, 8.3, 16473, LA流浪记 
2973228, 35.8, 7.9, 758, 蔡澜谈倪匡 
26588107, 28.0, 7.4, 302, 只有大众,没有文化 
7564081, 27.7, 8.8, 81, 人类学 
10537645, 38.3, 8.4, 661, 岛屿书 
23778103, 33.4, 9.2, 146, 木心作品二辑五种 
1484695, 42.5, 8.1, 1981, 季羡林谈人生 
1007196, 47.0, 8.5, 2514, 闲情偶寄 
25735727, 48.8, 8.2, 5219, 站在两个世界的边缘 
25885764, 23.8, 7.4, 128, 当我放过自己的时候 
4256701, 29.1, 8.4, 138, 悲欣交集 
22542435, 39.3, 7.6, 2234, 我是开豆腐店的，我只做豆腐 
25753361, 52.8, 8.7, 4978, 最好金龟换酒 
6730310, 43.0, 7.7, 3918, 我的不完美 
25901703, 33.2, 8.0, 415, 只有时间不会撒谎 
24872415, 24.7, 8.3, 71, 简单的思想 
10437353, 39.9, 8.1, 1248, 我想遇见你的人生 
1987995, 44.1, 8.3, 2017, 在云上 
1837876, 41.9, 9.6, 364, ぼくの靴音 
26663783, 20.2, 7.5, 57, 紫霞-神经志 
3773959, 41.3, 8.4, 1101, 只有一个人生 
10491690, 26.8, 6.7, 587, 文艺犯 
1049688, 54.9, 8.5, 9420, 妞妞 
24719014, 28.0, 7.6, 244, 中国有多特殊 
10466455, 35.3, 7.3, 1569, 不必读书目 
11620497, 37.9, 8.2, 777, 简单的艺术 
20462955, 31.4, 7.7, 419, 此时众生 
5914514, 28.4, 7.5, 291, 假装读过 
6794016, 43.5, 7.5, 6011, 如何成为一个怪物 
2034893, 50.2, 7.6, 18719, 那些男孩教我的事 
6967980, 40.6, 7.4, 3948, 然后，我就一个人了 
25732271, 29.1, 8.4, 139, 为众生的悲心 
20272112, 43.1, 8.2, 1928, 欢喜 
3410833, 48.1, 8.6, 2676, 给青年艺术家的信 
25799696, 27.6, 7.8, 181, 寻味中国 
3033671, 36.5, 7.5, 1476, 江湖有事 
23765239, 32.9, 8.2, 323, 世界停在我吻你的时候 
3225748, 43.2, 7.9, 3001, 路上有惊慌 
1041616, 44.9, 7.4, 9558, 那些忧伤的年轻人 
1812843, 34.1, 7.7, 709, 在中国屏风上 
1312995, 44.3, 8.5, 1596, 周国平作品精选 
3222755, 29.5, 9.0, 94, 风把人刮歪 
1785508, 42.2, 8.1, 1875, 今晚去哪里 
2209227, 43.6, 8.3, 1839, 一个孤独漫步者的遐想 
2998520, 33.6, 8.0, 446, 论小丑 
26849123, 32.0, 9.1, 127, 厚积落叶听雨声 
2368338, 34.5, 8.6, 286, 遥远的房屋 
1088581, 60.8, 8.9, 13380, 浮生六记 
25804642, 34.5, 7.5, 999, 谈话的泥沼 
1547521, 32.3, 8.6, 199, 西湖梦寻 
25777461, 38.2, 8.4, 646, 日日是好日：茶道带来的十五种幸福 
1020241, 50.3, 7.6, 19098, 千年一叹 
3689094, 37.7, 8.4, 593, 最美的决定 
3673386, 37.7, 7.2, 3017, 廉价哲学 
26578484, 31.8, 7.3, 756, 世界上有趣的事太多 
10531023, 34.6, 7.6, 887, 午后四时的啤酒 
25746547, 25.0, 6.1, 1027, 不为遇见，只为远方 
21321793, 25.8, 7.5, 175, 波特哈根海岸 
23008971, 59.2, 9.0, 8966, 平如美棠 
1198520, 35.7, 8.5, 383, 北方人的巴赫 
1870381, 35.5, 8.4, 412, 闲情偶拾 
25912887, 35.3, 6.8, 3662, 练习一个人 
3771879, 24.8, 7.5, 143, 巴塔哥尼亚高原上 
20458907, 29.9, 7.5, 399, 书淫艳异录（全二册） 
1781525, 34.9, 7.7, 823, 殡葬人手记 
3273147, 31.3, 7.8, 367, 松尾芭蕉散文 
2027002, 44.4, 8.2, 2434, 对照记 
10607793, 46.3, 8.5, 2244, 刀与星辰 
5921793, 38.4, 7.6, 1871, 我这一代东京人 
26421278, 22.7, 7.3, 113, 全球蔬菜纪行 
26183866, 24.6, 8.0, 87, 自私书 
19977960, 29.7, 8.2, 184, 草木一村 
1032672, 45.5, 8.2, 2908, 拥抱逝水年华 
26295628, 23.3, 6.9, 201, 青春若有张不老的脸 
10875994, 33.6, 8.2, 364, 温泉疗养客 
3773956, 36.8, 8.2, 632, 思想的星空 
25788697, 38.6, 7.6, 1932, 一切都是最好的安排 
25777339, 32.2, 8.3, 257, 老生常谈 
1967806, 35.3, 9.3, 181, 穆旦诗文集（全二卷） 
2066445, 40.5, 8.7, 685, 卿卿如晤 
3686287, 35.7, 7.8, 838, 梦的1/4旅行 
10491606, 34.2, 7.1, 1703, 寂寞带我去散步 
5502946, 39.5, 7.5, 2692, 元气糖 
3711733, 50.3, 8.6, 3785, 那个姐姐教我们的事 
3303213, 35.8, 7.1, 2405, 让我去那花花世界 
25980979, 27.7, 8.2, 130, 生命的寻路人 
4760870, 29.8, 7.4, 437, 如何煮狼 
6781409, 35.9, 6.8, 4249, 窗里窗外 
6759066, 31.9, 7.4, 676, 生于天桥底 
5502410, 30.4, 6.7, 1383, 北京的腔调 
2136140, 59.1, 8.7, 13735, 雨季不再来 
