Tag: 文学 

ID, Score, Rating, Votes, Title 
6082808, 76.7, 9.2, 93691, 百年孤独 
26704403, 49.0, 9.1, 1667, 二手时间 
26889848, 37.2, 9.1, 282, 山海经全译 
26821461, 45.5, 8.8, 1376, 北鸢 
26698660, 60.4, 9.0, 10879, 巨人的陨落 
1770782, 78.2, 8.8, 247516, 追风筝的人 
26657570, 45.8, 9.0, 1153, 活着为了讲述 
26425831, 56.5, 8.8, 7823, 斯通纳 
1082154, 77.2, 9.1, 119707, 活着 
10594787, 69.2, 8.9, 49903, 霍乱时期的爱情 
1858513, 70.6, 8.9, 61348, 月亮和六便士 
26831234, 41.8, 8.7, 847, 不属于我们的世纪 
26900889, 33.1, 9.1, 151, 佛罗伦萨的神女 
4820710, 69.6, 9.3, 28009, 1984 
26701959, 43.2, 8.6, 1183, 我脑袋里的怪东西 
1008145, 77.4, 8.9, 179337, 围城 
26905360, 34.0, 9.4, 138, 夜莺 
1007305, 81.4, 9.5, 112466, 红楼梦 
1200840, 74.4, 9.0, 93679, 平凡的世界（全三部） 
26787935, 41.9, 8.7, 861, 夜色人生 
20440644, 64.5, 9.2, 15230, 文学回忆录（全2册） 
6781808, 59.2, 9.2, 6913, 杀死一只知更鸟 
26890281, 40.7, 8.2, 1255, 漫长的中场休息 
26699448, 36.0, 9.0, 256, When Breath Becomes Air 
26657740, 38.7, 9.0, 385, 再度觉醒 
1084336, 79.7, 9.0, 211089, 小王子 
26826605, 34.0, 9.3, 149, 加缪手记 
1054685, 68.3, 9.0, 36543, 沉默的大多数 
26931507, 38.3, 7.7, 1588, 罗曼蒂克消亡史 
26921971, 24.9, 9.3, 39, 时间之书 
1023045, 67.9, 8.6, 68280, 我们仨 
1068920, 76.2, 9.3, 73176, 飘（上下） 
1017143, 70.6, 8.5, 129832, 不能承受的生命之轻 
2035162, 65.1, 9.0, 22358, 刀锋 
26819479, 32.7, 8.6, 214, 小说药丸 
26882320, 34.3, 9.0, 196, 嗨，好久不见 
1856494, 59.5, 9.3, 6325, 卡拉马佐夫兄弟 
4203630, 42.2, 8.5, 1126, 鳄鱼街 
26931701, 34.0, 9.2, 159, 长安十二时辰 
2035171, 60.3, 9.0, 10675, 人生的枷锁 
4908885, 64.3, 9.0, 19837, 局外人 
1254588, 63.8, 8.9, 21250, 城南旧事 
1361264, 70.7, 9.0, 53309, 撒哈拉的故事 
26451351, 44.9, 8.6, 1566, 爱情和其他魔鬼 
26340138, 56.1, 7.7, 48701, 岛上书店 
26808761, 25.8, 9.1, 50, 试刊号 
1863930, 63.9, 8.8, 25294, 看不见的城市 
26890235, 39.1, 8.1, 1071, 白事会 
22714154, 54.9, 8.7, 6991, 繁花 
6388661, 66.9, 8.8, 40950, 这些人，那些事 
4187411, 60.3, 8.8, 14394, 万物有灵且美 
1062343, 57.9, 9.2, 5701, 昨日的世界 
26883447, 33.8, 9.4, 134, 在人群中消失的日子 
1316648, 57.9, 8.3, 21532, 查令十字街84号 
4011670, 60.4, 8.3, 33131, 人间失格 
26797395, 34.8, 8.2, 447, 夏日启示录 
3633461, 58.1, 8.6, 13695, 一句顶一万句 
5043454, 35.2, 7.9, 672, 盛开的樱花林下 
26840830, 33.7, 8.9, 195, 爱德华·巴纳德的堕落 
26210487, 50.1, 9.1, 1994, 强风吹拂 
26854325, 26.6, 8.6, 78, 喜剧作家 
3608208, 65.4, 8.6, 45245, 牧羊少年奇幻之旅 
26676528, 36.6, 8.7, 366, 如何阅读一本文学书 
1092168, 51.0, 9.1, 2253, 追忆似水年华（上下册） 
1088581, 60.8, 8.9, 13377, 浮生六记 
26882355, 31.9, 8.3, 243, 去别处 
26278687, 54.4, 7.8, 28692, 皮囊 
26921077, 26.3, 8.9, 61, 回望 
26672693, 48.5, 9.0, 1749, 一个叫欧维的男人决定去死 
1089243, 68.4, 8.8, 52312, 黄金时代 
1090043, 68.0, 8.5, 82932, 倾城之恋 
6789605, 58.9, 9.0, 8665, 树上的男爵 
25985982, 39.4, 8.5, 714, 遥远的星辰 
3406401, 60.5, 9.0, 10972, 悉达多 
26710042, 32.8, 9.1, 143, 多莱尔的希腊神话书 
26853742, 30.3, 8.7, 132, 疯子的自由 
1960287, 37.2, 8.4, 547, 蒙着眼睛的旅行者 
26916781, 31.4, 9.5, 89, 当下四重奏 
26890188, 33.5, 8.6, 243, 大师们的写作课：好文笔是读出来的 
1865089, 58.1, 8.4, 19067, 瓦尔登湖 
2035179, 68.6, 9.2, 28035, 动物农场 
1767945, 63.7, 8.8, 24715, 一只特立独行的猪 
1431870, 55.5, 9.1, 4459, 源泉 
26357614, 46.4, 9.0, 1263, 海风中失落的血色馈赠 
1046265, 66.5, 8.0, 178472, 挪威的森林 
26899220, 30.6, 9.1, 103, 生活，是很好玩的 
26928435, 19.0, 7.9, 34, 语言的第七功能 
1253310, 52.6, 8.9, 3714, 人间草木 
26640439, 32.2, 8.9, 154, 死缓 
2154960, 65.5, 8.7, 38515, 一个陌生女人的来信 
1400705, 63.1, 8.1, 78881, 情人 
1424741, 60.1, 8.5, 22321, 心是孤独的猎手 
26791998, 37.0, 8.3, 585, 山中的糖果 
1085799, 63.8, 8.6, 35099, 白鹿原 
6811366, 49.2, 8.3, 4804, 禅与摩托车维修艺术 
26264154, 43.1, 8.6, 1164, 悲伤与理智 
1528482, 40.3, 9.3, 377, 声律启蒙 
1440972, 58.8, 9.1, 7386, 博尔赫斯小说集 
10774752, 54.5, 9.1, 3866, 毛姆短篇小说精选集 
26757657, 36.3, 8.3, 519, 望春风 
10763902, 56.7, 7.9, 36433, 偷影子的人 
25884880, 52.5, 8.9, 3651, 我不知道该说什么，关于死亡还是爱情 
26394018, 40.7, 9.1, 473, 生活与命运 
1083428, 71.1, 8.8, 80150, 傲慢与偏见 
4742918, 65.0, 8.3, 73684, 1Q84 BOOK 1 
1083762, 58.0, 8.7, 11519, 人类的群星闪耀时 
3836566, 51.4, 8.5, 5235, 玫瑰的名字 
26923541, 28.0, 8.6, 99, 一定要给你个惊喜 
26606366, 35.7, 8.4, 422, 布达佩斯往事 
25883305, 45.7, 9.1, 1022, 阿拉伯的劳伦斯 
1057244, 67.5, 8.6, 63766, 边城 
3071717, 64.9, 8.8, 29580, 爱你就像爱生命 
26382433, 59.0, 8.2, 31467, 无声告白 
26888764, 28.4, 8.4, 124, 寂然的狂喜 
26838873, 32.8, 8.5, 235, 伍迪·艾伦谈话录 
26794598, 33.3, 8.2, 347, 过去的痛 
6797396, 47.9, 8.5, 2956, 焚舟纪 
4010969, 54.5, 7.8, 29424, 当我们谈论爱情时我们在谈论什么 
20428302, 51.8, 9.1, 2560, 失明症漫记 
1082334, 64.2, 8.3, 64578, 穆斯林的葬礼 
5337248, 58.4, 8.9, 9184, 台北人 
26866448, 31.0, 8.6, 160, 皮囊之下 
1203426, 62.2, 9.0, 14248, 人间词话 
4124727, 58.2, 8.1, 32523, 孤独六讲 
3339812, 50.1, 9.3, 1593, 木心作品八种 
1045818, 65.9, 8.5, 59057, 苏菲的世界 
6781794, 54.3, 8.8, 5579, 过于喧嚣的孤独 
1008988, 60.1, 8.3, 31797, 了不起的盖茨比 
1086249, 62.9, 8.6, 30292, 荆棘鸟 
6857344, 52.3, 8.5, 6092, 夜莺与玫瑰 
26669243, 41.3, 8.2, 1394, 慈悲 
10345560, 41.4, 7.8, 2453, 离别之音 
1060852, 59.8, 8.8, 13277, 呼兰河传 
4105446, 52.8, 8.1, 12451, 十一种孤独 
11584574, 55.2, 8.5, 9826, 万物静默如谜 
1438816, 50.9, 9.1, 2221, 给青年诗人的信 
1029791, 67.8, 8.7, 56201, 许三观卖血记 
3014444, 52.4, 8.7, 4648, 自深深处 
26431326, 44.9, 8.9, 1114, 所有我们看不见的光 
1321789, 54.6, 8.5, 8897, 美丽新世界 
20441569, 46.1, 9.1, 1088, 被淹没和被拯救的 
24382569, 55.4, 8.6, 8793, 一桩事先张扬的凶杀案 
26866851, 31.9, 8.5, 203, 半面维纳斯 
26765928, 36.4, 8.4, 477, 屠夫十字镇 
4011440, 55.8, 8.0, 25416, 最初的爱情 最后的仪式 
2257283, 32.8, 9.1, 143, 唐人小说 
1085860, 69.0, 8.9, 48345, 基督山伯爵 
25862578, 73.4, 8.6, 167246, 解忧杂货店 
26837789, 31.5, 8.7, 162, 不存在的父亲 
26791930, 31.9, 8.2, 270, 生于一九八四 
1082387, 67.6, 9.2, 23974, 一九八四·动物农场 
3669671, 45.0, 8.5, 1804, 我们在此相遇 
1692648, 56.2, 8.9, 6537, 一个人的村庄 
1393473, 42.8, 8.8, 898, 遍地风流 
10560798, 55.6, 8.7, 7895, 面纱 
3610681, 58.5, 9.2, 6158, 海子诗全集 
26821459, 40.4, 7.8, 2043, 茧 
26642648, 34.4, 8.5, 307, 美好的七年 
3826293, 34.0, 8.2, 392, 教授与疯子 
1007433, 56.4, 8.1, 23514, 红与黑 
26791617, 36.8, 8.0, 800, 大好河山可骑驴 
26356948, 44.9, 7.0, 21664, 摆渡人 
1006991, 42.5, 8.6, 1053, 一个无政府主义者的意外死亡 
3391248, 55.9, 8.6, 9597, 金阁寺 
26120130, 38.7, 9.0, 387, 天才的编辑 
3597825, 53.9, 8.6, 6832, 我的孤独是一座花园 
1014578, 63.4, 9.0, 17227, 我的精神家园 
1019568, 72.8, 9.2, 52530, 三国演义（全二册） 
1141406, 69.2, 8.5, 101520, 简爱 
1013469, 51.2, 8.6, 4419, 战争与和平（全四册） 
6027733, 36.4, 7.5, 1438, 因为孤独的缘故 
26835827, 27.3, 8.9, 71, 想象地名私人词典 
3578470, 56.3, 9.0, 5767, 德米安 
1003000, 64.3, 8.4, 53940, 悟空传 
2136484, 55.2, 8.7, 7394, 如果在冬夜，一个旅人 
26631867, 34.8, 9.0, 211, 现实与欲望 
26853566, 32.1, 8.2, 280, 出家 
3369793, 67.1, 8.7, 50100, 亲爱的安德烈 
6800379, 45.9, 8.6, 1845, 2666 
26895254, 31.9, 9.1, 125, 雪中的印记 
26682066, 33.1, 8.5, 250, 我的奋斗1 
26607924, 39.4, 8.4, 791, 午夜之子 
26802388, 34.3, 7.6, 834, 自在独行 
26269845, 39.2, 8.1, 1100, 唯有孤独恒常如新 
1291809, 60.5, 8.5, 24050, 世界尽头与冷酷仙境 
26587564, 41.1, 8.3, 1187, 我已与一万亿株白桦相逢 
1917972, 55.8, 7.8, 37082, 在路上 
3673771, 53.0, 9.0, 3452, 项塔兰 
5366382, 51.7, 8.7, 4195, 夜航西飞 
1883245, 63.7, 9.4, 10223, 诗经 
26752646, 29.9, 8.0, 231, 天意 
10569619, 50.0, 8.5, 4186, 自由 
20392523, 55.4, 8.5, 10294, 没有人给他写信的上校 
3888123, 49.2, 8.6, 3207, 写作这回事 
1013225, 58.3, 8.3, 23332, 生活在别处 
1060117, 55.1, 8.5, 9754, 不朽 
1830445, 52.3, 9.0, 3121, 阿城精选集 
1082584, 55.2, 8.6, 8469, 追忆似水年华 Ⅰ 
26580084, 44.7, 8.7, 1346, 烛烬 
1119839, 61.4, 9.1, 11009, 王尔德童话 
11528350, 48.7, 8.8, 2290, 哈扎尔辞典（阳本） 
26808364, 33.7, 8.1, 412, 四季红 
1465324, 56.4, 7.7, 51200, 洛丽塔 
10512236, 51.0, 8.4, 5724, 时间的针脚 
1059419, 61.5, 8.1, 58581, 海边的卡夫卡 
1066165, 56.4, 9.3, 4019, 卡尔维诺文集（第三卷） 
26053771, 43.8, 8.6, 1315, 小于一 
26685539, 36.7, 8.1, 696, 有鹿来 
1082518, 58.2, 7.9, 47911, 麦田里的守望者 
26394876, 37.2, 8.9, 335, 小说机杼 
1070272, 39.4, 8.4, 801, 子不语 
2302217, 49.4, 8.8, 2529, 阿特拉斯耸耸肩（上下） 
26894367, 30.7, 8.6, 153, 尘土 
1205054, 65.0, 8.9, 25713, 悲惨世界（上中下） 
1883991, 55.4, 9.3, 3462, 王小波全集 
26864237, 29.2, 8.6, 120, 爱欲与哀矜 
1209899, 62.8, 9.0, 15714, 我与地坛 
4238144, 52.0, 9.1, 2649, 岁朝清供 
26932735, 30.8, 9.9, 64, 从尊敬一事无成的自己开始 
1147193, 51.1, 9.0, 2589, 世说新语 
26716997, 30.1, 8.5, 150, 隐秘的幸福 
26883960, 18.4, 8.3, 24, 伊比库斯的预言 
1949679, 53.5, 8.7, 5564, 素履之往 
4881850, 56.4, 9.0, 5873, 阿勒泰的角落 
2070844, 63.8, 8.8, 25001, 梦里花落知多少 
26924863, 25.2, 8.8, 55, 没有办法一直努力的人生 
26877850, 32.2, 8.2, 283, 你就适可而止吧 
26849123, 32.0, 9.1, 127, 厚积落叶听雨声 
1315844, 47.2, 9.1, 1272, 古拉格群岛（上中下） 
5299768, 31.7, 8.6, 182, 希腊左巴 
3899039, 51.2, 8.1, 9302, 刺猬的优雅 
1760432, 54.4, 9.2, 3355, 受戒 
26794876, 33.4, 9.2, 146, 一日谈 
5958726, 52.6, 8.0, 14280, 质数的孤独 
1022632, 55.3, 8.7, 7465, 罪与罚 
1038196, 47.6, 8.4, 3172, 尤利西斯 
26276924, 44.9, 8.6, 1566, 梦中的欢快葬礼和十二个异乡故事 
5993314, 48.8, 8.0, 7154, 安吉拉·卡特的精怪故事集 
26772667, 30.4, 8.7, 135, 我坐在火山的最边缘 
3369600, 59.6, 8.1, 41839, 当我谈跑步时我谈些什么 
26431618, 28.2, 8.8, 88, 君士坦丁堡最后之恋 
1418058, 53.9, 9.1, 3505, 小径分岔的花园 
1005358, 55.0, 9.2, 3653, 寻找家园 
26376049, 42.8, 9.2, 591, 阿兰的战争 
3826899, 52.2, 8.6, 5178, 布鲁克林有棵树 
25829693, 59.5, 9.0, 9396, 永恒的终结 
1022060, 64.9, 8.3, 72817, 狼图腾 
26920390, 24.1, 9.4, 33, 自由的夜行 
25952961, 44.8, 8.8, 1233, 博尔赫斯谈话录 
26916869, 21.7, 8.7, 33, 去他的戒律 
1963684, 63.4, 8.6, 32733, 半生缘 
26810629, 34.6, 8.4, 351, 岁月如风小少年 
21360827, 45.8, 9.0, 1152, 朱生豪情书全集 
2245449, 42.6, 8.7, 961, 爱与黑暗的故事 
26895400, 30.1, 9.2, 90, 镜像人之末世如你 
26305561, 38.8, 8.0, 1165, 如何阅读一本小说 
1082349, 57.9, 8.2, 25777, 长恨歌 
26657573, 32.2, 8.3, 257, 眼前 
1020961, 58.3, 8.7, 12069, 棋王 
25831096, 39.7, 8.9, 493, 梦书之城 
1080309, 60.4, 8.4, 28092, 尘埃落定 
1014278, 61.9, 8.4, 36286, 红玫瑰与白玫瑰 
26911011, 28.8, 8.3, 143, 名丽场 
26910978, 21.5, 9.1, 26, 蓝色笔记本 
1119522, 64.3, 8.4, 54293, 呼啸山庄 
26899836, 25.1, 8.5, 66, 不如，重新开始 
26870405, 30.7, 7.9, 296, 龙头凤尾 
26864850, 31.4, 8.4, 205, 香蕉的低语 
1083477, 49.9, 7.8, 12203, 包法利夫人 
1456311, 39.9, 8.5, 770, Of Mice and Men 
1061242, 53.6, 8.8, 4967, 写在人生边上 
1292416, 61.1, 8.5, 26372, 香水 
26300508, 43.4, 8.7, 1104, 万物的签名 
26662600, 35.5, 8.3, 453, 哈佛非虚构写作课 
4884218, 58.8, 8.8, 11273, 我的阿勒泰 
1014561, 59.7, 9.0, 9755, 古文观止 
2056749, 58.5, 8.1, 34478, 时间旅行者的妻子 
1017334, 39.6, 9.0, 445, 没有个性的人 
26262141, 39.4, 8.3, 887, 毛姆传 
6529759, 43.7, 9.4, 567, 水蛇腰 
3402999, 47.9, 8.5, 2951, 到灯塔去 
1045352, 53.7, 8.7, 5768, 二十首情诗与绝望的歌 
3769738, 49.9, 8.7, 3118, 万火归一 
25924242, 46.3, 8.9, 1397, 爱在黎明破晓前&amp;爱在日落黄昏时 
26922279, 21.8, 8.4, 40, 雨中你的自由泳非常美丽 
4151117, 47.8, 8.5, 2896, 阴翳礼赞 
26815874, 27.9, 9.6, 51, 给大家看的国学常识 
26723433, 31.7, 7.6, 504, 冬日笔记 
3284547, 44.2, 9.0, 904, 文心 
26261735, 43.5, 8.5, 1413, 编舟记 
26701098, 29.6, 9.1, 88, 骄傲之塔 
3608235, 55.7, 8.5, 10822, 失物之书 
3616310, 53.9, 7.6, 38785, 小团圆 
1794620, 56.6, 7.8, 43096, 芒果街上的小屋 
26430928, 30.0, 7.4, 458, 如何独处 
4313207, 52.7, 8.5, 6561, 致D 
25733470, 56.7, 8.3, 17505, 村上春树：没有色彩的多崎作和他的巡礼之年 
20473505, 41.6, 8.7, 824, 山月记 
26602467, 42.5, 9.0, 691, 我是女兵,也是女人 
5269439, 56.2, 8.4, 13751, 城门开 
26774091, 29.4, 8.4, 147, 唐草物语 
1092335, 62.0, 8.9, 16012, 教父 
26872968, 30.1, 9.0, 102, 宋词背后的秘密 
26610864, 40.7, 8.2, 1260, 浮生六记 
1859108, 50.9, 8.8, 3251, 白痴 
5446490, 48.9, 8.7, 2684, 宇宙奇趣全集 
1417385, 49.2, 8.9, 2169, 博尔赫斯诗选 
3013624, 50.9, 9.1, 2237, 棋王.樹王.孩子王 
2165076, 48.5, 9.0, 1744, 玻璃球游戏 
4207781, 63.7, 8.8, 24579, 孩子你慢慢来 
4908872, 47.5, 8.6, 2427, 都柏林人 
26906750, 30.2, 9.8, 63, 关于我父母的一切 
1792668, 54.9, 8.5, 9434, 苏东坡传 
10768068, 48.2, 8.4, 3527, 寻欢作乐 
25897707, 44.8, 9.0, 989, 沈从文的后半生 
1186392, 56.3, 8.7, 8777, 约翰·克利斯朵夫 
1058661, 63.6, 8.8, 24280, 飞鸟集 
1442720, 55.1, 9.4, 2941, 鲁迅全集（2005最新修订版） 
26272073, 40.1, 8.1, 1277, 一生里的某一刻 
26901311, 30.4, 8.7, 134, 血日苍茫 
6746290, 42.5, 8.9, 763, 奥丽芙·基特里奇 
1049957, 50.9, 8.6, 4225, 浮士德 
26895125, 22.9, 9.3, 29, 北大国学讲座 
26315820, 33.1, 8.4, 272, 火花 
26677797, 26.6, 9.2, 53, 里尔克诗全集 珍藏版（全四卷） 
26591790, 38.5, 8.6, 547, 我还是想你，妈妈 
26303224, 41.6, 8.1, 1685, 说部之乱 
1469878, 47.6, 8.6, 2440, 日瓦戈医生 
1016429, 51.2, 8.6, 4431, 毛姆读书随笔 
2212371, 52.1, 9.0, 3022, 先知 
26735085, 36.3, 7.7, 1083, 奇迹 
26933142, 25.0, 9.6, 34, 让美好现在发生 
4885241, 63.5, 8.4, 47246, 1Q84 BOOK 2 
26900138, 18.0, 9.0, 16, 万万没想到 
26889498, 24.2, 8.9, 44, 小确幸不如大欢喜 
4154988, 47.5, 8.0, 5654, 纯真博物馆 
25985126, 44.2, 8.6, 1410, 迷宫中的将军 
26914805, 24.0, 9.5, 31, 九幽 
6789551, 52.1, 8.8, 3882, 不存在的骑士 
4882159, 46.5, 7.6, 9076, 橘子不是唯一的水果 
26747206, 33.8, 8.8, 215, 人生忽如寄 
25751763, 37.7, 9.1, 303, 语言与沉默 
26593670, 36.1, 8.2, 560, 天鹅绒监狱 
25744944, 43.9, 8.5, 1516, 既见君子 
26297872, 22.1, 8.1, 52, 北美殉道者花园 
26844525, 42.8, 8.6, 1115, 再见，萤火虫小巷 
25752955, 51.6, 9.0, 2812, 来自新世界 （上下） 
6397275, 59.7, 9.0, 9789, 此生未完成 
3831788, 48.1, 8.0, 6327, 逃离 
3987362, 51.5, 8.8, 3565, 春雪 
1069059, 51.9, 8.1, 10546, 雪国 
26765930, 31.0, 9.4, 90, 努门诺尔与中洲之未完的传说 
26672441, 40.1, 8.5, 803, 收山 
1058679, 55.1, 8.7, 7243, 人·兽·鬼 
21346008, 45.8, 8.5, 2060, 米格尔街 
25762598, 40.2, 8.8, 590, 尽头 
1400059, 51.7, 8.7, 4163, 心 
1437488, 42.3, 9.2, 552, 群魔 
1119590, 45.5, 8.0, 3886, 老残游记 
3393056, 46.8, 8.2, 3681, 流动的盛宴 
1213546, 57.4, 8.3, 20027, 变形记 
1006113, 50.4, 7.8, 13594, 源氏物语 
3297888, 48.9, 8.4, 3993, 云雀叫了一整天 
4120475, 50.5, 9.3, 1685, 加缪全集 （小说卷） 
1063401, 44.5, 8.4, 1888, 精灵宝钻 
20515828, 38.2, 8.6, 525, 傅科摆 
3673651, 52.3, 7.7, 23522, 岛 
1851385, 52.8, 7.8, 21317, 我的名字叫红 
1011754, 62.4, 8.9, 17157, 海子的诗 
2161892, 51.8, 8.5, 5575, 九故事 
2042633, 50.4, 9.0, 2334, 金蔷薇 
1005521, 56.7, 8.1, 24791, 伊豆的舞女 
26653000, 32.8, 8.1, 348, 金翅雀 
1078250, 53.4, 8.2, 11682, 洗澡 
1081422, 53.7, 8.9, 4401, 卡夫卡小说全集（全三册） 
1872158, 49.1, 8.2, 5551, 蝇王 
26308505, 33.9, 8.4, 314, 杂草的故事 
26937000, 20.7, 8.2, 38, 山河袈裟 
10759466, 46.6, 9.0, 1301, 地下室手记 
1082138, 55.0, 8.3, 13147, 在细雨中呼喊 
3017857, 61.2, 8.5, 26823, 金锁记 
26628811, 47.2, 8.7, 2011, 世上最美的溺水者 
2209098, 60.9, 7.9, 78729, 致我们终将逝去的青春 
1073744, 53.9, 9.0, 3970, 四世同堂（上下） 
1050339, 58.4, 7.8, 60550, 文化苦旅 
26916459, 23.6, 9.5, 29, 这世界不会给你第二次机会 
1849791, 48.8, 8.5, 3390, 铁皮鼓 
26857201, 35.9, 9.1, 231, 宋末大变局.四川风云  上册 
1051193, 62.6, 8.6, 28438, 麦琪的礼物 
25959838, 35.1, 8.0, 596, 巴托比症候群 
26806702, 27.0, 8.8, 73, 阿尔贝·加缪 
5040220, 53.7, 9.0, 3853, 蒋勋说红楼梦（第一辑） 
1007772, 53.9, 8.2, 12711, 双城记 
7014927, 40.8, 8.8, 652, 中国神话传说 
1015864, 51.3, 9.0, 2658, 惶然录 
26855761, 34.0, 8.6, 262, 匣心记1 
6813370, 37.5, 8.2, 716, 雾中回忆 
10764013, 47.5, 8.8, 1870, 克罗诺皮奥与法玛的故事 
3316438, 46.8, 8.3, 3174, 孤独及其所创造的 
3131626, 52.9, 9.0, 3416, 荒原狼 
3640067, 48.2, 8.7, 2376, 革命之路 
26280924, 41.3, 8.4, 1089, 看海的人 
25699387, 38.5, 8.6, 547, 星辰时刻 
26647054, 50.7, 9.2, 1939, 小王子（纯美珍藏绘本） 
1491719, 28.5, 8.3, 136, 论红楼梦 
26662757, 24.7, 8.7, 54, 六桩不可能犯罪 
6742586, 48.2, 7.8, 8833, 我不是潘金莲 
26659419, 31.4, 7.8, 376, 谋杀电视机 
2036561, 51.1, 8.4, 5789, 城堡 
3151990, 51.9, 8.5, 5755, 达摩流浪者 
25779593, 44.1, 8.5, 1547, 马尔克斯：族长的秋天 
4175473, 46.9, 8.6, 2195, 波斯少年 
26666138, 33.8, 8.9, 196, 这是不是个人 
1791664, 53.5, 8.8, 4885, 千江有水千江月 
1039752, 56.1, 7.8, 39315, 且听风吟 
25899380, 28.1, 8.8, 86, 桑切斯的孩子们 
26298590, 34.9, 8.4, 372, 出轨 
4202422, 49.7, 8.3, 5291, 云图 
26883163, 24.0, 8.5, 55, 好一座浮岛 
6864307, 47.1, 7.4, 14960, 像我这样笨拙地生活 
2295912, 47.5, 8.9, 1675, 佩德罗·巴拉莫 
3537590, 55.8, 8.3, 15130, 朗读者 
1079252, 50.3, 8.2, 6824, 爱情笔记 
26591590, 35.7, 8.7, 316, 巴黎评论·作家访谈2 
26657701, 29.9, 8.4, 160, 若非此时，何时？ 
1088065, 62.5, 8.6, 28141, 阿Q正传 
3090810, 42.8, 8.8, 887, 五号屠场 
3643270, 49.1, 9.1, 1694, 新千年文学备忘录 
26895033, 37.6, 8.9, 358, 知更鸟女孩2 
1056023, 50.1, 8.5, 4204, 鼠疫 
1444077, 48.3, 9.2, 1359, 汪曾祺小说经典 
1033825, 59.0, 8.7, 13500, 顾城的诗 
1316444, 26.6, 7.7, 165, 舞姬 
26264210, 35.0, 7.8, 739, 几乎没有记忆 
26811966, 26.3, 8.1, 110, 无影人 
26879325, 24.7, 8.4, 66, 杜拉斯谈杜拉斯 
1024197, 61.3, 8.3, 39165, 巴黎圣母院 
10607710, 50.1, 8.0, 9053, 世间的盐 
1083089, 50.7, 9.3, 1737, 博尔赫斯全集 
26276279, 43.3, 7.8, 3537, 苦妓回忆录 
3277199, 49.0, 8.1, 6300, 多田便利屋 
3926717, 50.1, 8.5, 4239, 雷蒙德·卡佛短篇小说自选集 
26891238, 35.7, 9.6, 152, 红色 
10563555, 44.7, 8.9, 1076, 恐惧 
26785701, 38.1, 7.5, 2056, 月童度河 
1085883, 58.2, 8.6, 14022, 青铜时代 
3327495, 40.9, 8.3, 1147, 万有引力之虹 
3335362, 53.9, 8.5, 8031, 大教堂 
1004992, 58.9, 8.8, 11461, 张爱玲文集 
26590901, 30.0, 8.4, 161, 一百年漂泊 
10746177, 45.0, 8.5, 1794, 终结的感觉 
26892916, 15.8, 8.2, 16, 极简图书史 
26759579, 37.3, 8.7, 407, 事物的味道，我尝得太早了 
1318126, 53.3, 8.4, 8437, 雪国 
1026036, 52.5, 8.6, 5476, 北岛诗歌集 
26793129, 28.7, 8.9, 88, 电灯光 
2050779, 42.9, 8.3, 1639, 魔山 
1143694, 55.4, 8.2, 16628, 动物凶猛 
26738797, 34.9, 8.0, 565, 小说课（壹） 
1091904, 46.6, 9.1, 1168, 丰饶之海（上下） 
26682576, 32.6, 8.6, 209, 给孩子读诗 
26286208, 44.2, 7.7, 4889, 没有女人的男人们 
26320883, 37.3, 7.6, 1512, 丈量世界 
1401425, 63.4, 8.3, 56135, 兄弟（上） 
1868698, 46.2, 8.3, 2893, 为什么读经典 
1038476, 47.3, 8.7, 2052, 小说稗类 
26916236, 25.1, 7.9, 104, 好姑娘光芒万丈 
25913058, 42.0, 7.9, 2366, 我爱这哭不出来的浪漫 
1000856, 49.1, 7.9, 8898, 我是猫 
26686803, 31.2, 9.0, 121, 葬礼竞技会 
4246979, 46.7, 8.1, 4190, 窄门 
26276923, 40.6, 7.9, 1838, 礼拜二午睡时刻 
26342182, 35.0, 8.7, 285, 天堂之火 
25870629, 40.2, 7.7, 2277, 亲爱的生活 
24736899, 47.9, 8.0, 6113, 雪国 
3866885, 44.9, 8.5, 1786, 沉默 
3075281, 49.4, 8.6, 3316, 世界上所有的夜晚 
1059040, 46.6, 8.6, 2092, 雅舍小品 
26835830, 26.0, 8.8, 62, 死于黎明：洛尔迦诗选 
26704405, 24.2, 8.3, 65, 树敌 
1205370, 59.5, 8.1, 40898, 羊脂球 
3774646, 40.9, 8.2, 1313, 平面国 
1082578, 52.7, 9.0, 3333, 理想国与哲人王 
10537633, 37.0, 8.2, 659, 克苏鲁神话 
2376336, 50.2, 8.4, 4950, 未央歌 
1076654, 54.7, 8.7, 6780, 孽子 
4903692, 43.0, 9.0, 745, 东京梦华录 
1807769, 46.6, 8.8, 1624, 假如你愿意你就恋爱吧 
1883353, 55.1, 8.8, 6312, 野性的呼唤 
1441980, 42.4, 9.0, 676, 特朗斯特罗姆诗全集 
1939182, 48.1, 8.0, 6304, 美国众神 
1837654, 45.7, 8.7, 1577, 审判 
1982427, 44.8, 9.0, 988, 大明王朝1566 
1085021, 50.2, 8.2, 6680, 蝴蝶梦 
1062991, 52.3, 8.4, 7060, 北京法源寺 
25724491, 39.9, 8.3, 971, 突然，响起一阵敲门声 
4869637, 33.3, 8.1, 380, 福楼拜的鹦鹉 
1874411, 48.6, 8.5, 3307, 乞力马扎罗的雪 
1917078, 55.4, 8.6, 8826, 风之影 
1069210, 33.3, 7.6, 682, 痴人之爱 
26776393, 31.3, 9.2, 107, 故乡，心里的风景 
26828226, 25.8, 9.1, 50, 加缪手记：第二卷 
1312558, 45.0, 8.9, 1132, 文学讲稿 
1003986, 54.6, 8.8, 5830, 病隙碎笔 
20513012, 42.6, 7.6, 4259, 无比芜杂的心绪 
26265745, 46.1, 8.2, 3227, 清明上河图密码 
25908110, 35.0, 8.5, 343, 诗人的迟缓 
1045365, 48.1, 8.6, 2649, 恶之花 
26808914, 21.7, 8.2, 45, 文字即垃圾：危机之后的文学 
4105424, 33.8, 7.8, 592, 恋爱中的男人 
26353607, 34.8, 8.6, 301, 为你，耶路撒冷（上下册） 
1449352, 60.3, 8.6, 19613, 朝花夕拾 
3138839, 38.7, 8.6, 566, 大师 
1457542, 47.2, 9.2, 1144, 芥川龙之介全集 
26769999, 35.7, 7.8, 835, 死神的浮力 
1165173, 49.4, 8.8, 2549, 务虚笔记 
25841074, 29.8, 9.7, 63, 契诃夫小说全集 
3649661, 44.4, 8.7, 1297, 说吧，记忆 
26253801, 33.5, 8.9, 189, 一个市民的自白 
1458164, 52.0, 8.3, 7877, 她是女子，我也是女子 
25796049, 41.8, 9.0, 619, 沙之书 
26412776, 28.8, 7.9, 207, 巴塞尔姆的60个故事 
5321895, 44.3, 8.3, 2060, 那些忧伤的年轻人 
20433554, 44.4, 9.2, 751, 关山夺路 
20444771, 37.0, 8.9, 325, 血色子午线 
24872210, 40.2, 9.2, 403, 无愁河的浪荡汉子·朱雀城 
26935435, 21.3, 9.3, 23, 大裂 
20392525, 46.8, 7.9, 5821, 枯枝败叶 
10555486, 52.3, 8.7, 4591, 分成两半的子爵 
25849892, 39.2, 8.8, 506, 人间滋味 
2036569, 41.0, 8.2, 1321, 愤怒的葡萄 
26718529, 30.3, 8.1, 223, 奥丁的子女 
26894747, 19.3, 8.5, 25, 爷爷和我 
4105444, 43.7, 8.5, 1467, 复活节游行 
25735727, 48.8, 8.2, 5216, 站在两个世界的边缘 
25961455, 32.5, 8.4, 247, 重读 
26915437, 17.9, 9.1, 15, 跟莎士比亚学编剧 
1013380, 60.0, 8.1, 45015, 茶花女 
1018577, 61.0, 8.9, 13751, 霸王别姬 青蛇 
26919794, 29.3, 10.0, 50, 现在就是最好的时光 
2005705, 48.9, 9.1, 1642, 唐宋词十七讲 
2250587, 56.7, 7.6, 67257, 一个人的好天气 
1043485, 52.2, 8.1, 11269, 檀香刑 
25846182, 42.2, 7.5, 4649, 鱼羊野史·第1卷 
26436987, 22.9, 8.7, 40, 史诗 
2969263, 41.1, 8.5, 940, 跳房子 
20433556, 43.4, 8.7, 1097, 昨天的云 
26828229, 24.9, 9.4, 37, 加缪手记：第三卷 
2170030, 39.1, 8.0, 1215, 白鲸 
21460732, 46.1, 8.3, 2811, 秒速五厘米 
20425053, 50.6, 7.7, 16843, 我所理解的生活 
4240403, 40.6, 7.1, 6836, 最好的女子 
26756030, 35.4, 8.4, 406, 时间之间 
10877051, 45.7, 9.0, 1123, 顾城哲思录 
1400707, 52.2, 8.1, 11217, 广岛之恋 
10763918, 30.7, 8.3, 200, 一路两个人 
25912887, 35.3, 6.8, 3661, 练习一个人 
2988943, 52.8, 8.3, 9012, 青灯 
1317899, 47.6, 8.1, 4955, 生死场 
1055234, 49.0, 8.5, 3513, 神曲（全三册） 
26851889, 20.2, 8.7, 26, 德语七人诗选 
1081144, 49.4, 9.3, 1431, 古詩源 
1013267, 61.7, 9.3, 8679, 唐诗三百首 
1082150, 56.0, 8.3, 15654, 白银时代 
3389460, 40.1, 8.9, 530, 空间的诗学 
3320694, 40.8, 8.9, 589, 巨塔杀机 
26771731, 23.8, 8.2, 65, 朱鹮 
26868621, 29.4, 7.9, 233, 一生欠安 
26110579, 40.5, 7.6, 2829, 暗店街 
26648238, 38.7, 7.7, 1711, 且将生活一饮而尽 
2042629, 48.9, 8.7, 2684, 九三年 
25895442, 41.2, 6.9, 11556, 你的孤独，虽败犹荣 
26694861, 18.2, 8.3, 23, 影响的剖析 
3010128, 45.1, 8.6, 1617, 剧院风情 
25801080, 41.2, 8.2, 1385, 我曾这样寂寞生活：辛波斯卡诗选2 
1438394, 35.1, 8.4, 382, 更多的人死于心碎 
10519369, 45.5, 9.4, 726, 万物生光辉 
3765092, 43.1, 8.6, 1162, 旧地重游 
26556039, 24.6, 8.3, 70, 未竟的往昔 
26577096, 34.6, 9.1, 190, 吉米·科瑞根 
26933776, 18.2, 8.3, 23, 我敢活成自己想要的样子 
1064707, 48.2, 8.7, 2381, 从卡夫卡到昆德拉 
1048173, 45.4, 8.0, 3860, 忏悔录 
1063796, 50.0, 8.6, 3605, 小说的艺术 
25957554, 43.6, 8.0, 2765, 在不安的世界安静的活 
4299250, 40.4, 8.6, 756, 读诗的艺术 
3783409, 44.2, 8.7, 1238, 圣殿春秋（上） 
5321892, 40.7, 8.8, 644, 不适之地 
1016300, 55.8, 7.2, 142798, 梦里花落知多少 
5333599, 51.6, 8.2, 8599, 春天责备 
3642673, 55.3, 8.0, 23089, 我执 
1002513, 46.5, 9.2, 1034, 詩經注析（全二冊） 
26309861, 40.6, 8.4, 974, 摇摇晃晃的人间 
26022097, 40.3, 8.4, 925, 番石榴飘香 
25802944, 40.6, 8.2, 1241, 大唐李白·少年游 
1393724, 50.4, 9.0, 2345, 楚辞 
1034066, 49.5, 9.1, 1801, 加缪文集 
3880832, 49.7, 8.2, 6145, 认得几个字 
1016486, 52.5, 8.3, 8582, 笑忘录 
4732188, 47.9, 8.1, 5216, 中央公园西路 
26921229, 16.4, 8.3, 17, 霍华德·休斯传 
26897973, 25.9, 7.5, 179, 中国特色的译文读者 
1072319, 53.4, 8.5, 7334, 长腿叔叔 
5423772, 38.8, 7.8, 1500, 西夏旅馆 
3389984, 51.5, 8.6, 4631, 俗世奇人 
1430657, 43.6, 9.3, 611, 卡夫卡全集（全10卷） 
11604737, 31.6, 8.7, 163, 芬尼根的守灵夜（第一卷） 
1088418, 45.4, 9.0, 1074, 死屋手记 
1398463, 40.9, 9.1, 492, 萨特文集（全八卷） 
10749924, 41.6, 8.2, 1474, 天真的和感伤的小说家 
1005918, 51.5, 7.9, 13973, 堂吉诃德 
5326883, 40.5, 8.3, 1081, 如何读，为什么读 
26451439, 38.8, 8.1, 1022, 木心谈木心 
21458706, 45.3, 8.4, 2154, 出梁庄记 
1465007, 50.8, 8.2, 7422, 生死疲劳 
1046209, 68.9, 9.1, 34406, 安徒生童话故事集 
26880812, 27.4, 7.6, 216, 读在大好时光 
1025753, 55.9, 8.2, 18063, 妻妾成群 
2160230, 45.7, 8.5, 2044, 细雪 
26642866, 45.9, 8.5, 2090, 萤火虫小巷 
4905854, 48.9, 8.9, 2089, 将饮茶 
2032523, 42.7, 8.5, 1230, 失乐园 
1050566, 48.2, 8.0, 6374, 一地鸡毛 
3391245, 48.5, 8.4, 3702, 假面自白 
26735064, 41.3, 7.3, 5461, 孤独小说家 
26602780, 25.9, 8.5, 75, 乡村生活图景 
25886172, 37.6, 7.6, 1578, 幻想图书馆 
1434071, 43.2, 7.9, 2972, 我们 
26716260, 33.0, 8.2, 329, 中国文学史 
3259428, 49.7, 8.5, 3978, 斜阳 
1291199, 48.8, 8.7, 2607, 过于喧嚣的孤独 底层的珍珠 
2350407, 43.7, 8.2, 2122, 寂静的春天 
21979017, 50.9, 9.5, 1444, 魔戒 
1417878, 48.4, 8.5, 3163, 里尔克诗选 
1212469, 50.7, 8.9, 2750, 荷马史诗·伊利亚特 
4178476, 35.4, 9.3, 183, 中国神怪大辞典 
25731506, 42.4, 8.0, 2245, 乱时候，穷时候 
26866846, 32.0, 9.4, 103, 长远看来，我们都已死去！ 
26918894, 29.7, 9.6, 66, 你的善良，请小心轻放 
5367304, 50.0, 8.3, 5511, 城邦暴力团（上） 
25890145, 41.4, 8.4, 1115, 线 
1434435, 41.6, 8.3, 1314, 春琴抄 
1174721, 45.6, 8.4, 2275, 丧钟为谁而鸣 
5288327, 48.9, 8.3, 4626, 鸟，看见我了 
26591906, 41.2, 8.3, 1208, 浮生梦 
1089049, 48.9, 9.3, 1336, 莎士比亚全集（全8册） 
10581659, 40.2, 8.3, 1030, 老妓抄 
24861167, 34.6, 8.3, 393, 一个人消失在世上 
26804200, 25.5, 8.7, 61, 希姆莱兄弟 
24934182, 56.2, 8.1, 22672, 一个人的朝圣 
2973335, 43.9, 8.6, 1330, 微暗的火 
6879215, 41.8, 7.6, 3642, 乌克兰拖拉机简史 
3662594, 49.6, 8.1, 6967, 荒人手记 
1036446, 45.6, 8.9, 1242, 诗学 
26461519, 36.3, 8.0, 735, 面包会有的 
1961670, 44.5, 9.2, 771, 叶嘉莹说汉魏六朝诗 
4881998, 48.1, 8.4, 3486, 猜火车 
25986620, 28.9, 8.7, 106, 阁楼上的疯女人 
1433835, 48.9, 9.1, 1648, The Elements of Style, Fourth Edition 
1288913, 45.4, 8.3, 2511, 半生为人 
11501640, 48.3, 8.4, 3579, 柔软 
26574813, 23.7, 9.1, 36, 婚变 
1401795, 48.9, 8.6, 3042, 时间的玫瑰 
1255625, 71.8, 9.1, 53324, 天龙八部 
26367364, 41.3, 8.1, 1605, 爱吃沙拉的狮子 
25934176, 41.0, 8.4, 1043, 雪隐鹭鸶 
1159939, 60.0, 8.5, 21863, 一个陌生女子的来信 
6310320, 43.4, 8.7, 1100, 人都是要死的 
3821057, 52.3, 8.6, 5260, 搏击俱乐部 
26314932, 36.9, 8.4, 518, 言叶之庭 
26767504, 26.5, 8.2, 105, 孤独 
25788697, 38.6, 7.6, 1932, 一切都是最好的安排 
3662230, 50.8, 8.5, 4781, 七十年代 
1051714, 47.8, 8.2, 4411, 等待戈多 
1005255, 43.1, 9.3, 568, 博尔赫斯文集 
1311280, 51.2, 9.0, 2616, 灵魂的事 
24319078, 41.5, 7.7, 2936, 我心中尚未崩坏的部分 
1603309, 36.2, 7.7, 1052, 笑林广记 
1038656, 42.3, 8.8, 829, 我曾侍候过英国国王 
5502995, 52.8, 7.6, 31062, 1Q84 BOOK 3 
1035478, 46.8, 8.6, 2142, 静静的顿河（全四册） 
26349261, 43.1, 8.3, 1685, 孤儿列车 
24856615, 37.7, 8.8, 399, 阿尔伯特·卡埃罗 
1043815, 58.3, 8.2, 27899, 骆驼祥子 
1030554, 44.6, 8.5, 1689, 恶心 
2228707, 46.1, 8.9, 1340, 癌症楼 
26258374, 33.4, 8.6, 240, 爱丽尔 
25940556, 39.6, 8.3, 923, 锌皮娃娃兵 
2061644, 51.6, 8.2, 8576, 伤心咖啡馆之歌 
26901824, 13.2, 7.8, 12, 阿加莎的毒药 
1015452, 57.2, 8.2, 22824, 国境以南 太阳以西 
1774227, 52.5, 9.6, 1620, 脂砚斋重评石头记庚辰校本 
21778349, 40.1, 8.2, 1135, 苦水音乐 
4891196, 31.6, 7.7, 436, 智血 
26657198, 27.3, 9.1, 63, 荷马史诗中的生与死 
1052990, 56.5, 8.9, 6781, 草房子 
5395162, 46.6, 9.0, 1298, 天人五衰 
1049522, 51.6, 8.8, 3631, 西西弗的神话 
1491239, 48.2, 8.5, 3070, 吾国与吾民 
3391246, 48.7, 8.2, 5143, 潮骚 
1767750, 26.9, 9.0, 63, Infinite Jest 
1242927, 39.8, 9.7, 251, 英国文学名篇选注 
26755989, 32.8, 8.3, 286, 做一个刚刚好的女子：不攀附，不将就 
26301984, 37.2, 8.2, 683, 白色流淌一片 
4191701, 40.4, 8.8, 609, 肉桂色铺子 
1468997, 44.9, 8.6, 1573, 守望灯塔 
3129584, 49.0, 8.8, 2398, 莎乐美 
6124813, 31.9, 8.1, 296, 纽约兄弟 
1768642, 46.6, 9.2, 1047, 博尔赫斯短篇小说集 
4213981, 42.7, 8.4, 1379, 好人难寻 
1451270, 49.1, 9.2, 1525, 纪伯伦诗集 
6085417, 33.7, 8.4, 305, 遗产 
26844800, 22.7, 7.3, 113, 小镇忧郁青年的十八种死法 
20433553, 41.8, 8.8, 763, 怒目少年 
1418711, 43.8, 8.7, 1167, 中国现代小说史 
26367370, 30.1, 8.2, 196, 那时没有王，各人任意而行 
1461987, 33.4, 9.1, 157, 桤木王 
26911589, 12.0, 7.5, 11, 如何读诗 
25764295, 43.4, 8.4, 1568, 百年好合 
11527634, 41.8, 7.7, 3079, 蒙马特遗书 
26284529, 38.0, 7.6, 1710, 群山之巅 
1010349, 47.7, 8.0, 5845, 丰乳肥臀 
26476959, 30.5, 8.3, 193, 我青春漫游的时代 
3266345, 52.8, 8.1, 12330, 三杯茶 
1960035, 44.5, 8.8, 1167, 盲刺客 
26310659, 33.5, 8.9, 188, 莎士比亚 
1331454, 41.5, 8.7, 801, 西方正典 
10473352, 36.2, 8.9, 287, 浮士德博士 
26838224, 19.7, 8.4, 28, 排队 
26928770, 18.9, 8.1, 29, 打开文学的方式 
26346222, 35.0, 8.3, 419, 美好的事物无法久存 
1181370, 46.1, 9.3, 876, 文心雕龙注(上下) 
3324036, 34.8, 8.5, 332, 茫茫黑夜漫游 
1818583, 50.5, 9.1, 2096, 斯·茨威格中短篇小说选 
1963310, 58.7, 8.2, 29791, 大地之灯 
26896875, 28.5, 9.2, 70, 极简整理术 
4919996, 44.9, 8.7, 1393, 张枣的诗 
6440324, 38.9, 8.4, 733, 人各有异 
1398395, 60.2, 8.6, 19293, 狂人日记 
3003466, 46.1, 8.7, 1692, 恶棍列传 
2251691, 47.5, 8.7, 2114, 弗兰妮与祖伊 
26883476, 17.6, 8.6, 18, 汪曾祺书信集 
2214350, 48.6, 8.4, 3793, 幻影书 
24845582, 53.3, 8.4, 8411, 群山回唱 
10473355, 46.2, 8.6, 1961, 木麻黄树 
5905348, 48.2, 8.2, 4743, 笑谈大先生 
24871460, 37.6, 8.4, 589, 幻之光 
25805143, 33.5, 8.5, 264, 他方世界 
1256406, 35.8, 8.8, 292, 苦炼 
3406518, 50.7, 8.5, 4668, 追随她的旅程 
26667282, 30.3, 8.6, 144, 见信如晤 
1491630, 43.8, 8.7, 1174, 小窗幽记 
1036613, 54.6, 8.9, 5047, 茶馆 
20375515, 36.4, 8.2, 595, 重生：桑塔格日记与笔记1947～1963 
1009094, 47.9, 8.6, 2584, 古都 
26741879, 30.5, 8.1, 230, 诗经：越古老，越美好 
25981277, 32.4, 8.2, 294, 抚顺故事集 
3532347, 53.3, 9.5, 2019, 金庸全集 
6060418, 39.8, 8.3, 961, 年轻的心在哭泣 
2073345, 48.1, 8.7, 2354, 拜伦 雪莱 济慈 抒情诗精选集 
25919825, 39.4, 8.4, 792, 大河湾 
5423803, 50.1, 8.2, 6523, 剑桥倚天屠龙史 
25819935, 29.8, 8.5, 143, 中国古典文心 
2136140, 59.1, 8.7, 13734, 雨季不再来 
1170801, 57.4, 8.9, 7907, 泰戈尔诗集 
25808056, 44.0, 8.1, 2562, 纸牌屋 
24871651, 35.8, 8.8, 293, 爱达或爱欲 
26884275, 22.9, 8.9, 36, 茶器之美 
1072316, 50.0, 9.1, 1965, 古代汉语（第一册） 
25852518, 43.1, 7.6, 4683, 南方有令秧 
25818124, 34.1, 8.2, 395, 翡翠岛编年 
1064828, 51.8, 8.4, 6452, 好笑的爱 
2062599, 46.0, 8.4, 2427, 雪 
1926728, 38.6, 9.3, 291, 往事与随想 
3005076, 39.3, 8.7, 563, 再活一次 
3323311, 44.4, 8.9, 1037, 从文自传 
1014144, 47.9, 8.3, 3881, 大卫·科波菲尔（上下） 
2068249, 58.0, 9.0, 7459, 温柔的夜 
3264665, 49.3, 8.6, 3249, 三十而立 
1807562, 45.5, 9.2, 895, 加西亚·马尔克斯中短篇小说集 
7046857, 38.5, 8.3, 763, 长日留痕 
26862170, 21.8, 7.9, 57, 冰雪纪行 
25900687, 38.3, 8.6, 532, 夜 
1080370, 65.4, 8.6, 45007, 情书 
1316606, 49.2, 8.6, 3162, 無愛紀 
5940829, 43.3, 8.1, 2285, 写在身体上 
1915958, 55.8, 9.2, 4149, 野草 
1829614, 50.9, 8.6, 4220, 琼美卡随想录 
3010130, 51.4, 7.7, 19733, 悲观主义的花朵 
11527635, 41.8, 8.1, 1749, 鳄鱼手记 
1006197, 56.8, 8.4, 15253, 哈姆莱特 
1980436, 55.2, 8.7, 7343, 流言 
5348044, 43.5, 8.0, 2736, 敦煌 
1082946, 42.7, 8.8, 884, 我弥留之际 
26786630, 24.2, 8.2, 70, 采葑小集 
1029553, 61.5, 8.7, 20375, 西游记（全二册） 
1083883, 46.3, 8.7, 1760, 席慕蓉经典作品 
1950154, 39.9, 8.8, 564, 小说鉴赏 
26767242, 32.5, 8.6, 207, 亲爱的阿道夫 
1499542, 34.9, 8.6, 306, 短篇小说写作指南 
6794016, 43.5, 7.5, 6010, 如何成为一个怪物 
20425433, 38.5, 8.1, 970, 请你安静些，好吗？ 
1076598, 47.4, 8.7, 2102, 宋诗选注 
5406557, 39.2, 8.1, 1100, 夜色温柔 
26841391, 30.1, 7.6, 368, 把你交给时间 
1015584, 51.7, 8.0, 12174, 看上去很美 
1042006, 40.3, 9.3, 377, 十九世纪文学主流（共六册） 
26929750, 27.3, 9.8, 42, 贪心的女人更好命 
6937888, 45.4, 8.5, 1927, 树犹如此 
1047138, 51.2, 7.7, 18971, 少年维特的烦恼 
4872671, 57.7, 8.2, 24855, 佛祖在一号线 
1015403, 47.4, 7.7, 9019, 今生今世 
1022914, 44.2, 9.1, 815, 谈艺录 
26351113, 31.3, 7.7, 411, 中国民间传说 
26896093, 12.9, 8.1, 10, 坐拥书城意未足 
26857204, 36.8, 9.6, 178, 宋末大变局.下册 
26842937, 32.6, 8.9, 162, 全怪谈（全三册） 
1200843, 46.2, 8.1, 3832, 芙蓉镇 
1736919, 36.2, 9.3, 206, 印度古代史诗摩诃婆罗多.全译本(1-6卷) 
10740054, 40.6, 8.0, 1610, 给樱桃以性别 
1012637, 53.6, 8.2, 12219, 牛虻 
4149805, 51.4, 8.5, 5242, 了不起的盖茨比 
24722098, 39.3, 9.2, 352, 少年H 
2980471, 46.7, 8.2, 3616, 赎罪 
2364762, 41.0, 8.7, 743, 唐璜（上下册） 
25887908, 31.9, 8.6, 187, 提堂 
1083317, 41.4, 7.8, 2456, 北回归线 
4247000, 45.3, 9.0, 1057, 欲望号街车 
4105411, 50.1, 8.1, 7743, 第八日的蝉 
26821903, 35.3, 7.9, 689, 精神科的故事：空中秋千 
26825931, 27.1, 9.1, 61, 一曲终了 
10604943, 38.6, 8.3, 773, 爱情半夜餐 
5366440, 42.4, 8.6, 1047, 禁色 
4151134, 44.2, 7.8, 4217, 只爱陌生人 
3627948, 33.7, 8.4, 303, 持灯的使者 
26884279, 26.0, 9.6, 39, 白日之梦 
10607793, 46.3, 8.5, 2243, 刀与星辰 
11511232, 44.4, 8.9, 1028, 大师的盛宴 
1026425, 56.1, 7.4, 92936, 三重门 
10774651, 26.9, 8.4, 95, 费玛 
1440243, 42.9, 8.7, 1015, 索拉里斯星 
6874612, 40.6, 8.1, 1397, 孤独的池塘 
1008732, 47.6, 8.4, 3213, 失败之书 
1067293, 45.9, 8.5, 2090, 青春 
6010144, 42.4, 8.3, 1497, 动物寓言集 
1676626, 22.3, 9.2, 28, 给孩子的古诗词·讲诵版 
3842847, 48.2, 8.6, 2701, 深河 
4729502, 39.9, 9.2, 386, 现代诗歌的结构 
24853136, 27.6, 8.2, 127, 火车梦 
4121656, 31.8, 8.4, 221, 水之乡 
3861531, 38.7, 8.2, 894, 荒野侦探 
6861517, 42.8, 8.5, 1260, 时时刻刻 
26575658, 28.5, 7.9, 195, 被掩埋的巨人 
4719265, 36.5, 8.5, 442, 逆天 
2256438, 57.4, 7.8, 50709, 素年锦时 
4191638, 37.9, 8.4, 621, 10 1/2章世界史 
1083435, 50.0, 8.7, 3181, 契诃夫短篇小说选 
26414051, 28.5, 9.3, 66, 月亮知道 
26852845, 28.9, 8.4, 134, 仅记住所有快乐 
3127852, 42.0, 8.6, 983, 推销员之死 
2568438, 39.9, 8.6, 693, 权力与荣耀 
3606804, 42.6, 8.2, 1771, 徒然草 
26831768, 27.4, 9.3, 56, 人生有信 
2377012, 49.5, 8.6, 3352, 聆听父亲 
1077196, 43.7, 8.6, 1288, 蒙田随笔全集（全三册） 
3888110, 37.6, 8.7, 430, 天使望故乡 
6527141, 44.6, 8.2, 2517, 停车暂借问 
26873136, 27.9, 8.2, 133, 画在人心的苦闷上 
3518332, 56.5, 8.9, 6824, 绿毛水怪 
3583331, 34.4, 8.6, 281, 布登勃洛克一家 
26857202, 35.0, 9.3, 171, 宋末大变局.中册 
26851547, 27.7, 8.1, 141, 软埋 
3311253, 56.5, 9.0, 5939, 额尔古纳河右岸 
20435635, 39.1, 8.6, 606, 里斯本夜车 
1760730, 44.4, 8.3, 2121, 伍尔夫读书随笔 
1082147, 49.9, 9.0, 2147, 热爱生命 
1254731, 55.6, 8.8, 6855, 欧·亨利短篇小说选 
25900956, 36.4, 7.9, 851, 刻小说的人 
1752755, 54.8, 8.6, 7964, 第九个寡妇 
26372186, 30.1, 9.1, 96, 爱与战争的日日夜夜 
26377363, 31.7, 8.4, 214, 在你说“喂”之前 
11542577, 45.1, 8.6, 1622, 天生就会跑 
2267883, 50.5, 7.9, 11626, 色，戒 
1041414, 45.9, 8.6, 1868, 威尼斯日记 
1052828, 53.6, 8.4, 8756, 玩笑 
1428463, 42.4, 8.9, 758, 文学理论 
26781744, 30.8, 7.2, 699, 台北女孩看大陆 
4621099, 44.6, 8.3, 2170, 死于威尼斯 
1065970, 57.1, 7.8, 47939, 彼岸花 
24529164, 40.5, 8.1, 1390, 楼兰 
26285194, 42.8, 9.1, 660, 故事新编 
26303995, 30.2, 8.5, 154, 飞毡 
25881325, 37.8, 7.0, 4410, 庆祝无意义 
4059800, 44.8, 8.0, 3454, 私语书 
