Tag: 文化 

ID, Score, Rating, Votes, Title 
25985021, 66.4, 9.3, 17296, 人类简史 
26819477, 41.7, 9.0, 615, 东京本屋 
26708306, 41.3, 8.7, 784, 北欧，冰与火之地的寻真之旅 
26816981, 35.6, 8.7, 312, 十二幅地图中的世界史 
3162991, 60.7, 9.6, 5199, 艺术的故事 
26853835, 45.6, 8.8, 1381, 丝绸之路 
26698223, 39.5, 9.2, 366, 永恒的时光之旅 
26921971, 24.9, 9.3, 39, 时间之书 
4238362, 69.1, 8.6, 82620, 送你一颗子弹 
5375620, 58.7, 8.8, 11214, 失控 
20440644, 64.5, 9.2, 15233, 文学回忆录（全2册） 
1027191, 66.3, 9.0, 26831, 历史深处的忧虑 
1795079, 60.0, 9.2, 7724, 乡土中国 
1034067, 54.9, 8.8, 6087, 美的历程 
1813841, 58.7, 8.8, 11190, 枪炮、病菌与钢铁 
1062193, 58.7, 8.6, 15184, 娱乐至死 
1446959, 39.5, 8.8, 528, 唐代的外来文明 
26695174, 47.5, 9.0, 1484, 灯塔 
5366248, 57.8, 8.3, 21455, 你一定爱读的极简欧洲史 
26889865, 34.4, 7.5, 980, 我不知道该如何像正常人那样生活 
26854325, 26.7, 8.6, 79, 喜剧作家 
3070464, 21.9, 8.4, 41, 日本料理神髓 
1022238, 57.7, 8.2, 24998, 菊与刀 
1393447, 49.3, 9.1, 1751, 忧郁的热带 
3707886, 46.1, 9.0, 1204, 中国通史 
6712255, 51.4, 8.8, 3497, 天真的人类学家 
4124727, 58.2, 8.1, 32527, 孤独六讲 
25902942, 49.4, 9.0, 2010, 文明之光（第一册） 
26848146, 32.9, 7.8, 494, 民国太太的厨房 
26782825, 22.5, 9.4, 26, 时尚通史 
25746578, 46.3, 9.2, 1004, 大英博物馆世界简史（全3册） 
26893634, 28.2, 9.1, 72, 树之生命木之心 
26840568, 34.2, 9.2, 164, 草疯长 
4146756, 47.1, 8.5, 2567, 浮生取义 
26835895, 26.4, 8.7, 71, 猫的私人词典 
1005492, 54.7, 8.9, 5186, 光荣与梦想 
26933798, 27.9, 9.1, 69, 我在故宫修文物 
25886351, 42.8, 7.9, 2744, 耶路撒冷三千年 
26791617, 36.8, 8.0, 800, 大好河山可骑驴 
1068912, 46.8, 8.6, 2132, 中国文化的深层结构 
1001885, 58.6, 8.5, 17459, 带一本书去巴黎 
26835827, 27.3, 8.9, 71, 想象地名私人词典 
1003284, 54.8, 8.1, 17886, 退步集 
26363926, 36.6, 8.6, 402, 何为良好生活 
3344676, 58.4, 8.1, 34107, 常识 
1014825, 60.2, 9.0, 10535, 我也有一个梦想 
1022060, 64.9, 8.3, 72818, 狼图腾 
26848651, 26.2, 9.0, 56, 从历史中醒来 
25752592, 40.2, 8.9, 535, 从黎明到衰落（上下） 
26697311, 32.5, 8.4, 248, 重新发现日本 
1012611, 59.7, 8.3, 29452, 乌合之众 
26865732, 19.8, 8.8, 23, 纳粹医生 
2747765, 48.5, 8.9, 1947, 中国古代文化常识 
22806583, 43.1, 8.7, 1038, 国家的常识 
1905742, 46.0, 8.8, 1472, 金枝（上下册） 
1962923, 55.7, 8.6, 9295, 西班牙旅行笔记 
1203426, 62.2, 9.0, 14248, 人间词话 
1870268, 49.8, 8.7, 3089, 美国大城市的死与生（纪念版） 
1056315, 60.2, 8.8, 14145, 总统是靠不住的 
5990251, 54.3, 8.5, 8480, 西藏生死书 
4082434, 46.4, 9.3, 922, 穿墙透壁 
26720841, 31.4, 9.2, 109, 犹太人的故事 
26815874, 27.9, 9.6, 51, 给大家看的国学常识 
25961497, 40.2, 8.9, 534, 中国古代物质文化 
3284547, 44.2, 9.0, 904, 文心 
1053623, 47.0, 8.4, 2868, 文明的冲突与世界秩序的重建 
1017238, 51.4, 8.8, 3499, 美学散步 
26652242, 32.5, 7.9, 408, 文明是副产品 
1315190, 48.4, 8.8, 2168, 想象的共同体 
4151117, 47.8, 8.5, 2896, 阴翳礼赞 
1017818, 45.6, 8.3, 2601, 观看之道 
1227844, 52.4, 8.8, 4096, 雅舍谈吃 
26910743, 25.2, 9.0, 48, 京都漫步 
26721550, 36.1, 8.4, 455, Lens·目客003：山本耀司 
26735085, 36.3, 7.7, 1083, 奇迹 
1924318, 48.4, 8.9, 1910, 汪曾祺谈吃 
25787364, 38.4, 8.6, 543, 京都古书店风景 
26895125, 22.9, 9.3, 29, 北大国学讲座 
1426971, 61.8, 8.8, 18278, 野火集 
1076378, 49.8, 9.1, 1889, 传统十论 
26674136, 29.8, 7.9, 248, 京都手艺人 
26584286, 40.4, 8.8, 613, 大学之路（套装） 
19963049, 44.2, 8.5, 1589, 留住手艺 
1023000, 47.2, 8.6, 2297, 常识与通识 
1964476, 39.2, 8.6, 618, 汉字王国 
4903692, 43.0, 9.0, 745, 东京梦华录 
4579688, 43.9, 8.5, 1502, 丑的历史 
26783056, 21.2, 9.0, 26, 电影中的僵尸文化 
26921427, 17.2, 7.9, 24, 迷你 
26882312, 25.0, 9.2, 42, 我有一切的美妙 
1315213, 49.1, 9.0, 1906, 中国文化要义 
1009270, 48.9, 8.8, 2365, 中国建筑史 
7174792, 36.6, 8.5, 446, 千面英雄 
1025723, 54.3, 8.3, 11658, 潜规则 
3642673, 55.3, 8.0, 23089, 我执 
1762869, 57.7, 8.9, 8203, 如彗星划过夜空 
7055441, 51.5, 8.9, 3101, 罗马人的故事1 
1050339, 58.4, 7.8, 60550, 文化苦旅 
1021273, 57.8, 8.8, 9708, 中国哲学简史 
26737694, 33.1, 8.0, 408, 西风东土 
7014927, 40.8, 8.8, 652, 中国神话传说 
1315199, 47.1, 9.1, 1264, 历史研究 
11528350, 48.7, 8.8, 2291, 哈扎尔辞典（阳本） 
1089142, 41.6, 8.4, 1154, 消费社会 
1054685, 68.3, 9.0, 36543, 沉默的大多数 
1792668, 54.9, 8.5, 9434, 苏东坡传 
1958685, 44.5, 8.4, 1899, 美的历史 
1315258, 41.8, 9.0, 616, 中国古代服饰研究 
4773224, 52.4, 8.3, 8422, 生活十讲 
3566368, 52.1, 8.3, 7949, 空谷幽兰 
25762288, 32.9, 9.2, 135, 风景与记忆 
5399227, 45.2, 8.1, 3214, 南渡北归（第一部） 
4818177, 42.3, 8.2, 1674, 英国人的言行潜规则 
26769136, 28.4, 8.7, 97, 为什么长大？ 
26680436, 30.6, 8.2, 216, 来份杂碎 
1005325, 47.8, 8.4, 3290, 童年的消逝 
1859140, 57.9, 8.8, 9756, 上学记 
26787813, 32.1, 8.4, 232, 纸上染了蓝 
1070711, 54.3, 8.7, 6377, 城记 
5040220, 53.7, 9.0, 3853, 蒋勋说红楼梦（第一辑） 
1010204, 49.3, 8.5, 3706, 宽容 
5336377, 24.0, 7.2, 166, 美第奇家族兴亡史 
26852367, 24.4, 8.3, 67, 文具盒里的时空漫游 
1016864, 45.8, 8.9, 1284, 士与中国文化 
4268931, 39.7, 8.3, 931, 生命八卦 
26890706, 17.4, 8.4, 19, 科学与宗教的领地 
26258175, 24.4, 9.6, 31, 故宫海错图 
25697555, 36.6, 8.4, 492, 无限的清单 
6028977, 46.3, 8.5, 2249, 零ZEЯRO 
3339812, 50.1, 9.3, 1593, 木心作品八种 
26647742, 38.9, 8.8, 484, 陌生的经验 
2156168, 42.2, 8.4, 1283, 书读完了 
26320883, 37.3, 7.6, 1512, 丈量世界 
26770145, 38.1, 8.6, 512, 菊与刀（精装插图版） 
26831788, 38.5, 8.0, 1088, 旅行与读书 
26767261, 25.2, 9.0, 48, 文艺复兴的故事03·海都物语：威尼斯一千年 
26782538, 27.0, 7.0, 406, 这幅画原来要看这里 
1047719, 51.8, 8.5, 5603, 傅雷家书 
26640179, 24.0, 8.1, 73, 我们的中国 
26898353, 24.3, 9.8, 28, 天才地理学 
25811516, 38.9, 8.4, 733, 日本的八个审美意识 
1787729, 42.6, 8.4, 1375, 单向度的人 
6558202, 46.3, 9.0, 1240, 容忍与自由 
26704405, 24.2, 8.3, 65, 树敌 
3376635, 40.8, 8.6, 802, 咖啡品鉴大全 
1264104, 40.6, 8.6, 781, 夜航船 
1029940, 47.1, 9.2, 1128, 锦灰堆 
26892916, 15.8, 8.2, 16, 极简图书史 
1924213, 47.3, 8.4, 3043, 逝去的武林 
1041366, 47.1, 9.3, 1014, 管锥编（全五册） 
26774090, 26.7, 8.5, 85, 内在体验 
3815282, 35.7, 8.9, 263, 技术与文明 
4178476, 35.4, 9.3, 183, 中国神怪大辞典 
26776393, 31.3, 9.2, 107, 故乡，心里的风景 
1428307, 37.5, 9.4, 229, 西方文明中的音乐 
4199761, 51.3, 8.4, 5980, 重新发现社会 
2117496, 31.2, 8.3, 218, 中国神话史 
1467587, 49.2, 9.0, 1951, UNIX编程艺术 
26893033, 33.9, 8.6, 259, 把小日子收进手帐里 
26580056, 42.8, 8.3, 1601, 把青春唱完1990-1999 
10770743, 36.0, 9.4, 184, 林达作品集（全九册) 
1225983, 54.9, 8.8, 6124, 万物简史 
26718529, 30.3, 8.1, 223, 奥丁的子女 
26431646, 29.9, 9.2, 87, 语言学的邀请 
26665230, 38.8, 8.5, 645, 硅谷之谜 
1024785, 43.3, 9.1, 712, 西方现代思想史 
20389202, 46.0, 7.9, 5043, 唐朝穿越指南 
2363834, 44.2, 8.8, 1117, 春秋大义 
4101013, 46.4, 8.2, 3406, 设计的觉醒 
1025547, 35.5, 8.4, 410, 纵乐的困惑 
3662230, 50.8, 8.5, 4781, 七十年代 
4246151, 46.8, 8.0, 4974, 厨房里的人类学家 
1013369, 43.2, 7.7, 4058, 格调 
26413835, 37.5, 8.2, 720, 匠人 
22519910, 39.3, 8.6, 633, 编剧的艺术 
4836601, 39.2, 8.3, 855, 扪虱谈鬼录 
3267934, 47.0, 8.4, 2883, 日本四季 
1064734, 44.2, 8.4, 1779, 疾病的隐喻 
26868621, 29.5, 7.9, 234, 一生欠安 
26848615, 20.3, 8.6, 28, 中国朋党史 
26916855, 29.6, 9.7, 61, 中国通史 
4212607, 46.6, 7.6, 9231, 有味 
1963786, 48.2, 8.5, 3087, 怎样鉴别黄色歌曲 
26292057, 36.5, 8.4, 483, 性审判史 
26235729, 32.8, 7.6, 621, 单身社会 
1050929, 48.1, 8.7, 2358, 隐蔽的秩序 
26828433, 29.5, 8.6, 125, 猫语大辞典 
6851608, 37.9, 8.0, 979, 奢侈的！ 
3880832, 49.7, 8.2, 6146, 认得几个字 
2294993, 48.7, 8.2, 5133, 纽约琐记（修订版） 
26840888, 29.8, 9.3, 80, 故宫日历（2017年） 
26785959, 31.9, 8.5, 204, 疯狂人类进化史 
25708550, 30.3, 8.0, 249, 知识分子与社会 
26334500, 37.1, 8.3, 604, 说中国 
26909388, 13.9, 8.1, 12, MoMA的绘画和雕塑 
3333989, 51.1, 8.1, 9171, 荒废集 
1027247, 51.6, 7.9, 14101, 丑陋的中国人 
26798156, 31.6, 8.4, 212, 哀伤的墙 
26314606, 33.6, 8.6, 248, 打回原形 
1034470, 45.2, 9.0, 1047, 柳如是别传（全三册） 
24721654, 38.1, 8.8, 424, 红书 
1020547, 47.7, 8.9, 1723, 论语新解 
20373351, 38.4, 8.2, 844, 城市的胜利 
1491239, 48.2, 8.5, 3070, 吾国与吾民 
4162766, 37.8, 7.8, 1257, 中国人的精神 
1393233, 42.7, 9.2, 583, 古典时代疯狂史 
26251939, 36.4, 8.6, 391, 名画之谜·希腊神话篇 
1012272, 44.3, 8.7, 1268, 反对阐释 
26856493, 29.0, 8.5, 126, 与光同尘 
1907199, 53.0, 8.6, 5969, 扫起落叶好过冬 
26879048, 24.2, 9.1, 39, 京料理 
26831077, 22.9, 7.6, 90, 符号中的历史 
1965025, 41.2, 9.1, 514, 艺术：让人成为人 
26743027, 28.3, 8.2, 143, 黑麋鹿如是说 
25917406, 24.9, 8.8, 52, 音乐神童加工厂 
26646456, 34.3, 8.1, 456, 无尽绿 
26819850, 26.1, 8.5, 77, 世界咖啡地图 
3204645, 45.7, 9.5, 688, 明式家具研究 
26756741, 29.7, 8.3, 168, 胆小别看画 1 
26865730, 32.2, 7.5, 623, 小顾聊神话 
6868806, 25.6, 8.3, 83, 出版人 
1025001, 42.5, 8.5, 1191, 东方学 
1004322, 52.2, 8.6, 5216, 第二性 
3908344, 39.0, 9.0, 405, 图像中国建筑史 
26840670, 27.8, 9.1, 68, 地道风物004·黔东南 
10553189, 41.6, 8.6, 919, 传家 
2216583, 51.2, 8.8, 3396, 沉重的肉身 
26819278, 23.7, 8.8, 43, 一曲微茫 
1062991, 52.3, 8.4, 7060, 北京法源寺 
3662234, 35.4, 8.6, 334, 日本的思想 
6781486, 37.0, 8.2, 654, 趣味生活简史 
26701097, 21.3, 8.7, 31, 秦汉名物丛考 
25846182, 42.2, 7.5, 4650, 鱼羊野史·第1卷 
1427825, 52.1, 8.5, 5943, 中国人史纲（上中下） 
6846465, 45.4, 8.6, 1703, 罗摩桥 
26652354, 28.0, 8.4, 116, 世界重启 
3521728, 34.6, 8.8, 244, 城市文化 
5988185, 42.4, 8.3, 1487, 宅兹中国 
26639786, 36.6, 8.1, 686, 舍得，舍不得 
1793535, 44.7, 8.6, 1517, 不只中国木建筑 
10601137, 48.4, 7.7, 10955, 你永远都无法叫醒一个装睡的人 
25733170, 42.0, 8.7, 877, 吾国教育病理 
3759806, 47.6, 8.4, 3191, 西藏一年 
26775414, 31.3, 8.9, 134, 茶，汤和好天气 
3701456, 36.2, 8.7, 345, 文明的进程 
5404877, 40.3, 8.2, 1174, 安持人物琐忆 
4238144, 52.0, 9.1, 2650, 岁朝清供 
26578484, 31.8, 7.3, 756, 世界上有趣的事太多 
1911687, 42.5, 7.4, 5806, 厚黑学 
1422105, 41.6, 8.6, 917, 江湖丛谈 
1001356, 37.1, 9.2, 255, 世界文明史(全24册) 
26754615, 33.2, 7.5, 758, 极简人类史 
5936610, 35.0, 8.2, 467, 工艺之道 
26351113, 31.3, 7.7, 411, 中国民间传说 
26871065, 18.9, 8.0, 31, 祖先 
1015699, 56.6, 8.3, 17332, 中国大历史 
26802430, 24.0, 8.3, 63, 诚实的手艺 
26911424, 24.9, 9.2, 41, 回声泉之旅：文人与酒的爱恨情仇 
1675113, 41.4, 9.0, 580, 礼仪中的美术 
1065335, 43.1, 9.1, 686, 朱熹的历史世界(上下) 
25908552, 35.3, 7.5, 1174, 上瘾五百年 
26854326, 13.9, 8.1, 12, 爵士乐十三大师 
4086927, 50.9, 8.5, 4809, 煮酒探西游 
1012379, 44.6, 8.6, 1508, 知识分子论 
1114862, 41.0, 9.4, 378, 江南园林志 
26411600, 39.0, 8.6, 599, Lens·视觉001：激情藏在安静的角落 
1010888, 47.6, 8.4, 3208, 一路走来一路读 
26415165, 34.7, 7.9, 617, 沐猿而冠 
26856952, 16.6, 7.8, 23, 简素 
25942069, 30.4, 8.3, 190, 文雅的疯狂 
24875976, 40.3, 8.2, 1186, 失落的优雅 
4747128, 33.9, 8.8, 216, 乌托邦的年代 
6860890, 38.5, 8.3, 757, 黑客 
4312810, 48.1, 8.6, 2670, 裸猿 
26915028, 19.8, 8.8, 23, 一期一会 
1986050, 39.5, 8.8, 532, 哲学 科学 常识 
2377014, 41.9, 8.2, 1566, 阅读的故事 
26834474, 21.1, 7.9, 50, 海盗共和国 
6799474, 35.2, 9.0, 224, 文化与社会 
25818124, 34.1, 8.2, 395, 翡翠岛编年 
25900305, 33.1, 8.1, 367, 舌尖上的历史 
25714687, 27.0, 9.2, 56, 文化战略 
1310228, 54.3, 9.2, 3307, 乡土中国 生育制度 
1000213, 44.5, 8.5, 1666, 迎向灵光消逝的年代 
26865821, 17.7, 8.4, 20, 文明的滴定 
20399443, 32.8, 8.9, 167, 中国神话传说词典 
1073253, 46.9, 8.8, 1717, 闲话闲说 
26586579, 34.3, 8.9, 214, 敦煌 
1138452, 36.3, 8.6, 387, 意大利文艺复兴时期的文化 
1065142, 43.9, 8.5, 1510, 欧洲文明十五讲 
26538428, 31.9, 7.6, 517, 造物有灵且美 
24298914, 30.7, 8.1, 241, 当世界年轻的时候 
2138608, 36.2, 8.7, 344, 中国社会中的宗教 
26740258, 26.0, 8.8, 62, 弗里达 
1877096, 44.2, 8.1, 2669, 花间十六声 
1072189, 45.8, 8.8, 1438, 百年思索 
26209381, 36.5, 8.7, 363, 我见：马克·吕布纪实经典 
3075271, 36.3, 9.6, 167, 汉代物质文化资料图说 
21770836, 40.8, 8.5, 898, 八九十枝花 
3317670, 41.7, 8.6, 934, 终朝采蓝 
26756142, 26.7, 7.4, 231, 故宫的隐秘角落 
4274472, 42.7, 8.2, 1784, 茶之书 
4240739, 39.5, 8.9, 482, 故宫退食录（上下） 
2287123, 44.5, 8.3, 2155, 時裝時刻 
1666568, 31.8, 9.5, 94, 中国古舆服论丛 
25872094, 35.0, 7.5, 1097, 如何看一幅画 
6557925, 20.4, 9.2, 21, 大家小书 
1055629, 30.6, 8.3, 196, 德国悲剧的起源 
26658022, 29.2, 9.4, 69, 紫禁城100 
4894977, 31.9, 8.6, 187, 长物志 
1493134, 37.6, 8.6, 472, 文化人类学 
4189598, 37.4, 8.8, 378, 战后欧洲史 
3644095, 43.6, 7.9, 3184, 越读者 
26840136, 13.7, 8.2, 11, 惊悦 
6119800, 43.8, 8.5, 1474, 南渡北归（第三部） 
3007268, 48.0, 9.3, 1170, 传习录 
25845900, 32.8, 8.3, 286, 文明史 
1022914, 44.2, 9.1, 815, 谈艺录 
1060931, 40.3, 8.5, 827, 幽黯国度 
26718143, 18.6, 8.7, 20, 古代中国的动物与灵异 
1428050, 37.0, 8.7, 391, 礼物 
2315287, 39.4, 8.6, 635, 技术垄断 
2049128, 44.1, 8.1, 2617, 丧家狗 
3433208, 42.0, 8.5, 1090, 问中医几度秋凉 
2213463, 44.4, 8.7, 1282, 拯救与逍遥 
26278884, 27.9, 8.4, 114, 文化不是味精 
2006842, 31.0, 8.8, 138, 失落的天书 
1777853, 39.5, 8.2, 1031, 屠猫记 
2247913, 46.0, 9.2, 959, 建构文化研究 
1057095, 37.3, 8.6, 449, 一切坚固的东西都烟消云散了 
3401286, 39.3, 8.2, 982, 冷记忆1 
3771868, 34.5, 8.2, 423, 印度札记 
20272112, 43.1, 8.2, 1928, 欢喜 
3071208, 42.0, 9.0, 642, 一章木椅 
26681333, 30.9, 7.4, 544, 日日100 
26772226, 34.8, 8.6, 301, 此岸 
3223917, 41.0, 8.1, 1508, 颜色的故事 
4189215, 38.6, 9.2, 320, 灵之舞 
1950196, 33.6, 9.3, 139, 汪曾祺作品自选集 
20366533, 39.8, 8.7, 618, 中国与中国人影像 
4031698, 46.3, 7.8, 6231, 读者 
4199685, 47.0, 7.6, 9986, 我读 
20549889, 30.7, 7.0, 919, 厨房里的哲学家 
26865550, 15.0, 7.6, 19, 德国天才1 
26840483, 20.6, 8.2, 37, Hillbilly Elegy 
5321843, 36.3, 6.5, 8654, 假装的艺术 
3196877, 33.7, 8.3, 332, 中世纪的秋天 
1438539, 46.5, 8.7, 1813, 西方美学史 
1030526, 43.9, 8.9, 947, 中国文化史导论 
1794138, 40.1, 8.6, 717, 北欧神话ABC 
25858710, 30.8, 8.2, 221, 为什么？ 
5502440, 42.8, 8.3, 1603, 南渡北归（第二部） 
20413880, 41.5, 8.1, 1660, 古书之美 
2381209, 28.3, 8.8, 90, 纵向社会的人际关系 
26910119, 18.5, 9.5, 14, 如何看电影 
26721548, 32.6, 8.3, 276, Lens·视觉005：以手抵心 
26755786, 24.7, 8.0, 89, 耕食生活 
1022232, 42.1, 8.6, 989, 中国思想史（全三册） 
6079823, 34.3, 8.1, 457, 物尽其用 
26596363, 26.3, 8.1, 109, 阅读经典 
26741879, 30.5, 8.1, 230, 诗经：越古老，越美好 
10877051, 45.7, 9.0, 1123, 顾城哲思录 
4846032, 41.6, 8.0, 1910, 性别战争 
25849160, 34.6, 8.4, 353, 中国艺术史 
1982553, 39.0, 9.1, 366, 古本山海经图说（上下） 
4067778, 40.9, 8.5, 915, 文字的故事 
4760085, 38.3, 8.8, 434, 奢华之色 
3535331, 32.0, 8.7, 173, 食经 
11541383, 32.4, 8.7, 185, 沙漠之花 
21617698, 31.8, 7.1, 1011, 二十五岁的世界 
1426502, 30.8, 8.8, 132, 青年与学问 
5338233, 36.7, 8.3, 561, 我的法兰西岁月 
26741843, 29.9, 9.1, 93, 你不懂葡萄酒 
26552069, 28.5, 9.5, 59, 黑暗之城 
26818027, 21.9, 8.4, 41, 日本名所解剖书 
1291355, 44.8, 7.9, 4045, 非常道 
1051370, 44.2, 8.2, 2319, 中国古建筑二十讲 
25807918, 36.6, 7.8, 991, 莎士比亚书店 
26320479, 13.9, 6.6, 30, 成為黃種人 
3722967, 42.1, 8.3, 1421, 人生十论 
26388428, 26.6, 8.0, 126, 匠人 
26681349, 35.7, 8.6, 348, Lens·视觉004：需要什么，年轻的身体便去找寻 
20499702, 38.9, 7.7, 1782, 味道·第一宗罪 
4850629, 43.1, 8.6, 1180, 言论的边界 
26586326, 30.6, 8.9, 119, 来自纳粹地狱的报告 
1076426, 44.0, 8.8, 1085, 世界美术名作二十讲 
4733982, 28.6, 8.3, 138, 轴心时代 
26851707, 25.3, 7.9, 109, 等一朵花开 
1937346, 43.8, 8.5, 1487, 亚洲的书籍、文字与设计 
25794334, 37.7, 7.5, 1900, 知日!知日！这次彻底了解日本 01 
26695223, 27.5, 7.1, 397, 独立日：用电影延长三倍生命 
1070274, 36.6, 8.5, 445, 人的宗教(修订版) 
4196798, 32.9, 8.7, 203, 世界：一部历史 
26247864, 26.8, 9.1, 58, 中国古代金银首饰 
1034847, 42.5, 8.5, 1198, 美国与中国 
1277267, 46.5, 8.6, 2031, 国史新论 
26860716, 26.1, 8.4, 84, 视觉008：那就无所畏惧地老去 
1080225, 40.7, 8.9, 575, 西方文化中的数学 
1063736, 44.9, 8.4, 2016, 人类的故事 
25886167, 36.4, 8.6, 390, 武人琴音 
20370475, 30.7, 8.9, 122, 数学的语言 
19977973, 27.7, 8.8, 81, 空间·时间·建筑 
3730043, 41.0, 9.2, 456, 北京古建筑地图（上册） 
1831760, 38.4, 8.0, 1085, 弱水三千 
26235467, 33.8, 7.5, 867, 你不懂咖啡 
1907655, 39.1, 9.4, 289, 东京梦华录笺注（上下） 
26577706, 29.0, 7.9, 216, 档案 
26890863, 19.1, 8.3, 27, 我们如何走到今天 
1073063, 40.6, 8.6, 779, 人论 
6716364, 30.0, 9.1, 94, 美学 
4934772, 38.0, 8.2, 783, 迷影文化史 
3062449, 37.6, 9.2, 273, 唐鲁孙作品（六卷精华版） 
1393426, 30.1, 8.1, 217, 编辑人的世界 
10430691, 39.2, 8.5, 683, 画家生涯 
21649772, 37.0, 9.2, 252, 白鱼解字 
26183860, 31.0, 8.6, 161, 学诗浅说 
3900547, 40.3, 8.5, 829, 老猫学出版 
25755771, 27.0, 8.1, 125, 清教徒的礼物 
20472494, 30.0, 9.0, 101, 漫长的革命 
26422147, 33.9, 8.3, 344, 晓松奇谈 
2116353, 33.7, 9.3, 143, 不列颠百科全书（全20卷） 
3055477, 40.6, 8.4, 982, 西潮 
1024810, 37.1, 8.1, 756, 印度：受伤的文明 
4191638, 37.9, 8.4, 621, 10 1/2章世界史 
26775411, 23.1, 8.6, 44, 祝，一切安好 
26857572, 27.2, 8.8, 75, 处处见生机 
5423785, 37.5, 8.1, 803, 千年繁华 
4200121, 35.8, 9.0, 248, 青衣张火丁 
1288925, 48.5, 8.8, 2216, 五味 
3729665, 33.9, 8.3, 347, 欧洲同性恋史 
10491605, 41.3, 8.5, 976, 余英时访谈录 
25723401, 29.2, 8.5, 129, 第三帝国的语言 
6826619, 40.3, 8.2, 1183, 大中东行纪 
2330383, 45.0, 8.4, 2040, 一日江户人 
5383582, 37.3, 9.2, 263, 奢华之色 
26816164, 24.5, 8.1, 80, 盗火与革命 
1040351, 36.4, 8.3, 532, 印度：百万叛变的今天 
1810530, 31.8, 8.6, 184, 中产阶级的孩子们 
26714703, 26.9, 7.2, 308, 我们香港这些年 
5914551, 36.9, 8.1, 725, 我在故宫看大门 
6021094, 34.0, 7.9, 538, 喜乐京都 
1796672, 39.3, 8.2, 979, 万古江河 
1003093, 44.0, 8.7, 1204, 美学三书 
3038328, 34.0, 8.6, 264, 浮世绘 
25953928, 36.0, 8.6, 365, 植田正治小传记 
20395644, 33.3, 7.7, 599, 大量流出 
3339862, 37.1, 8.6, 436, 性别麻烦 
1262815, 32.7, 8.2, 310, 关键词 
25779213, 38.9, 8.4, 733, 蒋勋说文学 
26720709, 21.2, 7.0, 111, 恋物物语 
26920731, 14.6, 8.2, 13, 触摸，庙宇 
1287508, 43.0, 8.2, 1900, 明室 
26314627, 46.3, 8.9, 1388, 万物：创世 
2116107, 38.9, 8.8, 484, 藏传佛教象征符号与器物图解 
2984021, 26.9, 7.8, 160, 制造中国 
19964304, 33.9, 8.0, 471, 爱的多重奏 
25859093, 33.2, 7.2, 1168, 自由的老虎 
1266211, 32.3, 9.1, 133, 论意识操纵（上下） 
3117247, 42.1, 9.0, 652, 中国古代思想史论 
1394420, 39.0, 9.3, 309, 古诗文名物新证（全二册） 
1031857, 39.6, 7.8, 1756, 虐恋亚文化 
2005705, 48.9, 9.1, 1642, 唐宋词十七讲 
6534870, 37.4, 8.7, 420, 瓷之色 
25962890, 30.8, 7.5, 469, 我愿生命从容 
6802371, 40.6, 7.9, 1842, 一个游荡者的世界 
3565628, 38.2, 9.1, 326, 大紫禁城 
1092680, 29.8, 8.1, 203, 消费文化与后现代主义 
26379057, 24.8, 7.5, 144, 长物 
7064370, 50.1, 9.2, 1755, 罗马人的故事2 
26800841, 34.1, 8.9, 207, Lens·视觉006：我停在你将回来的地方 
1970116, 41.9, 8.1, 1762, 这一代人的怕和爱 
26215044, 34.7, 7.4, 1201, 我们台湾这些年2 
5951252, 38.9, 8.7, 530, 圆与方 
1794583, 34.5, 8.5, 316, 中国方术正考 
1022187, 38.1, 8.3, 718, 知识考古学 
4001445, 38.5, 8.9, 410, 梁启超家书 
1437472, 38.7, 8.9, 423, 笔记《清明上河图》 
2224566, 33.7, 7.3, 1115, 香料传奇 
26577765, 23.9, 7.3, 146, 杀戮与文化 
26807171, 28.0, 7.7, 216, 鱼羊野史·第6卷 
4312825, 44.4, 8.6, 1441, 人类动物园 
1740073, 36.5, 8.5, 438, 中国绅士 
10354427, 43.4, 8.2, 2026, 蒋勋说唐诗 
10540308, 38.2, 8.4, 644, 走进生命的学问 
4219498, 26.4, 9.7, 39, 李泽厚集 
5323630, 32.9, 7.9, 445, 日本物哀 
26681250, 21.7, 8.7, 33, 矮子当道 
26237163, 27.1, 8.4, 99, 民国北京城 
25756932, 35.2, 7.5, 1142, 两个故宫的离合 
7154688, 43.3, 8.1, 2278, 知日·书之国 
1484492, 38.1, 8.9, 382, 20世纪思想史 
2341866, 43.1, 8.1, 2201, 合肥四姊妹 
1038492, 44.2, 8.7, 1239, 追忆 
10482102, 42.9, 8.1, 2133, 蒋勋说宋词 
1455274, 42.4, 9.1, 615, 园冶注释(第二版) 
4736004, 27.2, 8.9, 70, 美国文明的兴起（上下） 
25764449, 31.2, 8.8, 142, 社会学的邀请 
6826594, 39.0, 8.2, 940, 故事照亮未来 
4917641, 42.0, 8.9, 705, 故乡的食物 
19967320, 33.8, 8.1, 416, 远野物语·日本昔话 
3397128, 37.6, 8.7, 428, 1948：天地玄黄 
25928734, 30.3, 8.9, 114, 古典风格 
5914556, 37.2, 7.6, 1470, 台湾味道 
3268426, 32.9, 8.3, 290, 洁净与危险 
24089002, 25.9, 7.8, 133, 像导演一样思考 
3033668, 47.2, 7.8, 7327, 闪开，让我歌唱八十年代 
26812867, 26.7, 8.6, 80, 幕味 
4312829, 42.0, 8.3, 1399, 亲密行为 
25978763, 43.0, 8.9, 832, 僧侣与哲学家 
2249020, 42.6, 7.8, 3075, 林徽因传 
1002701, 33.9, 8.9, 200, 中国绘画三千年 
4002701, 51.8, 8.4, 6519, 朱镕基答记者问 
26236437, 32.6, 6.9, 1666, 八卦艺术史 
3054127, 40.4, 7.7, 2382, 十宅论 
25862900, 31.6, 8.7, 164, 话/镜 
1157293, 31.1, 8.2, 233, 原始思维 
4269888, 39.2, 8.7, 558, 阳明学述要 
26672748, 35.2, 8.9, 244, 山居杂忆（插图精装版） 
1358404, 32.3, 7.5, 639, 穿KENZO的女人 
1270551, 44.4, 9.0, 925, 八十忆双亲 师友杂忆 
26722581, 24.0, 9.2, 36, 基督教史 
6990290, 33.2, 8.5, 251, 西欧中世纪史 
26779450, 22.5, 8.2, 52, 何以为家 
2382924, 36.4, 8.1, 664, 色彩的性格 
5336230, 33.7, 8.3, 331, 论诱惑 
1033273, 38.0, 7.8, 1288, 海蒂性学报告 
26844382, 22.5, 8.3, 48, 和这本书一样安静 
1053174, 44.0, 8.6, 1350, 你干吗在乎别人怎么想？ 
7054138, 32.7, 7.3, 906, 洗脑术 
3410762, 42.2, 9.0, 659, 气势撼人 
24696954, 23.7, 9.1, 36, 图像与眼睛 
1462854, 28.3, 8.9, 83, 理想的冲突 
1025829, 27.9, 8.1, 147, 信任 
21714777, 34.7, 8.3, 399, 巴西：未来之国 
21683667, 32.6, 8.7, 193, 电影研究关键词 
25820165, 33.2, 8.7, 210, 田园之秋 
1051931, 38.7, 8.9, 423, 西藏度亡经 
6126239, 27.9, 9.4, 57, 围棋入门 
1464575, 34.0, 8.4, 319, 危险的愉悦 
1489670, 48.5, 8.7, 2503, 老子他说 
1795393, 28.6, 7.3, 390, The Art of Mu Xin 
26700808, 25.6, 7.2, 232, 海怪简史 
26856556, 13.2, 8.0, 11, 国中的“异乡” 
1039258, 39.3, 8.8, 514, 西方政治思想史 
26786630, 24.2, 8.2, 70, 采葑小集 
4841640, 36.3, 8.9, 291, 地下 
25918820, 39.6, 7.8, 1762, 吴哥之美 
1344535, 30.8, 8.4, 184, 搞定男人 
20278799, 48.4, 7.6, 13117, 三十六大 
25736470, 33.3, 8.7, 214, 素材与身体 
26685539, 36.7, 8.1, 696, 有鹿来 
1150414, 36.5, 9.4, 199, 篆刻学 
1068872, 27.4, 8.3, 113, 结构主义以来：从列维-斯特劳斯到德里达 
26576861, 57.7, 9.0, 7145, 最好的告别 
26738072, 23.4, 8.4, 53, 这就是二十四节气 
1868874, 39.9, 8.4, 872, 摄影小史+机械复制时代的艺术作品 
1096240, 35.4, 8.2, 496, 机械复制时代的艺术作品 
6772098, 27.3, 8.6, 88, 北魏平城时代 
4266008, 47.6, 8.3, 3694, 给一个未出生孩子的信 
2079491, 39.6, 8.1, 1171, 另一种讲述的方式 
1262809, 37.5, 8.8, 387, 近代的超克 
26861716, 25.2, 7.8, 117, 中国异闻录 
1418648, 46.4, 8.4, 2609, 胡适口述自传 
10566838, 41.1, 7.5, 3715, 圣人请卸妆 
26687647, 38.1, 7.8, 1315, 至味在人间 
1223612, 37.4, 8.5, 506, 唐鲁孙谈吃 
3865978, 35.2, 8.7, 290, 神话修辞术/批评与真实 
1049215, 45.3, 7.5, 8532, 借我一生 
7063932, 40.7, 8.2, 1266, 东京散步 
4213397, 41.9, 8.9, 692, 莱昂内往事 
26847603, 23.1, 8.1, 62, 我用尽青春，只为寻你：徐志摩传 
25939157, 36.2, 8.2, 575, 吃货的孤单心事 
1061029, 48.3, 8.8, 2148, 杜尚访谈录 
3168709, 34.6, 8.6, 292, 风格与世变 
1789444, 37.9, 8.4, 621, 第三次浪潮 
1939594, 39.7, 7.7, 2082, 京都一年 
1112447, 33.4, 8.1, 389, 群氓的时代 
3213781, 40.9, 9.1, 488, 启迪 
1399258, 30.8, 8.5, 171, 人情、面子与权力的再生产 
1048014, 43.3, 8.5, 1365, 外国古建筑二十讲 
1528482, 40.3, 9.3, 377, 声律启蒙 
3334535, 42.8, 8.5, 1251, 剑桥艺术史：绘画观赏 
26899077, 28.8, 9.5, 61, 迷因效应 
3141528, 30.4, 8.8, 125, 不為設計而設計=最好的設計 
26544961, 28.3, 8.0, 172, 24/7 
5333443, 31.9, 8.4, 222, 抽象与移情 
26767467, 22.6, 8.5, 43, 龙与鹰的帝国 
26184836, 27.1, 7.8, 166, 朱雀 
2988944, 44.5, 8.7, 1314, 金翼 
5276620, 41.1, 7.8, 2337, 什么都没有发生 
26433665, 27.8, 7.7, 211, 古怪的身体 
26878947, 30.3, 8.3, 186, 我不过低配的人生 
3546574, 36.8, 8.8, 342, 扭曲的人性之材 
26721353, 27.3, 8.1, 132, 遇见怦然心动的小书店 
26653460, 35.0, 8.3, 421, 烟雾弥漫你的眼 
25945487, 36.8, 7.4, 1818, 鱼羊野史·第2卷 
1496315, 33.0, 8.9, 174, 文艺复兴 
26872888, 29.6, 7.8, 264, 人类砍头小史 
1861252, 33.8, 9.1, 167, 普利策新闻奖 特稿卷 
3866002, 40.6, 7.2, 5703, 我所爱的香港 
26841146, 40.7, 8.3, 1123, 人间乐 
2222424, 30.2, 7.6, 372, 女人的起源 
5385877, 36.9, 9.0, 291, 中国近代思想与学术的系谱 
25900956, 36.4, 7.9, 851, 刻小说的人 
6751045, 34.6, 8.2, 429, Wabi-Sabi 
26873471, 20.7, 9.1, 23, 汉学书评 
1444558, 44.5, 8.7, 1300, 博尔赫斯谈艺录 
5275474, 38.3, 8.2, 831, 反造型 
26584734, 38.8, 8.4, 722, 乐之本事 
2974903, 44.0, 8.1, 2562, 香港味道2 
26786792, 25.4, 9.1, 47, 走走画画 
1918353, 35.4, 8.7, 302, 流放者归来 
2075175, 42.7, 8.8, 882, 缘缘堂随笔 
4214537, 40.7, 8.8, 644, 思考建筑 
26594676, 30.1, 9.4, 79, 古典传统 
1867095, 34.1, 8.8, 224, 粵語（香港話）教程 
2061863, 40.2, 8.6, 727, 自私的德性 
25881958, 40.7, 9.0, 525, 人间词话七讲 
4837333, 35.0, 8.2, 463, 写给大家看的设计书 
1072767, 42.0, 9.1, 581, 宇宙 
2284985, 29.4, 9.4, 71, 黄仁宇全集（全14册） 
1556409, 32.1, 8.4, 232, 信任论 
1008660, 44.3, 8.4, 1832, 马桥词典 
26426959, 33.3, 8.1, 379, 丝绸之路新史 
2149717, 49.2, 8.9, 2174, 庄子諵譁（上） 
26733854, 40.4, 8.7, 675, 明天也是小春日和 
3215829, 36.3, 8.3, 520, 住宅读本 
19954650, 27.1, 9.1, 61, 日本古書店的手繪旅行 
25723773, 30.5, 9.0, 109, 柏拉图对话录 
25923437, 22.3, 8.4, 44, 火的记忆 1： 创世纪 
26911451, 16.2, 8.0, 19, 小津安二郎美食三昧 
10796035, 42.8, 9.2, 598, 中国古典诗词感发 
6800514, 32.8, 8.7, 199, 《艺术的故事》笺注 
26411248, 16.5, 7.7, 24, 万变 
1073143, 40.8, 8.8, 653, 美学(第一卷) 
4212245, 40.4, 8.5, 846, 别想摆脱书 
1322445, 40.1, 8.4, 901, 林语堂散文 
26291984, 49.6, 8.8, 2609, 最后的耍猴人 
3874395, 35.9, 8.9, 272, 思想的力量 
4582324, 31.0, 9.3, 96, 中国陶瓷史 
21267489, 38.8, 9.2, 327, 加德纳艺术通史 
26762176, 14.2, 7.5, 17, 电影理论自修课 
25960141, 44.2, 9.2, 735, 地图（人文版） 
2223180, 39.7, 8.6, 673, The Copy Book 全球32位顶尖广告文案的写作之道 
26825519, 21.6, 9.7, 20, 吾国与吾民 
19928910, 29.9, 7.0, 771, 笑什么笑，我们搞的是科学 
1437129, 39.9, 8.1, 1250, 悠游小说林 
24530428, 36.4, 7.6, 1259, 许倬云说历史：台湾四百年 
25898124, 42.0, 7.6, 3762, 得未曾有 
26775466, 41.5, 8.5, 1010, 小家，越住越大 
26369891, 30.9, 8.7, 147, 猿形毕露 
1775264, 35.3, 8.2, 488, 景观社会 
3321968, 38.7, 7.7, 1692, 说谎 
25819935, 29.8, 8.5, 143, 中国古典文心 
26608142, 28.0, 8.1, 149, 长安之春 
26628827, 25.1, 7.3, 188, 宫崎骏和他的世界 
26461519, 36.3, 8.0, 735, 面包会有的 
20516441, 36.3, 8.9, 292, 美术、神话与祭祀 
25758646, 31.2, 8.7, 154, MoMA亮点 
25857922, 33.4, 8.2, 353, 罗马灭亡后的地中海世界（上下册） 
26779398, 20.8, 9.7, 18, WKW 
1676619, 22.2, 8.7, 36, 智慧与魔咒 
25804649, 35.2, 7.4, 1323, 无知的游历 
26043606, 24.4, 9.2, 38, 美国人 
5408843, 37.8, 7.7, 1434, 旅行从客房开始 
26756030, 35.4, 8.4, 406, 时间之间 
22229485, 34.3, 7.8, 652, 需求 
26860965, 20.2, 7.1, 80, 戏梦纽约 
1784790, 45.0, 9.0, 1009, 傅山的世界 
3128801, 41.9, 8.1, 1764, 写给大家的中国美术史 
3117249, 40.9, 9.0, 542, 华夏美学·美学四讲 
26815907, 25.2, 7.3, 192, 这样和世界相处 
26849305, 35.6, 8.9, 261, 成为乔布斯 
25850080, 33.8, 8.0, 467, 何以中国 
21370327, 34.3, 8.5, 302, 学做工 
1056968, 41.7, 8.2, 1503, 老饕漫笔 
26905279, 21.5, 8.5, 36, 大人物的世界史 
26606513, 33.1, 8.8, 192, 如何读中国画 
26612460, 36.4, 8.4, 476, Lens·视觉003：不需要安全感就是自由 
6394943, 28.6, 9.0, 81, 西方建筑史 
5905979, 36.3, 8.8, 319, 斜目而视 
26919442, 11.5, 7.5, 10, 种瓜得豆 
2049866, 40.9, 9.0, 542, 山海经校注 
26870038, 23.0, 8.7, 41, 美好百科2：糟糕！我的脑子在跑 
26274949, 38.0, 8.3, 699, 昨天的中国 
3410759, 45.8, 9.0, 1140, 隔江山色 
5350226, 29.8, 8.3, 170, 中东史 
4242368, 36.5, 8.6, 400, 茶馆 
10471333, 55.4, 8.9, 5737, 叫魂 
6892579, 52.0, 8.4, 6726, 美国种族简史 
26772731, 44.7, 8.3, 2206, 七堂极简物理课 
25744944, 43.9, 8.5, 1516, 既见君子 
6851587, 32.7, 8.3, 280, 神话的力量 
26770923, 25.2, 8.2, 83, 与哲学家一起思考 
26425892, 41.2, 8.5, 967, 我的凉山兄弟 
26842454, 22.1, 8.2, 48, 免疫 
1799770, 37.9, 8.6, 497, 中国美学十五讲 
1011215, 52.7, 8.8, 4292, 论语别裁(上下) 
6121542, 43.8, 8.0, 2888, 当你途经我的盛放 
3178741, 47.5, 9.2, 1199, 来自民间的叛逆 
2374070, 35.9, 9.0, 251, 夫妻双修功 
1223845, 47.4, 7.6, 10883, 男人来自火星 女人来自金星 
26308505, 33.9, 8.4, 314, 杂草的故事 
26785986, 29.4, 8.3, 159, 食帖09：了不起的面包 
1322455, 56.0, 8.8, 7231, 遥远的救世主 
3190550, 40.8, 8.3, 1135, 巨匠与杰作 
25777432, 43.4, 9.1, 716, 罗马人的故事（礼品装，全15册） 
3238550, 31.5, 8.0, 305, 老美国志异 
1032967, 47.6, 9.1, 1364, 说文解字 
10491608, 38.8, 8.6, 574, 神祇、陵墓与学者 
26136989, 30.9, 8.3, 206, 王阳明大传：知行合一的心学智慧（全三册） 
1227920, 34.8, 8.1, 503, 日本古典俳句选 
26411095, 31.2, 7.6, 454, 当我们阅读时，我们看到了什么 
26864237, 29.2, 8.6, 120, 爱欲与哀矜 
26451439, 38.8, 8.1, 1022, 木心谈木心 
1207847, 40.0, 8.5, 788, 增广贤文 
25907863, 28.6, 9.2, 71, 中国文学的抒情传统 
5914555, 37.6, 8.0, 932, 暴食江湖 
1778511, 35.3, 8.6, 326, 象征交换与死亡 
26660844, 20.3, 8.9, 24, 抄工与学者 
2054584, 30.3, 9.3, 86, 中国天文考古学 
26274359, 29.2, 9.1, 84, 夏威夷史诗 
5906099, 42.6, 8.7, 957, 毛以后的中国1976-1983 
6714961, 34.5, 9.2, 173, 中国现代思想的起源 
1491630, 43.8, 8.7, 1174, 小窗幽记 
3312323, 35.2, 9.1, 208, 艺术与观念（上册） 
2287712, 42.2, 8.8, 807, 美国精神的封闭 
26354440, 39.9, 8.9, 511, 野蛮大陆 
1253310, 52.6, 8.9, 3716, 人间草木 
26716260, 33.0, 8.2, 329, 中国文学史 
26760972, 20.1, 8.4, 30, 危险关系 
26717937, 26.7, 7.6, 189, 女人的食指 
11637320, 28.5, 8.1, 161, 民国时期大学校园文化 
10825459, 32.9, 8.1, 359, 东京记 
26722322, 28.6, 8.7, 100, 我的时尚厨房 
20282961, 23.2, 9.7, 25, 科学革命的编史学研究 
1492634, 47.1, 8.3, 3361, 生活的艺术 
20473505, 41.6, 8.7, 824, 山月记 
26781653, 21.6, 8.4, 39, 弗洛伊德遇见佛陀 
26338071, 33.4, 7.5, 801, 新闻的骚动 
3223719, 36.9, 8.2, 644, 围炉夜话 
1823533, 46.7, 8.7, 1869, 山海经 
3408334, 34.7, 8.9, 226, 洗冤集录译注 
25773343, 25.8, 9.0, 53, 伯克毕生发展心理学：从0岁到青少年（第4版） 
1007196, 47.0, 8.5, 2513, 闲情偶寄 
10736800, 37.6, 6.7, 7765, 重口味心理学 
1097397, 36.3, 8.6, 383, 死亡的脸 
3376908, 38.9, 8.2, 915, 图解日本妖怪大全（上下） 
3525645, 38.4, 8.0, 1082, 蒙元入侵前夜的中国日常生活 
25845647, 46.0, 8.7, 1680, 天空的另一半 
6811366, 49.2, 8.3, 4805, 禅与摩托车维修艺术 
26646201, 31.2, 7.6, 454, 葡萄柚 
3132641, 39.6, 8.8, 536, 中国现代思想史论 
26762116, 27.4, 7.9, 159, 疯癫老人日记 
2340059, 38.2, 7.6, 1805, 心理控制术 
23782049, 30.2, 8.3, 181, 儿童的世纪 
21617690, 42.0, 8.4, 1228, 再会，老北京 
3094349, 36.6, 8.6, 401, 羌在汉藏之间 
1912653, 38.6, 9.0, 382, 朱光潜谈美 
1015584, 51.7, 8.0, 12174, 看上去很美 
22994564, 31.1, 9.5, 85, 哥特艺术 
3389984, 51.5, 8.6, 4632, 俗世奇人 
26688691, 29.9, 8.3, 172, 美物抵心 
3826293, 34.0, 8.2, 392, 教授与疯子 
26325928, 41.4, 8.4, 1108, 人在纽约 
11609934, 29.0, 9.3, 71, 仰观集 
4126261, 36.7, 8.1, 701, 身份与暴力 
1006884, 45.8, 8.6, 1834, 随园食单 
26281236, 26.5, 7.7, 164, 催情植物传奇 
26830114, 17.3, 8.5, 18, 家门口的自然探索笔记 
1095500, 35.4, 8.8, 276, 意识形态的崇高客体 
10436418, 48.5, 8.9, 1958, 战争与革命中的西南联大 
3410761, 40.0, 9.0, 472, 山外山 
26133770, 33.2, 8.9, 178, 盗火者 
1276479, 43.0, 8.8, 928, 发达资本主义时代的抒情诗人 
25886172, 37.6, 7.6, 1578, 幻想图书馆 
23781718, 27.4, 9.5, 50, 古典音乐 
7060185, 64.7, 9.0, 21049, 江城 
26314736, 29.8, 8.6, 132, 希腊神话 
2282081, 43.5, 8.0, 2725, 香港味道1 
1964774, 57.5, 9.0, 6902, 论语 
26843917, 24.1, 8.9, 43, 和食十品 
3003032, 47.9, 9.2, 1281, 浪漫主义的根源 
26771603, 31.5, 8.2, 251, 英雄的食材和神做法 
2377940, 36.0, 8.4, 443, 抵抗的群体 
26578400, 27.6, 8.2, 127, 煮海时光 
1807798, 40.1, 9.0, 475, 洛阳伽蓝记校笺 
5290370, 48.8, 8.6, 3002, 禅的行囊 
11603000, 32.1, 8.1, 307, 不朽的林泉 
7055536, 38.1, 8.9, 386, 资中筠自选集（全五册） 
25876615, 30.7, 8.4, 182, 信徒的国度 
1879204, 39.9, 8.8, 564, 武梁祠 
26770999, 28.6, 8.5, 118, 斯坦福大学创业成长课 
21363162, 39.8, 9.4, 321, 詹森艺术史（插图第7版） 
26587564, 41.1, 8.3, 1187, 我已与一万亿株白桦相逢 
26825896, 13.7, 8.2, 11, 自给自足生活简明指南 
26845423, 22.4, 9.3, 27, 十二幅画 
1456524, 44.5, 7.9, 3819, 这个世界会好吗 
1203363, 43.9, 9.0, 862, 中国小说史略 
3464436, 43.9, 8.9, 956, 剑桥艺术史：古希腊罗马艺术 
26686234, 33.9, 8.5, 286, 身為職業小說家 
3410760, 41.6, 9.0, 606, 江岸送别 
26548374, 30.2, 7.0, 814, 好物100 
26844939, 24.6, 7.9, 96, 只有她知道 
2118293, 42.8, 9.3, 543, 鳥山石燕 画図百鬼夜行全画集 
1799788, 37.3, 8.5, 504, 华夏边缘 
1331454, 41.5, 8.7, 801, 西方正典 
1048364, 37.6, 8.8, 391, 日本现代文学的起源 
10607793, 46.3, 8.5, 2243, 刀与星辰 
24527462, 32.7, 8.6, 213, 人类学入门 
26104025, 26.3, 8.4, 86, 启蒙时代（上） 
26795375, 22.9, 7.7, 82, 原来你是这样的欧洲史 
1372679, 35.7, 9.1, 222, 如夢之夢 
1393724, 50.4, 9.0, 2345, 楚辞 
26265745, 46.1, 8.2, 3228, 清明上河图密码 
2381950, 50.9, 8.8, 3226, 论摄影 
1003013, 33.4, 8.7, 218, 时尚的哲学 
10594802, 41.5, 8.0, 1898, 写给无神论者 
25846075, 31.8, 8.1, 291, 技术的本质 
25799716, 40.4, 8.6, 757, 一日一花 
10430397, 38.9, 8.9, 436, 艺术通史 
1036541, 51.5, 8.7, 4074, 疯癫与文明 
26417490, 41.6, 8.2, 1486, 写给大家的西方美术史 
26830154, 26.2, 8.7, 68, 迷信与暴力 
1040466, 50.8, 8.9, 2780, 谈美 
26416549, 30.4, 8.3, 188, 兰屿之歌 清泉故事 
5269192, 37.7, 7.9, 1067, 创业的国度 
1254942, 46.7, 9.2, 1064, 黄帝内经 
26369908, 28.4, 7.4, 326, 北野武自述 
5341225, 40.6, 8.3, 1099, MUJI 無印良品 
1171881, 37.2, 8.0, 866, 有闲阶级论 
24324704, 42.8, 8.0, 2412, 剑桥简明金庸武侠史 
4113090, 51.0, 7.4, 33308, 我们台湾这些年 
1849409, 48.5, 9.1, 1565, 易经 
24878414, 34.6, 8.3, 389, 少有人看见的美 
