Tag: 日本文学 

ID, Score, Rating, Votes, Title 
25862578, 73.4, 8.6, 167254, 解忧杂货店 
26819477, 41.7, 9.0, 615, 东京本屋 
5038409, 59.1, 9.0, 8905, 金色梦乡 
4011670, 60.4, 8.3, 33131, 人间失格 
5043454, 35.2, 7.9, 672, 盛开的樱花林下 
26210487, 50.1, 9.1, 1994, 强风吹拂 
3259440, 79.6, 9.1, 172556, 白夜行 
26686234, 33.9, 8.5, 286, 身為職業小說家 
26832913, 35.4, 8.1, 560, 二十亿光年的孤独 
26842937, 32.6, 8.9, 162, 全怪谈（全三册） 
10345560, 41.4, 7.8, 2453, 离别之音 
1046265, 66.5, 8.0, 178472, 挪威的森林 
26797395, 34.8, 8.2, 447, 夏日启示录 
26760976, 39.7, 8.4, 839, 怒 
4742918, 65.0, 8.3, 73684, 1Q84 BOOK 1 
26759579, 37.3, 8.7, 408, 事物的味道，我尝得太早了 
1059419, 61.5, 8.1, 58582, 海边的卡夫卡 
26787931, 37.7, 7.7, 1403, 精神科的故事：在游泳池 
1291809, 60.5, 8.5, 24051, 世界尽头与冷酷仙境 
26733854, 40.4, 8.7, 675, 明天也是小春日和 
26821903, 35.3, 7.9, 689, 精神科的故事：空中秋千 
25752955, 51.6, 9.0, 2812, 来自新世界 （上下） 
26654687, 36.1, 8.0, 710, 你是我的命运 
3391248, 55.9, 8.6, 9597, 金阁寺 
26687879, 41.0, 8.1, 1506, 一首小夜曲 
26698598, 41.0, 8.2, 1334, 有如走路的速度 
5269222, 50.7, 8.5, 4693, 一朵桔梗花 
2250587, 56.7, 7.6, 67257, 一个人的好天气 
6802423, 36.4, 7.7, 1089, 哦！爸爸们 
3056906, 32.0, 8.3, 250, 夏日的庭院 
3277199, 49.0, 8.1, 6300, 多田便利屋 
1080370, 65.4, 8.6, 45007, 情书 
26613052, 44.2, 8.7, 1249, 我的造梦之路 
3136271, 57.5, 8.6, 12459, 罗生门 
26735085, 36.3, 7.7, 1083, 奇迹 
26819925, 30.8, 8.6, 156, 君の名は。 
26846483, 34.2, 8.5, 301, 不然你搬去火星啊 
4151117, 47.8, 8.5, 2896, 阴翳礼赞 
26698223, 39.5, 9.2, 366, 永恒的时光之旅 
26762263, 32.4, 8.1, 325, 我被封杀的抒情 
1220219, 54.4, 8.6, 7456, 阴阳师 
26769999, 35.7, 7.8, 835, 死神的浮力 
4885241, 63.5, 8.4, 47246, 1Q84 BOOK 2 
25892399, 46.0, 7.9, 5005, 余生皆假期 
25982254, 47.4, 8.1, 4701, 大萝卜和难挑的鳄梨 
26261735, 43.5, 8.5, 1413, 编舟记 
25733470, 56.7, 8.3, 17505, 村上春树：没有色彩的多崎作和他的巡礼之年 
20473505, 41.6, 8.7, 824, 山月记 
26774091, 29.4, 8.4, 147, 唐草物语 
26890264, 29.4, 9.0, 92, 不畏风雨 
1039752, 56.1, 7.8, 39315, 且听风吟 
3920130, 58.1, 8.6, 13625, 告白 
26315820, 33.1, 8.4, 272, 火花 
26848972, 29.8, 8.1, 203, 这里是没有我们存在的地方 
1005521, 56.7, 8.1, 24791, 伊豆的舞女 
4127527, 52.8, 8.2, 10475, 厨房 
3369600, 59.6, 8.1, 41839, 当我谈跑步时我谈些什么 
1006113, 50.4, 7.8, 13594, 源氏物语 
3987362, 51.5, 8.8, 3565, 春雪 
1069059, 51.9, 8.1, 10546, 雪国 
2008284, 58.8, 8.7, 13115, 佐贺的超级阿嬷 
1400059, 51.7, 8.7, 4163, 心 
4173403, 49.3, 7.7, 13021, 温柔的叹息 
4882013, 40.9, 8.1, 1475, 异常 
26280924, 41.3, 8.4, 1089, 看海的人 
25944034, 45.5, 8.6, 1744, 菊次郎与佐纪 
26712094, 36.4, 8.2, 596, 汽油生活 
26367367, 41.6, 8.6, 909, 宵待草夜情 
1434435, 41.6, 8.3, 1314, 春琴抄 
1316444, 26.6, 7.7, 165, 舞姬 
3211779, 74.8, 8.9, 118950, 嫌疑人X的献身 
1318126, 53.3, 8.4, 8437, 雪国 
24538715, 46.9, 8.6, 2183, 艾比斯之梦 
26840568, 34.2, 9.2, 164, 草疯长 
25744411, 41.2, 8.6, 856, 被嫌弃的松子的一生 
1000856, 49.1, 7.9, 8898, 我是猫 
3866885, 44.9, 8.5, 1786, 沉默 
26286208, 44.2, 7.7, 4890, 没有女人的男人们 
26826894, 27.2, 8.8, 75, 我们是穷得开朗，所以不用担心 
26770145, 38.1, 8.6, 512, 菊与刀（精装插图版） 
1091904, 46.6, 9.1, 1168, 丰饶之海（上下） 
24736899, 47.9, 8.0, 6113, 雪国 
1015452, 57.2, 8.2, 22824, 国境以南 太阳以西 
4067621, 53.9, 8.2, 12716, 暗黑童话 
1069210, 33.3, 7.6, 682, 痴人之爱 
1008074, 50.0, 7.5, 22012, 失乐园 
2160230, 45.7, 8.5, 2044, 细雪 
20513012, 42.6, 7.6, 4259, 无比芜杂的心绪 
1457542, 47.2, 9.2, 1144, 芥川龙之介全集 
26840552, 25.4, 8.1, 93, 西瓜的香气 
21460732, 46.1, 8.3, 2811, 秒速五厘米 
26242908, 41.1, 7.6, 3174, 如果世上不再有猫 
20473089, 47.1, 8.6, 2266, 有顶天家族 
4105411, 50.1, 8.1, 7743, 第八日的蝉 
5502995, 52.8, 7.6, 31063, 1Q84 BOOK 3 
26771731, 23.8, 8.2, 65, 朱鹮 
24319078, 41.5, 7.7, 2936, 我心中尚未崩坏的部分 
3920144, 44.2, 8.6, 1413, 春宵苦短，少女前進吧！ 
26776393, 31.3, 9.2, 107, 故乡，心里的风景 
25858068, 40.6, 7.6, 2880, 100个基本 
3391245, 48.5, 8.4, 3702, 假面自白 
6967980, 40.6, 7.4, 3948, 然后，我就一个人了 
6885715, 44.3, 7.7, 4978, 蓝另一种蓝 
26899959, 21.0, 9.5, 20, 达洋猫动物小说·奇幻冒险五部曲 
25886172, 37.6, 7.6, 1578, 幻想图书馆 
26735064, 41.3, 7.3, 5462, 孤独小说家 
10587562, 45.0, 8.2, 2686, 东京日和 
26825826, 29.1, 7.6, 298, 同栖生活 
3259428, 49.7, 8.5, 3978, 斜阳 
1020670, 56.2, 8.2, 19211, 舞！舞！舞！ 
10581659, 40.2, 8.3, 1030, 老妓抄 
26314932, 36.9, 8.4, 518, 言叶之庭 
3842847, 48.2, 8.6, 2701, 深河 
26367364, 41.3, 8.1, 1605, 爱吃沙拉的狮子 
5395162, 46.6, 9.0, 1298, 天人五衰 
3391246, 48.7, 8.2, 5143, 潮骚 
1212080, 54.4, 8.4, 10042, 奇鸟行状录 
2297697, 61.3, 8.6, 23139, ZOO 
25935074, 40.4, 8.1, 1365, 文·堺雅人：憧憬的日子 
26476959, 30.5, 8.3, 193, 我青春漫游的时代 
26762116, 27.4, 7.9, 159, 疯癫老人日记 
21692813, 46.1, 7.6, 8392, 眠 
24871460, 37.6, 8.4, 589, 幻之光 
26850007, 29.3, 8.2, 171, 一幅画开启的世界 
1962124, 50.1, 8.5, 4222, 东京塔 
1009094, 47.9, 8.6, 2584, 古都 
25808738, 40.1, 9.1, 433, 阴阳师典藏合集 
3418469, 40.2, 7.6, 2631, 怪谈 
26577701, 28.1, 8.0, 167, 我的美的世界 
1839508, 32.2, 9.1, 132, 石川啄木诗歌集 
5348044, 43.5, 8.0, 2736, 敦煌 
26874773, 24.9, 8.4, 68, 黑夜的空白 
1421975, 52.5, 8.7, 4777, 只有你聽到 Calling You 
4898551, 46.2, 8.2, 3306, 四叠半神话大系 
25935075, 39.5, 8.1, 1150, 文·堺雅人：健康的日子 
24722098, 39.3, 9.2, 352, 少年H 
5423775, 42.1, 8.2, 1621, 隔壁女子 
5366440, 42.4, 8.6, 1047, 禁色 
20267987, 41.1, 7.4, 4426, 孤独美食家 
3606804, 42.6, 8.2, 1771, 徒然草 
1855231, 45.8, 8.6, 1809, 银河铁道之夜 
26686802, 38.1, 8.8, 422, 真幌站前狂骚曲 
1053759, 54.6, 8.3, 12175, 雪国 古都 
11498200, 46.2, 8.3, 2859, 寂寞的频率 
5283571, 30.8, 9.2, 99, 宛如阿修羅 
24529164, 40.5, 8.1, 1390, 楼兰 
3191044, 52.5, 7.8, 20155, 华莱士人鱼 
26898387, 21.4, 8.3, 40, 虚伪的真心话 
1048364, 37.6, 8.8, 391, 日本现代文学的起源 
1848256, 52.5, 8.0, 14102, 东京奇谭集 
19985027, 43.5, 8.6, 1244, 御伽草纸 
5980581, 42.7, 8.3, 1587, 十三夜 
1079440, 53.5, 8.1, 14219, 遇到百分之百的女孩 
26723427, 31.4, 8.3, 225, 西巷说百物语 
26534897, 31.0, 8.6, 160, 百器徒然袋——风 
6404040, 39.9, 8.1, 1250, 三行情书 
3785741, 48.4, 8.0, 6619, 死神的精确度 
6265779, 44.2, 8.3, 2034, 地下 
6430503, 32.4, 8.8, 171, 万叶集精选 
26576518, 33.8, 7.0, 1832, 我的晃荡的青春 
26785388, 26.3, 7.2, 268, 賢者之愛 
6126821, 43.8, 8.4, 1665, 远方的鼓声 
22542435, 39.3, 7.6, 2234, 我是开豆腐店的，我只做豆腐 
24736900, 44.2, 8.2, 2324, 千只鹤 
1031740, 54.9, 8.1, 18236, 寻羊冒险记 
26264956, 37.8, 7.3, 2626, 袭击面包店 
6391166, 43.9, 7.8, 3989, 碎片 
26431631, 30.2, 8.3, 181, 春天与阿修罗 
25767395, 27.6, 6.9, 525, 神的拉面 
6714442, 37.6, 8.8, 390, 井原西鹤选集 
1205778, 35.8, 7.7, 972, 睡美人 
25938704, 33.7, 8.4, 300, 一弦琴 
4151180, 47.3, 8.0, 5416, 巷说百物语 
5395724, 49.3, 8.5, 3696, 华丽人生 
5299766, 41.7, 8.5, 1046, 青梅竹马 
1926700, 54.0, 7.7, 32171, 关于莉莉周的一切 
6041089, 46.5, 8.3, 3020, 家鸭与野鸭的投币式寄物柜 
4311472, 42.2, 8.4, 1272, 后来的事 
3801097, 50.7, 7.8, 14248, 夏天·烟火·我的尸体 
25904933, 36.3, 8.4, 470, 我的母亲手记 
1441488, 46.3, 8.4, 2571, 宫本武藏·剑与禅（上下） 
26667280, 21.3, 7.6, 65, 虽然没有遇到什么困难，但我就是要逃避 
4823788, 45.2, 8.8, 1298, 奔马 
25883054, 37.6, 8.6, 472, 草枕 
3499317, 44.0, 9.3, 644, 芥川龙之介精选集 
26770916, 26.9, 7.2, 308, 毛茸茸 
25923985, 39.1, 9.0, 412, 我心中的美好世界 
26673853, 31.1, 7.4, 572, 庭守之犬 
26314930, 39.7, 8.6, 676, 杀手界·疾风号 
10768064, 44.1, 8.0, 3050, 涡虫 
20473093, 42.3, 8.5, 1156, 大逃杀 
26425881, 36.4, 8.2, 596, 真幌站前番外地 
26412327, 32.5, 8.0, 371, 八口小锅 
25737793, 41.2, 8.5, 967, 阳光劫匪 
4231214, 37.3, 7.8, 1147, 恶人 
25747597, 35.3, 7.5, 1155, 不能不去爱的两件事 
20379212, 37.5, 7.0, 4139, 不如去死 
1205392, 31.1, 7.8, 356, 古事记 
26681392, 32.0, 8.1, 303, 去山里盖座小屋吧 
6719661, 39.4, 8.4, 800, 仲夏之死 
20488770, 36.0, 7.6, 1167, 恋爱中毒 
26721353, 27.3, 8.1, 132, 遇见怦然心动的小书店 
26706772, 28.0, 8.2, 136, 你知不知道我很担心你啊 
26118072, 47.0, 7.7, 8367, 祈祷落幕时 
26717937, 26.7, 7.6, 189, 女人的食指 
5326849, 45.9, 8.1, 3659, 奥杜邦的祈祷 
1455138, 45.5, 8.8, 1374, 白色巨塔（第一部） 
25815415, 36.6, 8.0, 780, 后巷说百物语 
4140396, 43.1, 8.5, 1323, 黄昏清兵卫 
1868623, 42.4, 8.4, 1330, 在黑暗中等待 
3140801, 54.0, 8.1, 15470, 姑获鸟之夏 
1035517, 45.6, 7.6, 7677, 男人这东西 
26378466, 31.4, 7.9, 336, 生日故事集 
25713168, 40.3, 8.2, 1173, 摩登时代 
26046043, 40.9, 8.3, 1159, 人类灭绝 
4626090, 44.3, 8.4, 1826, 奔跑吧！梅勒斯 
26413027, 47.2, 7.5, 12617, 虚无的十字架 
1020959, 51.9, 8.1, 10621, 斯普特尼克恋人 
1035362, 50.1, 7.9, 10722, 神的孩子全跳舞 
6517150, 39.3, 7.6, 2224, 31岁又怎样 
26720709, 21.2, 7.0, 111, 恋物物语 
5907515, 34.9, 8.3, 408, 浮云 
4617900, 41.8, 8.4, 1202, 萨德侯爵夫人 
2297706, 52.5, 8.2, 9981, 平面狗 
26603305, 22.2, 8.8, 34, 日本推理100年 
19967320, 33.8, 8.1, 416, 远野物语·日本昔话 
26258910, 29.3, 9.2, 79, 昨夜的咖哩，明日的麵包 
1227920, 34.8, 8.1, 503, 日本古典俳句选 
1434314, 34.2, 9.0, 192, 父親的道歉信 
26585457, 29.7, 8.6, 131, 海与毒药 
4067626, 48.7, 8.1, 5968, 重力小丑 
26760898, 28.1, 7.8, 199, 花与爱丽丝 
6903035, 35.2, 8.4, 391, 柠檬 
20428304, 38.2, 8.5, 578, 天平之甍 
25887244, 32.3, 8.1, 321, 异恋 
2119843, 41.1, 6.9, 11314, 钝感力 
20381888, 38.3, 8.3, 739, 坏女人 
1949925, 47.6, 8.1, 4872, 沉落的黄昏 
1427754, 39.6, 8.8, 534, 侏儒的话 
24736901, 40.4, 8.3, 1058, 山音 
26309151, 31.4, 7.4, 605, 昼颜 
5323630, 32.9, 7.9, 445, 日本物哀 
26662018, 26.2, 7.5, 189, 甜蜜的房间 
19944232, 36.4, 8.1, 667, 等风的人 
1772580, 33.3, 9.2, 143, 蟬時雨 
4903188, 36.7, 8.3, 560, 叶隐入门 
4049269, 53.1, 9.5, 1969, 狐狸的窗户 
10794337, 36.3, 8.6, 383, 神之病历1 
1042586, 39.1, 8.4, 754, 个人的体验 
6387179, 33.2, 8.9, 178, 近松门左卫门选集 
25885021, 34.8, 8.3, 405, 砂女 
26879048, 24.2, 9.1, 39, 京料理 
3391242, 42.2, 8.0, 2141, 爱的饥渴 
6087394, 32.9, 8.7, 203, 东野圭吾精选集-全10册 
1451520, 37.0, 7.7, 1232, 沙门空海之大唐鬼宴·卷之一·入唐 
3025613, 43.0, 8.6, 1150, 赤朽葉家的傳說 
26180267, 28.0, 7.1, 436, 我们是不是该结婚了 
6814968, 37.6, 8.3, 651, 虞美人草 
20503618, 37.2, 8.6, 445, 惡之教典 (上) 
25832600, 32.4, 8.1, 326, 冬至草 
10600119, 39.3, 8.2, 995, 尽头的回忆 
11597314, 32.1, 8.0, 344, 我被爸爸绑架了 
6952187, 39.4, 8.2, 1011, 宵山万华镜 
26868554, 14.9, 8.0, 15, 小津安二郎美食三昧·关东篇 
4823789, 41.2, 8.4, 1086, 晓寺 
26638267, 34.9, 8.4, 368, 变调二人羽织 
25923427, 37.9, 8.5, 551, 河童 
26723425, 28.2, 8.2, 141, 前巷说百物语 
24226728, 40.9, 8.5, 912, 人间失格 
3678694, 44.8, 7.4, 9293, 窗灯 
4311471, 40.8, 8.3, 1126, 门 
25845649, 33.0, 7.6, 644, 亲爱的闺蜜 
25851888, 37.7, 8.3, 666, 都市传说 
1330007, 32.8, 7.9, 438, 平家物语 
25732311, 38.2, 9.0, 354, 64 
5372422, 42.2, 8.1, 1866, 末日的愚者 
6731202, 40.4, 8.3, 1066, 恋文 
3866397, 42.9, 7.7, 3791, 鹿男 
1468393, 37.6, 7.2, 2959, 无限近似于透明的蓝 
10598176, 37.4, 8.2, 712, 树屋 
24732964, 36.5, 7.9, 864, 佛陀与想太多的猪 1 
26755786, 24.7, 8.0, 89, 耕食生活 
10827882, 37.2, 7.9, 975, 悉尼！ 
26289340, 30.5, 8.4, 176, 东京人 
5988624, 41.2, 8.2, 1388, 远山淡影 
5326846, 40.7, 7.7, 2484, 一首朋克救地球 
4857031, 36.9, 7.6, 1386, 钥匙 
26721548, 32.6, 8.3, 276, Lens·视觉005：以手抵心 
7916119, 29.7, 8.3, 168, 手锁心中 
1440345, 50.1, 7.8, 12637, 燕尾蝶 
4038672, 53.9, 8.9, 4566, 络新妇之理（上） 
25714740, 38.1, 7.3, 2780, 起风了 
6006497, 39.2, 8.6, 616, 诸神的微笑 
2151785, 28.0, 8.7, 91, 宫泽贤治杰作选 
26221734, 22.5, 7.6, 83, 维他命F 
3890174, 49.4, 7.7, 13449, 信 
25954353, 38.6, 7.6, 1955, 所罗门的伪证 
10439880, 30.7, 8.4, 181, 不道德教育講座 
1150862, 33.3, 8.8, 197, 星新一短篇小说集 
25947743, 30.9, 7.4, 550, 少女的港湾 
1149495, 40.1, 8.2, 1141, 梦十夜 
1007914, 67.6, 8.7, 54378, 窗边的小豆豆 
1593819, 35.5, 8.3, 457, 砂女 
5290239, 37.1, 8.1, 751, 这一生再也不会有的奇遇 
1559728, 36.8, 8.3, 569, 方丈记 徒然草 
4117904, 30.6, 6.8, 1223, 绷带俱乐部 
2153299, 37.5, 8.7, 424, 小仓百人一首 
26926707, 21.0, 7.8, 53, 你的名字。 
6001114, 35.6, 8.1, 577, 猫的事务所 
1011662, 48.3, 7.9, 7733, 再袭面包店 
4191733, 37.9, 8.3, 691, 寄物柜婴儿 
5988636, 40.7, 7.8, 2160, 雏菊人生 
10618121, 34.8, 8.1, 498, 扮鬼脸 
6889836, 36.6, 8.6, 402, 世上最疼我的人 
4850848, 36.1, 7.5, 1363, 卍 
26653018, 27.6, 7.5, 249, 一切终将远去 
3286829, 45.8, 8.0, 4126, 脑髓地狱 
24845438, 31.0, 8.5, 174, 名作家文学课 
25814725, 41.6, 8.8, 740, 人间失格·斜阳 
6864274, 31.1, 8.8, 139, 我愛過的那個時代 
6831051, 37.1, 8.4, 539, 泥河·萤川 
26614576, 30.8, 7.6, 416, 知日·太宰治 
1003387, 50.6, 8.5, 4592, 雪国 古都 千只鹤 
6073423, 32.9, 8.3, 293, 歌行灯 
1283273, 46.2, 7.3, 15069, 天黑以后 
11534101, 27.8, 9.1, 67, 星星和蒲公英 
26745439, 23.9, 8.0, 77, 纸之月 
26327552, 26.9, 8.5, 88, 殉教 
4191699, 41.5, 8.3, 1282, 午后曳航 
26431623, 26.8, 7.6, 193, 灯之湖畔 
26628823, 30.4, 6.7, 1389, 图书馆奇谈 
1019428, 50.1, 8.0, 8997, 一九七三年的弹子球 
1950971, 28.5, 8.8, 92, 明暗 
4887589, 40.7, 8.0, 1649, 梦侦探 
24839341, 35.9, 7.6, 1139, 紫罗兰 
1059378, 38.4, 8.5, 604, 花未眠 
25850118, 27.3, 8.2, 120, 日本读书论 
1732999, 39.5, 8.5, 726, 哥儿 
26827210, 20.4, 8.1, 38, 林中秘族 
6817768, 27.0, 9.0, 64, 日本文学史序说（上下） 
26435482, 26.1, 7.5, 186, 博物馆行星 
3102324, 51.7, 7.7, 20918, 秘密 
26318944, 32.0, 7.8, 421, 绘画是一个人的旅行 
1914625, 40.9, 7.7, 2630, 老师的提包 
6885341, 38.1, 8.1, 897, 别让我走 
26392734, 27.2, 7.4, 255, 到处存在的场所，到处不存在的我 
3101457, 43.7, 7.5, 6251, 紫阳花日记 
4045081, 31.3, 7.7, 409, 美利坚物语 
5942644, 35.0, 8.6, 309, 武藏野 
2134697, 22.6, 8.1, 57, 墮落論 
26581565, 30.1, 7.4, 467, 亿男 
25925198, 29.4, 7.5, 358, 现在开始，与自己和平相处吧 
5988637, 35.2, 8.5, 352, 镜子之家 
26490949, 27.0, 7.9, 148, 皇家酒店 
4223490, 39.7, 8.5, 753, 猫的上帝 
10282578, 39.3, 7.7, 1901, 村上广播 
3259587, 50.0, 8.6, 3614, 我与狗狗的十个约定 
3517501, 31.8, 7.8, 405, 金色夜叉 
1907859, 32.7, 8.2, 308, 今昔物语 
4009552, 53.4, 7.6, 34929, 幻夜 
1449688, 37.7, 7.7, 1403, 白河夜船 
21322405, 30.9, 7.8, 339, 路边草 
24292290, 31.2, 7.3, 667, 兰陵王 
1270150, 52.7, 9.3, 2315, 风与树的歌 
2372026, 43.4, 7.8, 3628, 哀愁的预感 
1002013, 31.5, 7.5, 549, 曼特莱斯情人 
26613047, 29.0, 7.6, 294, 时间停止的校园（上、下） 
3135743, 41.2, 8.7, 764, 川端康成精品集 
4850641, 43.1, 8.6, 1168, 燃烧吧！剑（上） 
26302565, 22.9, 8.7, 40, 百年法(上) 
1186348, 32.0, 8.1, 301, 谷川俊太郎诗选 
21690242, 34.6, 8.4, 354, 拿破仑狂 
4320806, 40.3, 8.8, 597, 关原之战 
26253700, 29.8, 8.9, 105, 城塞 
1001985, 43.6, 7.6, 5207, 在世界中心呼唤爱 
4082627, 31.8, 8.5, 199, 家守綺譚 
3744657, 39.7, 8.6, 676, 人間失格 
26708632, 23.2, 8.3, 55, 人生需要匠人精神 
7175407, 33.7, 8.0, 462, 漂逝的纸偶 
25923418, 32.4, 8.1, 327, 猫与庄造与两个女人 
19944233, 36.5, 8.2, 607, 四十九日告别 
3124867, 34.4, 8.5, 309, 大江健三郎精品集 
4759591, 36.6, 8.2, 619, 入殓师 
20403596, 30.0, 8.4, 161, 武州公秘话（谷崎润一郎作品系列） 
2317974, 52.8, 8.4, 7751, 德川家康（第一部） 
2265954, 37.8, 8.2, 763, 文学部唯野教授 
7063845, 41.6, 7.8, 2564, 失踪HOLIDAY 
2214337, 41.1, 8.9, 617, 星新一微型小说选 
5317129, 38.3, 7.9, 1200, 魔法师俱乐部 
26279028, 31.2, 7.8, 363, 面包和汤和猫咪好天气 
3068553, 42.4, 8.7, 935, 被遺忘的故事 
10600121, 36.0, 8.2, 550, 在约定的场所 
26417643, 35.7, 7.4, 1468, 歪笑小说 
10439096, 33.6, 8.0, 450, 出帆 
25977519, 30.7, 7.8, 326, 屠杀器官 
25859249, 33.3, 7.7, 603, 一瞬之光 
25836027, 32.8, 7.6, 615, 献给死者的音乐 
26616958, 25.6, 7.9, 115, 樱花秘密基地 
10760882, 28.4, 8.6, 106, 金子美铃物语 
5312099, 35.0, 7.5, 1089, 对岸的她 
11621662, 38.0, 7.7, 1483, 新娘 
26593509, 27.4, 7.6, 215, 酒友 饭友 
26422519, 24.6, 7.8, 103, 江国香织：爱无比荒凉 
26748338, 21.3, 7.4, 78, 威化饼干的椅子 
1664101, 28.9, 8.2, 159, 森鸥外精选集 
3813194, 47.3, 7.9, 6322, 火车 
26755284, 30.4, 7.6, 388, 献给折颈男的协奏曲 
26671170, 24.5, 7.1, 204, 神圣懒汉的冒险 
25829049, 35.6, 7.8, 819, 挽歌 
1292415, 41.2, 7.7, 2765, 蜜月旅行 
5340646, 39.3, 8.0, 1277, 十四岁 
2735770, 35.0, 8.3, 418, 锦绣 
25829361, 35.8, 7.9, 758, 花花饭 
20470901, 30.2, 7.6, 371, 风味绝佳 
1157648, 36.8, 7.2, 2488, 东京塔 
3135725, 38.2, 8.4, 651, 三岛由纪夫精品集 
26790752, 19.2, 8.2, 29, 第六大陆 
6757194, 30.8, 6.8, 1305, 碎片，令人怀念的1980年代 
6047527, 38.1, 8.6, 518, 恍惚的人 
4882050, 42.4, 8.5, 1173, 竹久梦二：画与诗 
25722935, 35.2, 7.5, 1147, 魔王 
1794795, 24.7, 7.8, 105, 跪下來舔我的腳 
7007774, 34.5, 7.7, 764, 没有意义就没有摇摆 
20003447, 32.4, 7.9, 405, 春分之后 
25752981, 33.7, 7.8, 581, 你所不知道的日本名词故事 
1350919, 22.7, 9.4, 27, 寺山修司少女詩集 
5436811, 37.4, 8.0, 890, 幻色江户历 
4252081, 36.4, 8.1, 671, 雨月物语·春雨物语 
1869711, 41.5, 8.0, 1885, 瀕死之綠 
25841848, 35.5, 8.2, 510, 续巷说百物语 
3830725, 26.5, 7.5, 199, 世界橫麥卡托投影地圖的獨白 
1438914, 34.0, 8.3, 352, 奥州小道 
3041567, 38.3, 8.8, 434, 美的情愫 
24745905, 37.8, 8.1, 857, 维庸之妻 
26638269, 29.0, 8.7, 108, 寿司之神 
25727799, 27.7, 7.9, 169, 他人的脸 
1354607, 38.5, 8.3, 766, 舞舞舞（上） 
23010383, 28.7, 6.8, 801, 世上所有的女人都结婚了? 
3777729, 32.3, 8.0, 358, 川端康成三岛由纪夫往来书简 
26272191, 26.8, 7.1, 339, 夏日终焉 
5921793, 38.4, 7.6, 1871, 我这一代东京人 
25862571, 28.3, 8.2, 143, 闯入者 
26664122, 28.1, 7.8, 199, 百濑,朝向这边 
26148885, 20.7, 6.3, 234, 没有动力的时候，一个人发发呆也好（2） 
25906124, 20.1, 8.2, 34, 太宰治的人生筆記 
1872465, 35.6, 8.4, 415, 那年，我们爱得闪闪发亮 
6401117, 26.0, 8.1, 103, 日本幽玄 
26704408, 15.0, 7.9, 16, 春琴抄 
25885617, 31.9, 8.1, 298, 她和她的猫 
5423546, 32.5, 8.2, 299, 汤岛之恋 
26700582, 24.2, 8.2, 70, 此处游泳，既不安全也不舒适 
1101607, 45.6, 7.9, 4687, 列克星敦的幽灵 
22638036, 39.5, 8.4, 807, 百器徒然袋 : 雨 
3907946, 33.1, 8.6, 229, 夏目漱石汉诗文集 
6920271, 36.0, 8.3, 494, 礼物 
24890744, 34.0, 7.7, 686, 人为什么会淹死在沙漠里？ 
26656384, 20.0, 8.7, 25, 書樓弔堂 破曉 
5907525, 32.2, 8.1, 313, 晚菊 
7916121, 33.6, 8.4, 296, 十二人的信 
3404723, 39.6, 7.7, 2048, 虹 
5347699, 48.5, 7.8, 9411, 彷徨之刃 
20434062, 33.3, 8.2, 346, 鲜花盛开的森林·忧国 
21966358, 29.3, 7.8, 253, 就在你所在的地方生根开花 
6735999, 32.7, 7.9, 426, 小小的家 
24872503, 31.4, 7.7, 422, 跑啊！高桥 
1067919, 39.4, 7.6, 2276, 夜半蜘蛛猴 
4626138, 39.9, 8.3, 964, 潘多拉盒子 
4140439, 30.7, 6.7, 1480, 毒舌北野武 
1068907, 40.2, 7.8, 1956, 如果我们的语言是威士忌 
4199431, 44.4, 7.8, 4316, 天帝妖狐 
1836946, 17.6, 8.7, 17, 一茶俳句集 
26595310, 24.5, 8.2, 73, 二十四只眼睛 
6879218, 25.3, 7.4, 174, 松浦彌太郎．生活中的巧思與發現筆記三部曲 
6042376, 32.9, 7.9, 442, 哀悼人 
4320805, 35.7, 7.4, 1461, 太阳之塔 
3879946, 41.3, 8.2, 1409, 光与影 
1885070, 42.1, 8.2, 1625, 雪国 
26351392, 29.7, 7.9, 243, 爱的人们 
20468729, 34.0, 8.1, 434, 革命者 
25963163, 31.5, 7.9, 343, 欲乐园 
4882014, 36.9, 7.6, 1383, 残虐记 
25713169, 30.9, 7.5, 486, 一切的一切，都交给时间吧 
3765620, 51.8, 8.7, 4221, 在漫长的旅途中 
5913404, 32.5, 8.0, 371, 白痴 
3162527, 55.7, 8.7, 7955, 魍魉之匣（下） 
1956419, 44.4, 8.4, 1839, 一公升の眼泪 
1000594, 43.9, 7.9, 3403, 旋转木马鏖战记 
3438442, 30.9, 7.4, 543, 蟹工船 
6084703, 41.3, 7.3, 5462, 独立，从一个人旅行开始 
5401957, 34.6, 7.7, 779, 沉睡在森林里的鱼 
25761048, 30.1, 8.3, 179, 永遠的0 
25959963, 29.3, 7.7, 279, 深夜面包房·凌晨0点的配方笺 
3239544, 36.0, 7.2, 2106, 扔在八月的路上 
5269183, 35.4, 8.1, 561, 我与北野武 
19928953, 27.4, 6.9, 508, 春，夏，然后是冬 
10481108, 24.0, 8.3, 63, 上海月亮 
3653870, 28.3, 8.8, 89, 橫山家之味 
4714517, 34.2, 8.3, 365, 為青年設立的讀書俱樂部 
26384630, 23.8, 6.6, 333, 红城堡 
5939300, 35.4, 7.3, 1593, 垃圾筐电影院 
3101617, 35.1, 8.4, 382, 日本短篇推理小说选 
2127454, 26.4, 8.3, 95, 山头火俳句集 
4928387, 47.9, 7.5, 14375, 单恋 
3683898, 44.9, 7.5, 7896, 向日葵不开的夏天 
10604916, 35.3, 8.6, 325, 请不要灰心呀! 
26060718, 27.7, 7.5, 253, 阵雨中的车站 
26772820, 21.6, 8.0, 51, 嘿，和我聊会儿天吧 
6861469, 33.1, 8.5, 248, 在那天来临前 
26280925, 23.4, 7.0, 182, 文豪之家 
26879049, 25.3, 9.0, 49, 和果子 
25816076, 26.6, 8.0, 126, 和泉式部日记 
3391933, 36.5, 8.3, 538, 星星舟 
5983903, 26.5, 6.6, 645, 一个人的老后 
1051911, 41.0, 7.9, 1995, 终究悲哀的外国语 
25960997, 28.8, 8.6, 113, 远山在呼唤 
4580972, 51.7, 7.7, 20812, 流星之绊 
10461951, 29.7, 8.8, 112, ピンクとグレー 
10531023, 34.6, 7.6, 887, 午后四时的啤酒 
1980992, 41.5, 8.3, 1284, 孩子們 
26646201, 31.2, 7.6, 454, 葡萄柚 
25811065, 31.3, 8.6, 169, 天地明察 
26692195, 27.9, 7.6, 236, 物语终焉 
25900684, 28.9, 7.6, 287, 猫的国度 
10462818, 13.0, 7.3, 15, 共喰い 
1411086, 44.3, 8.6, 1419, 金阁寺/潮骚 
20449827, 33.9, 7.4, 1006, 再见，黑鸟 
19948615, 27.8, 8.0, 156, 文艺的，过于文艺的 
4626116, 35.4, 7.8, 797, 阴火 
6848987, 31.6, 7.5, 558, 一个背叛日本的日本人 
5919999, 43.5, 7.6, 5048, 赎罪 
26584558, 21.6, 8.4, 39, 盲歌女阿凛 
24859370, 32.2, 8.6, 197, 使者 
25857997, 26.8, 7.8, 158, 绿萝之舟 
10520607, 26.4, 8.7, 71, 濹东绮谭 
1056979, 43.4, 8.2, 2029, 千只鹤 
1212152, 43.1, 7.8, 3388, 萤 
25726109, 33.5, 7.7, 632, 不夜城 
3880848, 28.1, 6.3, 1611, 向死而生 
24283495, 24.7, 6.3, 671, 虚言少年 
3115901, 42.8, 8.3, 1590, 幸福旅行箱 
4038673, 53.9, 9.0, 3980, 络新妇之理（下） 
24153181, 43.5, 7.6, 5025, 从前我死去的家 
21690191, 28.9, 6.7, 969, 我的男友 
6903030, 29.9, 7.6, 352, 思念 
4208765, 37.8, 7.8, 1247, 浅草小子 
5254082, 36.3, 8.7, 348, 兔之眼 
26389914, 24.6, 7.8, 103, 别烦恼，开心就好 
1769548, 40.7, 9.1, 474, 阿信(一) 
5299885, 33.0, 7.3, 972, 遗物整理人看见的 
1084404, 33.7, 8.8, 209, 铁道员 
26538428, 31.9, 7.6, 517, 造物有灵且美 
24754129, 31.1, 7.5, 504, 相性 
10432767, 35.0, 8.3, 415, 西女巫之死 
3273147, 31.3, 7.8, 367, 松尾芭蕉散文 
1068112, 32.7, 8.5, 231, 恶魔 
1418707, 53.1, 8.6, 5984, Goth.斷掌事件 
5423545, 30.0, 8.2, 194, 夫妇善哉 
10770533, 33.5, 7.5, 805, 喂喂下北泽 
1469212, 32.5, 6.9, 1598, 所有的男人都是消耗品 
6558046, 42.1, 8.1, 1825, 人间椅子 
3824828, 25.6, 8.6, 67, 太宰治 
6025528, 31.8, 7.4, 663, 再见了，德彪西 
1062476, 34.9, 8.3, 407, 万延元年的足球队 
11535667, 34.1, 8.6, 267, 青鸟 
1737324, 31.4, 7.6, 471, 中国游记 
25820469, 24.5, 7.8, 102, 牧神的午后 
5275540, 34.8, 7.9, 634, 少将滋干之母 
2025635, 35.8, 8.6, 352, 芥川龙之介中短篇小说集 
2224962, 30.7, 8.2, 219, 古今和歌集 
2284574, 45.5, 8.3, 2568, 织田信长——菊与刀 
25960668, 28.4, 7.7, 237, 花的圆舞曲 
5341262, 24.4, 8.5, 58, 再見溪谷 
26184241, 33.6, 7.7, 646, 愛的成人式 
5293928, 28.6, 8.7, 101, 六之宮公主 
5907519, 29.2, 7.6, 304, 放浪记 
1387819, 40.0, 8.4, 887, 青之炎 
1054071, 35.0, 8.9, 239, 与风景对话 
1027802, 36.1, 8.0, 706, 冷静与热情之间 
24760687, 31.0, 7.8, 349, 晚年 
3812309, 36.1, 7.3, 1842, 穿越时空的少女 
3678357, 38.1, 7.6, 1768, 波上的魔术师 
24840351, 29.7, 7.3, 487, 时间的习俗 
11586903, 35.0, 7.9, 656, 夏目漱石的百合 
1080544, 45.1, 8.1, 3173, 象的失踪 
1431380, 22.9, 8.0, 64, 谷崎润一郎与东方主义 
4214001, 40.6, 8.3, 1094, 跑吧!美乐斯 
3158734, 46.9, 8.0, 5008, 骨音 
2247138, 36.0, 7.1, 2497, 爱的流放地 
26277997, 26.3, 7.7, 157, 岛和我们 
1028857, 31.7, 8.2, 260, 沉潜的瀑布 
4823778, 30.4, 7.7, 347, 地狱之花 
10515231, 33.5, 7.4, 922, 献给虚无的供物 
26822038, 19.1, 7.8, 37, 回到初衷 
20471652, 27.6, 7.4, 278, 小暮写真馆 
25932135, 21.2, 9.0, 26, 津輕 
1221329, 49.0, 8.6, 3103, 阴阳师·飞天卷 
1063515, 34.0, 8.1, 434, 性的人 
11639946, 36.1, 7.6, 1184, 百鬼夜行－阴 
2051716, 26.2, 8.3, 91, 六宅一生 
5423773, 27.5, 6.6, 824, 向田邦子的情书 
3525046, 38.6, 7.4, 2619, 飞往巴黎的末班机 
5380266, 48.9, 8.0, 7234, 怪笑小说 
26920165, 26.3, 7.2, 271, 拉普拉斯的魔女 
10580802, 46.0, 8.2, 3221, 模仿犯BOOK1 
2122399, 33.5, 7.8, 556, 叶隐闻书 
25863253, 30.6, 7.6, 404, 起风了·菜穗子 
6889894, 33.4, 7.9, 488, 鹭与雪 
25842258, 29.9, 8.1, 208, 猫鸣 
19949179, 28.0, 7.3, 341, 怪 
10831818, 33.9, 8.2, 383, 细小 
10473342, 34.7, 7.7, 797, 鸫 
1939603, 26.6, 9.1, 56, 隱劍孤影抄 
1900577, 25.0, 7.0, 261, 好色一代男 
10473576, 40.7, 7.5, 3449, 替身 
24838896, 25.1, 6.1, 1078, 村上春树·猫 
1047447, 41.6, 7.6, 3487, 去中国的小船 
25892730, 20.9, 7.5, 65, 屍者的帝國 
26136927, 27.5, 7.4, 271, 今日诸事大吉 
6732546, 32.6, 7.7, 524, 丰臣公主 
5313541, 21.6, 8.0, 51, 渡边淳一两性关系读本系列（4册） 
3865832, 45.1, 7.1, 17958, 变身 
1418170, 40.4, 9.2, 417, 芥川龙之介小说选 
3852439, 42.4, 7.8, 3001, 反自杀俱乐部 
1797118, 36.7, 8.7, 373, 丧失为人资格 
1003155, 36.3, 7.6, 1223, 化妆 
4240395, 35.2, 7.4, 1307, 复乐园 
1877890, 29.8, 9.1, 91, 风姿花传 
1316584, 40.9, 8.7, 738, 玩具修理者 
6125408, 26.9, 7.5, 215, 女孩 
20507419, 34.5, 7.0, 2121, 东野圭吾的最后致意 
1262837, 48.6, 8.7, 2543, 阴阳师·凤凰卷 
1038449, 38.4, 7.9, 1226, 朗格汉岛的午后 
1340870, 33.5, 8.6, 241, 發條鳥年代記 
3403041, 22.4, 8.8, 35, 内藤湖南汉诗文集 
24851694, 21.0, 7.0, 107, 如果九月可以永存 
25897075, 25.5, 6.7, 431, 残秽 
6795311, 31.4, 7.8, 373, 原来，你已不在 
25875911, 22.8, 8.0, 63, 雪日 
2146304, 20.3, 8.6, 28, 最惡 
10569637, 31.9, 8.3, 246, 玻璃门内 
19954650, 27.1, 9.1, 61, 日本古書店的手繪旅行 
3200161, 35.8, 7.2, 2048, N·P 
2129831, 39.3, 8.2, 985, 美与暴烈 
3520218, 36.2, 7.9, 821, 德川家康 
1962970, 24.1, 7.4, 136, 生为女人 
1342391, 36.7, 8.4, 507, 海邊的卡夫卡（下） 
10594327, 30.4, 8.5, 158, 孤宿之人（下） 
5607827, 31.6, 7.5, 555, 夏光 
26616770, 17.4, 7.0, 48, 东方怪谈 
3360555, 39.9, 7.4, 3447, 秋叶原@DEEP 
1018260, 33.0, 7.4, 843, 竹取物语 
1000323, 42.1, 7.7, 3306, 电视人 
1868631, 18.5, 7.7, 35, 美麗與哀愁 
20503620, 34.8, 8.4, 366, 惡之教典 (下) 
26712029, 27.2, 8.0, 141, 诸神的微笑 
26369908, 28.4, 7.4, 326, 北野武自述 
5921800, 35.0, 7.9, 653, 宴后 
1097725, 34.6, 7.6, 879, 化身 
26678965, 22.0, 8.1, 51, 人生啊，要拿得起放得下 
5921799, 27.4, 7.3, 303, 徒然王子 
4848840, 43.1, 8.9, 836, 燃烧吧！剑（下） 
5903929, 33.4, 8.4, 288, 1Q84之後～特集: 村上春樹Long Interview長訪談 
7065516, 30.7, 7.5, 460, 荒野 
10601521, 32.4, 8.2, 296, 太阳与铁 
3272415, 37.1, 7.4, 1948, 白色猎人 
11534102, 25.6, 7.3, 206, 清晨，如故 
26593188, 29.1, 8.9, 95, 一日一果 
1023907, 34.9, 8.3, 412, 我在美丽的日本 
6006579, 33.0, 7.8, 502, 村上春树，去见河合隼雄 
1261446, 35.0, 7.3, 1458, 樱花树下 
4887607, 36.4, 9.1, 248, 芥川龙之介读本 
5387468, 28.6, 7.2, 437, 世界怪奇实话（上） 
5906023, 34.7, 7.6, 907, 最糟也最棒的书店 
24871656, 22.8, 8.3, 51, 青山七惠小说集 
1059168, 30.1, 8.6, 138, 北欧纪行 
1284418, 29.7, 8.7, 121, 安部公房文集 
3229488, 29.3, 8.0, 205, 月魚 
2056686, 40.1, 9.0, 476, 陰陽師－瀧夜叉姬（上、下） 
1031074, 25.6, 8.4, 76, 永井荷风散文选 
3316174, 47.0, 8.0, 5113, 狂骨之梦 
2075629, 29.6, 8.3, 164, 维荣的妻子 
5423547, 28.6, 8.2, 152, 青春的反证 
1310673, 50.0, 9.3, 1559, 遥远的野玫瑰村 
1491713, 29.0, 6.8, 844, 惜别 
26443878, 27.3, 8.0, 144, 趁热品尝 
4151176, 31.1, 7.4, 566, 爱的左边 
26136929, 26.8, 7.2, 300, 没有钥匙的梦 
1124869, 27.1, 8.0, 137, 断肠亭记 
24870341, 26.7, 7.0, 381, 水银虫 
10605851, 29.2, 7.4, 391, 在海上等你 
2043109, 27.0, 9.2, 56, 隱劍秋風抄 
6963514, 19.2, 8.2, 29, 花宵道中 
21693092, 29.4, 7.5, 361, 隐花平原 
2357268, 42.3, 8.4, 1299, 雪国 
3402613, 35.9, 7.5, 1326, 无家可归的中学生 
10755064, 30.5, 7.8, 314, 城市之光 
6889834, 37.5, 7.4, 2114, 往复书简 
4898543, 33.4, 7.9, 489, 政治少年之死 
3107941, 28.5, 7.6, 268, 俳句的魅力 
6727813, 32.3, 8.1, 320, 尘世的梦浮桥 
3726021, 26.8, 8.8, 70, 井上靖西域小说选 
26580031, 20.3, 6.4, 183, 旧怪谈 
2322582, 18.0, 7.8, 30, 饥饿海峡 
1348165, 24.9, 7.2, 200, 殺死99隻貓的少女 
10738191, 28.8, 7.2, 457, 京都三六五日生活杂货历 
25697900, 12.5, 7.7, 11, 東京百景 
24859820, 26.6, 7.9, 138, 新恋爱讲座 
1354608, 35.7, 8.3, 470, 舞舞舞（下） 
25726612, 23.4, 7.4, 119, 燃烧的地图 
25938935, 24.4, 8.1, 78, 欲望 
2076847, 34.6, 8.8, 243, 1分钟小说选 
1358367, 38.3, 8.6, 534, 花とアリス 
1002507, 43.0, 8.3, 1670, 千只鹤 睡美人 
24815957, 30.2, 7.4, 479, 秒速5厘米 
5395818, 30.5, 7.7, 355, 读书人 
2065212, 21.6, 9.4, 23, 玄鸟 
25972513, 17.3, 7.8, 26, 一握之砂：石川啄木短歌全集 
26372079, 22.7, 8.1, 58, 饲养 
1769760, 23.9, 8.0, 77, 二叶亭四迷小说集 
2303437, 23.7, 8.2, 64, 日本近代五人俳句选 
26352518, 21.3, 9.5, 21, 傘をもたない蟻たちは 
11621661, 20.9, 7.2, 85, 方舟 
6863339, 29.2, 8.1, 184, 梦见街 
10567935, 28.4, 8.3, 134, 风之又三郎 
25763706, 28.2, 6.6, 982, 再爱一次 
1920846, 30.6, 8.5, 163, 名人 
10436558, 22.4, 8.1, 55, 星期天們 
23011195, 25.7, 7.3, 213, 浪人 
1420740, 47.6, 8.6, 2465, 阴阳师·生成姬 
4140431, 41.8, 8.0, 2005, 灰色的彼得潘 
4766952, 30.0, 6.9, 907, 东京岛 
24871481, 24.3, 7.2, 177, 邻镇战争 
2231632, 33.1, 7.8, 520, 摇滚妈妈 
6852176, 22.9, 8.7, 40, 月の珊瑚 
1029378, 33.2, 8.6, 230, 川端康成掌小说全集 
1861909, 40.6, 8.3, 1104, 项羽与刘邦 
26715115, 22.9, 8.6, 43, 人间失格/经典印象小说名作坊 
1747695, 25.7, 7.2, 237, 岩崎峰子：真正的艺伎回忆录 
26363733, 22.8, 8.1, 59, 不为人知的爱的生涯 
1477384, 30.5, 8.4, 176, 现代日本小说集 
1156994, 45.6, 8.7, 1555, 永远是孩子 
1028312, 24.7, 8.5, 61, 如梦记 
4859791, 34.9, 8.3, 407, 猫婆婆 
4818166, 43.1, 8.3, 1697, G少年冬天的战争 
25761483, 22.8, 7.4, 104, 最后的居所 
3269344, 28.3, 9.1, 73, 千年之梦 
3267169, 26.5, 7.9, 135, 一休和尚诗集 
25769675, 20.7, 7.4, 69, 關於莉莉周的一切 
5255693, 24.7, 8.5, 61, 腐興趣～不只是興趣！ 
2148947, 46.5, 8.7, 1803, 阴阳师·太极卷 
4887596, 32.3, 7.5, 635, 下妻物语 
1010128, 40.0, 8.1, 1257, 源氏物语（共七册） 
25800202, 28.3, 7.2, 408, 不想恋爱 
4733975, 41.7, 8.4, 1175, 影武者（上卷） 
25927233, 35.2, 7.6, 986, 杀手界 
3264135, 35.9, 8.2, 541, 武田信玄（上下） 
4718973, 47.9, 7.8, 8414, 毒笑小说 
1011960, 35.3, 8.3, 438, 在自己的树下 
19900003, 40.5, 8.0, 1565, 迈向另一个国度 
3681571, 38.6, 7.7, 1677, 巴提斯塔的荣光 
26430284, 27.9, 7.9, 176, 星之声 
6133536, 26.6, 7.9, 139, 魔鬼的无聊 
26264141, 19.5, 7.5, 49, 来自神的一句话 
7153418, 26.9, 7.0, 391, 富士山禁恋 
1902719, 36.3, 8.7, 351, 佐賀阿嬤 笑著活下去！ 
10618123, 25.9, 7.5, 176, 信长之棺 
1484267, 21.0, 7.6, 61, 南总里见八犬传（全四册） 
1394544, 38.4, 7.9, 1221, 村上朝日堂 
3158757, 45.5, 8.1, 3395, 电子之星 
2315072, 32.2, 8.1, 317, 樱 
10594326, 28.4, 8.1, 160, 孤宿之人（上） 
20436252, 18.4, 7.5, 40, 甜美的來生 
3571579, 20.3, 8.4, 31, 井上靖小说选 
10761604, 22.9, 7.9, 70, 金子美铃全集（全三卷） 
2028083, 27.2, 9.1, 62, 方丈記 
10774929, 25.9, 7.9, 120, 静子 
25836034, 27.3, 7.6, 210, 去爱吧，间宫兄弟 
5395157, 39.3, 7.9, 1456, 小夜曲 
26419603, 12.7, 7.8, 11, 小說家的休日時光 
6797742, 25.7, 7.6, 155, 东海道徒步旅行记 
24851828, 28.3, 6.9, 624, 吸血鬼 
6720620, 30.1, 7.1, 695, 棉被 
1039599, 24.1, 8.4, 59, 望乡 
1370271, 32.4, 8.6, 201, 浮华世家 
1032764, 41.9, 7.7, 3186, 小时候就在想的事 
1152495, 48.6, 9.2, 1412, 白鹦鹉的森林 
5254175, 24.6, 8.8, 50, 春的臨終 
25861937, 28.8, 7.3, 403, 昔日的味道 
26737855, 18.5, 7.8, 33, 神山奇迹 
26304230, 14.3, 7.9, 14, 日本谣曲选 
1794803, 23.7, 8.0, 74, 做愛時的眼神 
1795067, 35.2, 7.8, 769, 沙门空海之大唐鬼宴·卷之四·不空 
2973057, 20.3, 8.4, 31, 志贺直哉小说集 
1142554, 23.6, 8.5, 51, 日本文学史 古代卷（上、下） 
3411361, 32.7, 7.8, 482, 伊达政宗 
3068320, 14.9, 7.2, 24, 不愉快的果实 
6057663, 30.0, 8.0, 235, 剑客生涯（一） 
1288939, 48.3, 8.7, 2402, 阴阳师·龙笛卷 
21331459, 28.9, 9.1, 80, 蜘蛛之丝 
1046236, 32.9, 8.0, 395, 日兮月兮 浅草红团 
26363552, 17.9, 7.5, 36, 慢生活 慢美好 
2334016, 16.6, 8.5, 16, 正冈子规俳句选译 
5334289, 24.3, 7.2, 177, 在那忧郁无尽蔓延的黑夜 
5030516, 22.7, 8.0, 62, 东洋的幻象 
20273576, 21.0, 7.5, 67, 异端的快乐 
24807745, 24.0, 7.2, 164, 狐狸庵食道乐 
24815943, 26.2, 8.1, 108, 随风飘舞的塑料布 
1045569, 29.9, 8.4, 160, 宫泽贤治童话 
3241591, 29.8, 8.2, 186, 苍茫时分 
25814402, 29.2, 7.0, 663, 王者 
26302581, 18.0, 7.9, 28, 擁有麒麟之舌的男人 
6903034, 24.6, 7.4, 151, 青年 
1437001, 26.7, 8.4, 93, 井上靖文集(1-3) 
1051986, 33.4, 8.5, 262, 死者的奢华 
25779594, 32.4, 7.2, 982, 魔球 
3882826, 30.3, 6.8, 1154, 乳与卵 
26673854, 20.9, 7.5, 65, 陨落的星星 
1347078, 19.3, 7.3, 56, 世界惡女大全 
26283162, 31.6, 7.1, 965, 单挑 
