Tag: 日本 

ID, Score, Rating, Votes, Title 
25862578, 73.4, 8.6, 167461, 解忧杂货店 
5038409, 59.1, 9.0, 8912, 金色梦乡 
3259440, 79.6, 9.1, 172619, 白夜行 
26819477, 41.8, 9.0, 617, 东京本屋 
26686234, 33.9, 8.5, 286, 身為職業小說家 
26698223, 39.6, 9.2, 368, 永恒的时光之旅 
3211779, 74.8, 8.9, 118990, 嫌疑人X的献身 
26733854, 40.4, 8.7, 677, 明天也是小春日和 
4011670, 60.4, 8.3, 33151, 人间失格 
5043454, 35.2, 7.9, 672, 盛开的樱花林下 
26842937, 32.6, 8.9, 162, 全怪谈（全三册） 
10345560, 41.4, 7.8, 2453, 离别之音 
26840568, 34.3, 9.2, 166, 草疯长 
1941558, 60.7, 8.6, 20885, 设计中的设计 
26760976, 39.7, 8.4, 843, 怒 
26210487, 50.2, 9.1, 1998, 强风吹拂 
3070464, 22.1, 8.4, 42, 日本料理神髓 
4742918, 65.0, 8.3, 73698, 1Q84 BOOK 1 
26832913, 35.5, 8.1, 562, 二十亿光年的孤独 
1022238, 57.7, 8.2, 25006, 菊与刀 
3646172, 64.8, 8.4, 58552, 恶意 
26759579, 37.3, 8.7, 410, 事物的味道，我尝得太早了 
26850007, 29.3, 8.2, 172, 一幅画开启的世界 
1059330, 47.1, 8.3, 3387, 午夜凶铃 
26893634, 28.3, 9.1, 73, 树之生命木之心 
1007914, 67.6, 8.7, 54384, 窗边的小豆豆 
26613052, 44.2, 8.7, 1249, 我的造梦之路 
25752955, 51.6, 9.0, 2812, 来自新世界 （上下） 
26687879, 41.0, 8.1, 1509, 一首小夜曲 
3391248, 55.9, 8.6, 9604, 金阁寺 
26698598, 41.0, 8.2, 1337, 有如走路的速度 
6802423, 36.4, 7.7, 1090, 哦！爸爸们 
5269222, 50.7, 8.5, 4694, 一朵桔梗花 
26797395, 34.8, 8.2, 447, 夏日启示录 
20470917, 62.0, 9.0, 13961, 深夜食堂 01 
1080370, 65.4, 8.6, 45012, 情书 
22542435, 39.3, 7.6, 2234, 我是开豆腐店的，我只做豆腐 
3056906, 32.0, 8.3, 250, 夏日的庭院 
3277199, 49.0, 8.1, 6303, 多田便利屋 
26685539, 36.7, 8.1, 696, 有鹿来 
26787931, 37.7, 7.7, 1405, 精神科的故事：在游泳池 
26261735, 43.5, 8.5, 1415, 编舟记 
1220219, 54.4, 8.6, 7457, 阴阳师 
26877827, 34.4, 8.5, 308, 合适 
26769999, 35.7, 7.8, 839, 死神的浮力 
3920130, 58.1, 8.6, 13629, 告白 
20473505, 41.6, 8.7, 826, 山月记 
26774091, 29.5, 8.4, 148, 唐草物语 
26898190, 17.7, 8.3, 21, 日本制造 
25913413, 41.8, 8.2, 1518, 四季便当 
26919685, 18.8, 8.5, 23, 365日 
26910743, 25.2, 9.0, 48, 京都漫步 
25787364, 38.4, 8.6, 543, 京都古书店风景 
1257365, 58.5, 8.9, 9320, 活了100万次的猫 
26315820, 33.1, 8.4, 273, 火花 
26674136, 29.8, 7.9, 248, 京都手艺人 
19963049, 44.2, 8.5, 1590, 留住手艺 
3187737, 58.0, 8.4, 18652, 占星术杀人魔法 
2250587, 56.7, 7.6, 67262, 一个人的好天气 
26712094, 36.4, 8.2, 597, 汽油生活 
4127527, 52.8, 8.2, 10476, 厨房 
26848972, 29.8, 8.1, 204, 这里是没有我们存在的地方 
1069059, 51.9, 8.1, 10556, 雪国 
6028977, 46.3, 8.5, 2249, 零ZEЯRO 
4067621, 53.9, 8.2, 12717, 暗黑童话 
2008284, 58.8, 8.7, 13118, 佐贺的超级阿嬷 
3987362, 51.5, 8.8, 3567, 春雪 
4618225, 56.5, 8.2, 20272, 不去会死！ 
4173403, 49.3, 7.7, 13021, 温柔的叹息 
25858068, 40.6, 7.6, 2882, 100个基本 
4882013, 40.9, 8.1, 1476, 异常 
26654687, 36.1, 8.0, 710, 你是我的命运 
26612919, 34.4, 7.9, 588, 东大爸爸写给我的日本史 
4101013, 46.4, 8.2, 3406, 设计的觉醒 
26737694, 33.1, 8.0, 409, 西风东土 
4884761, 25.0, 7.9, 102, 旅行的所在 
26856953, 33.2, 7.7, 590, 夏目友人帐 
26819925, 30.8, 8.6, 156, 君の名は。 
26860752, 23.7, 8.1, 69, 妖怪 
26280924, 41.3, 8.4, 1091, 看海的人 
1400059, 51.7, 8.7, 4164, 心 
1026035, 57.7, 9.1, 6265, 你看起来好像很好吃 
25732311, 38.2, 9.0, 355, 64 
25944034, 45.5, 8.6, 1745, 菊次郎与佐纪 
26367367, 41.6, 8.6, 910, 宵待草夜情 
26692203, 26.4, 8.8, 66, 日本电影史 
26911451, 16.5, 8.0, 20, 小津安二郎美食三昧 
1316444, 26.6, 7.7, 165, 舞姬 
24538715, 46.9, 8.6, 2184, 艾比斯之梦 
1434435, 41.6, 8.3, 1314, 春琴抄 
3206270, 45.4, 8.9, 1201, 拥抱战败 
3369600, 59.6, 8.1, 41857, 当我谈跑步时我谈些什么 
26879048, 24.2, 9.1, 39, 京料理 
1006113, 50.4, 7.8, 13594, 源氏物语 
3683898, 44.9, 7.5, 7897, 向日葵不开的夏天 
26890247, 24.8, 8.6, 58, BEAMS AT HOME 2 
25733470, 56.7, 8.3, 17511, 村上春树：没有色彩的多崎作和他的巡礼之年 
25811516, 38.9, 8.4, 733, 日本的八个审美意识 
6391211, 31.3, 8.7, 155, 给未来的记忆 
1000856, 49.1, 7.9, 8903, 我是猫 
10587562, 45.0, 8.2, 2687, 东京日和 
3866885, 44.9, 8.5, 1789, 沉默 
1046265, 66.5, 8.0, 178499, 挪威的森林 
26286208, 44.2, 7.7, 4891, 没有女人的男人们 
26770145, 38.1, 8.6, 513, 菊与刀（精装插图版） 
4009552, 53.4, 7.6, 34943, 幻夜 
3140801, 54.0, 8.1, 15476, 姑获鸟之夏 
26841204, 12.7, 8.0, 10, 100の东京大人味发现 
1091904, 46.6, 9.1, 1168, 丰饶之海（上下） 
4152754, 51.7, 7.7, 20632, 时生 
3286829, 45.8, 8.0, 4127, 脑髓地狱 
25803556, 39.1, 7.8, 1586, 山本耀司：我投下一枚炸弹 
26865490, 27.8, 8.7, 88, 明日的便当 
1069210, 33.3, 7.6, 683, 痴人之爱 
6114392, 53.2, 9.1, 3175, 奈良美智横滨手稿 
1008074, 50.0, 7.5, 22020, 失乐园 
6249670, 50.2, 8.8, 2872, 首无·作祟之物 
26776393, 31.3, 9.2, 107, 故乡，心里的风景 
2160230, 45.7, 8.5, 2044, 细雪 
25954353, 38.7, 7.6, 1956, 所罗门的伪证 
26681392, 32.0, 8.1, 304, 去山里盖座小屋吧 
25982254, 47.4, 8.1, 4702, 大萝卜和难挑的鳄梨 
25799716, 40.4, 8.6, 757, 一日一花 
1346815, 61.5, 8.4, 33768, 一個人住第5年 
10738211, 42.4, 8.2, 1706, 直到长出青苔 
26874773, 25.0, 8.4, 69, 黑夜的空白 
26242908, 41.1, 7.6, 3176, 如果世上不再有猫 
20473089, 47.1, 8.6, 2267, 有顶天家族 
1291809, 60.5, 8.5, 24058, 世界尽头与冷酷仙境 
10834769, 40.7, 7.7, 2502, 门外汉的京都 
4105411, 50.1, 8.1, 7744, 第八日的蝉 
6746289, 55.1, 8.4, 11463, 新参者 
5502995, 52.8, 7.6, 31073, 1Q84 BOOK 3 
26879049, 25.3, 9.0, 49, 和果子 
3267934, 47.0, 8.4, 2883, 日本四季 
26771731, 23.8, 8.2, 65, 朱鹮 
6003067, 49.8, 9.5, 1238, 未来ちゃん 
3920144, 44.3, 8.6, 1414, 春宵苦短，少女前進吧！ 
3682204, 45.5, 7.6, 7491, 佐藤可士和的超整理术 
4149893, 41.5, 7.0, 10193, 每天懂一点好玩心理学 
3102324, 51.7, 7.7, 20926, 秘密 
21460732, 46.1, 8.3, 2812, 秒速五厘米 
3391245, 48.5, 8.4, 3702, 假面自白 
26367364, 41.3, 8.1, 1609, 爱吃沙拉的狮子 
6387054, 53.7, 8.6, 6681, 一个人住的每一天 
3801097, 50.7, 7.8, 14249, 夏天·烟火·我的尸体 
1926700, 54.0, 7.7, 32171, 关于莉莉周的一切 
26118072, 47.0, 7.7, 8373, 祈祷落幕时 
25886172, 37.6, 7.6, 1579, 幻想图书馆 
24319078, 41.5, 7.7, 2937, 我心中尚未崩坏的部分 
26735064, 41.3, 7.3, 5477, 孤独小说家 
1457542, 47.2, 9.2, 1144, 芥川龙之介全集 
26825826, 29.1, 7.6, 299, 同栖生活 
4906101, 52.8, 8.4, 7662, 一个人旅行2 
6392683, 49.3, 8.6, 3228, 小星星通信 
3316422, 56.9, 8.9, 7263, 猫国物语 
3259428, 49.7, 8.5, 3981, 斜阳 
26638267, 34.9, 8.4, 369, 变调二人羽织 
3162513, 55.2, 8.5, 9928, 魍魉之匣（上） 
10581659, 40.2, 8.3, 1032, 老妓抄 
2317974, 52.8, 8.4, 7752, 德川家康（第一部） 
4780102, 54.4, 8.4, 10124, 一个人住第9年 
10440130, 49.9, 8.8, 2762, 家庭日记 
25836270, 36.8, 8.6, 415, 厌女 
1056868, 54.9, 8.5, 9453, 河童旅行素描本 
26171593, 37.3, 7.5, 1726, 今天也要用心过生活 
6041089, 46.5, 8.3, 3021, 家鸭与野鸭的投币式寄物柜 
2382994, 44.2, 8.0, 3106, 负建筑 
5341225, 40.6, 8.3, 1099, MUJI 無印良品 
3842847, 48.2, 8.6, 2702, 深河 
25935074, 40.4, 8.1, 1366, 文·堺雅人：憧憬的日子 
26821903, 35.3, 7.9, 691, 精神科的故事：空中秋千 
5395724, 49.3, 8.5, 3696, 华丽人生 
5940434, 50.2, 8.3, 5749, 一个人的美食之旅 
25903198, 39.2, 7.8, 1619, 做衣服 
26413027, 47.2, 7.5, 12636, 虚无的十字架 
5395162, 46.6, 9.0, 1300, 天人五衰 
3391246, 48.7, 8.2, 5148, 潮骚 
26742634, 29.9, 8.1, 207, 白昼的死角 
6392685, 48.0, 8.2, 4529, 奈良美智·用小刀划开 
26476959, 30.5, 8.3, 193, 我青春漫游的时代 
5326849, 45.9, 8.1, 3659, 奥杜邦的祈祷 
10580802, 46.0, 8.2, 3225, 模仿犯BOOK1 
26258977, 35.7, 8.8, 287, 四季花传书 
25744411, 41.2, 8.6, 859, 被嫌弃的松子的一生 
4049269, 53.1, 9.5, 1969, 狐狸的窗户 
1067710, 43.8, 9.0, 842, 造型的诞生 
26797269, 29.5, 8.4, 149, 表情不错的人 
1035517, 45.6, 7.6, 7678, 男人这东西 
3765620, 51.8, 8.7, 4223, 在漫长的旅途中 
25737793, 41.2, 8.5, 967, 阳光劫匪 
26762116, 27.4, 7.9, 159, 疯癫老人日记 
1005521, 56.7, 8.1, 24797, 伊豆的舞女 
26898505, 21.9, 9.0, 29, 奢侈的滋味 
3662234, 35.4, 8.6, 334, 日本的思想 
25975764, 14.6, 7.3, 21, 睡在豌豆上 
24871460, 37.6, 8.4, 590, 幻之光 
1015452, 57.2, 8.2, 22828, 国境以南 太阳以西 
3035211, 32.4, 8.0, 364, 日本帝国的衰亡（上下册） 
1158934, 51.0, 8.5, 4929, 钟表馆幽灵 
5348044, 43.5, 8.0, 2737, 敦煌 
3785741, 48.4, 8.0, 6619, 死神的精确度 
1009094, 47.9, 8.6, 2586, 古都 
1962124, 50.1, 8.5, 4222, 东京塔 
4038672, 53.9, 8.9, 4566, 络新妇之理（上） 
5936610, 35.0, 8.2, 467, 工艺之道 
3418469, 40.2, 7.6, 2633, 怪谈 
1059419, 61.5, 8.1, 58585, 海边的卡夫卡 
26577701, 28.1, 8.0, 167, 我的美的世界 
3813194, 47.3, 7.9, 6326, 火车 
26868554, 14.9, 8.0, 15, 小津安二郎美食三昧·关东篇 
6084703, 41.3, 7.3, 5462, 独立，从一个人旅行开始 
26312905, 27.9, 8.8, 84, 炮声中的电影 
25935075, 39.5, 8.1, 1150, 文·堺雅人：健康的日子 
1318126, 53.3, 8.4, 8445, 雪国 
1421975, 52.5, 8.7, 4777, 只有你聽到 Calling You 
26357269, 34.0, 7.2, 1377, 京都山居生活 
25836269, 40.9, 9.0, 539, 西文字体 
4067626, 48.7, 8.1, 5971, 重力小丑 
4898551, 46.2, 8.2, 3308, 四叠半神话大系 
26826894, 27.2, 8.8, 75, 我们是穷得开朗，所以不用担心 
4034009, 49.4, 8.3, 5025, 剪刀男 
26802430, 24.0, 8.3, 63, 诚实的手艺 
24722098, 39.3, 9.2, 352, 少年H 
5423775, 42.1, 8.2, 1621, 隔壁女子 
5366440, 42.4, 8.6, 1047, 禁色 
23780875, 54.2, 9.1, 3681, 深夜食堂 05 
3287650, 39.6, 8.0, 1330, 白 
1039752, 56.1, 7.8, 39321, 且听风吟 
4580972, 51.7, 7.7, 20819, 流星之绊 
2238320, 47.0, 8.4, 2865, 版式设计原理 
10458519, 19.0, 6.6, 103, オオカミどものしつけ方 
20267987, 41.1, 7.4, 4427, 孤独美食家 
3606804, 42.6, 8.2, 1772, 徒然草 
26318944, 32.0, 7.8, 421, 绘画是一个人的旅行 
1848256, 52.5, 8.0, 14104, 东京奇谭集 
26235467, 33.8, 7.5, 868, 你不懂咖啡 
6513841, 34.2, 8.6, 274, LIFE家庭味 
26756741, 29.8, 8.3, 169, 胆小别看画 1 
26314930, 39.8, 8.6, 677, 杀手界·疾风号 
1855231, 45.8, 8.6, 1810, 银河铁道之夜 
6719724, 45.5, 8.1, 3388, 死了七次的男人 
26686802, 38.1, 8.8, 426, 真幌站前狂骚曲 
26856952, 16.6, 7.8, 23, 简素 
26673156, 30.1, 7.8, 295, 关于山本耀司的一切 
3890174, 49.4, 7.7, 13453, 信 
3191044, 52.5, 7.8, 20155, 华莱士人鱼 
11498200, 46.2, 8.3, 2859, 寂寞的频率 
5283571, 30.8, 9.2, 99, 宛如阿修羅 
2118293, 42.8, 9.3, 543, 鳥山石燕 画図百鬼夜行全画集 
26898387, 21.4, 8.3, 40, 虚伪的真心话 
5939312, 49.3, 8.2, 5726, 超·杀人事件 
1048364, 37.6, 8.8, 391, 日本现代文学的起源 
2150240, 51.9, 8.8, 3758, 我讨厌妈妈 
5408858, 49.9, 8.9, 2444, 建筑家安藤忠雄 
10439099, 38.3, 9.0, 360, 旅之绘本（全六册） 
19985027, 43.5, 8.6, 1244, 御伽草纸 
4928387, 47.9, 7.5, 14379, 单恋 
26652812, 29.6, 7.4, 424, 匠人精神 
26538428, 31.9, 7.6, 517, 造物有灵且美 
26534897, 31.0, 8.6, 160, 百器徒然袋——风 
26827019, 21.8, 7.5, 79, 旅之良品 
1418707, 53.1, 8.6, 5984, Goth.斷掌事件 
5980581, 42.7, 8.3, 1587, 十三夜 
6404040, 39.9, 8.1, 1250, 三行情书 
6265779, 44.2, 8.3, 2034, 地下 
26046043, 40.9, 8.3, 1160, 人类灭绝 
6430503, 32.4, 8.8, 171, 万叶集精选 
25767395, 27.6, 6.9, 525, 神的拉面 
26785388, 26.3, 7.2, 268, 賢者之愛 
3347929, 42.3, 8.8, 829, 《德川家康》 
26593673, 18.3, 8.5, 21, 图说日本美术史 
3786755, 43.6, 7.2, 10771, 每天懂一点色彩心理学 
20470916, 59.4, 9.1, 8088, 深夜食堂 02 
4746128, 42.2, 7.7, 3340, 家 
6391166, 43.9, 7.8, 3989, 碎片 
3273300, 31.4, 8.1, 273, 日本的起起落落 
26431631, 30.2, 8.3, 181, 春天与阿修罗 
26348121, 33.8, 8.4, 306, 由内向外看世界 
4274472, 42.7, 8.2, 1784, 茶之书 
1001193, 57.4, 8.6, 12185, 再见了，可鲁 
26892231, 18.9, 8.0, 31, 早安，生活2017（蓝） 
26723427, 31.4, 8.3, 225, 西巷说百物语 
6714442, 37.6, 8.8, 390, 井原西鹤选集 
26370384, 21.9, 7.7, 67, 淫夜 ～二人の花嫁～ 
26285818, 42.7, 8.7, 982, 虹の歯ブラシ 上木らいち発散 
4151180, 47.3, 8.0, 5417, 巷说百物语 
20470913, 58.2, 9.1, 6739, 深夜食堂 03 
2209776, 45.5, 9.4, 727, 竹光侍 1 
20379212, 37.5, 7.0, 4139, 不如去死 
26666408, 31.0, 8.3, 210, 东大爸爸写给我的日本史2 
26800340, 13.2, 7.8, 12, 神风特攻队、樱花与民族主义 
5347699, 48.5, 7.8, 9413, 彷徨之刃 
1270150, 52.7, 9.3, 2316, 风与树的歌 
6889351, 37.7, 8.7, 436, 建筑的诗学 
25938704, 33.7, 8.4, 300, 一弦琴 
26667280, 21.4, 7.6, 66, 虽然没有遇到什么困难，但我就是要逃避 
19900003, 40.5, 8.0, 1565, 迈向另一个国度 
6890672, 40.5, 8.7, 692, 这一生，至少当一次傻瓜 
26433665, 27.8, 7.7, 211, 古怪的身体 
26425881, 36.4, 8.2, 598, 真幌站前番外地 
26412327, 32.5, 8.0, 371, 八口小锅 
1205778, 35.8, 7.7, 972, 睡美人 
7063932, 40.7, 8.2, 1266, 东京散步 
25923985, 39.2, 9.0, 413, 我心中的美好世界 
26593188, 29.1, 8.9, 95, 一日一果 
25747597, 35.3, 7.5, 1158, 不能不去爱的两件事 
26264956, 37.8, 7.3, 2628, 袭击面包店 
25777461, 38.2, 8.4, 646, 日日是好日：茶道带来的十五种幸福 
3376908, 38.9, 8.2, 915, 图解日本妖怪大全（上下） 
4231214, 37.3, 7.8, 1148, 恶人 
3713327, 50.5, 7.7, 16567, 圣女的救济 
26389520, 40.3, 8.4, 918, 肚子饿万岁 
1212080, 54.4, 8.4, 10043, 奇鸟行状录 
25904933, 36.3, 8.4, 470, 我的母亲手记 
1205392, 31.1, 7.8, 356, 古事记 
26755786, 24.7, 8.0, 89, 耕食生活 
26757433, 29.1, 7.4, 377, 来信勿拆 
1868623, 42.4, 8.4, 1330, 在黑暗中等待 
4213995, 48.6, 7.7, 11510, 黑笑小说 
24736899, 48.0, 8.0, 6124, 雪国 
6719661, 39.4, 8.4, 800, 仲夏之死 
5290498, 41.8, 8.6, 951, 自然的建筑 
26721353, 27.3, 8.1, 132, 遇见怦然心动的小书店 
26362040, 29.7, 7.5, 379, 解密无印良品 
24153181, 43.5, 7.6, 5028, 从前我死去的家 
20561931, 36.2, 8.2, 577, 恋爱中的建筑 
21692813, 46.1, 7.6, 8396, 眠 
26818027, 21.9, 8.4, 41, 日本名所解剖书 
4086725, 35.5, 7.3, 1628, 不持有的生活 
26763747, 31.2, 8.8, 141, 永山裕子的水彩课 
26688691, 29.9, 8.3, 172, 美物抵心 
26717937, 26.7, 7.6, 189, 女人的食指 
1980992, 41.5, 8.3, 1284, 孩子們 
1455138, 45.5, 8.8, 1374, 白色巨塔（第一部） 
25815415, 36.6, 8.0, 780, 后巷说百物语 
4140396, 43.1, 8.5, 1323, 黄昏清兵卫 
25794334, 37.7, 7.5, 1900, 知日!知日！这次彻底了解日本 01 
3640304, 46.2, 8.5, 2197, 萤火虫之墓 
10594781, 46.1, 8.6, 1904, 模仿犯BOOK3 
2119843, 41.1, 6.9, 11318, 钝感力 
4732175, 42.3, 7.6, 4007, 阿根廷婆婆 
1476003, 43.0, 8.8, 915, 異變者1 
2330383, 45.0, 8.4, 2040, 一日江户人 
26648683, 23.6, 7.0, 190, 我所创造的怪物 
6039397, 34.6, 8.0, 543, 哪啊哪啊神去村 
6021094, 34.0, 7.9, 538, 喜乐京都 
3038328, 34.0, 8.6, 264, 浮世绘 
10825459, 32.9, 8.1, 359, 东京记 
25849608, 31.7, 8.0, 321, 艺术的起源 
24708303, 29.8, 7.5, 386, 横道世之介 
2376570, 55.6, 9.3, 3532, 浪漫的逃亡 
5275474, 38.3, 8.2, 831, 反造型 
1257325, 46.0, 8.2, 3213, 安藤忠雄论建筑 
24736900, 44.2, 8.2, 2329, 千只鹤 
6517150, 39.3, 7.6, 2224, 31岁又怎样 
26663098, 28.2, 8.2, 140, 第二次世界大战在亚洲及太平洋的起源 
26720709, 21.2, 7.0, 111, 恋物物语 
26662226, 26.2, 8.9, 60, 不要，不要，妈妈不要！ 
1020670, 56.2, 8.2, 19215, 舞！舞！舞！ 
26417643, 35.7, 7.4, 1469, 歪笑小说 
5907515, 34.9, 8.3, 408, 浮云 
6751045, 34.6, 8.2, 429, Wabi-Sabi 
26940567, 15.5, 7.3, 25, 理想之书 
5988624, 41.2, 8.2, 1388, 远山淡影 
20381888, 38.3, 8.3, 739, 坏女人 
1438461, 44.1, 7.8, 4128, 窥视日本 
4617900, 41.8, 8.4, 1202, 萨德侯爵夫人 
24737655, 31.8, 8.4, 219, 字型之不思議 
26646201, 31.2, 7.6, 454, 葡萄柚 
4920062, 42.5, 7.3, 6957, 别跟我说你懂日本 
3054127, 40.4, 7.7, 2382, 十宅论 
1451520, 37.0, 7.7, 1232, 沙门空海之大唐鬼宴·卷之一·入唐 
19967320, 33.8, 8.1, 416, 远野物语·日本昔话 
4292120, 33.7, 7.0, 1772, 低智商社会 
3395865, 48.9, 9.1, 1639, 北極熊 café 
3865832, 45.1, 7.1, 17961, 变身 
3830725, 26.5, 7.5, 199, 世界橫麥卡托投影地圖的獨白 
1031740, 54.9, 8.1, 18238, 寻羊冒险记 
5408843, 37.8, 7.7, 1434, 旅行从客房开始 
1227920, 34.8, 8.1, 503, 日本古典俳句选 
25736470, 33.3, 8.7, 214, 素材与身体 
1434314, 34.2, 9.0, 192, 父親的道歉信 
6885715, 44.3, 7.7, 4981, 蓝另一种蓝 
26585457, 29.7, 8.6, 131, 海与毒药 
20470914, 57.3, 9.1, 5925, 深夜食堂 04 
3025613, 43.0, 8.6, 1150, 赤朽葉家的傳說 
26809302, 23.6, 7.7, 93, 食器之美 
5954632, 36.6, 8.4, 496, 寿司品鉴大全 
26258910, 29.3, 9.2, 79, 昨夜的咖哩，明日的麵包 
26628827, 25.2, 7.3, 189, 宫崎骏和他的世界 
6903035, 35.2, 8.4, 391, 柠檬 
3089661, 50.1, 9.1, 1980, 永远永远爱你 
20428304, 38.2, 8.5, 578, 天平之甍 
4718973, 47.9, 7.8, 8416, 毒笑小说 
1336968, 55.6, 8.4, 12382, 一個人上東京 
25887244, 32.3, 8.1, 321, 异恋 
1010197, 31.0, 8.3, 210, 金融战败 
26369908, 28.4, 7.4, 327, 北野武自述 
1949925, 47.6, 8.1, 4872, 沉落的黄昏 
1053759, 54.6, 8.3, 12175, 雪国 古都 
4887589, 40.7, 8.0, 1649, 梦侦探 
24863442, 32.1, 7.4, 706, 无印良品生活研究所 
26671358, 27.3, 8.1, 131, 周末田舍生活 
22404951, 35.4, 9.0, 231, 建筑：篠原一男 
1427754, 39.6, 8.8, 534, 侏儒的话 
1030054, 43.2, 7.3, 8123, 水知道答案 
20507377, 28.3, 8.1, 156, 永恆如新的日常設計 
10572016, 27.6, 7.3, 316, 失去的二十年 
4842475, 44.1, 8.7, 1229, 新选组血风录 
26309151, 31.4, 7.4, 605, 昼颜 
5323630, 32.9, 7.9, 445, 日本物哀 
1982120, 42.5, 9.0, 692, 向着明亮那方 
3884424, 30.4, 8.9, 115, 料理圖鑑 
7154688, 43.3, 8.1, 2278, 知日·书之国 
2118032, 46.1, 8.2, 3282, 窥视工作间 
26662018, 26.2, 7.5, 189, 甜蜜的房间 
26281415, 26.0, 7.5, 183, 早餐礼赞 
17724327, 43.5, 7.4, 7110, 盛夏的方程式 
1772580, 33.3, 9.2, 143, 蟬時雨 
4903188, 36.7, 8.3, 560, 叶隐入门 
3715833, 51.3, 8.6, 4512, 铁鼠之槛（上） 
10794337, 36.3, 8.6, 383, 神之病历1 
26805083, 33.9, 9.5, 126, 心理治疗之路 
26606521, 23.9, 7.3, 144, 日本第一 
6558046, 42.1, 8.1, 1825, 人间椅子 
4893079, 29.7, 8.2, 183, 原研哉。Ex-formation植物：視覺藝術聯想集 
3134191, 39.6, 8.5, 732, 少女椿 
1042586, 39.1, 8.4, 754, 个人的体验 
3624464, 39.5, 9.4, 306, 図解アトリエ・ワン 
4772537, 39.2, 8.4, 773, 窥看舞台 
1156994, 45.6, 8.7, 1555, 永远是孩子 
26760898, 28.1, 7.8, 199, 花与爱丽丝 
19974860, 40.5, 8.6, 764, 孤獨的美食家 
25885021, 34.8, 8.3, 405, 砂女 
3391242, 42.2, 8.0, 2142, 爱的饥渴 
26706379, 21.0, 7.9, 49, 我们生活的时代 
6902164, 40.0, 7.2, 4948, 平行世界·爱情故事 
26701099, 28.9, 8.3, 147, 伴月共生 
4720817, 38.2, 7.9, 1174, 消解设计的界限 
10543300, 48.7, 9.3, 1296, 月刊少女野崎くん 01 
6387179, 33.2, 8.9, 178, 近松门左卫门选集 
2067269, 54.1, 9.4, 2553, MONSTER-怪物-01 
26278203, 21.3, 7.5, 71, 鬼父 
2129831, 39.3, 8.2, 985, 美与暴烈 
26756742, 26.4, 8.4, 88, 胆小别看画 2 
26854560, 20.1, 8.2, 34, 巨匠的技与心 
10600119, 39.3, 8.2, 995, 尽头的回忆 
6790598, 35.7, 8.1, 585, 文字设计的原理 
25870757, 37.0, 8.3, 587, 现代日本 
21690242, 34.6, 8.4, 354, 拿破仑狂 
25832600, 32.4, 8.1, 326, 冬至草 
25808336, 37.2, 7.6, 1461, 知日·了不起的推理 
26703717, 25.6, 8.1, 97, 我決定簡單的生活 
4823789, 41.2, 8.4, 1086, 晓寺 
2284574, 45.5, 8.3, 2568, 织田信长——菊与刀 
26723425, 28.2, 8.2, 141, 前巷说百物语 
24226728, 40.9, 8.5, 913, 人间失格 
3678694, 44.8, 7.4, 9294, 窗灯 
4311471, 40.8, 8.3, 1126, 门 
23316673, 38.1, 7.7, 1534, 知日·日本禅 
6797947, 35.7, 8.5, 385, 茶之书·“粹”的构造 
25851888, 37.7, 8.3, 666, 都市传说 
1330007, 32.8, 7.9, 438, 平家物语 
26613047, 29.0, 7.6, 294, 时间停止的校园（上、下） 
24736901, 40.4, 8.3, 1059, 山音 
25892396, 38.5, 8.0, 1098, 有翼之暗 
2122399, 33.5, 7.8, 556, 叶隐闻书 
25923427, 38.5, 8.6, 553, 河童 
6731566, 48.2, 8.6, 2705, 一个人去跑步 
6952187, 39.4, 8.2, 1011, 宵山万华镜 
26578129, 23.1, 7.9, 72, 何有此生 
3701687, 30.5, 8.4, 176, 與設計向前行 
25852538, 35.2, 7.4, 1311, 知日·料理之魂 
5372422, 42.2, 8.1, 1866, 末日的愚者 
4075352, 30.0, 8.4, 162, 消失！ 
6814968, 37.6, 8.3, 651, 虞美人草 
24851599, 37.9, 7.2, 3159, 知日·断舍离 
10759723, 31.7, 8.1, 286, 箱庭圖書館 
6731202, 40.4, 8.3, 1066, 恋文 
5283526, 24.4, 8.6, 55, 横滨故事ヨコハマ物语 
26180267, 28.0, 7.1, 436, 我们是不是该结婚了 
1050083, 37.8, 8.1, 861, 我就喜欢你这样的地方 
6393733, 38.7, 7.4, 2679, 当我们聊起日本时 
3227126, 48.4, 8.2, 4880, 30分老妈 
3866397, 42.9, 7.7, 3792, 鹿男 
3654912, 34.5, 8.4, 344, 小津安二郎周游 
26576518, 33.8, 7.0, 1836, 我的晃荡的青春 
6967980, 40.6, 7.4, 3948, 然后，我就一个人了 
6890451, 50.1, 9.2, 1765, 外天楼 
5924289, 39.9, 8.3, 978, 窥视厕所 
11516079, 43.6, 7.9, 3230, 知日·猫 
1468393, 37.6, 7.2, 2960, 无限近似于透明的蓝 
3071759, 40.2, 8.0, 1499, 百物语 
5921793, 38.4, 7.6, 1871, 我这一代东京人 
24294868, 23.9, 7.4, 132, 百合心 
3864342, 45.0, 7.9, 4141, 69 
5439620, 34.7, 7.9, 614, 艺术创业论 
26265818, 27.4, 7.4, 269, 电影食堂 
26015657, 21.7, 8.0, 52, 玻璃蘆葦 
26276634, 25.3, 7.4, 174, 無印良品的四季食谱 
6718283, 36.2, 8.3, 515, 版面设计的原理 
20386243, 37.8, 9.1, 309, 复眼的影像 
4827423, 41.3, 8.4, 1097, 浩瀚大洋是赌场 
6781800, 38.4, 7.9, 1216, 回忆，扑克牌 
6728876, 43.1, 8.1, 2214, 知日· HI! 美术馆 
26717185, 23.0, 7.9, 71, 日本古书店的手绘旅行 
1066538, 28.8, 7.8, 230, 万叶集 
10746325, 38.1, 8.2, 799, 犬的记忆 
4732427, 42.1, 7.8, 2809, 十二味生活设计 
2037101, 35.4, 8.6, 332, 東京製造 
1310673, 50.0, 9.3, 1559, 遥远的野玫瑰村 
1939267, 34.0, 7.8, 608, 日本手工艺 
6560666, 38.0, 8.4, 632, 忧国 
3894806, 37.6, 8.2, 735, 等云到 
4898712, 47.5, 8.3, 3596, 奇想·天动 
5939321, 38.2, 8.8, 433, 坂本龙马 第一部 
26882820, 12.5, 7.1, 15, 天皇与日本国命 
10439880, 30.7, 8.4, 181, 不道德教育講座 
26755284, 30.4, 7.6, 389, 献给折颈男的协奏曲 
1316584, 40.9, 8.7, 738, 玩具修理者 
25967777, 30.6, 7.2, 669, 知日·杂货 
6126821, 43.8, 8.4, 1666, 远方的鼓声 
20506299, 29.1, 7.4, 382, 中国化的日本 
1013058, 40.8, 7.8, 2210, 武士道 
10473576, 40.7, 7.5, 3450, 替身 
4320806, 40.3, 8.8, 597, 关原之战 
5949213, 29.9, 8.0, 231, 大叔上等 
2214337, 41.1, 8.9, 617, 星新一微型小说选 
19956847, 32.2, 7.6, 553, 请偷走海报！+3 
4191741, 33.1, 7.9, 458, 图说日本住居生活史 
26790752, 19.2, 8.2, 29, 第六大陆 
10529412, 55.0, 9.2, 3680, 深夜食堂 06 
26711494, 19.3, 8.3, 28, 爱欲日本 
4152764, 43.1, 7.8, 3418, 点与线 
25723797, 37.2, 7.6, 1482, 知日·家宅 
23780881, 51.4, 9.1, 2400, 深夜食堂 08 
26315997, 21.3, 8.2, 42, 茶之书 
26280776, 21.0, 8.2, 40, 设计修辞法 
10486206, 31.7, 8.5, 196, 教养与文明 
26865171, 16.3, 6.7, 48, 知日·实录！山口组 
4857031, 36.9, 7.6, 1386, 钥匙 
24866081, 29.9, 8.9, 107, 決鬥寫真論 
1394395, 38.5, 7.6, 1905, 歌舞伎町案内人 
26828738, 27.8, 8.0, 158, 霹雳队长 
7060214, 32.1, 7.5, 616, 日本漫画为什么有趣 
7916119, 29.7, 8.3, 168, 手锁心中 
24847411, 31.5, 8.2, 250, 日本漫画60年 
26869147, 19.4, 7.2, 62, 最后的大队 
20389191, 37.7, 8.4, 595, 冰点 
26580252, 22.0, 7.6, 74, 小而美的家 
2025723, 32.9, 8.7, 203, 超越极限 
6006497, 39.2, 8.6, 616, 诸神的微笑 
2151785, 28.0, 8.7, 91, 宫泽贤治杰作选 
11511204, 39.8, 7.4, 3342, 悖论13 
26221734, 22.5, 7.6, 83, 维他命F 
25977519, 30.7, 7.8, 326, 屠杀器官 
4850641, 43.1, 8.6, 1169, 燃烧吧！剑（上） 
1937346, 43.8, 8.5, 1487, 亚洲的书籍、文字与设计 
4098006, 23.2, 8.4, 51, 数学女孩 
25752981, 33.7, 7.8, 581, 你所不知道的日本名词故事 
3259587, 50.0, 8.6, 3614, 我与狗狗的十个约定 
25834552, 27.4, 9.1, 64, 正倉院考古記 
4191733, 37.9, 8.3, 691, 寄物柜婴儿 
5367332, 40.1, 8.4, 888, 请叫我英雄 Vol.1 
24879730, 27.9, 6.5, 1078, 日本AV影像史 
10539159, 34.4, 8.0, 518, 欲望的教育 
26786571, 21.0, 7.6, 61, 日本，隐逸的日常 
25962185, 28.7, 8.0, 183, 明治维新的国度 
10618121, 34.8, 8.1, 498, 扮鬼脸 
2258803, 52.0, 8.3, 7786, 一個人去旅行 
25696534, 26.2, 8.1, 107, 日本史 
1937756, 42.6, 8.8, 868, 疾风迅雷 
1436657, 53.4, 8.9, 4179, 寄生獸 (完全版) (Vol. 1) 
4908871, 41.9, 7.9, 2355, 用洗脸盆吃羊肉饭 
4850848, 36.1, 7.5, 1364, 卍 
10810687, 42.0, 8.5, 1088, 一个人的42公里 
5423779, 35.4, 7.9, 704, 食桌情景 
26782113, 31.6, 7.4, 630, 筑巢记 
26289340, 30.5, 8.4, 176, 东京人 
3605216, 39.1, 8.3, 844, 小津 
24529164, 40.5, 8.1, 1390, 楼兰 
25814725, 41.6, 8.8, 740, 人间失格·斜阳 
25714740, 38.1, 7.3, 2781, 起风了 
6831051, 37.1, 8.4, 539, 泥河·萤川 
26148067, 28.1, 6.4, 1357, 知日·手账最高 
10519359, 33.1, 7.4, 858, 日本边境论 
6073423, 32.9, 8.3, 293, 歌行灯 
26829778, 20.7, 9.2, 22, 赤木家的食器柜 
26276398, 27.7, 7.1, 409, 自在的旅行 
26603648, 24.7, 7.2, 192, 少即是多：北欧自由生活意见 
20556231, 22.3, 7.6, 79, “日本收纳教主”近藤典子助你打造一个井井有条的家 
3406206, 34.6, 7.9, 608, 日本的手感設計 
26711136, 26.2, 8.5, 79, 星野道夫的北地之梦 
26653018, 27.6, 7.5, 250, 一切终将远去 
26435482, 26.1, 7.5, 186, 博物馆行星 
26760979, 17.1, 6.6, 64, 画框里的男人装 
5423899, 41.3, 7.8, 2413, 乌鸦的拇指 
22182576, 35.8, 7.5, 1280, 中国缺什么 日本缺什么 
1923012, 31.4, 8.7, 159, 清俗纪闻 
26303058, 25.9, 7.5, 178, 我是怎样拍电影的 
26345929, 29.1, 7.5, 340, 崭新的理所当然 
26645313, 27.3, 8.0, 143, 不正常人类研究所 
1072632, 30.5, 8.9, 118, 日本政治思想史研究 
26758311, 25.3, 8.5, 68, 胆小别看画 3 
3449759, 48.7, 8.3, 4441, 一个人漂泊的日子① 
1043814, 40.1, 7.8, 1948, 午夜凶铃2：复活之路 
26603305, 22.2, 8.8, 34, 日本推理100年 
11534101, 27.8, 9.1, 67, 星星和蒲公英 
26345261, 27.4, 8.8, 77, 小森食光 1 
5415719, 40.7, 7.6, 2942, 知日·奈良美智 
26745439, 23.9, 8.0, 77, 纸之月 
26847933, 28.9, 8.2, 159, 茶书 
3535792, 38.4, 7.6, 1845, 日本料理 
2119511, 33.9, 8.0, 477, 再造魅力故乡 
3149697, 32.1, 7.8, 426, 日本史 
11533530, 34.1, 8.0, 493, 十一张牌 
26327552, 26.9, 8.5, 88, 殉教 
6873348, 35.1, 8.9, 241, 竹久梦二名作原寸复刻集 
7052661, 28.1, 9.0, 75, 少女椿 
5988636, 40.7, 7.8, 2160, 雏菊人生 
26688137, 21.0, 7.4, 72, 人歌人哭大旗前 
4191699, 41.5, 8.3, 1282, 午后曳航 
26431623, 26.8, 7.6, 193, 灯之湖畔 
1877890, 29.8, 9.1, 91, 风姿花传 
26628823, 30.4, 6.7, 1391, 图书馆奇谈 
10759773, 53.8, 9.2, 3078, 深夜食堂 07 
21966358, 29.3, 7.8, 253, 就在你所在的地方生根开花 
1011662, 48.3, 7.9, 7734, 再袭面包店 
3053207, 43.9, 7.2, 11376, 侦探伽利略 
3926665, 43.4, 7.3, 8466, 伽利略的苦恼 
26834528, 21.0, 7.8, 53, 佐藤大:用设计解决问题 
26297985, 33.5, 6.8, 2444, 梦幻花 
2300813, 39.6, 8.7, 595, 收割电影 
26789264, 29.5, 7.4, 415, 极简生活：简而美地活 
25942396, 28.7, 7.4, 352, 日本味道 
26127475, 26.8, 7.6, 191, 住宅格局解剖图鉴 
5906052, 48.2, 8.5, 3069, 進擊的巨人 01 
3399440, 33.5, 8.6, 242, 原研哉的設計 
25819593, 36.4, 8.1, 665, 会做饭的孩子走到哪里都能活下去 
20645157, 35.9, 7.2, 2075, 知日·妖怪 
26412739, 24.3, 8.2, 71, 家徽里的日本史 
10515231, 33.5, 7.4, 922, 献给虚无的供物 
25850118, 27.3, 8.2, 120, 日本读书论 
3114973, 45.7, 8.6, 1787, 快樂的暑假 
26435483, 31.1, 7.8, 356, 邪魅之雫（上） 
26415843, 29.9, 8.7, 124, 亚洲的叛逆 
1732999, 39.5, 8.5, 726, 哥儿 
26389380, 28.3, 8.5, 111, 捕风者宫崎骏 
20449829, 40.2, 7.5, 3114, 我杀了他 
6817768, 27.0, 9.0, 64, 日本文学史序说（上下） 
25790070, 32.1, 7.4, 703, 移动的帝国 
1059378, 38.4, 8.5, 604, 花未眠 
5416915, 43.0, 7.5, 5422, 杀人之门 
23196321, 39.1, 8.3, 854, 林竹闯关西 
26652938, 23.5, 8.4, 54, 日本陆军的轨迹（1931—1945） 
26665581, 24.1, 8.6, 52, 料理全书 
1207339, 41.0, 8.4, 1039, 青春的证明 
10598176, 37.4, 8.2, 712, 树屋 
25871639, 33.4, 8.1, 390, 广岛 
1084385, 35.1, 9.1, 205, 川端康成小说经典（全三册） 
2119536, 43.5, 7.8, 3693, 砂器 
10345553, 36.6, 7.0, 3413, 为了N 
5290239, 37.1, 8.1, 752, 这一生再也不会有的奇遇 
2997011, 22.8, 8.9, 35, 京都千二百年(上) 
19912126, 41.2, 7.9, 2044, 知日·铁道 
3316174, 47.0, 8.0, 5113, 狂骨之梦 
1914625, 40.9, 7.7, 2630, 老师的提包 
26794518, 26.3, 7.8, 144, 25岁，如何规划你的人生 
4104794, 40.8, 8.3, 1127, 有一类战犯叫参谋 
25918073, 36.3, 7.9, 838, 独眼少女 
2135803, 43.3, 8.7, 1082, 今天运气怎么这么好 
26603307, 22.0, 9.1, 28, 日本侦探作家论 
10282578, 39.3, 7.7, 1902, 村上广播 
3022902, 28.3, 9.0, 78, RE-DESIGN 
25962759, 22.2, 7.4, 93, 模仿的技术 
26581565, 30.1, 7.4, 467, 亿男 
1799984, 45.2, 8.6, 1651, 家庭收纳1000例 
20453500, 24.6, 8.7, 53, 海海人生！！ 
3774884, 51.9, 9.1, 2584, 子猫絮语 
24696662, 38.0, 8.0, 998, 爱猫奇洛 
5988637, 35.2, 8.5, 352, 镜子之家 
26392734, 27.2, 7.4, 255, 到处存在的场所，到处不存在的我 
26323550, 22.7, 8.8, 37, 世界建筑旅行地图：日本 
6789166, 29.7, 8.8, 112, 伪满洲国首都规划 
26490949, 27.0, 7.9, 148, 皇家酒店 
5290496, 31.9, 8.4, 223, 日本近代建筑 
5919999, 43.5, 7.6, 5049, 赎罪 
4220357, 40.2, 7.7, 2270, 沙漠 
26301626, 29.9, 7.6, 353, 谢谢你 
2062557, 44.8, 9.1, 890, 地狱变 
3035592, 21.4, 9.0, 27, 有栖川有栖の密室大図鑑 
1072126, 48.1, 9.1, 1463, 我是霸王龙 
3517501, 31.8, 7.8, 405, 金色夜叉 
1907859, 32.7, 8.2, 308, 今昔物语 
1962680, 31.6, 7.0, 1126, 下流社会 
6101342, 43.0, 8.1, 2172, 知日·制服uniforms 
26253700, 29.8, 8.9, 105, 城塞 
3715844, 50.6, 8.6, 4029, 铁鼠之槛（下） 
24839341, 35.9, 7.6, 1139, 紫罗兰 
1563556, 31.3, 8.2, 242, 日本蛋糕名店的私藏秘方 
25831196, 33.0, 7.4, 837, 知日·设计力 
25811057, 34.7, 8.1, 491, 在建筑中发现梦想 
1033561, 37.6, 8.8, 393, 文明论概略 
1068907, 40.2, 7.8, 1956, 如果我们的语言是威士忌 
25927233, 35.2, 7.6, 989, 杀手界 
26731424, 20.8, 7.5, 64, 买不到的味道 
1186348, 32.0, 8.1, 302, 谷川俊太郎诗选 
10827882, 37.2, 7.9, 976, 悉尼！ 
25977518, 30.5, 8.0, 254, 和谐 
1094487, 42.8, 8.4, 1408, 人性的证明 
25727687, 27.0, 8.2, 114, 日日之器 
11537640, 41.9, 8.4, 1205, 一个人的美食之旅2 
4836688, 37.4, 7.4, 2070, 最危险的厕所和最美丽的星空 
7063845, 41.6, 7.8, 2566, 失踪HOLIDAY 
26582858, 24.6, 7.2, 187, 京都里山四季 
5245537, 37.7, 8.4, 592, 手冢治虫：原画的秘密 
20516973, 31.6, 7.6, 489, 从神话到历史：神话时代、夏王朝 
10461698, 29.1, 8.5, 127, 東京肉肉 
4152763, 41.5, 8.0, 1902, 零的焦点 
1478882, 41.2, 9.1, 511, OH MY GOD! I MISS YOU 
10439096, 33.6, 8.0, 450, 出帆 
11498195, 35.4, 7.6, 1042, 人格转移杀人事件 
4818181, 31.0, 8.0, 283, 近世日本的日常生活 
24845438, 31.0, 8.5, 174, 名作家文学课 
25708966, 31.9, 9.4, 102, 今 敏 画集 KON&#39;S WORKS 1982-2010 
1837549, 34.6, 7.7, 781, 日本电影100年 
25859249, 33.3, 7.7, 604, 一瞬之光 
4753975, 35.6, 8.7, 312, 100层的房子 
25836027, 32.8, 7.6, 615, 献给死者的音乐 
26616958, 25.7, 7.9, 116, 樱花秘密基地 
10996167, 23.8, 7.6, 106, 動物化的後現代 
25842278, 32.5, 7.6, 583, 奈良美智48个女孩 
26856151, 15.0, 7.9, 16, 北斋漫画 
2184349, 27.9, 9.1, 69, 日本开国五十年史（上下） 
5312099, 35.0, 7.5, 1089, 对岸的她 
5957787, 41.4, 9.1, 532, 我爱你 
1082345, 31.5, 8.7, 162, 实用生活图鉴 
4106403, 32.9, 7.6, 631, 羔羊們的聖誕夜 
4726738, 40.2, 9.1, 440, 小狐狸买手套 
6967521, 23.7, 8.7, 46, 幸福便當時間 
11621662, 38.0, 7.7, 1483, 新娘 
25870328, 26.2, 9.2, 50, 永生或猝死 
24538716, 33.4, 8.6, 239, 幻影城主 
1416289, 43.3, 8.9, 864, 晴天有时下猪 
24381378, 27.8, 8.5, 103, 森山大道，我的寫真全貌 
26148885, 20.7, 6.3, 234, 没有动力的时候，一个人发发呆也好（2） 
26593509, 27.4, 7.6, 215, 酒友 饭友 
1179158, 25.1, 8.3, 76, 拯救日本 
1283273, 46.2, 7.3, 15070, 天黑以后 
1794803, 23.7, 8.0, 74, 做愛時的眼神 
3002163, 17.6, 7.4, 36, 寺內貫太郎一家 
6737815, 27.7, 8.2, 128, 嶄新的理所當然 
5936372, 29.7, 8.2, 184, 民艺四十年 
1505350, 32.1, 8.1, 308, 工艺文化 
