Tag: 时间管理 

ID, Score, Rating, Votes, Title 
3609132, 60.3, 8.5, 23118, 把时间当作朋友 
26850526, 36.6, 8.3, 546, 追时间的人 
6709809, 54.3, 8.4, 9914, 暗时间 
4180711, 53.2, 8.2, 11345, 拖延心理学 
1115353, 49.8, 8.3, 5389, 奇特的一生 
5916234, 47.2, 7.7, 8807, 番茄工作法图解 
3558629, 50.2, 8.4, 4933, 小强升职记 
26761859, 34.6, 7.9, 610, 精要主义 
1085660, 42.5, 8.0, 2290, 尽管去做 
26656532, 28.5, 7.4, 337, 最重要的事，只有一件 
1048007, 56.2, 8.2, 19038, 高效能人士的七个习惯（精华版） 
6519759, 39.4, 7.5, 2667, 记事本圆梦计划 
1019959, 36.0, 7.8, 891, 精力管理 
25855770, 31.2, 8.1, 263, 就因為「沒時間」，才什麼都能辦到 
26893033, 33.6, 8.5, 271, 把小日子收进手帐里 
3006483, 39.3, 7.7, 1932, 每周工作4小时 
1436707, 43.0, 7.6, 4634, 如何掌控自己的时间和生活 
4229525, 37.4, 7.4, 2047, 筆記女王的手帳活用術 
3744041, 37.1, 7.1, 3151, 晨间日记的奇迹 
26586771, 32.2, 7.4, 709, 神奇手账 
3550398, 37.6, 7.5, 1861, 时间管理幸福学 
11907918, 23.5, 8.4, 54, Daily Rituals 
25747577, 31.0, 6.9, 1138, 7天治愈拖延症 
26099295, 29.2, 7.6, 308, 番茄工作法图解 
20507359, 26.7, 7.5, 208, 不要一大早就刷微博 
10535830, 28.9, 7.1, 533, 另外8小时 
1984347, 41.3, 8.3, 1236, Power Sleep 
3371165, 29.2, 7.1, 570, 吃掉那只青蛙 
3038761, 29.6, 7.4, 419, 80/20法则 
20389192, 40.4, 7.2, 5434, 30岁前的每一天 
3852697, 31.8, 7.5, 574, 少的力量 
5341077, 30.2, 6.8, 1133, 筆記女王的手帳活用術 2 
11523251, 28.6, 6.6, 1073, 超级时间整理术 
24706568, 24.1, 7.4, 136, 时间，快与慢 
10485205, 28.0, 7.9, 178, 搞定Ⅲ 
6807583, 21.5, 6.7, 168, 休活 
26703405, 22.0, 7.3, 98, 少做一点不会死 
24531573, 28.0, 7.2, 390, 自制力 
25762577, 27.9, 7.7, 215, 高效能人士的时间和个人管理法则 
4087655, 33.5, 7.9, 493, 注意力曲线 
24771054, 15.9, 7.5, 24, The Miracle Morning 
20271921, 16.1, 7.4, 27, 生命尽头，谁将为你哭泣 
25857944, 18.4, 6.6, 89, 掌控：如何规划自己的时间和生活 
5372470, 20.1, 6.1, 269, 高效人士四小时熟睡法 
5263597, 19.1, 6.7, 95, 實現一生夢想的筆記本 
6149406, 13.5, 7.1, 19, 成功者的筆記本都記些什麼 
26230719, 13.7, 5.6, 82, 极简主义 
20492080, 24.2, 6.8, 278, 每天节省2小时 
26617315, 20.7, 8.7, 28, 懒人总是有借口 
26801390, 18.0, 7.2, 46, 有道云笔记：记录，成为更好的自己 
6717149, 26.8, 8.3, 101, 分心也有好人生 
26307617, 19.7, 7.8, 41, 心想事成的创意整理术 
4238345, 21.8, 7.5, 78, 弘兼宪史教你活用记事本 
25852650, 21.9, 8.0, 54, 高效管理的80/20法则 
23008781, 21.1, 6.8, 134, 天天25小时 
6892012, 25.2, 7.2, 215, 时间，会用才能身价倍增 
25755525, 16.8, 5.8, 161, 戒了吧，拖延症 
26372189, 17.5, 6.9, 53, 别说你懂思维导图 
20473866, 15.2, 6.1, 68, 最強手帳改造術 
25894706, 18.9, 6.6, 101, 用系统来工作 
