Tag: 杂文 

ID, Score, Rating, Votes, Title 
1054685, 68.3, 9.0, 36543, 沉默的大多数 
1767945, 63.7, 8.8, 24715, 一只特立独行的猪 
1014578, 63.4, 9.0, 17227, 我的精神家园 
1003284, 54.8, 8.1, 17886, 退步集 
3344676, 58.4, 8.1, 34106, 常识 
1883991, 55.4, 9.3, 3462, 王小波全集 
4872671, 57.7, 8.2, 24855, 佛祖在一号线 
1449351, 65.8, 8.8, 34495, 呐喊 
1426971, 61.8, 8.8, 18278, 野火集 
1418180, 57.9, 8.9, 8527, 思维的乐趣 
1023000, 47.2, 8.6, 2297, 常识与通识 
1015767, 45.7, 8.0, 4094, 门萨的娼妓 
1061242, 53.6, 8.8, 4967, 写在人生边上 
26937000, 20.7, 8.2, 38, 山河袈裟 
3642673, 55.3, 8.0, 23089, 我执 
5401989, 51.5, 8.1, 9778, 自由在高处 
1082578, 52.7, 9.0, 3333, 理想国与哲人王 
1073349, 55.5, 8.8, 6694, 写在人生边上 人生边上的边上 石语 
26883163, 24.0, 8.5, 55, 好一座浮岛 
20425053, 50.6, 7.7, 16844, 我所理解的生活 
1027247, 51.6, 7.9, 14100, 丑陋的中国人 
1059040, 46.6, 8.6, 2092, 雅舍小品 
25886172, 37.6, 7.6, 1578, 幻想图书馆 
5252677, 54.1, 8.1, 15669, 幸福了吗? 
26679240, 34.9, 7.6, 932, 槽边往事 
1273759, 44.4, 8.2, 2412, 人在欧洲 
1262986, 51.2, 8.1, 9295, 我不是教你诈 
1830445, 52.3, 9.0, 3121, 阿城精选集 
6902639, 53.5, 7.9, 20114, 青春 
1072189, 45.8, 8.8, 1438, 百年思索 
2143304, 52.5, 8.1, 11825, 我爱问连岳 
19965972, 44.0, 7.5, 6648, 我读书少，你可别骗我 
5289756, 51.0, 7.9, 12684, 爱的地下教育 
3860856, 54.8, 8.1, 17798, 可爱的洪水猛兽 
20278799, 48.4, 7.6, 13117, 三十六大 
2025235, 50.2, 9.1, 2020, 顾准文集 
3391717, 44.5, 8.1, 2837, 中国好人 
26782781, 30.4, 7.6, 387, 不必交谈的时刻 
25844640, 27.2, 7.1, 370, 如何处理仇人的骨灰 
11505930, 32.4, 7.3, 847, 杀鹌鹑的少女 
1073253, 46.9, 8.8, 1717, 闲话闲说 
1025723, 54.3, 8.3, 11658, 潜规则 
10537640, 40.4, 6.9, 9804, 如丧 
10597973, 41.8, 8.1, 1745, 旧山河 
2156168, 42.2, 8.4, 1281, 书读完了 
6539860, 44.1, 8.6, 1389, 大地孤独闪光 
1017839, 41.6, 7.9, 2218, 带着鲑鱼去旅行 
26801831, 34.3, 7.3, 1269, 在宇宙间不易被风吹散 
5321843, 36.3, 6.5, 8654, 假装的艺术 
25741244, 39.7, 7.1, 5641, 我承认我不曾历经沧桑 
2052596, 48.8, 8.2, 5200, 退步集续编 
24876477, 44.8, 7.4, 9403, 很高兴见到你 
4031698, 46.3, 7.8, 6231, 读者 
3225748, 43.2, 7.9, 3001, 路上有惊慌 
7055536, 38.1, 8.9, 386, 资中筠自选集（全五册） 
3033668, 47.2, 7.8, 7327, 闪开，让我歌唱八十年代 
2082194, 54.0, 8.2, 12951, 小时候 
25811462, 52.5, 8.4, 7272, 小顾聊绘画·壹 
1006560, 51.8, 8.2, 8857, 血酬定律 
1949679, 53.5, 8.7, 5564, 素履之往 
26263052, 33.4, 7.9, 487, 毫无必要的热情 
26897973, 25.9, 7.5, 179, 中国特色的译文读者 
3866002, 40.6, 7.2, 5703, 我所爱的香港 
20497889, 43.3, 7.4, 6932, 全世界人民都知道 
1438669, 42.2, 8.6, 1012, 这个动荡的世界 
26588107, 28.0, 7.4, 301, 只有大众,没有文化 
24706897, 32.3, 7.4, 722, 我这一代香港人 
25958626, 35.2, 7.9, 672, 橄榄成渣 
6969827, 41.0, 7.7, 2667, 理想丰满 
25944294, 34.3, 7.5, 952, 来到地球第一天 
20499070, 37.7, 8.1, 832, 这个社会会好吗 
25804641, 37.1, 7.7, 1261, 草草集 
25798977, 40.5, 7.4, 3863, 去你家玩好吗 
6802371, 40.6, 7.9, 1842, 一个游荡者的世界 
26291216, 30.3, 6.5, 1930, 我们生活在巨大的差距里 
1474736, 48.0, 9.0, 1603, 鲁迅杂文全集 
19986372, 43.8, 8.7, 1171, 沉默的大多数 
1004719, 41.4, 8.6, 892, 谈修养 
20414497, 32.2, 7.3, 825, 乱象丛生 
3662421, 40.5, 8.1, 1379, 密涅瓦火柴盒 
1746182, 30.1, 8.8, 119, 龙应台杂文精品 
6877598, 40.3, 8.7, 667, 士人风骨 
1822857, 52.0, 9.0, 2982, 王小波全集（第二卷 杂文） 
4915930, 35.5, 8.0, 640, 虚拟书评 
10536368, 37.4, 8.2, 704, 纸上卧游记 
10549863, 53.2, 8.6, 6182, 光明与磊落 
1083333, 36.7, 8.4, 502, 积极生活 
26673941, 37.1, 8.2, 671, 正午故事001 
1823785, 36.8, 7.9, 918, 误读 
1071187, 38.4, 9.0, 366, 老舍幽默诗文集 
6393733, 38.7, 7.4, 2679, 当我们聊起日本时 
6904615, 35.8, 7.0, 2857, 再不相爱就软了 
26314606, 33.6, 8.6, 248, 打回原形 
1888215, 46.5, 8.4, 2650, 即兴判断 
20499673, 39.9, 7.9, 1620, 味道·人民公社 
2339264, 41.8, 8.6, 952, 人为什么活着 
26359009, 29.6, 6.5, 1650, 和喜欢的一切在一起 
26662051, 33.9, 8.1, 429, 我说的不一定对 
10569245, 35.1, 7.1, 2059, 不愿说谢谢的人 
19956258, 37.2, 8.5, 489, 容忍比自由更重要 
6711774, 34.6, 7.8, 684, 出神 
3009033, 52.2, 7.8, 18790, 杂的文 
1050929, 48.1, 8.7, 2358, 隐蔽的秩序 
1028977, 35.9, 8.7, 329, 玻璃屋顶 
1016429, 51.2, 8.6, 4431, 毛姆读书随笔 
26866648, 26.8, 8.2, 111, 吃了再爱，还是爱了再吃？ 
25799030, 30.9, 7.3, 626, 莫急，你要的岁月都会给你 
1876333, 39.5, 7.7, 1984, 没有国家的人 
1049361, 47.2, 8.3, 3402, 比我老的老头 
25886896, 34.6, 7.4, 1156, 关键词 
1010499, 32.8, 8.6, 217, 龙坡杂文 
1034108, 49.2, 7.2, 35127, 零下一度 
1009640, 36.6, 7.7, 1137, 闲看水浒 
5293030, 40.6, 7.1, 6871, 那些有伤的年轻人 
1427754, 39.6, 8.8, 534, 侏儒的话 
26606389, 40.3, 7.4, 3768, 白说 
2975939, 36.8, 7.4, 1832, 论扯淡 
26177823, 30.8, 6.6, 1826, 在这复杂世界里 
1493523, 42.7, 8.3, 1577, 读库0601 
1037121, 38.8, 9.3, 301, 寒柳堂集 
1041414, 45.9, 8.6, 1868, 威尼斯日记 
1292448, 36.9, 8.1, 722, 女子与小人 
24716171, 35.0, 8.6, 309, 沉默的大多数 
2022506, 37.9, 7.8, 1284, 思想国 
1807349, 39.3, 8.6, 632, 个人尊严 
6109582, 35.3, 8.1, 547, 走不出的风景 
1733250, 48.6, 8.4, 3804, 韩寒五年文集（上下） 
19976126, 30.6, 8.5, 165, 在意义天际的写作 
24714249, 32.1, 7.8, 428, 活,该快乐着 
10343070, 28.1, 7.3, 346, 装X 
4140439, 30.7, 6.7, 1480, 毒舌北野武 
26311780, 25.8, 7.8, 130, 大人故事集 
10570061, 36.2, 8.1, 638, 单向街 004 
1790950, 39.1, 8.7, 544, 且介亭杂文 
19976775, 33.4, 7.5, 796, 死城漫游指南 
3886010, 45.9, 8.1, 3644, 我爱问连岳Ⅲ 
3333989, 51.1, 8.1, 9171, 荒废集 
26298264, 21.6, 9.2, 25, 积存时间的生活 
1070985, 43.2, 8.8, 949, 钱钟书散文 
1438536, 45.3, 8.9, 1183, 王小波经典作品 
20480681, 37.7, 7.4, 2199, 你当温柔，却有力量 
1815627, 40.5, 8.6, 770, 书斋里的革命 
3808810, 39.8, 7.7, 2123, 来去自由 
2256438, 57.4, 7.8, 50709, 素年锦时 
25826578, 33.2, 7.1, 1369, MacTalk 人生元编程 
3608751, 37.5, 7.4, 2100, 醒来 
3621252, 44.5, 7.4, 8816, 曾经 
4583113, 35.0, 6.8, 3423, 四手联弹 
1062423, 46.9, 8.3, 3272, 牛棚杂忆 
1392950, 37.7, 7.5, 1897, 花间一壶酒 
3770726, 43.0, 7.7, 3906, 草 
25780158, 31.0, 8.1, 254, 鸟儿歌唱 
24754123, 38.2, 7.0, 4812, 所有人问所有人 
24844194, 26.9, 7.9, 146, 我为什么没有成为江洋大盗 
25831406, 32.8, 8.3, 288, 陌生的中国人 
1063245, 50.7, 7.6, 20603, 通稿2003 
5401874, 30.9, 7.9, 306, 什么是好的公共生活 
1324985, 44.6, 8.1, 2899, 我是鸡汤 
25902451, 30.1, 7.4, 467, 不妥 
26695147, 20.0, 7.7, 47, 成长是一件孤独的事 
2287508, 43.2, 8.0, 2577, 多余的素材 
11535030, 42.2, 8.3, 1452, 一个一个人 
2046933, 41.9, 8.8, 770, 华盖集 
5396556, 34.8, 8.5, 329, 極權的誘惑 
1759860, 38.0, 7.4, 2312, 不许联想 
6129534, 35.6, 7.7, 940, 不曾苟且 
26828648, 22.8, 6.9, 178, 这个时代这些人 
26819337, 17.1, 8.4, 18, 快刀文章可下酒 
1343276, 31.7, 8.5, 197, 面對大海的時候 
1313268, 38.4, 7.5, 2147, 猪和蝴蝶 
26697791, 28.8, 9.3, 69, 鲁迅杂文集 
1131988, 36.3, 8.4, 472, 不服从的江湖 
1871590, 35.9, 7.1, 2436, 爱你就像爱生病 
1440101, 44.3, 7.2, 12310, 就这么漂来漂去 
1484695, 42.5, 8.1, 1981, 季羡林谈人生 
26590149, 25.7, 7.3, 211, 亦摇亦点头 
1915716, 40.4, 8.5, 836, 负暄琐话 
25752421, 30.2, 7.7, 334, 走神 
1003646, 39.0, 7.5, 2444, 闲话中国人 
1427726, 35.0, 8.1, 522, 耻辱者手记 
2134697, 22.6, 8.1, 57, 墮落論 
1469212, 32.5, 6.9, 1598, 所有的男人都是消耗品 
1322264, 40.7, 7.8, 2180, 陈丹青音乐笔记 
26383472, 31.3, 7.3, 685, 你我皆凡人 
25777339, 32.2, 8.3, 257, 老生常谈 
3711727, 38.4, 7.5, 2177, 等待香港 
2262908, 30.5, 7.5, 442, 鸟儿问答 
4729521, 37.8, 7.8, 1260, 单向街 002 
3880848, 28.1, 6.3, 1611, 向死而生 
1056501, 39.1, 8.1, 1082, 传统下的独白 
4104793, 37.8, 7.6, 1667, 冰眼看日本 
26862453, 22.0, 8.7, 35, 大地栖居 
25817337, 29.9, 7.4, 444, 晓说3 
1012573, 33.1, 8.3, 300, 我是谁 
3673386, 37.7, 7.2, 3017, 廉价哲学 
10782031, 30.5, 8.9, 118, 胡适的理想国 
3858961, 32.4, 7.3, 858, 蔡澜眼中的八婆与美女 
26315736, 31.3, 7.7, 414, 树，不在了 
1819978, 49.2, 8.5, 3631, 温莎墓园日记 
26599193, 24.3, 6.3, 603, 我们从未陌生过 
2294982, 36.5, 7.8, 971, 与陈丹青交谈 
10512507, 34.3, 7.6, 831, 锵锵三人行·跟陈丹青聊天 
6979779, 26.1, 7.8, 138, 牛人的物种起源 
4238362, 69.1, 8.6, 82618, 送你一颗子弹 
1082843, 33.7, 7.4, 968, 我打不赢爱情 
6794016, 43.5, 7.5, 6010, 如何成为一个怪物 
26695154, 20.6, 7.5, 62, 在无趣的时代活得有趣 
1559300, 41.5, 8.9, 650, 坟 
1968084, 40.2, 8.9, 532, 而已集 
4822157, 30.1, 6.6, 1537, 我呸 
7062629, 31.2, 8.3, 217, 越界言论（第3卷） 
20499267, 29.6, 7.5, 375, 时代正在改变 
2973228, 35.8, 7.9, 758, 蔡澜谈倪匡 
2076617, 36.5, 8.5, 435, 不朽 
11505929, 27.6, 7.0, 466, 洗手间里的主权 
1076066, 27.5, 8.2, 124, 孤岛访谈录 
1794202, 36.3, 7.1, 2669, 苏丝黄的世界 
1157014, 51.3, 8.8, 3465, 伤逝 
1007246, 35.8, 7.8, 858, 写食主义 
1017541, 40.2, 7.3, 4323, 读城记 
4044131, 31.5, 7.3, 714, 嘲骚 
20510197, 29.6, 7.1, 628, 猴样 
1329975, 40.8, 8.6, 800, 看世纪末向你走来 
3430536, 32.1, 7.0, 1261, 上流社会知识竞赛 
1066999, 25.5, 8.5, 70, 辜鸿铭文集(上下) 
1073749, 39.8, 7.6, 2457, 李敖有话说 
26578484, 31.8, 7.3, 756, 世界上有趣的事太多 
10432756, 30.8, 7.3, 618, 微勃症 
7916062, 32.5, 8.0, 367, 白描 
26453142, 21.1, 8.9, 27, 亲爱的提奥 梵高信件选集 
2194590, 33.0, 8.0, 401, 心灵鸡汤全集 
10544947, 30.5, 7.7, 350, 不曾苟且II 
26807404, 17.6, 7.2, 42, 一只猫的生活意见 
25814894, 28.4, 7.6, 262, 单向街005 
11632328, 25.2, 6.7, 401, 那些我睡过的床 
3018322, 46.0, 7.6, 8299, 活着活着就老了 
1974027, 37.6, 8.7, 427, 热风 
5502410, 30.4, 6.7, 1383, 北京的腔调 
26665645, 18.7, 8.3, 25, 道大无外 
5908162, 29.2, 8.5, 130, 谈龙集 
1028805, 44.1, 7.7, 4829, 品人录 
2297234, 38.2, 7.7, 1559, 花事 
4104794, 40.8, 8.3, 1127, 有一类战犯叫参谋 
2361291, 29.2, 9.0, 89, 胡適文選 
6711374, 31.6, 7.7, 437, 木范情书 
2372193, 31.1, 7.1, 866, 那件疯狂的小事 
26682735, 19.3, 8.5, 25, 日常生命观 
1075743, 40.2, 7.3, 4358, 我把青春献给你 
6528084, 35.4, 8.2, 496, 丢下宝钏走西凉 
1005442, 28.2, 8.7, 94, 药味集 
7007774, 34.5, 7.7, 764, 没有意义就没有摇摆 
1453120, 35.6, 8.3, 460, 逝去的年代 
1048857, 35.9, 8.0, 681, 将错就错 
1455679, 34.2, 7.4, 1070, 无知者无畏 
1046385, 44.1, 7.1, 14609, 毒 
20495102, 28.3, 7.8, 209, 为坏人辩护 
1042984, 32.5, 8.2, 301, 人生的盛宴 
3033671, 36.5, 7.5, 1476, 江湖有事 
1018346, 32.3, 8.0, 355, 我的不安 
5349588, 35.1, 7.7, 858, 单向街 003 
10864173, 27.6, 8.5, 99, 人间随喜 
3258802, 40.0, 8.6, 700, 盛装舞步 
1004554, 38.2, 7.4, 2421, 中国的男人和女人 
25697347, 36.1, 8.2, 559, 无畏 
6125965, 37.9, 8.2, 774, 李逵日记 
1077328, 37.3, 7.8, 1132, 只是蝴蝶不愿意 
1475509, 33.7, 7.9, 512, 北京段子 
3577218, 23.2, 5.2, 5466, 中国不高兴 
3080607, 49.5, 8.2, 5897, 我爱问连岳Ⅱ 
4252091, 28.7, 8.4, 130, 午夜的沉默 
1980588, 30.3, 8.2, 205, 文人的底气 
26656020, 21.5, 6.6, 189, 我长得丑，你们都得让着我 
10761380, 28.8, 6.9, 695, 我住宝岛一村 
20463108, 56.3, 8.3, 16382, 观念的水位 
2152945, 21.8, 8.9, 30, 天下才子必读书 
6532729, 31.7, 7.7, 446, 黑眼睛看世界 
25836950, 26.2, 7.0, 339, 大叔 
1003373, 37.1, 7.8, 1096, 李敖快意恩仇录 
19986373, 36.8, 8.8, 346, 我的精神家园 
1761142, 40.6, 7.9, 1858, 人和食物是平等的 
3768297, 33.7, 7.1, 1520, 乱来 
1081485, 38.8, 8.3, 799, 记忆碎片 
3825659, 42.4, 8.0, 2236, 大梦 
5908163, 30.9, 8.5, 172, 谈虎集 
6761505, 19.2, 8.9, 20, Arguably 
6528081, 33.4, 8.0, 430, 领先处男半目 
25887109, 20.8, 7.2, 83, 活着你就得有种 
2060498, 30.4, 7.2, 642, 我要成为世界的一部分 
3686287, 35.7, 7.8, 838, 梦的1/4旅行 
6528073, 33.6, 7.7, 638, 丧家犬也有乡愁 
2150749, 31.0, 7.1, 854, 小规模荡气回肠 
3003524, 30.3, 7.7, 341, 通往比傻帝国 
11531731, 23.3, 8.4, 52, 书鱼知小 
1022476, 31.5, 8.7, 162, 苦竹杂记 
3033673, 36.7, 7.5, 1532, 爱恋无声 
2025444, 35.0, 8.6, 308, 伪自由书 
1409892, 38.7, 9.0, 388, 随遇而安 
5262675, 24.5, 8.7, 52, 新版李敖大全集 
25905654, 26.7, 6.9, 429, 山河小岁月 
6068580, 24.7, 9.1, 42, 周作人自编集第一辑（简淡生活·性情文章） 
1444728, 32.8, 8.2, 314, 中国人的智慧 
1067782, 33.5, 8.4, 293, 自由的言说 
3587679, 27.9, 8.0, 161, 蔡澜谈人生 
1033007, 36.5, 7.7, 1123, 关系千万重 
3344466, 29.8, 7.6, 348, 世界是我的床 
1808600, 36.6, 7.8, 993, 皇后之死 
1001895, 43.7, 7.8, 3809, 靠自己去成功 
24294860, 22.5, 8.0, 60, 不与流行为伍 
2359212, 37.9, 7.5, 1955, 文化@私生活 
1313443, 39.9, 9.3, 356, 鲁迅精选集 
1207626, 36.0, 8.4, 444, 谁来跟我干杯 
3289285, 30.1, 8.4, 163, 语文常谈 
6068581, 18.8, 9.0, 18, 周作人自编集第二辑（深度思考·人与社会） 
6558214, 28.2, 7.5, 283, 反语 
23774520, 35.1, 7.6, 975, 晓说2 
3003579, 30.8, 7.3, 618, 蔡澜品女人 
1004391, 33.5, 8.5, 264, 中西风马牛 
20383605, 20.7, 6.6, 157, 人生只剩八卦了 
1053259, 31.0, 7.4, 564, 啊，上海男人 
1768331, 33.7, 7.3, 1114, 笑场 
1310160, 29.9, 8.6, 134, 自由18岁 
25875292, 23.5, 6.9, 211, 致我们总被戳中的人生 
2035119, 23.9, 8.2, 66, 沉疴 
1035974, 29.0, 7.9, 216, 余墨集 
2760024, 32.5, 7.7, 516, 放虎归山 
1024013, 36.7, 8.4, 502, 风声·雨声·读书声 
25747346, 24.0, 7.8, 92, 一头自由主义的鹿 
25849981, 31.1, 7.5, 505, 我读 
20513012, 42.6, 7.6, 4259, 无比芜杂的心绪 
1042677, 40.6, 7.7, 2473, 47楼207 
25857164, 26.5, 7.1, 317, 都什么时候了 
3920235, 34.0, 7.4, 1036, 等待香港 
25919902, 26.8, 7.4, 236, 单读06 
1955325, 22.7, 8.3, 50, 休谟散文集 
1394394, 27.1, 8.6, 85, 念楼学短 
10344037, 34.9, 7.1, 1954, 给理想一点时间 
20499536, 35.9, 7.8, 867, 时代的稻草人 
1071800, 33.3, 7.7, 607, 饮食男女 
1442455, 40.7, 8.8, 639, 王小波作品精选 
1468906, 37.6, 8.7, 427, 二心集 
4882130, 25.0, 8.7, 56, 改变就是进步？ 
1781013, 34.7, 8.2, 439, 肆无忌惮 
5296615, 24.6, 7.0, 237, 新闻抄袭历史 
2066221, 30.2, 7.8, 296, 恋爱中的博尔赫斯 
1441016, 27.2, 7.4, 257, 野史记 
1492804, 37.1, 8.2, 674, 把栏杆拍遍 
1690744, 37.6, 8.8, 388, 梁实秋精选集 
6025886, 23.0, 8.2, 57, 雅舍精品 
4604927, 24.5, 7.3, 164, 常识 
4322842, 28.0, 8.5, 107, 奥威尔散文 
25768864, 24.1, 7.5, 123, 谎言的年代：萨拉马戈杂文集 
2364742, 42.3, 9.0, 675, 王小波散文 
5399528, 39.6, 8.7, 590, 《新周刊》2010年度佳作 
1812843, 34.1, 7.7, 709, 在中国屏风上 
20472501, 28.6, 7.5, 306, 深夜十堂 
10433836, 26.9, 7.3, 271, 十人 
6954082, 21.7, 6.1, 418, 北京的味道 
10749931, 32.9, 8.1, 353, 我的两个世界 
6405618, 34.6, 7.4, 1174, 我读3 
2362698, 31.1, 6.6, 1987, 新狂人日记 
26617174, 24.3, 8.1, 77, 大刀阔斧绣花针 
26260603, 23.9, 8.0, 77, 你为什么活着 
20492197, 24.9, 8.6, 59, 胡适读书与做人 
1066987, 31.5, 8.3, 229, 杂书过眼录 
4261996, 31.8, 7.5, 579, 这些年 
4256766, 18.9, 8.7, 21, 采访技巧 
10545195, 17.3, 7.6, 30, 你可以是菩萨 
6890709, 26.2, 9.5, 42, 天下事，猶未晚 
3335663, 29.2, 7.2, 503, 日本人与中国人 
25828092, 26.4, 8.0, 121, 国文趣味 
26164639, 21.9, 7.9, 58, 挪威慢生活 
3908625, 42.9, 7.8, 3281, 单向街 001 
26744191, 19.9, 7.5, 54, 吕录：与33个人的对话 
10466455, 35.3, 7.3, 1568, 不必读书目 
1005993, 36.6, 7.6, 1321, 压伤的芦苇 
1015412, 35.0, 8.2, 462, 李敖语萃 
3433208, 42.0, 8.5, 1090, 问中医几度秋凉 
1066510, 31.7, 8.3, 238, 齐人物论 
11601321, 25.9, 6.9, 359, 大家都很2 
25744064, 21.5, 7.4, 80, 我不原諒中國教育 
1005334, 20.0, 8.0, 38, 哀妇人 
12278074, 25.2, 8.4, 72, Fresh Off the Boat 
1145310, 22.2, 7.6, 77, 走出囚徒困境 
20499677, 39.9, 8.0, 1420, 味道·味觉现象 
1856046, 35.8, 8.0, 677, 沉默的告白 
26752665, 21.2, 6.4, 228, 一些无可厚非的小事 
26757246, 29.6, 8.4, 152, 交换梦想 
1461075, 31.4, 8.3, 224, 独白下的传统 
3028846, 36.0, 8.0, 699, 大医院小医师 
26340273, 27.4, 6.8, 581, 我们这个时代的怕和爱 
25886333, 24.2, 8.1, 75, 依存与自立 
4826483, 33.7, 7.9, 516, 锵锵三人行·文化圈 
1438691, 36.8, 7.7, 1184, 都是妖蛾子 
2101805, 26.5, 9.5, 44, 梁启超文集 
1880457, 39.1, 9.2, 342, 鲁迅文集（全两册） 
25996933, 28.4, 8.5, 114, 独坐 
4717189, 33.2, 7.3, 1015, 妄谈与疯话 
3887772, 31.8, 7.8, 405, 真话 
25838028, 22.6, 7.7, 77, 老梁说天下 
3294709, 26.2, 8.3, 92, 自由之路 
20387024, 36.7, 7.2, 2462, 晓说 
1051324, 39.0, 7.8, 1570, 铁屋中的呐喊 
1899062, 29.8, 8.0, 227, 彀外谭屑 
1062913, 32.3, 7.9, 397, 食相报告 
4822183, 38.2, 7.4, 2421, 俗话说 
1326000, 34.9, 7.4, 1228, 大熊猫看小电影 
2033577, 35.2, 8.9, 245, 华盖集续编 
4934669, 36.7, 7.6, 1329, 老而不死是为贼 
26344840, 20.1, 6.8, 108, 丑陋的中国人 
4723558, 21.6, 7.9, 55, 西滢闲话 
25891303, 27.3, 8.2, 120, 治大国 
10520050, 25.2, 8.7, 58, Tiny Beautiful Things 
11613690, 22.1, 8.4, 42, 苦口甘口 
7067821, 18.7, 8.0, 30, 与之言集 
1006540, 25.5, 8.6, 65, 药堂杂文 
25884244, 28.1, 8.3, 128, 父亲的江湖 
20489763, 22.0, 6.4, 283, 所有女人都是奢侈品 
23055567, 24.8, 8.4, 67, 一本杂志和一个时代的体温-新周刊16年精选（上.下册） 
10517247, 35.2, 8.5, 352, 在新疆 
1962902, 28.6, 7.7, 243, 燕山夜话 
25925079, 20.4, 8.0, 41, 不淡定的中国人 
3067185, 32.0, 7.8, 417, 我们要活得有尊严 
1426927, 31.0, 7.3, 644, 美国是如何培养精英的 
6966406, 34.9, 7.7, 817, 小小姑娘 
1006207, 30.9, 8.2, 225, 温故（之一） 
1006453, 38.8, 8.5, 639, 南怀瑾谈历史与人生 
26742737, 18.0, 7.4, 39, 每个生命都要结伴而行 
3067186, 32.3, 8.1, 321, 酱缸震荡 
4746111, 28.0, 7.4, 303, 书生傻气 
6519060, 33.9, 7.1, 1583, 我有一个朋友 
6843086, 21.8, 6.4, 267, 都别废话 
3767475, 22.9, 8.8, 38, How to Beat Sir Humphrey 
1439657, 33.1, 8.2, 330, 午夜的幽光 
10578497, 22.0, 6.8, 168, 在和风中假寐 
1321641, 21.8, 8.9, 30, 人文随笔 
24845240, 30.1, 7.8, 293, 给理想一点时间Ⅳ 
2213491, 30.7, 8.1, 239, 心灵独白：余杰自选集 
1436227, 31.4, 7.7, 419, 女人，天生是尤物 
10876103, 38.7, 7.4, 2699, 守脑如玉 
10430437, 32.7, 7.4, 797, 人生百忌 
26215956, 21.5, 7.3, 89, 爱一人 上一课 
1270044, 29.2, 7.6, 306, 有关品质 
1104585, 23.2, 8.6, 45, 妄谈疯话 
1031289, 27.1, 7.7, 184, 高潮 
1009295, 33.1, 7.8, 517, 红袍蝎子糖 
3016106, 30.8, 7.9, 298, 忆往述怀 
10493971, 26.5, 8.6, 77, 敏感詞 
1084445, 35.8, 8.1, 593, 觅渡 
24748616, 35.4, 8.2, 498, 介绍我自己的思想 
25953725, 15.7, 7.0, 33, 明窗小札1963（上、下） 
10528202, 21.8, 7.1, 115, 民国范儿 
2059402, 30.2, 8.7, 131, 我们一家人 
26594612, 22.2, 6.2, 402, 犀牛字典 
25901588, 21.1, 7.9, 50, 跟着张鸣上大学 
3229883, 13.2, 6.9, 20, 词牌故事 
1046175, 38.0, 7.4, 2353, 寻常放荡 
3793774, 39.9, 8.5, 768, 读库0903 
3628209, 26.9, 7.5, 218, 孤独的狂欢 
26280552, 27.4, 8.3, 113, 我是一只骆驼 
4910521, 28.4, 7.4, 331, 中国心绞痛 
1059914, 30.6, 8.1, 237, 经济学的争议 
1014639, 26.2, 8.2, 100, 激动的舌头 
1983487, 42.3, 8.6, 1030, 王小波全集(第九卷) 
4729669, 23.5, 7.8, 84, 回归古典之美 
1980585, 41.9, 7.6, 3670, 寒武纪 
1346104, 13.7, 7.7, 14, 半先知與賣文人 
2310290, 33.8, 7.6, 756, 京味九侃 
1820051, 30.1, 8.3, 178, 雅舍杂文 
3181962, 30.8, 8.3, 202, 无所不谈 
4323802, 31.4, 8.4, 206, 风流绝 
25982254, 47.4, 8.1, 4701, 大萝卜和难挑的鳄梨 
1026904, 31.3, 8.4, 201, 图雅的涂鸦 
1974018, 34.0, 8.6, 262, 准风月谈 
25813565, 26.0, 7.6, 163, 李银河：我的社会观察 
1919723, 39.4, 8.4, 798, 龍應台的香港筆記 @ 沙灣徑25號 
1040404, 27.2, 8.4, 101, 孔乙己外传 
19956259, 33.6, 8.0, 451, 人生有何意义 
6863374, 24.3, 7.5, 128, Y语录 
26617628, 19.1, 7.4, 49, 一个勺子 
5950727, 22.4, 6.6, 238, 贰时代 
1419559, 29.6, 8.4, 152, 斗室的散步 
1010845, 28.9, 8.7, 105, 风雨谈 
25847133, 20.1, 7.8, 44, 陶情浓梦 
1071745, 29.1, 7.4, 382, 他们很无聊，我们很焦虑 
1325970, 33.0, 8.1, 365, 思想者说 
10480987, 31.5, 7.3, 705, 郁闷的中国人 
4043882, 12.2, 7.8, 10, 閱讀抵抗荒誕 
26314751, 21.5, 7.5, 73, 东京留学忆记 
1855213, 32.9, 9.0, 159, 李宇春麈谈 
5401958, 33.2, 7.2, 1180, 九万字 
1030470, 44.5, 7.9, 3781, 香草山 
1898279, 33.0, 8.2, 328, 张小娴散文集1 
4146477, 37.6, 7.6, 1602, 北大批判 
6860931, 20.4, 8.4, 32, 意义的疆场 
2029149, 21.7, 7.8, 60, Pénisatlas 
10607710, 50.1, 8.0, 9054, 世间的盐 
1025519, 24.8, 7.8, 107, 读书人的出世与入世 
1157551, 30.2, 7.5, 424, 把日子过成段子 
26148741, 21.5, 8.7, 32, 自由的阶梯——美国文明札记 
3011978, 28.0, 7.9, 177, 我们热爱什么样的生活 
1753077, 41.8, 9.3, 464, 王小波文集 
26715901, 31.2, 7.8, 361, 读库1601 
3445398, 36.0, 8.3, 496, 2008语录 
2194018, 23.5, 8.8, 42, 吕氏春秋 
24527845, 40.8, 7.0, 8661, 我讲个笑话，你可别哭啊 
26253561, 26.8, 8.9, 66, 给青年的十二封信 
5377301, 25.9, 8.4, 81, 且行且歌 
1030920, 24.6, 6.9, 267, 邪童正史 
25785647, 25.0, 9.0, 47, 王小波思想小品 
25734531, 22.7, 8.4, 47, 斯文扫地 
25934172, 16.5, 7.7, 24, 看得见的沧桑 
1018976, 22.1, 8.1, 52, 不合时宜的思想 
26344838, 20.8, 8.3, 36, 沉默的大多数 
20259923, 21.5, 8.3, 41, 反调 
20259879, 25.2, 7.4, 170, 不安的生活 
11599727, 22.7, 7.3, 113, 拟管锥编 
1829665, 31.4, 7.9, 335, 目迷.耽美 
5289749, 19.2, 8.0, 33, I Remember Nothing 
1075506, 33.8, 8.7, 233, 鲁迅杂文精选 
3644791, 43.0, 7.4, 6518, 噪音太多 
1396090, 20.4, 8.1, 38, 旅食与文化 
1223773, 29.3, 7.7, 279, 浪漫的浪 
2025433, 36.2, 8.8, 315, 且介亭杂文二集 
5391566, 34.8, 8.2, 452, 家国天下 
11526307, 26.3, 7.8, 144, 谁在统治着日本 
25745691, 37.9, 7.2, 3175, 罗辑思维 
3170183, 25.4, 6.6, 486, 中国风 
1066790, 34.7, 7.6, 903, 橘子不要哭 
1210331, 19.2, 7.0, 71, 另类令我累 
10446423, 24.2, 8.1, 75, 答同代人 
26375776, 23.1, 7.6, 92, 言花 
1439697, 39.1, 8.6, 609, 读库0600 
5399266, 31.1, 7.9, 319, 生命的品质 
20435400, 27.6, 8.4, 108, 坐待天明 
2993552, 23.5, 7.5, 109, 从黄昏起飞 
6024105, 21.5, 7.2, 97, 读书人站起来 
4934667, 32.6, 7.3, 897, 一生只为这一天 
25801129, 17.1, 6.4, 80, 李银河：我的心灵阅读 
26614226, 17.7, 7.7, 30, 女史 
1028292, 23.9, 7.9, 84, 摩登上海：三十年代洋场百景 
1005596, 29.9, 8.5, 146, 自由的歌谣 
1929322, 37.6, 8.2, 731, 读库0605 
3752476, 32.8, 7.9, 437, 警察手记 
1476956, 30.6, 9.1, 103, 博尔赫斯散文 
3734555, 26.0, 7.8, 135, 左手中国人右手日本人 
1074609, 20.2, 7.7, 49, 妆台杂记 
6709792, 23.7, 7.6, 104, 博文001 
25765455, 17.2, 7.2, 39, 宅人的东京 
1603599, 23.6, 9.5, 29, A Collection of Essays 
1507022, 17.3, 5.1, 773, 中国可以说不 
3714673, 27.6, 7.8, 183, 毒辣端庄 
1411194, 27.3, 8.5, 94, 魂牵 
25696884, 35.3, 8.4, 394, 读库1304 
25729305, 17.9, 7.7, 31, 典型年度 
19934681, 20.7, 9.3, 21, 原野上的原野 
26393369, 23.8, 7.2, 159, 我书架上的神明 
1059989, 33.5, 7.7, 633, 还是情愿痛 
2977890, 36.1, 7.8, 912, 总有一天 
5328230, 24.8, 7.1, 219, 三地书 
1204398, 45.9, 8.8, 1455, 幽梦影 
1787833, 21.5, 7.7, 62, 金陵五记 
11500141, 21.3, 7.3, 84, 好好学习 天天向上 
1007704, 23.6, 9.5, 29, 鲁迅杂文集(全五卷) 
1419561, 30.7, 8.5, 168, 力求严肃认真思考的札记 
4063011, 23.3, 7.1, 160, 与精英保持距离 
1270042, 24.5, 7.0, 233, 你走神儿不如我走神儿 
3154678, 29.3, 8.1, 187, 世相物语 
1209753, 25.1, 7.8, 115, 励志人生 
6397345, 18.6, 7.1, 57, 一碗粥装得下半部历史 
1053097, 21.4, 7.8, 57, 从历史的偏旁进入成都 
3027436, 13.5, 7.6, 14, 长城 
1050532, 25.8, 8.1, 100, 赤贫的精神 
1039886, 31.6, 8.6, 178, 看云集 
1081403, 35.8, 7.6, 1126, 我的梦想在燃烧 
1094615, 22.4, 7.5, 89, 有想法没办法 
24839161, 19.2, 7.0, 71, 有风度才叫贵族 
21322429, 36.6, 8.2, 614, 读库1301 
2089292, 24.1, 7.1, 187, 饭醉分子 
4048227, 26.3, 7.1, 307, 仇富 
3128788, 30.7, 8.1, 240, 梦里燕赵 
3115963, 30.6, 8.3, 195, 生活的艺术 
1640877, 17.3, 7.3, 37, 享受人生 
3008942, 25.9, 7.3, 219, 八卦多一点 
10601137, 48.4, 7.7, 10955, 你永远都无法叫醒一个装睡的人 
2036993, 45.4, 8.1, 3314, 幸福的建筑 
26260619, 22.3, 8.2, 50, 沉默的大多数 
2077127, 20.3, 8.8, 25, 胡风家书 
3354511, 25.7, 7.4, 189, 谣言的特点 
1463259, 34.9, 8.2, 453, 深浅 
1046192, 31.8, 7.6, 514, 泼墨：李碧华作品集(十二) 
1929971, 21.2, 8.8, 29, 鲁迅杂感选集 
5315356, 24.3, 7.5, 130, 活着的理由 
3182988, 25.1, 9.4, 38, 白虎关 
25886370, 18.3, 7.0, 59, 三人行@1963 
3813260, 29.5, 8.7, 117, 天下无不可为之事 
3035440, 33.0, 7.3, 970, 我用一生去寻找 
3076600, 35.4, 8.9, 253, 朱光潜谈美（朱光潜卷） 
1491239, 48.2, 8.5, 3070, 吾国与吾民 
10466019, 21.2, 7.0, 110, 此一去万水千山 
3205286, 31.1, 6.9, 1177, 青花瓷 
5381450, 22.1, 6.6, 220, 乱翻书 
3195316, 13.5, 7.6, 14, 萧伯纳情书 
25709399, 30.3, 6.6, 1629, 不省心 
4621342, 42.7, 7.8, 3172, 世纪末的华丽 
1780270, 39.5, 8.2, 1017, 读库0602 
2307589, 25.7, 7.8, 127, 中国纪行 
1041283, 27.7, 7.6, 230, 读经济学书 
26694238, 23.1, 7.4, 112, 被误解的日本人 
1141935, 27.4, 8.0, 145, 游荡与闲谈 
26706748, 24.5, 8.0, 86, 无聊世界的正经事 
5905348, 48.2, 8.2, 4743, 笑谈大先生 
24839528, 21.6, 7.7, 64, 亲爱的米亚 
10440147, 36.3, 8.3, 527, 世间的名字 
4189212, 28.7, 8.5, 119, 人之镜 
1289801, 24.8, 7.2, 196, 谁的大学 
10743137, 47.8, 7.7, 9762, 绿皮火车 
3353651, 22.7, 8.2, 54, 寂寞一点 
1447216, 26.9, 9.4, 49, 王绵之方剂学讲稿 
5922490, 23.3, 7.6, 97, 小小不列癫 
4615442, 35.0, 7.6, 963, 生命的清单 
1179652, 18.7, 7.5, 42, 哲学兽 
3115976, 23.5, 7.6, 101, 历史的镜子 
1831760, 38.4, 8.0, 1085, 弱水三千 
26646622, 22.9, 7.5, 98, 生活在宋朝 
1318267, 28.8, 8.8, 97, 熊猫虎子 
1786965, 33.9, 8.9, 199, 一生的朋友 
6120003, 30.7, 7.7, 368, 非说不可 
6516100, 20.1, 9.0, 22, 国文老课本 
1013674, 22.3, 7.8, 67, 我思考的经济学 
1051849, 22.6, 8.3, 49, 审视中学语文教育 
3691280, 13.5, 7.6, 14, 吴晗全集（1-10卷） 
4118599, 48.9, 8.3, 4561, 武侠，从牛A到牛C 
4742298, 35.7, 9.1, 223, 我之舞 
1922042, 37.0, 8.4, 527, 你不可不知的人性 
2034748, 23.7, 7.4, 125, 季羡林谈写作 
3289287, 27.4, 7.9, 159, 语文闲谈 
2273712, 29.5, 7.5, 362, 咖啡馆里看欧洲 
23695831, 20.7, 6.6, 155, 忐忑的中国人 
5328080, 27.1, 8.6, 85, 季羡林妙语录 
5908161, 43.0, 8.5, 1304, 雨天的书 
1021255, 36.2, 7.6, 1211, 点一盏心灯 
3128795, 24.9, 7.9, 101, 知者不言 
25924211, 30.9, 7.5, 482, 窃美记 
3863494, 37.5, 8.0, 912, 季羡林读书与做人 
24845103, 25.0, 8.2, 81, 木片集 
1082240, 14.8, 6.6, 37, 纪念青春的一种方式 
26614909, 17.1, 7.4, 33, 北大南门朝西开 
24539415, 20.1, 7.4, 61, 在黑夜遇见历史 
4100644, 31.6, 7.5, 561, 日本万象 
20458907, 29.9, 7.5, 399, 书淫艳异录（全二册） 
1449348, 58.6, 8.8, 10993, 彷徨 
1397574, 23.3, 9.1, 34, 100 Selected Poems 
25716763, 22.1, 7.3, 100, 一点墨 
1026309, 31.5, 7.3, 715, 自由风格 
1664097, 20.3, 8.4, 31, 伏尔泰精选集 
1442720, 55.1, 9.4, 2941, 鲁迅全集（2005最新修订版） 
4737155, 24.7, 7.0, 240, 和月折梨花（全二册） 
3810675, 25.9, 7.2, 247, 大实话 
20428328, 24.7, 8.0, 90, 非洲札记 
25895959, 28.4, 7.5, 295, 晓说4 
1449352, 60.3, 8.6, 19613, 朝花夕拾 
25870964, 22.6, 7.2, 123, 唯有青春 最难将息 
1022406, 26.3, 8.0, 119, 鲁迅小说里的人物 
25910229, 22.9, 7.4, 108, 人间世 
1045168, 30.7, 8.2, 218, 残酷之美 
20442584, 16.6, 7.2, 34, 让未来的你，喜欢现在的自己 
6000646, 33.1, 8.5, 247, 夜读抄 
3335887, 19.0, 7.5, 45, 茶道入门——识茶篇 
2998520, 33.6, 8.0, 446, 论小丑 
1041616, 44.9, 7.4, 9556, 那些忧伤的年轻人 
10600828, 26.7, 7.8, 154, 打死我也不说 
1465795, 34.1, 7.6, 806, 天公不语对枯棋 
1289794, 27.1, 8.1, 127, 性与美 
1013369, 43.2, 7.7, 4058, 格调 
22606914, 23.0, 7.9, 71, 故事 
4952676, 19.3, 7.7, 41, 学习高手的三驾马车 
21965475, 31.9, 7.1, 1022, 爱上几个人渣 
4252865, 34.5, 8.4, 346, 亲爱的木木 
1056114, 30.5, 8.3, 193, 故园情 
4188010, 26.9, 8.1, 122, 诗经讲评之风人深致 
25744355, 23.7, 7.8, 88, 关于生命的一切 
6965548, 24.8, 7.1, 218, 公主坟 
3345152, 32.8, 7.6, 618, 最厦门 
20499702, 38.9, 7.7, 1782, 味道·第一宗罪 
2294993, 48.7, 8.2, 5132, 纽约琐记（修订版） 
1773084, 34.4, 9.2, 171, 沈从文文集 
3608292, 23.6, 8.4, 55, 够了 
3651646, 34.0, 7.9, 541, 精神明亮的人 
3711048, 35.5, 7.7, 930, 有范儿 
1027393, 32.4, 8.6, 202, 自己的园地 
1761842, 21.1, 7.9, 50, 丑陋的美国人 
1768100, 41.2, 8.2, 1387, 江湖外史 
5380072, 39.1, 8.2, 946, 思想与乡愁 
4199761, 51.3, 8.4, 5979, 重新发现社会 
24845154, 19.7, 7.3, 61, 潘多拉的种子 
1034127, 28.2, 8.1, 154, 柏杨回忆录 
4901554, 38.8, 7.2, 3843, 一个都不正经 
26371645, 27.4, 8.2, 122, 女神经过 
4311112, 27.1, 8.8, 74, 你不可不知的人性 
5404877, 40.3, 8.2, 1174, 安持人物琐忆 
3270866, 25.7, 7.0, 305, 青楼文化 
5353386, 38.9, 7.5, 2406, 我读2 
2310647, 34.3, 7.3, 1265, 先上讣告后上天堂 
26755104, 22.3, 7.5, 87, 20几岁，你为什么害怕来不及 
26692468, 41.7, 8.6, 933, 智识分子 
1399708, 25.3, 8.3, 79, 星空下的守望者 
1341035, 47.2, 8.2, 3952, 痛快日记 
1789711, 20.4, 7.7, 51, 沒有你不行，有你也不行 
2123587, 28.6, 8.5, 118, 作文杂谈 
25944856, 24.2, 8.1, 75, 世界上所有的夜晚 
20563218, 25.7, 7.1, 268, 十三亿种活法 
1858191, 31.0, 7.4, 560, 闲走日本 
6831222, 40.1, 8.4, 899, 随性而至 
6798321, 27.9, 7.3, 332, 如愿 
10423724, 25.0, 8.6, 60, Araki 
21335029, 29.3, 6.9, 788, 鸳鸯谱 
10439880, 30.7, 8.4, 181, 不道德教育講座 
24714250, 31.3, 7.9, 327, 老得可以告别孤独 
10779411, 35.1, 6.7, 4253, 男女内参 
25952582, 33.2, 7.9, 470, 我爱·我家 
1069781, 26.9, 8.8, 72, 原上草 
2248892, 42.3, 8.5, 1155, 一本杂志和一个时代的体温 
2365114, 39.9, 7.8, 1844, 中国纪事 
2326113, 32.0, 7.3, 791, 生活的勇气 
11528349, 20.3, 8.2, 35, 浮生五记 
4179185, 29.5, 8.2, 178, 爱的智慧，决定女人的一生 
1005096, 40.1, 8.7, 647, 旧情解构 
25836271, 26.0, 7.4, 202, 小妹 
6742660, 24.3, 7.0, 222, 北京的腔调Ⅱ 
5026742, 24.3, 6.9, 250, 中国人为什么看不起中国人 
4902836, 37.5, 8.7, 422, 王小波小说全集：白银时代 2010 黑铁时代 
1012504, 29.1, 8.8, 102, 秉烛谈 
1007862, 31.3, 8.2, 243, 清塘荷韵 
25870245, 27.5, 8.4, 105, 时间男孩 
6757194, 30.8, 6.8, 1305, 碎片，令人怀念的1980年代 
11628193, 27.3, 8.1, 132, 少爷小姐要争气 
4048188, 23.2, 6.5, 332, 千面风华（上下） 
1074263, 35.8, 7.7, 973, 上海色拉 
1048443, 22.0, 7.2, 109, 好女孩上天堂,坏女孩走四方 
1437162, 39.4, 8.1, 1132, 随想录 
3271171, 41.1, 8.4, 1063, 读库0804 
4822998, 24.1, 7.3, 153, 无法独活 
3184779, 15.0, 6.8, 33, 社交恐怖症的森田疗法 
4773224, 52.4, 8.3, 8421, 生活十讲 
26266812, 30.7, 8.2, 219, 读库1405 
6624346, 24.8, 8.9, 48, 依然旧时明月 
1974714, 29.6, 8.5, 140, 丰富的痛苦 
4149376, 35.3, 8.0, 618, 朝闻道集 
22207603, 21.4, 7.0, 116, 斯文 
1287511, 38.6, 8.1, 992, 思痛录 露沙的路 
2996029, 25.6, 8.6, 67, 王洪图内经讲稿 
26667282, 30.3, 8.6, 144, 见信如晤 
4252006, 41.3, 7.6, 3267, 祖国的陌生人 
5337231, 41.5, 8.2, 1461, 我爱问连岳Ⅳ 
24860806, 29.5, 6.4, 1939, 薄荷日记 
1119892, 17.8, 6.7, 69, 打开天窗 
26656018, 36.8, 9.1, 263, 那些年，我们一起追的球星 
25764975, 19.3, 7.7, 41, 行旅花木 
4214237, 27.2, 7.6, 207, 独自在13亿人中 
3156475, 23.3, 8.4, 52, 山川悠远 
6785611, 32.8, 7.4, 801, 痴男怨女问沈爷 
1080111, 22.2, 7.3, 102, 中国京剧二十讲 
19912140, 29.3, 7.0, 666, 读书毁了我 
3916146, 31.8, 7.8, 403, 何枝可依 
3688346, 28.6, 7.2, 437, 不想告别的夏天 
4122954, 29.2, 7.8, 248, 财经郎眼01 
10747634, 27.0, 8.3, 106, 寻找有意义的教育 
5990497, 31.1, 6.8, 1382, 中国的逻辑 
1476351, 30.5, 9.1, 102, 蒲桥集 
20423548, 22.8, 7.9, 68, 翻皮球 
6804833, 30.3, 8.1, 223, 说魂儿 
26772461, 20.5, 6.4, 193, 我们为什么总是看错人 
5978079, 36.7, 7.8, 1008, 百家姓 
6100990, 41.7, 7.7, 3028, 访问 
26321199, 31.6, 8.0, 310, 读库1501 
24319356, 23.2, 7.7, 87, 左京都男子休日 
4086927, 50.9, 8.5, 4809, 煮酒探西游 
5984003, 29.1, 7.1, 555, 暧昧的瞬间 
20366457, 30.9, 6.0, 6822, 香蕉哲学 
25799286, 36.1, 8.2, 565, 博尔赫斯的面孔 
6796987, 36.9, 7.8, 1049, 寡人 
26307113, 14.6, 6.6, 35, 遇见你刚刚好 
4920062, 42.5, 7.3, 6957, 别跟我说你懂日本 
24160391, 34.9, 7.8, 726, 越弱越暗越美丽 
11577428, 28.1, 7.5, 278, 腰斩哪吒 
25749911, 32.6, 7.7, 530, 生命的单行道:程浩日记 
5290534, 48.3, 7.8, 8991, 为了报仇看电影 
1071821, 46.2, 8.1, 3827, 你不可不知的人性 
26279113, 25.5, 8.0, 104, 关于普罗旺斯的一切 
1288913, 45.4, 8.3, 2511, 半生为人 
7058059, 46.5, 8.0, 4723, 我们心中的怕和爱 
7154299, 33.5, 7.7, 625, 东榔头 
1393589, 24.5, 8.4, 64, 知识分子与市场 
3647875, 38.4, 8.1, 958, 读库0901 
2075391, 34.1, 7.2, 1427, 那些不值钱的经验 
3880832, 49.7, 8.2, 6145, 认得几个字 
25926549, 21.7, 7.2, 101, 师友杂忆 
6313273, 31.6, 7.6, 494, 窥破金瓶 
5335800, 35.0, 8.3, 416, 吾意独怜才 
2329347, 22.0, 7.9, 59, 南方的立场 
1441116, 25.0, 7.1, 231, 先锋书店 
3722967, 42.1, 8.3, 1421, 人生十论 
6864085, 30.5, 7.5, 444, 知识不是力量 
24743163, 33.7, 7.3, 1109, 世界将我包围 
4124727, 58.2, 8.1, 32525, 孤独六讲 
26661067, 25.6, 8.3, 82, 万物皆奇迹 
11614293, 46.1, 7.5, 10082, 人生需要揭穿 
4212607, 46.6, 7.6, 9231, 有味 
1019192, 31.5, 8.7, 162, 储安平文集(上下) 
1737322, 25.9, 7.8, 132, 动物的生命 
2992563, 25.9, 7.0, 315, 中国人的性格历程 
1385745, 29.4, 8.8, 106, 如何當一隻好狗 
26861753, 29.8, 7.8, 276, 愿你道路漫长 
25887970, 28.0, 8.4, 116, 我们的普世文明 
5292438, 27.3, 8.3, 111, 救救孩子 
25839400, 29.9, 7.2, 575, 既然已经走了这么远 
1047843, 30.7, 8.2, 219, 老古董 
4941365, 29.5, 6.8, 956, 中国，我误解你了吗 
4811840, 22.6, 6.5, 284, 倦寻芳（上下） 
1845109, 38.6, 8.6, 556, 小椴作品 
23197834, 34.4, 7.0, 2093, 我们如何走到这一步 
24396671, 21.1, 7.7, 58, 神准的性格分析 
6558202, 46.3, 9.0, 1240, 容忍与自由 
1034591, 31.1, 8.9, 129, 跟随勇敢的心 
6105391, 32.8, 8.7, 197, 金瓶梅 
1460313, 51.6, 8.4, 6307, 哥伦比亚的倒影 
6844605, 17.4, 5.8, 194, 假装的艺术2 
1395831, 29.5, 7.6, 326, 考吃 
6990248, 33.7, 7.5, 851, 失败者之歌 
1332606, 10.8, 7.2, 10, 失竊的未來－生命的隱形浩劫 
20414904, 32.8, 6.6, 2975, 天下卵 
19995776, 30.2, 6.9, 952, 我和这个世界不熟 
1274932, 38.0, 7.7, 1483, 冷眼看人生 
1000593, 28.5, 8.2, 149, 一个战时的审美主义者 
1484804, 34.7, 7.7, 790, 不文集 
6808941, 41.0, 8.0, 1720, 七日谈 
1547521, 32.3, 8.6, 198, 西湖梦寻 
1890742, 35.4, 7.7, 911, 东写西读 
1844149, 29.3, 8.4, 143, 渔人之路和问津者之路 
2057796, 35.9, 9.0, 252, 鲁迅文集 
2379354, 26.6, 7.7, 167, 李敖情书集 
2365744, 31.9, 7.8, 409, 无轨列车 
25852521, 27.7, 7.2, 363, 朴槿惠传 
1915958, 55.8, 9.2, 4149, 野草 
6794357, 26.5, 8.8, 67, 枕边书与床头灯 
1042250, 35.3, 7.9, 691, 肚大能容 
10461404, 29.2, 7.8, 249, 碎碎念 
25816165, 21.0, 7.0, 107, 中国生存启示录 
5962385, 25.9, 7.9, 122, 湿碎广州 
2025188, 39.8, 8.2, 1084, 故事 
1088507, 28.0, 8.5, 107, 北窗杂记 
6525627, 28.3, 7.7, 233, 葵花宝典 
