Tag: 欧美 

ID, Score, Rating, Votes, Title 
2052049, 52.9, 9.0, 3449, 海伯利安 
26672693, 48.6, 9.0, 1769, 一个叫欧维的男人决定去死 
26390426, 37.1, 8.3, 597, 比利战争 
26662757, 24.8, 8.7, 55, 六桩不可能犯罪 
26840504, 28.0, 7.7, 220, 人人都有妄想症 
26300508, 43.4, 8.7, 1105, 万物的签名 
1442869, 54.3, 8.9, 4848, 献给阿尔吉侬的花束 
1939182, 48.1, 8.0, 6305, 美国众神 
1088812, 47.3, 8.3, 3470, 第二十二条军规 
5321895, 44.3, 8.3, 2060, 那些忧伤的年轻人 
1874411, 48.6, 8.5, 3310, 乞力马扎罗的雪 
3006581, 66.1, 8.9, 30634, 无人生还 
1827374, 67.5, 9.0, 32402, 东方快车谋杀案 
1140727, 57.6, 8.8, 9355, 安德的游戏 
6797396, 48.0, 8.5, 2958, 焚舟纪 
1187842, 55.2, 9.0, 4885, 你一生的故事 
4120475, 50.5, 9.3, 1687, 加缪全集 （小说卷） 
4908885, 64.3, 9.0, 19862, 局外人 
3347997, 54.9, 8.5, 9443, X的悲剧 
25829693, 59.5, 9.0, 9405, 永恒的终结 
1242927, 39.8, 9.7, 251, 英国文学名篇选注 
4140380, 47.5, 8.7, 2125, 第七重解答 
3326892, 55.2, 8.6, 8527, 圣诞忆旧集 
2301475, 41.6, 8.4, 1157, 人间食粮 
26369210, 42.2, 8.5, 1143, 黑猫侦探 I：阴影之间 
1258490, 61.9, 9.2, 10238, 基地 
2364762, 41.0, 8.7, 743, 唐璜（上下册） 
11535042, 38.8, 8.2, 906, 请以你的名字呼唤我 
26108007, 34.5, 7.8, 673, 我已经结婚了  我心情还不好 
1316648, 57.9, 8.3, 21550, 查令十字街84号 
1292416, 61.1, 8.5, 26379, 香水 
1049957, 50.9, 8.6, 4225, 浮士德 
1768642, 46.6, 9.2, 1047, 博尔赫斯短篇小说集 
4175473, 46.9, 8.6, 2196, 波斯少年 
21346008, 45.8, 8.5, 2062, 米格尔街 
3191247, 48.2, 8.7, 2377, 好兆头 
5920385, 53.5, 8.2, 11855, 肠子 
1872158, 49.1, 8.2, 5552, 蝇王 
7046857, 38.5, 8.3, 763, 长日留痕 
3816895, 38.1, 8.1, 902, 雪崩 
3608235, 55.7, 8.5, 10824, 失物之书 
2340059, 38.2, 7.6, 1805, 心理控制术 
3013903, 50.2, 8.1, 7837, 漫长的告别 
1818347, 60.4, 8.7, 17013, 尼罗河上的惨案 
1440972, 58.8, 9.1, 7386, 博尔赫斯小说集 
1417385, 49.2, 8.9, 2169, 博尔赫斯诗选 
2969263, 41.1, 8.5, 940, 跳房子 
3348010, 52.5, 8.5, 6347, Y的悲剧 
1083429, 48.6, 8.7, 2538, 爱伦·坡短篇小说集 
2973335, 43.9, 8.6, 1331, 微暗的火 
12404751, 40.8, 8.6, 808, 遥远地球之歌 
2036569, 41.0, 8.2, 1322, 愤怒的葡萄 
1066165, 56.4, 9.3, 4019, 卡尔维诺文集（第三卷） 
5387467, 43.4, 8.4, 1562, 三口棺材 
5993314, 48.8, 8.0, 7154, 安吉拉·卡特的精怪故事集 
10282582, 41.1, 8.3, 1186, 隐形怪物 
24523682, 31.6, 7.6, 489, 裸体午餐 
1084794, 35.3, 8.4, 400, 法官和他的刽子手 
6789605, 58.9, 9.0, 8670, 树上的男爵 
4220020, 46.1, 8.8, 1502, 相助 
1067049, 43.7, 8.8, 1032, 孩子，把你的手给我 
1140726, 46.7, 8.2, 3621, 计算中的上帝 
2361768, 61.0, 9.3, 7909, 爷爷变成了幽灵 
4292149, 54.3, 8.5, 8572, 龙文身的女孩 
5321896, 36.9, 8.3, 580, 危险的关系 
26328639, 32.7, 7.4, 793, 一份不适合女人的工作 
1818583, 50.5, 9.1, 2097, 斯·茨威格中短篇小说选 
1047325, 42.7, 9.2, 584, 老妇还乡 
5366382, 51.7, 8.7, 4195, 夜航西飞 
24382569, 55.4, 8.6, 8801, 一桩事先张扬的凶杀案 
6861517, 42.8, 8.5, 1260, 时时刻刻 
3732346, 42.2, 8.1, 1870, 疯狂实验史 
4882159, 46.5, 7.6, 9077, 橘子不是唯一的水果 
3402999, 47.9, 8.5, 2951, 到灯塔去 
1772786, 51.9, 8.6, 4954, 真名实姓 
1481311, 49.0, 8.7, 2690, 沙丘 
2980471, 46.7, 8.2, 3616, 赎罪 
1030554, 44.6, 8.5, 1689, 恶心 
2158684, 55.0, 9.0, 4724, 象棋的故事 
3393056, 46.8, 8.2, 3682, 流动的盛宴 
4820710, 69.6, 9.3, 28028, 1984 
3131814, 45.4, 8.7, 1522, 笔记大自然 
2142574, 44.8, 8.7, 1375, 时光中的时光 
1867064, 45.4, 7.7, 6184, 八百万种死法 
1013225, 58.3, 8.3, 23338, 生活在别处 
2971734, 40.2, 7.3, 4375, 一把雨伞给这天用 
2568067, 41.4, 8.1, 1621, 中性 
1945004, 39.0, 8.6, 596, 近距离 
4105446, 52.8, 8.1, 12454, 十一种孤独 
6003394, 41.2, 8.2, 1368, 爱，始于冬季 
1051714, 47.8, 8.2, 4411, 等待戈多 
1076330, 47.9, 8.9, 1777, 奥狄浦斯王 
6797700, 37.3, 8.4, 560, 自我与本我 
1859108, 50.9, 8.8, 3252, 白痴 
2255871, 41.3, 8.7, 779, 冠军早餐 囚鸟 
1858513, 70.6, 8.9, 61383, 月亮和六便士 
4027219, 42.0, 7.8, 2753, 宠物公墓 
5446490, 48.9, 8.7, 2683, 宇宙奇趣全集 
1394364, 60.0, 8.8, 13703, 银河系漫游指南 
1794620, 56.6, 7.8, 43101, 芒果街上的小屋 
1464203, 64.7, 9.4, 11855, 冰与火之歌（卷二） 
1023709, 47.3, 8.3, 3502, 被背叛的遗嘱 
1032369, 43.9, 9.1, 773, 花卉圣经 
5940829, 43.3, 8.1, 2285, 写在身体上 
1917078, 55.4, 8.6, 8826, 风之影 
3315879, 57.1, 8.6, 11670, 恶童日记 
1411023, 33.1, 8.3, 299, 独居日记 
1213546, 57.5, 8.3, 20035, 变形记 
6857344, 52.3, 8.5, 6093, 夜莺与玫瑰 
1468997, 44.9, 8.6, 1573, 守望灯塔 
2061444, 44.3, 8.6, 1419, 幽灵之家 
3264211, 45.5, 8.6, 1726, 犹大之窗 
3537590, 55.8, 8.3, 15135, 朗读者 
5366275, 55.5, 8.4, 12077, 我怎样毁了我的一生 
10565151, 45.2, 7.5, 8507, 我是个年轻人 我心情不太好 
5980585, 40.6, 8.3, 1097, 走在蓝色的田野上 
4891108, 41.6, 8.4, 1154, 爱伦坡惊悚小说全集 
6010144, 42.4, 8.3, 1497, 动物寓言集 
1829226, 69.1, 9.1, 35259, 肖申克的救赎 
1399992, 49.2, 8.9, 2172, 天渊 
3831788, 48.1, 8.0, 6329, 逃离 
10749924, 41.6, 8.2, 1474, 天真的和感伤的小说家 
2996596, 51.1, 8.4, 5794, 特别的猫 
1292322, 45.8, 8.2, 3101, 群星，我的归宿 
3788397, 39.5, 8.5, 721, 豺狼的日子 
1807516, 61.5, 8.9, 14868, 罗杰疑案 
1271212, 52.1, 8.8, 3932, 死者代言人 
4246979, 46.7, 8.1, 4191, 窄门 
6967983, 41.7, 8.2, 1507, 罪行 
1017839, 41.6, 7.9, 2218, 带着鲑鱼去旅行 
1865765, 45.7, 8.5, 2020, 童年的终结 
2056749, 58.5, 8.1, 34480, 时间旅行者的妻子 
2280027, 42.1, 7.6, 3816, 自杀俱乐部 
1146267, 51.6, 8.8, 3598, 深渊上的火 
24541883, 49.2, 8.1, 6497, 消失的爱人 
6789551, 52.1, 8.8, 3885, 不存在的骑士 
3871911, 48.3, 8.4, 3597, 大树 
4856199, 34.3, 7.4, 1095, 而河马被煮死在水槽里 
5391766, 42.6, 7.5, 4969, 忽然七日 
3310627, 42.4, 8.4, 1317, 繁花将尽 
1082518, 58.2, 7.9, 47926, 麦田里的守望者 
2036561, 51.1, 8.4, 5790, 城堡 
1849791, 48.8, 8.5, 3390, 铁皮鼓 
1077638, 42.0, 8.0, 2082, 耻 
3112726, 51.9, 8.5, 5751, 希腊棺材之谜 
1082159, 47.4, 8.2, 4109, 沉默的羔羊 
2161892, 51.8, 8.5, 5576, 九故事 
26371317, 51.1, 8.2, 7845, 24个比利 
4870150, 44.9, 8.3, 2298, 44号孩子 
3092871, 36.9, 8.3, 580, 欧洲：一堂丰富的人文课 
2382544, 39.7, 8.7, 607, 园圃之乐 
1958685, 44.5, 8.4, 1899, 美的历史 
4898534, 37.8, 8.4, 607, 爵士时代的故事 
1027767, 43.3, 8.2, 1975, 时间的女儿 
6097966, 49.5, 8.1, 6954, 发条橙 
1437129, 39.9, 8.1, 1250, 悠游小说林 
5993310, 53.3, 9.0, 3641, 直捣蜂窝的女孩 
4934552, 53.0, 8.8, 4515, 玩火的女孩 
1063796, 50.0, 8.6, 3606, 小说的艺术 
3293574, 46.2, 8.4, 2499, 人骨拼图 
2076853, 39.2, 9.1, 378, 奥尼尔剧作选 
1182890, 42.8, 8.4, 1413, 严厉的月亮 
1024197, 61.3, 8.3, 39178, 巴黎圣母院 
4154988, 47.5, 8.0, 5654, 纯真博物馆 
3276681, 36.4, 7.7, 1094, 他其实没那么喜欢你 
1760134, 41.5, 9.1, 538, 茨威格小说集 
6041708, 48.0, 8.4, 3432, 世上另一个我(修订版) 
1007772, 53.9, 8.2, 12713, 双城记 
6890671, 47.4, 8.2, 4111, 一天 
1040771, 66.8, 8.2, 123220, 达·芬奇密码 
3246904, 50.6, 8.1, 8428, 蒂凡尼的早餐 
20326626, 53.5, 8.6, 6414, 少年Pi的奇幻漂流（插图珍藏版） 
1400707, 52.2, 8.1, 11218, 广岛之恋 
6964047, 57.1, 9.3, 4429, 冰与火之歌（卷一） 
1258489, 58.7, 9.3, 5574, 第二基地 
1444558, 44.5, 8.7, 1300, 博尔赫斯谈艺录 
3041463, 46.1, 8.3, 2820, 时间回旋 
1427288, 54.8, 8.4, 10812, 小妇人 
1959270, 40.3, 8.0, 1516, 小世界 
4941428, 39.6, 8.7, 594, 飞女郎与哲学家 
2032117, 41.6, 7.7, 2966, 纽约三部曲 
1948429, 44.0, 8.5, 1521, 诗人 
20493367, 42.7, 8.5, 1242, 爱伦·坡暗黑故事全集（上册） 
1083317, 41.4, 7.8, 2456, 北回归线 
1083477, 49.9, 7.8, 12206, 包法利夫人 
1258491, 57.8, 9.2, 5603, 基地与帝国 
10555486, 52.3, 8.7, 4596, 分成两半的子爵 
5248289, 38.0, 7.7, 1486, 岁月的泡沫 
3210843, 60.5, 9.2, 8397, 冰与火之歌·卷四·群鸦的盛宴（全两册） 
1015398, 48.0, 8.8, 2039, 卡尔维诺文集（第二卷） 
20258531, 32.2, 8.0, 347, 法国妈妈育儿经 
1486658, 45.0, 9.2, 828, 奥菲利娅的影子剧院 
4918103, 39.3, 8.5, 703, 礼物 
3191351, 37.1, 8.3, 601, 欧美流行音乐指南 
4038567, 37.2, 8.1, 771, 蓝色骇客 
21681263, 42.1, 8.3, 1423, 大鱼 
3608352, 46.6, 8.6, 2091, 哲瑞·雷恩的最后一案 
2156635, 35.6, 7.5, 1240, 有人喜欢冷冰冰 
1211267, 47.5, 8.5, 2739, 阿甘正传 
1400705, 63.1, 8.1, 78897, 情人 
1060489, 41.0, 8.7, 743, 驼背小人 
1863930, 63.9, 8.8, 25297, 看不见的城市 
1013469, 51.2, 8.6, 4419, 战争与和平（全四册） 
19962936, 50.4, 8.7, 3398, 只是孩子 
3017205, 40.5, 7.8, 2070, 长眠不醒 
1729284, 43.3, 8.0, 2608, 单行道 
2003209, 39.7, 8.0, 1369, 蜘蛛男孩 
24380058, 35.1, 7.6, 978, 读书年代 
24089002, 25.9, 7.8, 133, 像导演一样思考 
5289426, 37.9, 7.4, 2269, 在云端 
26586492, 57.2, 8.9, 7656, 火星救援 
10554689, 32.7, 7.7, 536, 需要时，就给我电话 
4219125, 45.0, 8.3, 2328, 坟场之书 
3115476, 51.2, 8.8, 3397, 热夜之梦 
3032747, 39.9, 8.1, 1251, 再见，吾爱 
1336330, 67.9, 9.3, 21551, 冰与火之歌（卷一） 
20273030, 40.1, 8.3, 1013, 哈尔的移动城堡 
1013380, 60.0, 8.1, 45033, 茶花女 
1186350, 46.2, 7.8, 6125, 红字 
1949417, 42.0, 8.2, 1593, 这就是纽约 
1208002, 39.3, 8.2, 989, 琥珀 
2214350, 48.6, 8.4, 3793, 幻影书 
1949418, 41.3, 8.5, 968, 重游缅湖 
1223765, 40.2, 8.3, 1030, 请宰了我 
4011440, 55.8, 8.0, 25418, 最初的爱情 最后的仪式 
1016486, 52.5, 8.3, 8582, 笑忘录 
1033089, 30.3, 7.5, 427, 打女佣的屁股 
1865089, 58.2, 8.4, 19074, 瓦尔登湖 
1159939, 60.0, 8.5, 21866, 一个陌生女子的来信 
20453463, 26.4, 7.3, 247, 无可慰藉 
1027587, 46.3, 8.6, 1967, 恶之花 巴黎的忧郁 
3608208, 65.4, 8.6, 45265, 牧羊少年奇幻之旅 
1255249, 30.2, 8.1, 220, 昨日之岛 
1005918, 51.5, 7.9, 13973, 堂吉诃德 
1031354, 40.9, 8.0, 1705, 死魂灵 
10593454, 28.0, 6.7, 795, 怪屋女孩 
1017143, 70.6, 8.5, 129852, 不能承受的生命之轻 
3026875, 48.0, 8.7, 2318, 幕后凶手 
1456886, 33.8, 7.9, 522, 胡萝卜须 
1008988, 60.1, 8.3, 31810, 了不起的盖茨比 
1016845, 48.9, 9.1, 1658, 史努比黄金50年 
1062343, 57.9, 9.2, 5704, 昨日的世界 
3821057, 52.3, 8.6, 5260, 搏击俱乐部 
1014144, 47.9, 8.3, 3882, 大卫·科波菲尔（上下） 
1075538, 52.9, 8.2, 10724, 普罗旺斯的一年 
4171951, 50.6, 7.5, 24756, 失落的秘符 
2267630, 47.5, 8.3, 3589, 凯尔特的薄暮 
25708956, 36.1, 7.8, 912, 本店招牌菜 
1057197, 48.5, 8.1, 5777, 无知 
3117982, 34.1, 7.8, 626, 植物的故事 
3926634, 36.4, 8.5, 433, 大师的背影 
1205054, 65.0, 8.9, 25717, 悲惨世界（上中下） 
1310155, 38.0, 8.1, 893, 莱博维茨的赞歌 
1036274, 59.5, 8.5, 20120, 夏洛的网 
1053249, 45.4, 8.7, 1511, 一点巴黎 
1041007, 73.6, 9.0, 82341, 哈利·波特与魔法石 
2224566, 33.7, 7.3, 1115, 香料传奇 
1033190, 57.0, 8.8, 8450, 失落的一角 
1729675, 32.7, 9.1, 141, 雷蒙德卡弗短篇小说集 
2057291, 42.3, 8.1, 1915, 守夜人 
2064688, 41.4, 8.3, 1253, 异乡异客 
3215515, 38.4, 8.2, 846, 每个人都死了 
1082586, 37.6, 7.8, 1213, 厨室机密 
1052828, 53.6, 8.4, 8756, 玩笑 
1768332, 45.6, 8.3, 2603, 喜福会 
6832303, 42.6, 6.9, 16175, 别相信任何人 
4173402, 46.6, 8.4, 2687, 昨日之旅 
1424569, 45.9, 8.4, 2393, 婚礼的成员 
1424741, 60.1, 8.5, 22323, 心是孤独的猎手 
1812319, 37.3, 8.1, 788, 船讯 
1009257, 71.2, 8.9, 67957, 哈利·波特与火焰杯 
4191438, 41.2, 8.3, 1212, 燃烧的法庭 
1270508, 50.0, 8.7, 3193, 失焦 
1982151, 38.0, 8.2, 788, 海 
3316185, 34.6, 8.0, 537, 失落的大陆 
1103080, 40.6, 7.9, 1831, 金色笔记 
2050767, 49.8, 8.6, 3532, 绿野仙踪 
20392525, 46.8, 7.9, 5824, 枯枝败叶 
1114924, 24.5, 8.4, 64, 世界室内设计史 
1082584, 55.2, 8.6, 8469, 追忆似水年华 Ⅰ 
1907199, 53.0, 8.6, 5969, 扫起落叶好过冬 
1433659, 43.0, 7.8, 3352, 失恋排行榜 
6781808, 59.3, 9.2, 6928, 杀死一只知更鸟 
4753689, 43.2, 8.2, 1949, 莎拉的钥匙 
1465324, 56.4, 7.7, 51208, 洛丽塔 
1205370, 59.5, 8.1, 40903, 羊脂球 
4863905, 38.1, 7.5, 2052, 就说你和他们一样 
2295163, 69.7, 8.9, 53384, 哈利·波特与死亡圣器 
20392524, 41.4, 7.7, 2842, 恶时辰 
1086249, 62.9, 8.6, 30297, 荆棘鸟 
2143732, 66.9, 8.7, 48341, 灿烂千阳 
1092335, 62.0, 8.9, 16014, 教父 
7916107, 32.0, 7.3, 780, 马耳他之鹰 
4892942, 34.2, 7.7, 722, 小小陌生人 
2173262, 48.8, 8.3, 4494, 假如明天来临 
2150265, 35.5, 8.7, 305, 苹果酒屋的规则 
11528350, 48.7, 8.8, 2292, 哈扎尔辞典（阳本） 
2171321, 55.8, 8.4, 12903, 找死的兔子 
26264967, 50.6, 8.3, 6107, 神们自己 
25790386, 32.5, 8.3, 272, 阿扎克 
4219844, 30.6, 7.4, 515, 死亡居家指南 
2139305, 53.4, 7.7, 29026, 巴别塔之犬 
1001136, 57.6, 8.8, 9338, 彼得·潘 
1288019, 41.0, 9.4, 378, 波隆那插画年鉴（第二辑） 
1060117, 55.1, 8.5, 9755, 不朽 
21263655, 32.3, 8.3, 263, 彼时 
3055316, 44.4, 7.7, 5083, 第十三个故事 
1119522, 64.3, 8.4, 54306, 呼啸山庄 
1254676, 34.4, 7.1, 1756, 优雅 
11528358, 31.6, 7.6, 492, 第二次呼吸 
2037015, 25.9, 8.4, 81, 小说写作技巧二十讲 
1395228, 37.1, 8.5, 484, 五号屠场 
4010969, 54.5, 7.8, 29432, 当我们谈论爱情时我们在谈论什么 
2282946, 43.1, 7.8, 3388, 直面内心的恐惧 
1040397, 51.4, 8.1, 9686, 假如给我三天光明 
3038761, 29.6, 7.4, 419, 80/20法则 
2160292, 44.0, 8.1, 2574, 神谕之夜 
1026916, 29.7, 8.9, 103, 芭巴拉少校 
1039840, 44.0, 7.6, 5618, 查特莱夫人的情人 
1013129, 66.7, 8.6, 56094, 哈利·波特与凤凰社 
1455933, 45.0, 7.5, 8142, 你好，忧愁 
1814179, 30.4, 6.9, 998, 挖鼻史 
1871292, 35.3, 7.8, 788, 天生嫩骨 
1228110, 57.7, 8.2, 24782, 天使与魔鬼 
3908240, 45.5, 7.8, 5394, 情人 
1965977, 41.8, 7.4, 5093, 我的抑郁症 
1084336, 79.7, 9.0, 211134, 小王子 
3420077, 39.1, 8.1, 1078, 我生命的速度 
1805514, 51.9, 8.2, 9070, 阳光下的罪恶 
1946658, 49.1, 8.2, 5501, 啤酒谋杀案 
1025336, 48.7, 7.9, 8253, 慢 
1046883, 45.3, 8.5, 1900, 查理和巧克力工厂 
1279212, 43.5, 7.5, 6007, 十日谈 
1397467, 45.5, 7.9, 4551, 理智与情感 
4191444, 37.8, 8.0, 971, 毒巧克力命案 
3302645, 48.7, 8.1, 5935, 我在雨中等你 
6973816, 42.8, 7.7, 3769, 古董衣情缘 
1049522, 51.6, 8.8, 3631, 西西弗的神话 
1012117, 45.9, 8.2, 3143, 仲夏夜之梦 
3253854, 42.2, 7.7, 3360, 书店的灯光 
1071241, 71.4, 8.9, 70047, 哈利·波特与阿兹卡班的囚徒 
1082387, 67.6, 9.2, 23979, 一九八四·动物农场 
10527658, 32.7, 7.6, 608, 女管家的心事 
4126861, 38.3, 8.0, 1049, 第四扇门 
1069168, 37.7, 7.4, 2205, 钢琴教师 
1983222, 27.1, 8.4, 99, Fables Vol. 1 
4242406, 51.2, 8.5, 5070, 达芬奇密码 
1483285, 39.1, 7.6, 2153, 有关品位 
10560798, 55.6, 8.7, 7909, 面纱 
3566974, 39.3, 7.6, 2200, 红色笔记本 
1092149, 56.0, 8.7, 8390, 梵高传 
2302217, 49.4, 8.8, 2529, 阿特拉斯耸耸肩（上下） 
2035179, 68.6, 9.2, 28045, 动物农场 
3137289, 52.7, 8.5, 6521, 姐姐的守护者 
3130849, 37.9, 8.1, 867, 空椅子 
1068920, 76.2, 9.3, 73185, 飘（上下） 
4187411, 60.3, 8.8, 14398, 万物有灵且美 
1732998, 36.2, 8.9, 286, 傻瓜吉姆佩尔 
4848427, 35.8, 7.8, 865, 血色童话 
1064275, 62.8, 8.3, 50186, 老人与海 
4885073, 33.4, 8.2, 350, 脸上的门，口中的灯 
2147647, 43.0, 7.9, 2865, 物质生活 
2154960, 65.5, 8.7, 38524, 一个陌生女人的来信 
1039487, 70.1, 8.8, 67775, 哈利·波特与密室 
6800379, 45.9, 8.6, 1846, 2666 
20392523, 55.4, 8.5, 10303, 没有人给他写信的上校 
23130129, 23.2, 8.2, 59, 小俄罗斯 
2153625, 40.1, 7.6, 2589, 午后四点 
3124525, 52.1, 7.7, 22413, 暮色 
5321843, 36.3, 6.5, 8654, 假装的艺术 
10512236, 51.1, 8.4, 5729, 时间的针脚 
1458377, 34.4, 8.2, 419, 大魔法师 
26586507, 13.7, 7.7, 14, 决战王妃3：真命天女 
3242857, 45.5, 7.5, 9014, 分手信 
1277257, 36.3, 7.6, 1227, 小人物日记 
6019809, 33.7, 7.8, 576, 我的名字叫回忆 
1186392, 56.3, 8.7, 8778, 约翰·克利斯朵夫 
3109123, 36.7, 8.3, 558, 圣经故事 
1040211, 72.1, 9.2, 46835, 福尔摩斯探案全集（上中下） 
1163374, 32.9, 8.3, 291, 罗马阳台 世间的每一个清晨 
6712400, 29.4, 7.5, 361, 莫雷尔的发明 
3348024, 40.2, 7.5, 3130, Z的悲剧 
1026547, 41.8, 8.1, 1734, 一生 
2229229, 46.2, 8.0, 4456, 穿条纹衣服的男孩 
1093098, 43.4, 7.8, 3578, 爱玛 
3015783, 37.7, 7.8, 1224, 嫁给风的女孩 
1119528, 49.1, 7.9, 8858, 高老头 
1203251, 54.0, 8.1, 15458, 雾都孤儿 
2301012, 32.2, 7.6, 557, 一个岛的可能性 
3594151, 51.6, 8.1, 10122, 柑橘与柠檬啊 
1908361, 30.9, 8.5, 173, 太古和其他的时间 
1016003, 58.4, 8.0, 40857, 鲁滨逊漂流记 
2180619, 55.3, 8.0, 23339, 偷书贼 
5473543, 36.7, 7.7, 1171, 带我回去 
1793721, 44.5, 7.9, 3817, 琴声如诉 
1903164, 50.4, 8.0, 9564, ABC谋杀案 
1036541, 51.5, 8.7, 4075, 疯癫与文明 
1203244, 51.6, 8.2, 8564, 三个火枪手 
3364823, 35.0, 7.8, 732, 是名画总会被偷的 
10558239, 29.9, 8.0, 231, 奇异海 
4164096, 45.1, 7.6, 6981, 饥饿游戏 
26326479, 15.0, 4.7, 923, 五十度灰 
1083428, 71.1, 8.8, 80161, 傲慢与偏见 
1031741, 53.4, 7.8, 23697, 欧也妮·葛朗台 
2077835, 35.0, 7.8, 741, 大笑的警察 
20458893, 29.8, 7.4, 441, 画中情缘 
2297234, 38.2, 7.7, 1559, 花事 
10439064, 52.8, 9.0, 3395, 发现之旅 
4213990, 39.8, 7.9, 1587, 天使游戏 
4175480, 27.2, 6.4, 1072, 男人都是智障 
1119839, 61.4, 9.1, 11011, 王尔德童话 
1051193, 62.6, 8.6, 28442, 麦琪的礼物 
26271231, 32.3, 7.3, 835, 糖与香料 
2381982, 35.7, 7.5, 1253, 在地图结束的地方 
1762869, 57.7, 8.9, 8204, 如彗星划过夜空 
3026879, 59.8, 8.8, 13273, 爱的艺术 
1432596, 69.3, 8.8, 59504, 哈利·波特与混血王子 
6015892, 27.9, 7.3, 336, 下辈子做猫吧 
1047138, 51.2, 7.7, 18972, 少年维特的烦恼 
21132837, 24.3, 7.1, 199, 无耻之徒 
1418437, 50.1, 8.7, 3253, 安德的影子 
1141406, 69.2, 8.5, 101537, 简爱 
1007433, 56.4, 8.1, 23519, 红与黑 
26794770, 21.4, 9.0, 27, 密室推理讲座 
1441171, 30.9, 8.3, 205, 小酒店 
4933087, 38.7, 7.3, 3204, 机场里的小旅行 
1442706, 35.2, 8.6, 323, 你在圣·弗兰西斯科做什么? 
1431870, 55.5, 9.1, 4459, 源泉 
2214344, 46.2, 7.5, 10228, 不存在的女儿 
1948925, 35.0, 8.1, 522, 魔法外套 
2383005, 39.8, 7.5, 2849, 巴黎手作创意人 
1275608, 53.8, 8.7, 5871, 神秘岛 
5415450, 27.1, 7.4, 250, 阿加莎·克里斯蒂秘密笔记 
1057206, 47.3, 7.3, 19097, 数字城堡 
2008235, 34.1, 7.5, 912, 丑闻笔记 
1400703, 42.5, 8.3, 1523, 劳儿之劫 
1014825, 60.2, 9.0, 10536, 我也有一个梦想 
1212488, 53.4, 8.3, 9958, 罗密欧与朱丽叶 
6863330, 42.5, 7.9, 2641, 丝之屋 
6794027, 30.7, 7.9, 294, 血腥的谋杀 
1258487, 50.9, 8.9, 2825, 基地前传1·基地前奏（上下） 
2193877, 54.1, 8.1, 15680, 你在天堂里遇见的五个人 
6035273, 28.7, 7.2, 446, 我们之间的距离 
1321789, 54.6, 8.5, 8903, 美丽新世界 
2253754, 32.2, 7.6, 551, 萨冈，一个迷人的小魔鬼 
4313207, 52.7, 8.5, 6562, 致D 
2226171, 38.9, 8.1, 1043, 守日人 
2127202, 38.6, 7.9, 1270, 蜜蜂的秘密生活 
1986291, 64.7, 9.5, 10263, 冰与火之歌（卷三） 
1427784, 38.6, 7.8, 1469, 曼斯菲尔德庄园 
1313815, 29.4, 8.1, 190, 黑暗的心 
2035162, 65.1, 9.0, 22367, 刀锋 
1002130, 31.4, 8.4, 206, 他们曾使我空虚 
1946666, 47.8, 7.9, 6936, 斯泰尔斯庄园奇案 
1035326, 50.5, 8.7, 3447, 一次・图片和故事 
3315827, 48.2, 7.8, 8852, 暮光之城·新月 
6889539, 30.1, 9.6, 69, 勒内·格鲁瓦的第一世纪 
3266345, 52.8, 8.1, 12332, 三杯茶 
1163327, 46.9, 8.8, 1705, 列那狐的故事 
1981397, 31.8, 7.8, 401, 三个六月 
1770782, 78.2, 8.8, 247642, 追风筝的人 
3723866, 50.0, 8.0, 8905, 破晓 
3836566, 51.4, 8.5, 5236, 玫瑰的名字 
2046566, 38.8, 8.7, 520, 勇气 
11597326, 19.4, 5.4, 793, 我的心略大于整个宇宙 
4817621, 27.1, 6.8, 542, 丢掉50样东西，找回100分人生 
2063620, 43.8, 7.8, 3902, 谋杀启事 
2134572, 34.9, 7.8, 728, 夏屋，以后 
3795596, 31.0, 7.8, 346, 凯西来了！ 
1082187, 42.6, 9.0, 700, 人类的天性 
3314802, 38.3, 8.1, 934, 消失的人 
4916533, 25.4, 8.2, 86, 代数的历史 
1838187, 31.7, 8.3, 236, 华伦夫人的职业 
4714018, 42.7, 7.5, 5140, 青春咖啡馆 
1083762, 58.0, 8.7, 11521, 人类的群星闪耀时 
1258485, 49.7, 8.9, 2358, 基地续集1·基地边缘（上下） 
6049010, 25.1, 7.9, 104, Parisian Chic 
26282717, 15.9, 7.8, 20, 麻木 
5408861, 33.0, 7.6, 641, 你走以后 
3622446, 36.0, 6.9, 3544, FBI教你破解身体语言 
2149710, 33.6, 7.4, 942, 再见了，马拉卡纳 
1060723, 45.9, 8.0, 4185, 重返普罗旺斯 
2968740, 41.7, 8.0, 1956, 怪屋 
3899039, 51.2, 8.1, 9305, 刺猬的优雅 
1034106, 49.4, 8.1, 6782, 威尼斯商人 
6964051, 52.4, 9.5, 1783, 冰与火之歌（卷一） 
1856025, 56.9, 8.9, 7254, 道连·葛雷的画像 
1225366, 36.8, 8.7, 377, 小毛驴与我 
4259340, 33.4, 7.7, 612, 恶狼之夜 
1079252, 50.3, 8.2, 6826, 爱情笔记 
1042609, 34.3, 8.3, 371, 浴室 先生 照相机 
3043744, 22.0, 9.1, 28, 欧洲古典装饰图案1500 
2033081, 50.0, 8.2, 6399, 身份的焦虑 
1258486, 48.7, 8.8, 2281, 基地续集2·基地与地球（上下） 
3704397, 35.0, 7.0, 2383, 首席女法医1 
2061644, 51.6, 8.2, 8579, 伤心咖啡馆之歌 
1059351, 18.8, 8.9, 19, 格林童话全集（上下）（成人双语版） 
3364853, 47.4, 7.7, 9020, 月食 
1085860, 69.0, 8.9, 48351, 基督山伯爵 
26602392, 57.6, 8.8, 9380, 你今天真好看 
3175972, 30.3, 7.3, 546, 死亡飞出大礼帽 
1009285, 46.5, 7.6, 9136, 童年 
1441589, 31.8, 7.9, 359, 上帝掷骰子 
3112724, 36.2, 7.5, 1384, 暹罗连体人之谜 
7006784, 31.1, 8.6, 164, 密室推理杰作选——欧美卷 
2194123, 56.9, 8.4, 15403, 相约星期二 
3144806, 37.6, 8.7, 429, 项链 
3273419, 33.3, 7.4, 889, 角落里的老人 
1130892, 40.3, 8.7, 660, 幽灵5号 
1084115, 22.8, 8.2, 55, 上任第一年 
5921802, 43.3, 7.6, 4848, 邮差总按两遍铃 
3033690, 47.6, 8.0, 5706, 24重人格 
1095634, 55.3, 8.7, 7452, 小狗钱钱 
1725548, 29.2, 8.3, 154, Invisible Man 
3017251, 35.0, 7.6, 949, 高窗 
3112705, 40.5, 8.0, 1590, 法国粉末之谜 
1027191, 66.3, 9.0, 26834, 历史深处的忧虑 
3510279, 36.1, 8.1, 632, 女郎她死了 
3170759, 30.2, 8.9, 112, 咬文嚼字学英语 
2159470, 35.3, 6.8, 3667, 垮掉的一代 
2064684, 41.6, 8.3, 1310, 迟暮鸟语 
2149703, 30.4, 7.5, 437, 大海与撒丁岛 
2082380, 38.9, 7.8, 1534, 失窃的孩子 
1045818, 65.9, 8.5, 59070, 苏菲的世界 
6973805, 52.3, 9.4, 1955, 冰与火之歌（卷一） 
2146336, 37.0, 7.2, 2643, 分手清单 
25756947, 42.2, 7.4, 5542, 地狱 
1485225, 43.9, 7.3, 9286, 骗局 
2973346, 34.4, 7.7, 753, 透明 
1040104, 57.7, 8.7, 11005, 魔戒（第一部） 
2253759, 32.6, 7.6, 595, 无心应战 
1620331, 24.4, 8.1, 78, 工业产品设计秘诀 
2251699, 33.4, 7.2, 1232, 十月的孩子 
3109124, 34.5, 8.2, 422, 圣经故事:新约篇(名画全彩版) 
3673651, 52.3, 7.7, 23532, 岛 
1060432, 26.6, 8.1, 115, 吉卜林短篇小说选 
26340138, 56.1, 7.7, 48785, 岛上书店 
1455956, 27.7, 8.1, 141, 吃太阳的家伙 
3262395, 37.5, 7.8, 1179, 垂暮之战 
6844341, 45.7, 7.6, 7827, 牡蛎男孩忧郁之死 
1001885, 58.6, 8.5, 17463, 带一本书去巴黎 
1917972, 55.8, 7.8, 37085, 在路上 
1043008, 65.5, 8.9, 27844, 格林童话全集 
1491853, 47.0, 8.2, 3794, 变色龙 
1340500, 29.4, 8.0, 211, 失控的陪审团 
1152701, 46.7, 7.7, 7932, 漂亮朋友 
2977023, 39.5, 7.7, 1996, 无尽长夜 
5336211, 32.5, 7.7, 520, 十日惊奇 
3175263, 32.6, 7.2, 1038, 失物招领处 
4913068, 26.0, 6.5, 662, 生猛的进化心理学 
3034067, 27.8, 7.7, 210, 无人读过的书 
1046209, 68.9, 9.1, 34410, 安徒生童话故事集 
7067328, 29.0, 7.0, 624, 请你帮我杀了她 
4238193, 30.9, 7.4, 545, 北欧四季透明笔记 
5030659, 18.7, 8.3, 25, 我的時尚騷靈 
1021056, 48.1, 7.2, 27691, 谁动了我的奶酪？ 
1921617, 39.5, 7.9, 1514, 父之罪 
1874366, 26.9, 6.3, 1191, 在自己房间里的旅行 
5376560, 26.4, 6.2, 1258, 福尔摩斯先生收 
1001908, 26.0, 7.6, 163, 自杀的故事 
1018482, 47.7, 8.0, 5855, 汤姆・索亚历险记 
5958726, 52.6, 8.0, 14282, 质数的孤独 
10594787, 69.2, 8.9, 49933, 霍乱时期的爱情 
1096714, 44.1, 8.5, 1558, 冰风谷（全三册） 
2262999, 23.2, 8.7, 42, 牛津英美文化词典 
1927902, 45.3, 7.6, 7195, 九型人格 
1026317, 47.8, 7.7, 9830, 可爱的骨头 
1005492, 54.7, 8.9, 5186, 光荣与梦想 
1452766, 43.9, 8.5, 1504, 宾克的魔法 
1753403, 34.4, 7.5, 980, 诺桑觉寺 
3130854, 34.9, 8.1, 509, 冷月 
10763902, 56.7, 7.9, 36465, 偷影子的人 
2265995, 44.2, 7.1, 14947, 大象的眼泪 
1878074, 36.7, 8.1, 697, 重力使命 
1851385, 52.8, 7.8, 21319, 我的名字叫红 
3908032, 46.5, 7.3, 16127, 怪诞心理学 
1010898, 46.1, 7.6, 8379, 格列佛游记 
1017180, 49.8, 8.3, 5377, 定位 
2271582, 48.7, 8.4, 3867, 又来了，找死的兔子 
1258498, 56.9, 8.3, 18211, 项链 
1473169, 26.2, 7.5, 189, 物类最新消息 
6082808, 76.7, 9.2, 93762, 百年孤独 
4306340, 22.8, 8.5, 45, 弗兰妮 
6401128, 55.9, 8.9, 6224, 批评官员的尺度 
1012637, 53.6, 8.2, 12222, 牛虻 
5288319, 29.1, 8.0, 200, 裁判有误 
2229048, 35.2, 7.6, 987, 购物狂的异想世界 
1086505, 26.9, 8.7, 76, 皮兰德娄精选集 
1420500, 38.6, 8.4, 697, 百万英镑 
3215504, 34.9, 7.9, 640, 死亡的渴望 
3111826, 28.3, 7.4, 323, 藏书的乐趣 
3204692, 40.9, 7.9, 1949, 高尔夫球场命案 
6265961, 38.5, 7.1, 4279, 饥饿游戏3：嘲笑鸟 
3016791, 36.8, 8.3, 566, 逆流河 
1058759, 55.9, 8.8, 7192, 魔戒（第二部） 
2282515, 38.4, 7.6, 1867, 沉睡的谋杀案 
1084335, 38.9, 8.3, 813, 古堡里的月亮公主 
1214891, 26.9, 8.2, 112, 欧美现代诗歌流派诗选 
5370403, 26.3, 7.5, 193, 巴黎漂亮女生的秘密 
1030065, 35.1, 8.6, 314, 人面狮身的女子 
1056461, 55.7, 8.3, 14837, 旅行的艺术 
1255288, 52.5, 8.0, 13948, 复活 
4171958, 33.9, 7.5, 879, 闪光的氰化物 
1903152, 45.6, 8.0, 3952, 悬崖山庄奇案 
1023048, 44.5, 8.1, 2823, 情人 乌发碧眼 
2153467, 43.5, 7.8, 3674, 底牌 
5417807, 42.7, 7.6, 4364, 饥饿游戏2：燃烧的女孩 
3345182, 33.7, 7.9, 518, 红色右手 
1056315, 60.2, 8.8, 14147, 总统是靠不住的 
1827375, 44.0, 7.8, 4025, 人性记录 
1022973, 31.6, 8.6, 177, 卢布林的魔术师 冤家，一个爱情故事 
1035848, 58.9, 8.6, 15698, 一千零一夜 
2243692, 48.2, 7.8, 8988, 潜水钟与蝴蝶 
10608473, 46.5, 9.6, 703, 冰与火之歌·卷三·冰雨的风暴（下） 
1827376, 44.3, 7.8, 4272, 死亡约会 
10526481, 24.6, 6.7, 351, 奎因犯罪调查局 
24736805, 44.5, 7.5, 7346, 我所有的朋友都死了 
3390170, 41.4, 7.9, 2151, 圣诞奇案 
5038562, 25.0, 7.9, 102, 爱情盛宴 
1438073, 23.7, 7.9, 81, 基本粒子 
1320521, 42.2, 8.8, 806, 一个陌生女人的来信 
1982707, 32.6, 7.1, 1204, 时尚女魔头 
1272866, 44.5, 8.8, 1168, 世界文学文库 
1997573, 28.0, 7.9, 179, 设计的秘密 
3615035, 32.0, 7.4, 679, 埃及十字架之谜 
1476720, 21.3, 8.2, 42, 魔服 
3271524, 33.8, 7.4, 997, 暗藏杀机 
2052229, 40.1, 8.1, 1293, 爱丽斯奇境历险记 
1962923, 55.7, 8.6, 9296, 西班牙旅行笔记 
26794767, 17.4, 8.3, 20, 约翰·狄克森·卡尔研究 
1422227, 41.3, 8.3, 1235, 了不起的盖茨比 夜色温柔 
6072914, 26.5, 7.9, 136, 独行女 
1430684, 34.6, 7.3, 1338, 永恒之井 
1755391, 37.8, 7.7, 1437, 死亡拼图 
1543447, 25.7, 9.1, 49, 17-20世纪欧洲时装版画 
1949182, 40.7, 7.7, 2504, 古墓之谜 
11617296, 14.2, 8.2, 12, Thou Shell of Death 
1013502, 54.0, 7.6, 39362, 钢铁是怎样炼成的 
4732060, 31.2, 7.5, 512, 凶手是狐 
1056097, 23.1, 8.3, 54, 一个乡村教士的日记 
1981950, 29.0, 8.0, 195, 佛兰德斯的狗 
3271522, 35.1, 7.3, 1495, 蓝色列车之谜 
2063621, 38.3, 7.3, 2904, 藏书室女尸之谜 
1483829, 30.8, 8.5, 171, Breakfast at Tiffany&#39;s 
1443120, 29.9, 6.8, 1055, 拿着剪刀奔跑 
3545896, 23.1, 6.9, 192, 欧美情色文学史 
1958881, 34.3, 7.5, 959, 谋杀与创造之时 
1128403, 35.1, 8.1, 527, 歌唱的沙 
26648436, 16.9, 6.8, 51, 平行历史 
2282513, 34.9, 7.3, 1447, 魔手 
2382359, 38.7, 7.6, 1964, 杀人不难 
2378214, 36.0, 7.9, 793, 耳语之人 
26586505, 18.6, 7.0, 63, 决战王妃2：背叛之吻 
3339297, 20.8, 7.6, 59, 幽灵 
4845560, 28.2, 7.5, 281, 失颤之人 
1084250, 28.0, 8.5, 106, 《存在与时间》读本 
5043449, 31.9, 7.9, 366, 不可能犯罪诊断书Ⅱ 
2378192, 34.7, 7.6, 898, 绿胶囊之谜 
1187844, 34.3, 7.7, 730, 傀儡主人 
3688489, 48.6, 7.8, 9616, 异类 
3219390, 37.2, 7.7, 1274, 褐衣男子 
4922499, 32.8, 7.5, 710, 美国枪之谜 
3032732, 30.0, 7.1, 679, 重播 
2378202, 33.5, 7.4, 933, 歪曲的枢纽 
1071794, 57.2, 8.9, 7658, 魔戒（第三部） 
3067304, 28.2, 8.1, 154, 投影 
6117917, 24.9, 8.3, 73, 卡夫卡文集 
26382433, 59.0, 8.2, 31515, 无声告白 
2149444, 22.7, 7.9, 67, 哲学 
6126825, 23.4, 7.1, 163, 隐形圈 
4322746, 29.0, 7.0, 632, 罗马帽子之谜 
1085470, 58.0, 8.4, 18499, 海底两万里 
3204693, 32.2, 7.1, 1088, 死人的殿堂 
3056603, 37.2, 7.5, 1709, 牙医谋杀案 
5986573, 21.2, 6.6, 176, 校长宿舍谋杀案 
1502122, 21.2, 8.8, 29, 英汉翻译入门 
1780798, 20.8, 7.7, 55, 路的尽头 
1944926, 33.2, 7.3, 1009, 在死亡之中 
1034282, 62.2, 8.8, 19357, 时间简史 
2032390, 19.3, 7.2, 61, 创新产品设计与手绘 
1785092, 26.4, 6.7, 535, 母猪女郎 
1035422, 22.7, 7.5, 93, 疾病改变历史 
1661862, 24.3, 8.4, 61, 弗兰克·劳埃德·赖特 
10434593, 18.5, 8.1, 27, 亲爱的福尔摩斯 
3908322, 35.6, 7.7, 939, 致命遗产 
3423543, 33.5, 8.6, 244, 借刀杀人/希区柯克悬念故事集 
1012489, 47.3, 7.7, 8975, 童年 在人间 我的大学 
3662753, 33.3, 7.8, 539, 半途之屋 
6041407, 26.3, 7.1, 301, 犯罪日历 
7065578, 23.2, 6.6, 284, 红胡子的诅咒 
1775718, 30.2, 6.8, 1121, 黑色大丽花 
2268983, 35.3, 7.4, 1345, 破镜谋杀案 
3015838, 36.5, 7.6, 1275, Breaking Dawn 
3865981, 33.8, 7.5, 855, 清洁女工之死 
20502637, 24.3, 9.1, 40, 莎士比亚四大喜剧 
10488617, 47.4, 9.3, 1058, 冰与火之歌·卷二·列王的纷争（上） 
6890678, 20.8, 6.3, 241, 色情电影谋杀案 
1946661, 39.2, 7.4, 2979, 鸽群中的猫 
6539917, 26.3, 7.0, 349, 妹妹 
6393103, 27.0, 7.2, 311, 双面莱特 
1931689, 40.8, 7.4, 4158, 云中命案 
1002069, 22.9, 7.7, 81, 一把尘土 
2142569, 24.5, 8.8, 49, Tank Girl 
3615030, 31.2, 7.7, 401, 绿色危机 
1054974, 26.3, 7.9, 130, 莫斯科日记 柏林纪事 
2968723, 34.2, 7.3, 1252, 复仇女神 
10488616, 46.3, 9.3, 905, 冰与火之歌·卷二·列王的纷争（中） 
2239938, 19.4, 8.2, 30, 日本人 
1084401, 23.7, 8.8, 43, 外国诗歌经典100篇 
1275565, 39.1, 8.6, 609, 怪盗亚森・罗宾 
1414445, 31.2, 7.7, 405, 主教杀人事件 
1043163, 29.8, 7.2, 563, 女雕刻家 
3199527, 23.8, 7.6, 106, 猎魂者 
1013182, 24.2, 7.9, 89, 十七岁 
4112159, 32.1, 7.0, 1255, 万圣节前夜的谋杀案 
3666868, 26.7, 7.2, 291, 耶洗别之死 
2282514, 34.2, 7.3, 1244, 寓所谜案 
3510278, 30.4, 7.5, 441, 独角兽谋杀案 
1939007, 23.1, 7.9, 72, 学游泳 
3224602, 25.8, 6.9, 351, 达利的骗局 
1148639, 25.2, 8.4, 72, 外套 
1019293, 41.6, 8.8, 740, 小飞人卡尔松 
4191498, 22.6, 6.8, 190, 五条红鲱鱼 
2976951, 20.1, 7.0, 88, 最新欧美电视节目模式 
7004246, 22.8, 8.9, 35, 埃勒里与奎因 
3170264, 27.2, 7.0, 420, 地狱之缘 
1466485, 30.6, 9.2, 96, The Happy Prince and Other Tales 
3210692, 26.0, 7.5, 180, 墓地的沉默 
1775691, 63.0, 8.3, 51811, 少有人走的路 
3277266, 26.2, 7.1, 297, 九九神咒 
25798788, 13.0, 7.3, 15, 变形记 
5345951, 16.4, 8.4, 16, Moebius oeuvres 
23226850, 16.8, 7.0, 42, 只愿你被这世界温柔相待 
3591140, 35.8, 7.5, 1290, 柏棺 
2378205, 31.3, 7.3, 684, 连续自杀事件 
1469030, 20.1, 8.4, 30, 火鸟译丛9种 
3865987, 29.3, 6.7, 1071, 大象的证词 
1229236, 39.4, 8.8, 524, 断弦的耳朵 
1022238, 57.7, 8.2, 25006, 菊与刀 
2073530, 28.7, 7.2, 450, 罗丝安娜 
1326137, 24.8, 7.9, 99, 塑料 
12294942, 14.8, 8.1, 14, Elliott Erwitt Snaps 
3329960, 20.8, 8.1, 41, The Woman in the Wardrobe 
1858041, 22.0, 8.0, 55, 逆流河，托梅克 
1319670, 26.8, 7.2, 301, 班森杀人事件 
4845553, 29.0, 7.4, 375, 九因谋杀成十 
4882016, 23.0, 6.7, 241, 恨警察的人 
3667352, 27.6, 7.1, 400, 爬虫类馆杀人事件 
5387464, 22.4, 6.8, 182, 火焰，燃烧吧！ 
3314834, 28.2, 7.2, 402, 思考机器探案集之寒鸦女郎 
5043451, 22.1, 7.1, 122, 皮卡迪利谋杀案 
2003636, 26.5, 7.7, 164, 猎物 
11415118, 25.9, 8.9, 57, The New Ghost 
1263308, 20.4, 7.3, 70, 平面设计的7大要素 
4301568, 34.7, 9.1, 192, Jolies ténèbres 
1462658, 36.7, 7.9, 893, 光晕 
25767899, 20.3, 6.6, 142, 红信 
3293575, 28.4, 7.2, 418, 我的前妻们 
3293612, 27.0, 7.4, 245, 天花板上的足迹 
1177586, 23.0, 7.7, 83, 玻璃 
3656997, 26.9, 6.9, 455, 瘟疫庄谋杀案 
1013208, 61.0, 8.5, 26137, 如何阅读一本书 
1144299, 18.9, 7.9, 33, 薇拉·凯瑟精选集 
3314862, 25.6, 7.2, 234, 思考机器探案集之致命的密码 
3402227, 23.2, 8.6, 45, 惡棍侯爵 
3662752, 25.4, 6.9, 319, 上帝之灯 
1382152, 14.8, 8.1, 14, Marc Jacobs 
1781822, 27.4, 8.6, 89, Indian Summer 
4832888, 23.1, 7.3, 123, 失衡的时间 
2175689, 15.8, 7.2, 29, 荷马史诗的故事 
1228242, 31.2, 8.0, 290, 勃朗特一家的故事 
5387466, 29.4, 7.8, 255, 不可能犯罪诊断书Ⅲ 
2443457, 15.0, 7.7, 18, Japan&#39;s Modern Myths 
2031909, 30.7, 9.1, 104, We3 
3170267, 26.2, 7.2, 263, 刽子手的杂役 
1133487, 27.9, 7.2, 382, 黑太阳 
21365745, 24.1, 8.0, 80, 旅行，人生的轻微失重 
26662760, 17.7, 7.6, 32, 试管迷踪 
1046321, 22.8, 7.4, 104, 我的死了的生活的回忆 
6693563, 19.5, 7.4, 54, Anya&#39;s Ghost 
1900733, 23.5, 9.1, 35, 三伙伴 
10769653, 12.8, 6.7, 21, 整理.人生 
1476980, 22.6, 6.5, 284, 简·奥斯丁书友会 
3918136, 21.5, 6.5, 215, 矛头蛇 
1393478, 22.2, 8.7, 36, 導演功課 
3551062, 25.6, 8.8, 58, 鼹鼠与小鸟 
1781825, 23.1, 8.0, 67, Gullivera 
2237820, 16.2, 7.3, 29, Www. 
10438742, 18.5, 7.9, 31, 恐怖的研究 
3293572, 25.9, 7.0, 317, 青铜神灯的诅咒 
1963016, 21.6, 6.5, 220, 爱情芥末酱 
1082431, 23.6, 8.0, 73, 蝎子之屋 
3345187, 24.4, 7.2, 179, 斯托维尔开膛手 
2378207, 27.3, 6.9, 497, 逆转死局 
1903631, 29.3, 8.9, 98, Popbot, Volume 2 
1030678, 29.0, 8.4, 137, 初出茅庐破大案--加德纳探案集 
1004706, 20.4, 7.9, 44, 苹果车 
1036651, 16.6, 7.8, 23, 火星人的时光倒转 
1932768, 29.8, 8.5, 144, 卡夫卡文学代表作 
