Tag: 沧月 

ID, Score, Rating, Votes, Title 
1919201, 60.7, 8.5, 24673, 七夜雪 
1256186, 53.8, 8.3, 10688, 护花铃 
26134061, 34.1, 7.5, 917, 忘川 上 
1478487, 49.8, 7.8, 12148, 曼珠沙华 
2271450, 56.4, 8.7, 8962, 镜·神寂 
4199686, 45.2, 8.0, 3724, 羽·青空之蓝 
1326828, 53.1, 8.4, 8098, 镜·双城 
26133411, 34.1, 7.7, 701, 忘川 下 
2114580, 52.9, 8.8, 4424, 听雪楼系列典藏版（全三册） 
26867351, 20.5, 7.4, 65, 朱颜 
1010520, 51.7, 8.1, 10185, 血薇 
4847836, 42.7, 8.0, 2364, 羽·赤炎之曈 
1313156, 49.5, 8.0, 8116, 帝都赋 
1442920, 51.5, 8.3, 7222, 镜·破军 
1313159, 49.9, 8.1, 7456, 大漠荒颜 
2382709, 53.4, 8.6, 6324, 镜·辟天 
1964560, 42.2, 7.5, 4672, 沧海 
2382711, 53.5, 8.6, 6493, 镜·龙战 
3177087, 39.4, 7.3, 3663, 风玫瑰 
1393280, 43.4, 7.7, 4204, 花镜 
2567960, 43.4, 7.6, 4969, 镜·织梦者 
3336960, 41.1, 8.5, 951, 沧海明月·凝碧卷 
6440764, 39.1, 7.8, 1587, 羽·黯月之翼 
6802392, 43.4, 8.6, 1221, 七夜雪 
2117066, 44.7, 7.7, 5394, 夜船吹笛雨潇潇 
6813394, 35.0, 7.7, 843, 曼珠沙华·彼岸花 
2924564, 42.9, 7.9, 2807, 彼岸花 
3121041, 42.0, 8.1, 1817, 碧城 
2137491, 47.7, 8.5, 2833, 镜·归虚1 
1823247, 41.2, 7.4, 4477, 飞天 
3313239, 42.3, 8.8, 829, 沧海明月·拜月卷 
25725506, 30.7, 7.2, 680, 羽·苍穹之烬 
2302080, 44.3, 7.9, 3636, 神之右手 
5417484, 33.0, 7.7, 572, 幻世·剑歌·碧城 
2351259, 43.6, 8.2, 2105, 大漠荒颜·帝都赋 
1899883, 44.4, 7.7, 5116, 剑歌 
1467382, 48.6, 8.4, 3807, 镜·龙战（上） 
10432664, 22.5, 6.1, 520, 2012·末夜 
3336953, 39.5, 8.5, 726, 沧海明月·流光卷 
3310839, 40.2, 8.6, 728, 沧海明月·夕影卷 
3336964, 41.7, 8.7, 836, 沧海明月·承影卷 
2141423, 39.7, 7.8, 1795, 指间砂 
6802393, 37.4, 8.1, 789, 大漠荒颜·帝都赋 
1102463, 39.2, 8.1, 1102, 幻世 
3149497, 35.5, 7.3, 1646, 星空 
1437120, 44.0, 7.6, 5602, 荒原雪 
20405966, 35.4, 8.6, 330, 听雪楼沧月系列系列典藉版（全三册） 
1959034, 38.3, 7.5, 2136, 镜·织梦者2·海的女儿 
1476533, 48.4, 8.4, 3670, 镜·龙战（下） 
3424992, 37.6, 8.4, 589, 沧海明月·紫微卷 
2300103, 26.3, 7.6, 174, 月·水龙吟 
2002035, 45.0, 8.3, 2338, 镜·辟天1 
2233077, 27.5, 7.7, 197, 镜苏摩 
2052100, 44.5, 8.3, 2162, 镜·辟天2 
2974803, 24.0, 7.8, 93, 月·双飞燕 
2153031, 26.7, 7.6, 187, 月·绮罗香 NO.1 
25780846, 14.8, 6.7, 34, 夜船卷 
26279485, 12.0, 7.5, 11, 鼎剑阁系列 
26792696, 35.0, 8.9, 237, 镜（全6册） 
2993673, 38.0, 8.3, 699, 大漠荒颜 
2221865, 26.0, 7.8, 135, 月.满江红No.2 
6800402, 23.2, 7.7, 86, 羽·赤炎之瞳 
26278678, 22.9, 7.1, 144, 听雪楼 
5503291, 26.2, 8.2, 100, 碧城 
3327047, 19.7, 5.6, 583, 选择之道 
1844444, 29.3, 8.4, 144, 大漠荒顏 
2974803, 24.0, 7.8, 93, 月·双飞燕 
26867351, 20.5, 7.4, 65, 朱颜 
6860560, 23.4, 8.2, 61, 羽·青空之蓝 
1805047, 17.2, 7.0, 46, 幻天逍遥录 
1725662, 15.5, 6.0, 83, 炫·冥海 
25780855, 12.5, 6.1, 32, 星坠卷 
5909861, 24.4, 8.5, 58, 彼岸花AND神之右手 
2327724, 25.0, 7.9, 103, 月·玉连环No.5 
26278978, 22.4, 8.0, 59, 听雪楼 
25780847, 13.3, 6.5, 28, 沧海卷 
25780846, 14.8, 6.7, 34, 夜船卷 
1844391, 27.1, 8.5, 92, 帝都賦 
25738634, 17.2, 7.6, 29, 镜·双城1 
26786171, 16.2, 7.9, 20, 镜·辟天 
26786169, 20.4, 8.4, 32, 镜·破军 
25729894, 18.5, 8.4, 23, 镜·破军 
1834139, 38.9, 7.9, 1351, 云荒往世书·云散高唐 
26786170, 16.7, 7.9, 22, 镜·龙战 
26261271, 14.6, 7.3, 21, 指间砂 
26786168, 18.9, 8.1, 29, 镜·双城 
2249413, 33.9, 8.0, 479, 云荒纪年·隔云端·苍平卷 
26786173, 15.9, 7.8, 20, 镜·织梦者 
25729893, 20.1, 8.6, 27, 镜·双城 
26786172, 16.4, 7.8, 22, 镜·神寂 
4322238, 29.8, 7.9, 251, 云荒·云泥变 
1912521, 34.2, 7.7, 717, 镜前传·越京四时歌 
25784397, 14.7, 7.5, 19, 镜·龙战 
25784398, 14.2, 7.5, 17, 镜·辟天 
1288915, 14.8, 7.1, 25, 东风破 
5404173, 20.7, 6.7, 138, 成长的18个瞬间 
26279485, 12.0, 7.5, 11, 鼎剑阁系列 
1919221, 42.7, 8.0, 2334, 人间六道之修罗道 
26279484, 12.2, 7.6, 11, 鼎剑阁系列 
26279482, 12.1, 7.1, 14, 七夜雪 
5915713, 29.3, 6.4, 1837, 爵迹•燃魂书 
5942549, 19.4, 7.5, 48, 忘川 
4292120, 33.7, 7.0, 1772, 低智商社会 
4057010, 41.8, 8.0, 2005, 月上重火之水落石出 
3034205, 42.0, 8.2, 1577, 天涯明月刀 
3065343, 55.5, 8.4, 12093, 云中歌3 
3065698, 40.3, 7.3, 4425, 白昼的星光 
3069728, 42.9, 7.1, 11250, 良辰讵可待 
3094929, 19.4, 7.8, 39, 江湖 一 
3128115, 33.5, 6.4, 5331, 鸳鸯刀 
3199964, 14.7, 7.2, 23, 幻世 
3211779, 74.8, 8.9, 119008, 嫌疑人X的献身 
3266344, 61.1, 8.5, 26412, 盗墓笔记4 
1007178, 48.3, 8.3, 4124, 功夫 
3295326, 45.7, 7.8, 5563, 回眸 
3561408, 28.8, 7.9, 208, 流光夜雪 
3895158, 38.3, 7.5, 2128, 哪瓣洋葱不流泪 
3924481, 44.9, 7.9, 4119, 夜行歌（上下） 
6313955, 38.2, 7.3, 2843, 迷雾围城（全两册） 
