Tag: 爱情 

ID, Score, Rating, Votes, Title 
10594787, 69.2, 8.9, 49914, 霍乱时期的爱情 
26872990, 37.8, 7.9, 1099, 余生，请多指教 
1068920, 76.2, 9.3, 73179, 飘（上下） 
26451351, 44.9, 8.6, 1567, 爱情和其他魔鬼 
3026879, 59.8, 8.8, 13269, 爱的艺术 
1437973, 48.1, 8.7, 2334, 亲密关系 
26733854, 40.4, 8.7, 675, 明天也是小春日和 
3071717, 64.9, 8.8, 29585, 爱你就像爱生命 
26846721, 31.4, 8.8, 145, 如何在爱中修行 
1090043, 68.0, 8.5, 82938, 倾城之恋 
26905360, 34.0, 9.4, 138, 夜莺 
1046265, 66.5, 8.0, 178480, 挪威的森林 
2154960, 65.5, 8.7, 38519, 一个陌生女人的来信 
1400705, 63.1, 8.1, 78887, 情人 
23008971, 59.2, 9.0, 8963, 平如美棠 
1086249, 62.9, 8.6, 30295, 荆棘鸟 
26922895, 33.4, 9.8, 97, 其实你没那么爱他 
1083428, 71.1, 8.8, 80154, 傲慢与偏见 
26879486, 30.1, 7.8, 294, 最初不过你好 
1082334, 64.2, 8.3, 64588, 穆斯林的葬礼 
10432334, 39.1, 8.3, 854, Me Before You 
10560798, 55.6, 8.7, 7899, 面纱 
1316648, 57.9, 8.3, 21541, 查令十字街84号 
1141406, 69.2, 8.5, 101526, 简爱 
1080370, 65.4, 8.6, 45009, 情书 
26356948, 44.9, 7.0, 21700, 摆渡人 
26752646, 29.9, 8.0, 231, 天意 
26811147, 40.9, 8.6, 812, 月族 
2056749, 58.5, 8.1, 34479, 时间旅行者的妻子 
1014278, 61.9, 8.4, 36289, 红玫瑰与白玫瑰 
1119522, 64.3, 8.4, 54299, 呼啸山庄 
3765331, 51.1, 8.6, 4373, 恋人絮语 
1963684, 63.4, 8.6, 32735, 半生缘 
26849731, 31.7, 8.1, 286, 看了高兴的爱情故事 
26787941, 38.2, 7.3, 2848, 玛格丽特小镇 
21360827, 45.8, 9.0, 1153, 朱生豪情书全集 
26899836, 25.1, 8.5, 66, 不如，重新开始 
1444900, 46.7, 8.7, 1865, 爱的五种语言 
26889862, 28.6, 8.6, 109, 我还是很喜欢你 
1045352, 53.7, 8.7, 5768, 二十首情诗与绝望的歌 
25924242, 46.4, 8.9, 1398, 爱在黎明破晓前&amp;爱在日落黄昏时 
26798331, 34.9, 8.9, 235, 醒来觉得甚是爱你 
4313207, 52.7, 8.5, 6561, 致D 
26861449, 32.0, 9.4, 103, 阁楼里的女孩 
26892411, 35.1, 8.9, 240, 人类要是没有爱情就好了 
3879301, 62.8, 8.1, 73790, 微微一笑很倾城 
26384985, 34.0, 7.3, 1183, 我有个恋爱想和你谈下 
1461903, 64.0, 8.0, 114041, 何以笙箫默 
1079252, 50.3, 8.2, 6824, 爱情笔记 
26577690, 38.5, 8.5, 608, 伪装成独白的爱情 
4154988, 47.5, 8.0, 5654, 纯真博物馆 
3426869, 63.3, 8.3, 54633, 三生三世 十里桃花 
26914805, 24.0, 9.5, 31, 九幽 
1066462, 65.8, 8.4, 69170, 向左走·向右走 
26689063, 39.2, 8.2, 973, 卡罗尔 
1465324, 56.4, 7.7, 51204, 洛丽塔 
24541883, 49.2, 8.1, 6495, 消失的爱人 
5916880, 64.1, 8.6, 36588, 华胥引（全二册） 
3673651, 52.3, 7.7, 23525, 岛 
2022979, 59.5, 8.1, 41149, 喜宝 
2209098, 60.9, 7.9, 78732, 致我们终将逝去的青春 
3017857, 61.2, 8.5, 26823, 金锁记 
26848052, 31.1, 8.8, 140, 别爱上任何人 
26897494, 29.5, 9.4, 72, 香初上舞 
3010133, 55.7, 8.4, 12562, 琥珀·恋爱的犀牛 
1006073, 48.3, 7.6, 13005, 七月与安生 
26889498, 24.2, 8.9, 44, 小确幸不如大欢喜 
1791664, 53.5, 8.8, 4886, 千江有水千江月 
26907263, 26.4, 9.4, 46, 全世界我只想和你在一起 
26335687, 34.4, 7.6, 853, 我在最温暖的地方等你 
26591906, 41.2, 8.3, 1209, 浮生梦 
1013380, 60.0, 8.1, 45023, 茶花女 
26880577, 28.7, 8.3, 141, 世界上到底有没有百分之百的异性恋 
6813370, 37.5, 8.2, 716, 雾中回忆 
26905604, 31.4, 9.7, 78, 此刻不爱的人，都有罪 
1223845, 47.4, 7.6, 10883, 男人来自火星 女人来自金星 
26896979, 29.8, 8.7, 122, 嫡谋 
26840828, 24.8, 8.4, 67, 古拉格之恋 
3054373, 51.7, 9.2, 2237, 荷西 我爱你 
26146992, 41.5, 7.4, 4792, 我们为什么会分手？ 
2669319, 50.0, 9.0, 2204, Flipped 
26680113, 47.3, 8.6, 2325, 那个不为人知的故事 
1008074, 50.0, 7.5, 22014, 失乐园 
25747921, 52.3, 7.2, 67719, 从你的全世界路过 
3537590, 55.8, 8.3, 15131, 朗读者 
4105424, 33.8, 7.8, 592, 恋爱中的男人 
1807769, 46.6, 8.8, 1625, 假如你愿意你就恋爱吧 
26853361, 37.2, 8.7, 403, 夜旅人 
2230208, 53.5, 8.1, 13982, 我的前半生 
11535042, 38.8, 8.2, 906, 请以你的名字呼唤我 
3010130, 51.4, 7.7, 19734, 悲观主义的花朵 
6890671, 47.4, 8.2, 4110, 一天 
1072319, 53.4, 8.5, 7337, 长腿叔叔 
6052834, 42.0, 8.2, 1584, 亲密关系 
20270670, 44.7, 8.3, 2213, 为何爱会伤人 
26365847, 42.3, 7.6, 4028, 美人为馅 
10807374, 48.9, 8.7, 2649, 浮生若梦1 
1400707, 52.2, 8.1, 11217, 广岛之恋 
3268399, 56.4, 8.5, 12058, 上海堡垒 
26666917, 29.9, 7.8, 282, 笼中的爱人 
1393218, 52.4, 9.1, 2793, 大明宫词 
1016300, 55.8, 7.2, 142804, 梦里花落知多少 
1018577, 61.0, 8.9, 13752, 霸王别姬 青蛇 
10345585, 28.9, 7.3, 411, 与往事说再见 
4175473, 46.9, 8.6, 2196, 波斯少年 
3506871, 51.9, 7.6, 26482, 曾有一个人，爱我如生命 
1159939, 60.0, 8.5, 21865, 一个陌生女子的来信 
25716611, 44.8, 8.5, 1748, 花街往事 
25890145, 41.4, 8.4, 1117, 线 
1261153, 54.8, 8.4, 10752, 青蛇 
26866648, 26.8, 8.2, 111, 吃了再爱，还是爱了再吃？ 
26915101, 24.2, 8.5, 56, 桃花尽处起长歌 
1958227, 57.8, 8.2, 25295, 那些年，我们一起追的女孩 
26358169, 30.7, 7.3, 599, 那时，我们还不怕相爱 
11501640, 48.3, 8.4, 3579, 柔软 
26758995, 32.3, 8.3, 264, 罗茜计划 
2331434, 54.6, 7.7, 36478, 原来你还在这里 
26931365, 22.2, 9.3, 26, 邓文迪：女人明白要趁早 
1972266, 46.5, 7.7, 7646, 余欢 
26893021, 29.9, 9.5, 72, 我来过你爱过的世界 
11527634, 41.8, 7.7, 3079, 蒙马特遗书 
4238754, 57.3, 8.0, 33168, 失恋33天 
26866300, 34.9, 9.1, 197, 光芒纪·微光 
2567919, 59.0, 8.3, 26215, 匆匆那年（上下） 
5394486, 39.6, 7.3, 3867, 爱情没那么美好 
26878059, 26.6, 9.5, 45, 人若犯我（全二册） 
1529893, 61.9, 8.0, 76542, 莲花 
3391246, 48.7, 8.2, 5146, 潮骚 
3061282, 49.8, 7.6, 17370, 山月不知心底事 
11506941, 46.0, 7.9, 5032, 我们始终牵手旅行 
1919201, 60.7, 8.5, 24672, 七夜雪 
26707942, 33.6, 7.2, 1268, 知更鸟女孩 
1005521, 56.7, 8.1, 24792, 伊豆的舞女 
2243213, 57.3, 7.9, 40256, 山楂树之恋 
25833051, 29.8, 8.6, 132, 幸福的婚姻 
26357479, 28.7, 6.0, 3657, 我与世界只差一个你 
26840198, 22.9, 8.7, 40, 爱让我们更好了 
1047138, 51.2, 7.7, 18972, 少年维特的烦恼 
1065970, 57.1, 7.8, 47939, 彼岸花 
6732193, 50.5, 7.9, 11466, 十年一品温如言 
26652086, 30.6, 8.3, 195, 你的一切好与坏我都眷恋 
26654687, 36.1, 8.0, 710, 你是我的命运 
6897140, 43.1, 8.3, 1693, The Fault in Our Stars 
1468997, 44.9, 8.6, 1573, 守望灯塔 
26847907, 29.3, 7.8, 250, 见过爱情的人 
6404040, 39.9, 8.1, 1250, 三行情书 
1322455, 56.0, 8.8, 7231, 遥远的救世主 
1792984, 49.5, 8.2, 5957, 一个女人的史诗 
26183848, 36.6, 7.3, 2045, 完美关系的秘密 
3266349, 39.4, 8.3, 891, 恋情的终结 
3290028, 45.7, 8.5, 2038, 孤城闭 
26914106, 15.3, 7.8, 18, 醉流年 
1962929, 57.6, 8.0, 35158, 佳期如梦 
26889630, 25.8, 8.6, 69, 对这个残酷的世界说情话 
26884309, 33.2, 9.5, 114, 可我还是喜欢你 
25696089, 43.4, 7.4, 7067, 1980年代的爱情 
4143051, 49.6, 8.6, 3419, 荆棘之城 
2376306, 52.5, 7.8, 20213, 第三种爱情 
26609809, 31.9, 6.8, 1666, 火车上的女孩 
2267883, 50.5, 7.9, 11626, 色，戒 
3521168, 39.2, 7.0, 6081, 谢谢你离开我 
4241870, 51.4, 7.7, 19724, 我在回忆里等你 
5321896, 36.9, 8.3, 580, 危险的关系 
26590271, 39.4, 8.6, 634, 我的鸵鸟先生 
26282087, 33.2, 7.8, 527, 把所有失眠的夜都给你 
26394204, 32.4, 8.4, 242, 爱情故事 
3908240, 45.5, 7.8, 5389, 情人 
6392678, 39.4, 7.5, 2637, 想念 
1051193, 62.6, 8.6, 28441, 麦琪的礼物 
26431215, 37.8, 8.3, 673, Lens·目客002：我这样爱你 
4901590, 43.8, 7.7, 4518, 初夏荷花时期的爱情 
1856285, 51.0, 7.3, 41230, 人生若只如初见 
3065232, 45.0, 8.0, 3594, 藏地白皮书 
26873207, 26.7, 8.9, 65, 爱是唯一的真相 
1310112, 39.8, 8.3, 960, 诫律 
25913147, 31.3, 7.7, 409, 因为深爱，所以放手 
1108590, 21.6, 8.8, 31, 周恩来邓颖超通信选集 
1045247, 51.9, 7.7, 21423, 面包树上的女人 
25912734, 42.7, 7.2, 8765, 他来了，请闭眼 
5299766, 41.7, 8.5, 1046, 青梅竹马 
3674353, 49.2, 7.7, 12884, 沥川往事 
26276279, 43.3, 7.8, 3537, 苦妓回忆录 
26925656, 31.0, 9.8, 70, 《我和你，那一场风花雪月的事》 
4832482, 30.7, 7.9, 297, 真实的颜色 
1886385, 54.7, 8.1, 17479, 来不及说我爱你 
23795254, 47.0, 8.0, 5169, 骄阳似我 
26741658, 22.5, 7.0, 147, 我的奇妙男友2 
4173402, 46.6, 8.4, 2687, 昨日之旅 
3183785, 48.6, 7.7, 11490, 爱你，是我做过最好的事 
1049477, 50.3, 8.0, 9424, 一半是海水一半是火焰 
26836228, 24.4, 8.4, 62, 江山美人谋·终章 
24882309, 41.1, 7.7, 2689, 与我长跑十年的女友嫁人了 
26915707, 17.1, 8.3, 19, 世界需要更好的你 
26688714, 24.4, 8.0, 84, 记忆里，微笑的你 
5248289, 38.0, 7.7, 1486, 岁月的泡沫 
1255624, 67.3, 8.8, 43389, 神雕侠侣 
1397467, 45.5, 7.9, 4551, 理智与情感 
26255776, 40.5, 8.0, 1570, 一厘米的阳光 
26236436, 32.4, 7.2, 990, 我们夜里在美术馆谈恋爱 
21242062, 49.9, 8.2, 6357, 长相思 
26449387, 30.2, 7.5, 424, 玩命爱一个姑娘 
20488770, 36.0, 7.6, 1167, 恋爱中毒 
1011702, 47.0, 8.1, 4390, 廊桥遗梦 
6507262, 33.7, 7.5, 842, 如何让你爱的人爱上你 
26285423, 28.5, 8.1, 161, 亲密关系的秘密 
5361568, 27.9, 8.4, 114, 获得幸福婚姻的7法则 
26866433, 18.5, 7.4, 44, 不期而遇的温暖 
26289739, 38.0, 8.0, 1007, 误入浮华 
6957796, 35.8, 8.4, 434, 爱得太多的女人 
6773643, 51.3, 8.2, 8038, 橘生淮南·暗恋 
1780032, 41.0, 8.3, 1167, 六世达赖仓央嘉措情歌及秘史 
26781143, 20.4, 7.8, 47, 全世界只有一个你 
19964304, 33.9, 8.0, 471, 爱的多重奏 
26293455, 31.2, 7.0, 1024, 我依然爱你，我只是不喜欢你了 
3864464, 35.8, 8.3, 479, 我愛過，所以我活過 
26901053, 25.9, 8.4, 80, 三千鸦杀·典藏版 
4038610, 41.3, 8.1, 1597, 回归 
1157014, 51.3, 8.8, 3465, 伤逝 
2059994, 35.4, 8.1, 560, 只要在一起 
26417674, 32.4, 7.9, 406, 当我足够爱，才敢失去你 
26340704, 27.0, 7.6, 198, 亲爱的另一个我 
25851002, 42.5, 8.1, 1972, 世界微尘里 
4887524, 38.6, 7.0, 5258, 夏有乔木雅望天堂 
10343062, 48.0, 8.3, 3912, 暗恋 
1470158, 50.8, 8.0, 10210, 圆舞 
3873355, 42.8, 7.4, 6169, 仓央嘉措诗传 
25830077, 39.1, 7.8, 1602, 阿尼玛 
1474842, 64.0, 9.1, 16281, NANA（1-13） 
1003000, 64.3, 8.4, 53950, 悟空传 
25985525, 30.6, 7.6, 401, 在世界尽头遇见你 
25728092, 42.2, 9.1, 599, 小张和小丽 
26918960, 15.6, 8.0, 17, 《借我春风如少年》 
1029159, 53.8, 7.5, 47349, 八月未央 
26662515, 44.8, 8.0, 3473, 他知道风从哪个方向来 
21346610, 39.0, 7.6, 2081, 莫失莫忘 
26852140, 19.1, 7.7, 39, 冷眼观爱2：一切情感问题的答案 
26587749, 21.6, 6.7, 170, 良辰多喜欢2 
26847654, 24.7, 7.1, 215, 她和他 
5976260, 31.8, 7.3, 752, 我要逆风去 
1040924, 43.5, 8.1, 2351, 金粉世家（上下） 
1596305, 47.8, 7.0, 40851, 泡沫之夏 
26771781, 26.2, 8.8, 64, 我把四季用来等你 
25852441, 34.3, 6.9, 2417, 当我足够好，才会遇见你 
25807523, 32.4, 7.3, 860, 唯爱与美食不可辜负 
1082162, 56.4, 8.3, 16714, 第一炉香 
23765239, 32.9, 8.2, 323, 世界停在我吻你的时候 
1024217, 53.2, 7.4, 51615, 第一次的亲密接触 
1394433, 51.1, 8.4, 5790, 藍宇 
5423775, 42.1, 8.2, 1621, 隔壁女子 
4136640, 38.5, 7.1, 4275, 盛开 
26628022, 33.9, 7.4, 1018, 我的盖世英熊 
1731521, 46.5, 8.2, 3474, 生死桥 
3218534, 42.3, 8.1, 1916, Eat, Pray, Love 
21764541, 33.9, 8.7, 238, 爱的五种能力 
26599743, 38.3, 8.1, 937, 有生之年 
26688712, 21.4, 7.3, 86, 他站在夏花绚烂里 
26818078, 22.4, 8.8, 35, 我喜欢的样子，你都有 
26743413, 19.5, 7.0, 77, 恋爱这件小事 
26590273, 28.5, 7.8, 215, 你会想念你自己吗 
3293231, 51.9, 7.8, 17892, 许我向你看 
26796537, 27.1, 8.0, 138, 为了你，我愿意热爱整个世界 
5363651, 41.8, 7.8, 2641, 浮生物语 
1049070, 52.3, 8.4, 7051, 等一个人咖啡 
1925218, 48.7, 7.4, 20926, 翻译官 
1818384, 34.8, 9.0, 210, 聶魯達一百首愛的十四行詩 
26394906, 28.0, 8.0, 164, 凤囚凰 漫画壹 
1036395, 45.3, 8.4, 2175, 爱上浪漫 
1098639, 39.6, 8.3, 916, 纯真年代 
1705507, 48.3, 8.0, 6472, 胭脂扣 
26180267, 28.0, 7.1, 436, 我们是不是该结婚了 
10771015, 38.3, 7.7, 1593, 姑娘，我们一起合租吧 
1949925, 47.6, 8.1, 4872, 沉落的黄昏 
26931157, 29.9, 9.6, 67, 《不爱我，别伤我》 
1068246, 25.4, 7.7, 133, 越洋情书（上下卷） 
1220789, 40.5, 8.1, 1385, 爱上双人舞 
1776127, 41.0, 8.6, 836, 東京愛的故事 1 
26772226, 34.8, 8.6, 301, 此岸 
20513013, 27.9, 8.1, 145, 亲爱的，我不会把你交给绝望 
11442509, 32.6, 8.4, 249, 读懂恋人心 
26148475, 33.8, 7.0, 1824, 你和我的倾城时光 
2002992, 37.8, 8.4, 601, 爱，是不能忘记的 
26666471, 32.5, 7.6, 585, 夜空最亮的星 
2050776, 37.6, 8.7, 430, 凯旋门 
1291760, 45.8, 6.8, 41901, 会有天使替我爱你 
3875750, 35.2, 7.8, 765, 完美伴侣 
1883349, 42.4, 8.3, 1495, 永别了，武器 
5939058, 36.9, 7.5, 1617, 别拿男人不当动物 
26825085, 34.7, 8.2, 444, 阿南 
6731202, 40.4, 8.3, 1066, 恋文 
20472534, 36.0, 6.7, 5314, 迎男而上 
25887981, 35.4, 8.2, 501, 微妙 
25923591, 24.5, 5.7, 2106, 老师好美 
2283084, 55.7, 8.2, 17458, 云中歌1 
3276681, 36.4, 7.7, 1094, 他其实没那么喜欢你 
2078225, 46.1, 7.9, 5120, 孤芳不自赏 
5980360, 51.8, 8.1, 10367, 曾许诺 
26353351, 30.4, 7.5, 436, 倾世风华 
19950612, 40.8, 7.3, 4958, 伊斯坦布尔假期 
26335587, 27.6, 7.6, 223, 爱丽丝没有仙境 
3264644, 48.1, 8.8, 2076, 地久天长 
2115040, 50.8, 8.0, 10320, 玫瑰的故事 
25809012, 26.4, 8.1, 111, 爱的博弈 
4871447, 48.2, 7.5, 15233, 东宫 
3160327, 41.8, 8.0, 2008, 无出路咖啡馆 
25714740, 38.1, 7.3, 2780, 起风了 
26672590, 26.7, 7.6, 186, 此时此刻相爱的能力 
3005066, 40.7, 8.1, 1446, 在爱中修行 
26732446, 31.1, 6.9, 1164, 你丫上瘾了 
6527141, 44.6, 8.2, 2517, 停车暂借问 
26671435, 34.9, 7.2, 1671, 我们 
1093098, 43.4, 7.8, 3578, 爱玛 
1469051, 48.2, 7.1, 35439, 左耳 
10773363, 30.6, 7.1, 771, 我喜欢当年喜欢你的我 
3053868, 48.8, 7.9, 8391, 永不永不说再见 
4903295, 32.1, 7.7, 477, 黛丽拉和她的20个前男友 
10530128, 38.4, 7.7, 1611, 晚秋 
1032581, 50.8, 8.4, 5521, 胭脂扣 生死桥 
26686028, 24.9, 8.2, 79, 你在北京还好吗 
26865859, 18.3, 8.2, 25, 寂寞太近，而你太远 
4151190, 36.1, 8.2, 567, 完美的爱，不完美的关系 
4224758, 46.5, 7.3, 15973, 花千骨（上下） 
26184241, 33.6, 7.7, 646, 愛的成人式 
25789570, 37.9, 7.4, 2292, 满满都是我对你的爱 
26779262, 16.1, 7.7, 22, 隔墙有爱 
26365848, 32.3, 7.6, 566, 美人为馅2·大结局 
1104760, 38.0, 7.6, 1718, 锦绣缘 
26346186, 26.1, 8.7, 67, 那些叫爱情的伤，我们总会痊愈的 
26298713, 25.0, 8.5, 64, 我还爱着你，比想象中更深 
26439450, 20.8, 7.0, 101, 爱我少一点，爱我久一点 
26114897, 22.9, 7.0, 161, 你若懂我，该有多好 
25975473, 27.6, 7.4, 282, 幸好，没有在一起 
1758926, 34.9, 8.4, 373, 南方与北方 
5293030, 40.6, 7.1, 6871, 那些有伤的年轻人 
26362908, 28.9, 6.3, 2019, 女神一号 
4098989, 47.4, 8.2, 4117, 我的青春从爱你开始 
2284090, 46.3, 7.5, 10430, 开到荼蘼 
26835924, 17.0, 7.4, 32, 九阙凤华1 
10876729, 37.8, 8.1, 855, 何欢 
25900190, 35.2, 6.9, 3008, 应许之日 
26614208, 29.8, 6.6, 1448, 恋爱口语 
26731137, 25.8, 8.6, 69, 闫小姐不嫁了 
1444225, 38.3, 7.3, 2895, 那么，爱呢？ 
3348764, 21.8, 8.9, 30, 新性愛聖經 
3671351, 40.7, 7.0, 8556, 巴黎没有摩天轮 
26463891, 23.1, 7.9, 72, 心碎是爱情最美的样子 
26354161, 26.6, 8.1, 116, 爱人、情人和怪人 
3336465, 45.7, 7.3, 13710, 被时光掩埋的秘密 
5347700, 41.5, 7.9, 2165, 我坐在彼德拉河畔，哭泣 
3078944, 34.5, 8.1, 471, “坏”女人有人爱 
26744849, 20.4, 7.2, 77, 一场关于前男友的葬礼 
2141646, 39.8, 7.8, 1812, 恰似水之于巧克力 
1083483, 46.6, 8.7, 1828, 一个陌生女人的来信 
3101896, 36.2, 8.0, 719, 你会在那儿吗？ 
26695285, 27.9, 6.7, 761, 和你在一起才是全世界 
25978608, 34.2, 7.1, 1687, 再美也美不过想象 
6880158, 60.5, 8.7, 17191, 陆犯焉识 
3742938, 26.4, 7.8, 146, 銀座紅牌馭男術 
25926869, 25.1, 7.5, 151, 那些再与你无关的幸福 
1547677, 36.6, 8.0, 776, 等待 
4920175, 35.6, 7.4, 1419, 我喜欢你，你知道吗？ 
25767862, 39.2, 7.1, 5065, 如果蜗牛有爱情 
26662988, 28.1, 8.2, 138, 我明白你会来，所以我等 
26775800, 24.7, 8.4, 66, 寄给与我相同的灵魂 
1030153, 46.9, 7.5, 11954, 她比烟花寂寞 
1925232, 53.6, 7.9, 20520, 大漠谣 
20499985, 31.3, 8.5, 183, 社交礼仪守则 
4162625, 40.2, 7.4, 3671, 衾何以堪 
20259330, 34.1, 6.9, 2337, 欢乐颂  第三季 
21460732, 46.1, 8.3, 2812, 秒速五厘米 
25845649, 33.0, 7.6, 644, 亲爱的闺蜜 
3080607, 49.5, 8.2, 5897, 我爱问连岳Ⅱ 
23197834, 34.4, 7.0, 2093, 我们如何走到这一步 
5068504, 35.9, 7.4, 1513, 十五年等待候鸟 
4037337, 44.5, 7.9, 3789, 一个人的欢喜与忧伤 
5954613, 40.7, 9.0, 525, 谁可以这样爱我 
1812439, 58.3, 8.1, 33509, 步步惊心 
1000034, 38.0, 7.4, 2342, 生死遗言 
11541361, 28.1, 7.4, 311, 我勒个去,分手 
21355911, 24.0, 7.2, 166, 喜欢你的150个小细节 
3129584, 49.0, 8.8, 2398, 莎乐美 
1186350, 46.2, 7.8, 6125, 红字 
2036576, 35.5, 7.4, 1394, 看得见风景的房间 
25942442, 37.1, 8.4, 541, 那年夏天我还爱你 
1208002, 39.3, 8.2, 989, 琥珀 
11524816, 35.9, 7.8, 871, 你迟到了许多年 
3099359, 46.9, 8.0, 5020, 拥抱 
3730731, 50.3, 8.0, 9419, 许我向你看（终结篇） 
6534919, 41.5, 7.5, 4024, 然后、爱情随遇而安 
6806555, 34.8, 7.7, 808, 苹果笔记本 
4230591, 42.3, 7.3, 6774, 我终究是爱你的 
26828332, 23.4, 9.2, 33, 北京遥望香巴拉 
4175252, 46.4, 7.9, 5370, 初恋爱 
24736899, 48.0, 8.0, 6116, 雪国 
3224818, 46.4, 8.5, 2278, 安妮宝贝系列 
1914625, 40.9, 7.7, 2630, 老师的提包 
3293232, 46.8, 7.7, 8037, 过客，匆匆 
26695296, 23.5, 8.5, 50, 因为是你，晚一点没关系 
10762249, 33.2, 7.6, 670, 亲爱的，这不只是一场旅行 
26817186, 21.0, 7.4, 73, 我们始终独自行走在这个世界 
25984842, 31.0, 7.9, 313, 别对我撒谎 
26671299, 21.9, 8.3, 44, 愿所有爱不负等待 
1026278, 41.4, 8.4, 1117, 冷山 
6539848, 31.5, 8.3, 229, 爱是一种病 
26430576, 24.5, 7.9, 94, 为什么我们爱得这么累 
2062430, 46.6, 7.2, 20167, 泡沫之夏Ⅲ 
1290398, 47.4, 8.4, 3058, 白蛇 
6874619, 30.4, 7.2, 651, 初恋总是诀恋 
5356341, 36.6, 8.0, 778, 男人来自火星，女人来自金星2 
24089617, 28.5, 6.6, 1044, 世界这么大，还是遇见你 
26614247, 21.8, 7.2, 103, 我们的关系如此狭窄 
3015783, 37.7, 7.8, 1224, 嫁给风的女孩 
19936010, 47.2, 8.0, 5353, 三生三世十里桃花 
1018153, 54.7, 7.8, 30395, 水仙已乘鲤鱼去 
1315165, 35.2, 7.6, 1000, 维纳斯的诞生 
5502995, 52.8, 7.6, 31067, 1Q84 BOOK 3 
10946179, 33.3, 7.3, 1030, 通俗爱情 
26346686, 28.3, 7.9, 188, 最初的相遇，最后的别离 
26611551, 29.7, 7.6, 336, 一瞬的光线、色彩和阴影 
1145428, 41.8, 8.7, 849, 我喜欢你 
23765279, 29.8, 7.8, 278, 爱的基本语法 
6087472, 42.7, 7.2, 8803, 浮世浮城 
3359739, 44.6, 7.7, 5266, 格子间女人 
10725024, 31.3, 7.9, 331, 特别的他 
3771081, 34.5, 7.6, 872, 为什么男人爱说谎 女人爱哭 
26809632, 20.4, 8.5, 30, 素手红尘 
1463494, 31.2, 7.8, 360, Why Men Love Bitches 
25870251, 26.9, 7.3, 270, 我想你，前任 
25981703, 22.9, 9.0, 34, 独角仙在哪里 
26662977, 23.8, 7.8, 89, 再见之后，说再见 
25975450, 27.9, 8.4, 113, 积极恋爱心理学 
26680733, 21.3, 6.9, 128, 谢你不娶之恩 
1001985, 43.6, 7.6, 5207, 在世界中心呼唤爱 
5401757, 31.6, 7.6, 488, 恋爱戒律 
6904615, 35.8, 7.0, 2857, 再不相爱就软了 
1079440, 53.5, 8.1, 14220, 遇到百分之百的女孩 
26628226, 21.9, 7.4, 88, 达尔文告诉你，为什么男人不坏女人不爱 
10794605, 28.8, 7.8, 229, 超级恋爱催眠术 
25766893, 30.5, 8.7, 138, 成为简•奥斯丁 
4188027, 31.2, 8.5, 181, 活在爱中的秘诀 
1077488, 18.0, 7.8, 30, 假如爱情是游戏这就是规则 
25718741, 29.7, 7.5, 382, 路途遥远，我们在一起吧 
2146336, 37.0, 7.2, 2643, 分手清单 
4767452, 27.4, 7.5, 239, 爱自己，和谁结婚都一样 
3903387, 48.0, 7.7, 10275, 香蜜沉沉烬如霜 
3818410, 37.9, 8.8, 407, 爱的历史 
1855343, 46.7, 7.2, 20713, 泡沫之夏Ⅱ 
10733279, 31.5, 7.2, 809, 脚趾上的星光 
2213892, 34.7, 8.4, 358, 阿道尔夫 
3394930, 37.5, 7.9, 1038, He&#39;s Just Not That Into You 
1194465, 43.9, 7.8, 3979, 我们无处安放的青春 
26851632, 12.4, 7.9, 10, 不想和你谈人生，只想和你谈恋爱 
26769896, 20.7, 7.2, 82, 刚刚好的你 
1024854, 43.2, 7.3, 8051, 成都，今夜请将我遗忘 
25733641, 26.1, 6.9, 378, 我爱你，时间没什么了不起 
20277950, 24.9, 6.9, 286, 写给年少回不去的爱 
10785589, 36.8, 7.8, 1044, 我想陪你去麦加 
3561591, 53.3, 8.0, 16031, 凤囚凰（上中） 
2359687, 46.0, 8.0, 4305, 堕落天使 
4273408, 28.8, 7.8, 229, 一段愛情，兩個人成長 
26802130, 26.3, 7.9, 130, 南烟斋笔录·如梦令 
1794333, 38.5, 7.3, 3050, 再錯也要談戀愛 
20451782, 29.6, 8.4, 150, 我是海明威的巴黎妻子 
4191879, 35.5, 8.1, 564, 苏菲的选择 
25856322, 27.6, 6.5, 1003, 北京，你是我今夜不及的梦 
3723866, 50.0, 8.0, 8905, 破晓 
1457149, 37.7, 7.8, 1225, 英儿 
26785388, 26.3, 7.2, 268, 賢者之愛 
4210973, 28.2, 6.8, 708, 租来的人生 
4124855, 45.3, 7.4, 10336, 人生若只初相见 
1028780, 47.5, 7.6, 11041, 三个A Cup的女人 
1030470, 44.5, 7.9, 3781, 香草山 
4882155, 29.0, 6.9, 730, 关于爱与性的一切，你全错了 
26844861, 22.6, 7.3, 111, 好想和你在一起 
1078017, 33.7, 7.9, 509, 我希望有人在什么地方等我 
4880885, 36.3, 7.6, 1241, 仓央嘉措 
25796204, 25.5, 6.8, 373, 想念，却不想见的人 
5414084, 45.8, 8.0, 4172, 智斗 
20282798, 17.1, 5.6, 246, 季凉川，爱了你这么多年Ⅱ 
3315827, 48.2, 7.8, 8852, 暮光之城·新月 
2066445, 40.5, 8.7, 685, 卿卿如晤 
26760391, 25.4, 7.7, 133, 冷眼观爱 
1157648, 36.8, 7.2, 2488, 东京塔 
7175251, 30.3, 7.5, 425, 念及她名 
1872465, 35.6, 8.4, 415, 那年，我们爱得闪闪发亮 
26826909, 11.3, 7.4, 10, 海德格尔与妻书 
1012203, 50.9, 7.6, 21600, 檞寄生 
7056649, 42.4, 8.6, 1049, 歧路 
1255321, 39.2, 8.1, 1097, 漫长的婚约 
26357036, 26.7, 8.1, 118, 恋爱中的波伏瓦 
1467138, 31.6, 9.2, 112, 寄在信封里的灵魂 
26641015, 21.9, 8.2, 47, 医生与我，恋君已是第七年 
3105174, 39.0, 7.7, 1820, 信封 
26877028, 16.7, 8.0, 21, 在慌乱的世界，不慌不忙地爱 
1020959, 51.9, 8.1, 10621, 斯普特尼克恋人 
26456842, 22.2, 9.5, 24, 我在这一秒，与你擦肩 
1069210, 33.3, 7.6, 682, 痴人之爱 
21327874, 31.4, 8.0, 302, 倾慕 
19963130, 33.5, 6.7, 2893, 蔡康永爱情短信 
3886010, 45.9, 8.1, 3644, 我爱问连岳Ⅲ 
1058234, 54.4, 7.7, 35259, 二三事 
4012252, 33.6, 7.1, 1472, 一路繁花相送 
11538355, 30.3, 6.9, 974, 我曾爱过你，想起就心酸 
26429949, 20.4, 8.5, 30, 原来，懂比爱更重要 
4895097, 32.4, 7.2, 983, 身将腐朽，其爱不渝 
21249031, 29.9, 8.6, 135, 灵性亲密关系 
26430432, 21.6, 8.4, 39, 当我们变理智，如何谈爱情 
1046172, 51.7, 8.4, 6438, 流金岁月 
26385621, 25.7, 7.3, 211, 恋爱课 
2004407, 54.5, 8.1, 16955, 后宫·甄嬛传Ⅰ 
20458893, 29.8, 7.4, 441, 画中情缘 
26713431, 27.4, 8.1, 134, 你不必讨全世界的欢心 
26776211, 28.4, 8.6, 105, 标本师 
26657920, 19.7, 8.1, 34, 法国人如何发明爱情 
26810815, 24.1, 8.9, 43, 我喜欢这世界，因为有你在 
24339872, 40.5, 7.8, 2087, 至此终年 
20515419, 30.9, 8.0, 273, 我的另一种人生 
6722956, 34.4, 7.9, 583, 十一味爱 
4774018, 43.6, 7.7, 4417, 鲸鱼女孩 池塘男孩 
5921737, 45.3, 8.7, 1492, 三生三世十里桃花2·緣之卷 
26586507, 13.7, 7.7, 14, 决战王妃3：真命天女 
26605901, 35.4, 9.0, 232, 楼市与爱情 
5302695, 43.6, 8.7, 1125, 七里香 
26383619, 22.4, 7.8, 68, 你是我疲惫生活里的温柔梦想 
5281331, 34.0, 7.7, 696, 再不相爱就老了 
3101457, 43.7, 7.5, 6251, 紫阳花日记 
6999545, 33.6, 8.1, 405, 男人的伎俩 女人的道行 
26930726, 25.9, 7.9, 120, 天空的城1 
25912914, 17.7, 8.3, 21, 情爱现象学 
3191328, 46.1, 6.7, 58261, 小时代1.0折纸时代 
26895963, 29.6, 9.6, 65, 一生有你 
26414520, 22.6, 7.6, 84, 迷宫中的恋人 
4256998, 30.3, 7.5, 430, 爱情心理学 
3315714, 40.3, 7.6, 2718, 陪你到最后 
26839404, 19.5, 8.5, 26, 认得清自己，付得起代价 
1464085, 41.8, 7.8, 2641, 柔福帝姬 
11588823, 33.6, 8.0, 454, 丝绸 
4159518, 36.8, 8.0, 806, 情人书 
3221766, 34.8, 8.9, 231, 當男孩遇見女孩 
1340832, 38.5, 8.1, 968, The Notebook 
25704797, 45.7, 8.0, 4036, 思念成城 
10483855, 32.0, 7.4, 686, 如果没有遇见你 
24716772, 30.0, 7.5, 402, Blue is the Warmest Color 
3073494, 44.9, 7.4, 9580, 人淡如菊 
26781270, 17.8, 7.4, 38, 忘川茶舍 
25729298, 28.0, 7.2, 383, 你是在恋爱，还是在发神经 
26658038, 25.8, 9.0, 53, 每一个故事的名字都叫晚安 
26797669, 23.5, 6.6, 312, 我的朋友陈白露小姐：金屋一梦 
26284829, 25.1, 6.6, 453, 你有没有见过他 
6120039, 52.4, 8.4, 7253, 曾许诺·殇 
1137147, 37.8, 8.4, 606, 致橡树 
26755527, 21.8, 6.9, 142, 不是每个故事都有结局 
26711232, 24.0, 8.7, 48, 世间始终你好 
4252085, 29.4, 7.4, 404, 依然美丽 
26672661, 24.7, 9.0, 45, 爱情不设限 
1420368, 48.8, 7.6, 14189, 裂锦 
1040589, 44.4, 8.6, 1443, 似水年华 
26423164, 26.9, 7.1, 347, 如果没有你 
26361806, 22.2, 7.4, 93, 若无相欠，怎会相见 
1058098, 32.7, 8.0, 385, 张小娴作品集 
2277795, 39.9, 7.6, 2519, 邮差 
26855761, 34.0, 8.6, 262, 匣心记1 
1143696, 43.9, 7.9, 3400, 永失我爱 
25917736, 23.8, 7.5, 117, 情种起源 
1020110, 20.6, 7.9, 45, 丘比特之箭 
2354969, 46.9, 8.2, 3725, 衣香鬓影 
3727329, 46.8, 7.3, 17194, 千山暮雪 
3546250, 40.5, 7.9, 1800, 寄居者 
5267345, 37.6, 8.1, 828, 最后的歌 
2339932, 28.8, 8.3, 144, 男人需要尊重 女人需要爱 
26574867, 22.5, 9.0, 32, 爱过就是一生一世 
3988842, 36.9, 7.8, 1062, 结婚十年 
26593331, 29.2, 7.4, 385, 在另一种生命里 
26580084, 44.7, 8.7, 1346, 烛烬 
26665494, 20.6, 8.2, 37, 如果你曾奋不顾身爱过一个人 
1455950, 38.8, 7.7, 1737, 你喜欢勃拉姆斯吗…… 
1947357, 34.0, 7.3, 1204, 比如，单身 
26899063, 11.7, 7.4, 11, 最好的爱都写在童话里 
3028009, 44.8, 7.2, 13756, 温暖的弦 
1777173, 42.3, 8.0, 2169, 最寒冷的冬天是旧金山的夏季 
6019809, 33.7, 7.8, 576, 我的名字叫回忆 
19928991, 22.8, 7.5, 95, 爱在长生不老时 
3333758, 41.6, 7.3, 5766, 大爱晚成 
6982202, 36.1, 7.6, 1186, 走吧，为了爱 
26845171, 17.1, 7.4, 33, 多年前，她曾闯入他的城 
1122285, 30.7, 8.3, 198, 李碧华经典作品集 
4874245, 36.0, 7.1, 2525, 后来我们都哭了 
26256209, 32.9, 8.4, 265, 蔷薇之名 
26557144, 21.3, 6.3, 273, 写给单身的你 
2735770, 35.0, 8.3, 418, 锦绣 
11443061, 40.2, 8.0, 1485, 别拿爱情说事儿 
10553822, 16.3, 4.7, 1646, Fifty Shades of Grey 
3364853, 47.4, 7.7, 9020, 月食 
26777044, 22.2, 7.5, 84, 重启人 
21792502, 30.0, 7.3, 515, 你可以爱我 
3289609, 40.4, 7.1, 6586, 这么远，那么近 
26653757, 24.8, 8.4, 67, 青青子衿 
26930732, 19.5, 7.5, 49, 天空的城2 
26359759, 36.2, 8.0, 720, 那些我们没谈过的事 
25735954, 26.9, 7.0, 397, 最美：唯有时间了解爱 
26342377, 22.1, 7.3, 100, 回首又见他 
1103569, 34.5, 8.9, 218, 从文家书 
26533562, 26.2, 7.2, 262, 不婚女王 
10765457, 28.7, 7.8, 223, 高潮 
4002363, 29.8, 7.2, 571, 拽丫头与校草同居 
6963561, 31.5, 8.5, 190, 借来的时间 
26844326, 16.8, 7.8, 24, 且以欢喜共余生 
1019009, 40.9, 8.1, 1482, 徐志摩诗 
1002013, 31.5, 7.5, 549, 曼特莱斯情人 
25943580, 17.3, 7.2, 40, 全球热恋 
3069229, 33.2, 7.0, 1603, 爱情是个冷笑话 
1886402, 44.8, 7.4, 9431, 如果这一秒，我没遇见你 
26108020, 20.8, 6.7, 141, 你若懂我，该有多好 
26369208, 25.6, 6.0, 1510, 那片星空，那片海 
6870233, 40.8, 9.2, 440, 我可能不會愛你原創劇本 
1423583, 29.2, 8.4, 142, 爱就是彼此珍惜 
6969203, 29.1, 6.8, 869, 我终于可以不再爱你了 
22763917, 23.6, 7.0, 188, 单身恋习题 
24736900, 44.2, 8.2, 2327, 千只鹤 
2226350, 31.2, 7.0, 1015, 甩啦，甩啦，甩了他 
26671076, 16.3, 7.7, 23, 让你的名字住进我的表白里 
6966293, 33.9, 8.7, 237, 爱情问题 
25789595, 28.2, 6.4, 1388, 寻找爱情的邹小姐 
26904433, 27.8, 9.3, 60, 醉玲珑 
3045175, 45.1, 8.0, 3652, 爱上了你 
26791574, 20.1, 8.6, 27, 再见，我思念如初的人 
26342310, 23.0, 8.2, 57, 只因单身在一起 
24877306, 31.0, 6.7, 1587, 被偷走的那五年 
3584141, 47.9, 8.1, 5164, 流水迢迢（全两册） 
5038466, 26.6, 6.6, 659, 明天在丽江一起醒来 
11511943, 21.5, 7.5, 74, 銀座媽媽桑教的，男人就是吃這套! 
24758483, 30.4, 8.3, 190, 漫长的告白 
3747984, 38.8, 8.0, 1150, 爱情的容量 
1043395, 36.5, 7.7, 1120, 亲吻与诉说 
1800714, 43.3, 9.0, 785, 东京80年代 
3829573, 27.7, 7.3, 324, 像女人一样行动 像男人一样思考 
26883479, 14.1, 7.7, 15, 《该不该在一起》 
4269890, 46.0, 8.5, 2148, 这些年，二哥哥很想你 
6059063, 34.4, 7.5, 964, 时光若有张不老的脸 
5397152, 39.2, 8.4, 766, 边缘少年 
1764915, 50.4, 8.3, 5953, I&#34;s 
4842735, 44.8, 8.4, 2001, 海妖 
1920037, 31.5, 9.1, 119, 珍妮的肖像 
4073606, 26.2, 8.6, 73, 为约会立界线 
26309151, 31.4, 7.4, 605, 昼颜 
3218402, 50.5, 8.2, 7018, 不负如来不负卿Ⅱ·大结局 
2246783, 40.1, 7.9, 1666, 张爱玲色戒 
26781642, 18.8, 7.5, 43, 抱歉，这么晚才找到你 
1009931, 43.4, 7.7, 4182, 潘金莲之前世今生 诱僧 
26658718, 21.3, 7.2, 92, 4天后，我爱了16年的姑娘就要结婚了 
4813438, 30.6, 8.0, 263, 祖先的爱情 
1444770, 33.0, 7.7, 566, 男人约会往北，女人约会往南 
6035273, 28.7, 7.2, 446, 我们之间的距离 
24714201, 46.5, 8.2, 3477, 长相思2 
25711205, 28.1, 6.4, 1353, 爱了就会活过来 
26416371, 25.1, 7.4, 169, 盛世华族梦 
25752975, 26.8, 8.5, 87, 佩里戈尔的媒人 
3335951, 44.2, 7.6, 5779, 我的波塞冬 
10863332, 23.5, 8.1, 66, 烈爱 
6800010, 23.1, 7.9, 72, 爱与被爱的艺术 
1796596, 47.0, 7.3, 17955, 左耳 
26617302, 23.2, 8.2, 59, 你是我最晴朗的客人 
3239048, 38.2, 7.2, 3376, 相亲以后 
1505936, 36.4, 8.4, 482, 鬼恋 
1010967, 39.4, 7.9, 1488, 我微笑，是为了你微笑 
6823882, 39.6, 8.5, 740, 亦筝笙 
26718234, 14.2, 6.9, 25, 最爱你的那座城，春暖花开 
6712214, 42.8, 7.9, 2773, 妳是我學生又怎樣 
26728849, 25.3, 7.8, 119, 我在时间尽头等你 
1210726, 39.6, 8.7, 598, 一封陌生女子的来信 
3671352, 42.0, 7.4, 5244, 嗨，我的男人 
26043805, 28.3, 7.5, 287, 你因灵魂被爱 
3158733, 43.0, 7.9, 2857, 在切瑟尔海滩上 
1999516, 20.4, 9.0, 23, 如何訓練你的男朋友 
4246979, 46.7, 8.1, 4190, 窄门 
26890721, 15.3, 7.9, 17, 在这浮华世界里，我只要刚刚好 
26673118, 24.1, 8.7, 49, 扶桑 
1981207, 29.7, 7.7, 305, 一个禅者眼中的男女 
6313955, 38.2, 7.3, 2841, 迷雾围城（全两册） 
2009825, 51.0, 7.6, 22179, 绾青丝Ⅰ 
1793132, 47.8, 7.5, 14207, 白马啸西风 
3420384, 39.6, 7.2, 4522, 告诉大雄我爱她 
26868339, 20.6, 8.9, 25, 世界上有千百种喜欢 
1194965, 30.6, 8.1, 238, 为什么真爱需要等待 
4874143, 29.8, 6.8, 1018, 藏地情书 
2056342, 30.2, 7.7, 336, 情爱论 
25697705, 30.6, 6.8, 1240, 我也会爱上别人的 
4249302, 38.4, 7.3, 2967, 我的名字，你的姓氏 
26612679, 29.0, 7.7, 263, 南方有乔木 
26828460, 22.5, 7.8, 70, 为你打开时间的门·完结篇 
3924481, 44.9, 7.9, 4119, 夜行歌（上下） 
26818999, 23.7, 7.1, 171, 镜中蔷薇 
26420667, 29.4, 7.7, 287, 原来你还在这里·插图纪念版 
26826402, 21.0, 7.9, 49, 满满都是我对你的爱（典藏版） 
1043201, 41.4, 6.8, 15030, 毕业那天我们一起失恋 
26522435, 30.2, 8.0, 242, 凝爱成珠.1 归来 
1871654, 23.4, 8.5, 49, 学习爱 
1187879, 22.0, 7.0, 133, 维奥莱特罗曼史 
1097055, 34.2, 8.2, 406, 滴泪痣 
2310605, 33.5, 7.4, 935, 暧昧纯友谊 
5408861, 33.0, 7.6, 641, 你走以后 
5245615, 41.0, 7.6, 3080, 江山为聘 
25928115, 22.9, 7.6, 90, 在所有的风景里，我最喜欢你 
25873615, 16.7, 6.3, 81, 养个闺女当媳妇儿 
1054744, 28.5, 8.4, 126, 亲吻神学 
20393130, 22.1, 7.1, 121, 爱情与其他发明 
26304535, 15.5, 5.4, 208, 好久不见，秦先生 
26812850, 13.5, 7.6, 14, 杜兰葛山庄 
26617181, 17.3, 7.4, 34, 逆光也是种向阳 
3069728, 42.9, 7.1, 11250, 良辰讵可待 
5376367, 39.4, 8.2, 1002, 相思长梦河 
25785796, 27.2, 7.0, 419, 既然爱情留不住 
2259223, 35.0, 8.5, 344, 玛戈王后 
6983604, 24.4, 7.1, 200, 假如这是真的 
1392588, 42.7, 8.0, 2358, 最后一颗子弹留给我 
26733304, 19.6, 7.8, 40, 在我失恋后最难过的那段时间里 
4919608, 39.4, 7.7, 1971, 改尽江山旧 
4240395, 35.2, 7.4, 1307, 复乐园 
4032621, 28.2, 6.7, 815, 恋爱厚黑学 
1458194, 49.2, 8.9, 2195, 相聚一刻（1） 
3284067, 47.3, 7.6, 10612, 佳期如梦之海上繁花 
24714640, 31.6, 7.0, 1127, 我站在桥上看风景 
26732962, 25.0, 8.2, 81, 姑娘，你是你自己，不同于任何 
2281912, 48.1, 7.7, 10468, 醉玲珑（上卷） 
4836690, 31.5, 7.4, 616, 十三封自杀告别信 
26800706, 14.1, 7.7, 15, 有多少痴情，只是因为不甘心 
25734788, 24.4, 7.8, 99, 九国夜雪·寻梦人 
5413931, 36.6, 7.5, 1498, 月亮说它忘记了 
26378333, 17.8, 6.6, 76, 婚礼之前，与你告别 
4218539, 42.1, 7.3, 6461, 落花时节又逢君 
3621144, 42.1, 7.3, 6501, 良言写意 
1055187, 45.9, 8.4, 2380, 我的前半生 
26806986, 23.2, 9.2, 32, 你的孤独，终有回响 
6795311, 31.4, 7.8, 373, 原来，你已不在 
20394637, 36.2, 6.9, 3713, 蚀心者 
1044934, 41.2, 8.0, 1794, 橙色女孩 
26289089, 20.1, 8.1, 36, 一万年太久，爱我，现在 
1029698, 37.2, 7.6, 1483, 英国情人 
25985785, 24.5, 5.7, 2124, 半暖时光 
2084797, 37.9, 7.8, 1272, 佛罗伦斯月光下 
4038426, 33.3, 7.4, 899, 小闲事 
26288798, 21.8, 7.5, 78, 你的温度，我的幸福 
26743436, 35.7, 7.8, 843, 忍冬 
1578609, 51.8, 8.9, 3292, 张爱玲作品集 
1086449, 37.7, 7.6, 1630, 男人的一半是女人 
25693207, 25.7, 8.1, 98, 婚姻心理学:婚姻是最好的修行 
2150811, 32.6, 7.8, 468, 你總有愛我的一天 
5972402, 34.3, 8.2, 414, 浓情巧克力 
1420339, 35.7, 8.0, 654, 博士的爱情算式 
1205419, 37.2, 8.2, 682, 初恋 
5353250, 32.3, 8.8, 169, One Day 
26301984, 37.2, 8.2, 684, 白色流淌一片 
1986775, 39.0, 8.7, 543, 丽质天生 
1038078, 31.4, 8.1, 274, 夏济安日记 
26287171, 24.2, 8.4, 60, 天意眷顾，我们终有一天会各得其所 
2044028, 33.1, 7.2, 1138, BJ单身日记 
1456597, 43.6, 7.5, 6167, 她的二三事 
19964286, 24.5, 7.8, 101, 我的秘密城堡 
1840759, 25.3, 7.3, 196, 我的一生 
4255002, 38.9, 7.6, 2072, 日光微澜 
25863253, 30.6, 7.6, 404, 起风了·菜穗子 
26662343, 25.8, 7.1, 270, 一粒红尘2 
26169505, 16.3, 7.5, 26, 我得过最重的病，是想你 
10574912, 40.5, 8.9, 559, 一个陌生女人的来信 
26746466, 16.8, 7.4, 31, 男人谈恋爱，谈的是什么 
1928490, 38.4, 7.9, 1226, 如果可以这样爱 
20507368, 30.8, 6.5, 2236, 了不起的盖茨比 
2220812, 47.3, 7.6, 10567, 木槿花西月锦绣1 
26603434, 34.7, 7.7, 791, 无心法师 第三卷 
25762319, 21.4, 9.0, 27, 强迫的爱 
26757320, 19.1, 7.0, 69, 恋爱心法 
7154686, 32.6, 7.5, 683, 花 
1441533, 31.6, 8.7, 164, 相爱的秘密 
1442620, 43.5, 7.4, 7171, 和空姐同居的日子 
2308036, 30.6, 8.8, 128, 玉台新咏 
25931861, 29.0, 6.5, 1399, 洗澡之后 
4137847, 34.0, 8.3, 349, 恋爱宝典 
1892491, 47.8, 7.8, 8222, 如果墙会说话 
4809782, 38.4, 7.1, 4248, 路从今夜白 
10484442, 34.1, 6.6, 4120, 爱你是最好的时光 
26878406, 14.9, 8.0, 15, 我们不知轻重地爱过 
4916719, 32.1, 9.6, 92, 辛夷坞暖伤青春合集-贺岁典藏版 
26584371, 23.8, 6.5, 386, 爱是一种微妙的滋养 
1290034, 35.4, 7.6, 1029, 世界在你不知道的地方运转 
11524189, 31.3, 8.4, 203, 在爱情中我们寻找什么 
1425007, 30.9, 8.1, 248, 玛卓的爱情 
26394804, 24.2, 8.6, 53, 死亡约定 
3829004, 44.5, 8.3, 2161, 明月照人来 
25973692, 20.9, 6.9, 116, 我若不曾爱过你 
3172507, 37.1, 7.6, 1447, 小半生 
5906613, 27.1, 7.5, 226, 温暖躯壳 
6854620, 28.1, 7.3, 350, 你曾住在我心上（全2册） 
26265743, 24.2, 8.6, 53, 蒲公英女孩 
10799782, 25.9, 7.8, 132, 魅力何来 
2071122, 36.8, 8.4, 511, 与青春有关的日子 
26430284, 27.9, 7.9, 176, 星之声 
1092558, 34.9, 8.0, 572, 少年维特的烦恼 亲合力 
20513018, 23.4, 7.0, 180, 错身而过的街道 
24749787, 25.0, 9.0, 47, 新娘船 
25805027, 27.0, 7.8, 162, 性学三论与爱情心理学 
4311471, 40.8, 8.3, 1126, 门 
1868623, 42.4, 8.4, 1330, 在黑暗中等待 
26590015, 24.3, 8.7, 50, 天亮之后 就会很美 
26319756, 24.9, 8.8, 52, 我从不柔软，直到你来到我身边 
1261446, 35.0, 7.3, 1458, 樱花树下 
26425611, 23.7, 7.3, 140, Modern Romance 
1085168, 33.9, 8.9, 200, 青铜骑士 
25794737, 25.1, 7.4, 168, 彬彬有礼地离开吧，不要和地球人谈恋爱 
11511201, 25.5, 7.9, 112, 印度，总有人在那里等你去寻找 
26756561, 30.5, 9.1, 102, 小谎言 
26849843, 23.6, 8.6, 48, 你所甘于的平凡，其实是平庸 
26593037, 31.5, 7.9, 341, 苏丝黄的世界 
26615541, 12.7, 7.0, 17, 从此余笙没有你 
1036067, 40.5, 6.6, 19674, 那小子真帅 
10583078, 27.0, 7.4, 248, 等待卡帕 
1040096, 29.0, 7.5, 332, 天生情人16种 
3525046, 38.6, 7.4, 2619, 飞往巴黎的末班机 
25927528, 32.9, 8.0, 398, 善男信女 
26723335, 16.0, 7.2, 30, 错过世界遇到你 
25975558, 20.0, 7.0, 85, 一个人的义无反顾 
26296033, 19.1, 7.1, 64, 一念情起 
1072368, 38.0, 7.5, 2000, 我爱比尔 
25783993, 20.5, 7.0, 95, 离凰 
1004538, 25.8, 6.9, 356, 调情的艺术 
25986323, 21.0, 7.1, 97, 那些曾让你哭过的事，总有一天会笑着说出来 
4931702, 31.6, 6.7, 1860, 女人不狠,地位不稳 
25783996, 27.0, 8.4, 97, 想爱你到老 
2982262, 27.7, 9.5, 52, 致廷光書-唐君毅全集卷二十五 
1420863, 36.4, 8.2, 593, 沉香屑--第一炉香(纸上电影) 
2078219, 52.5, 8.0, 14006, 且试天下1 
20385070, 26.2, 7.2, 263, 只怕不再遇上 
1322066, 45.4, 7.6, 7328, 吃南瓜的人 
6719658, 33.3, 6.5, 4174, 谋杀似水年华 
2138017, 33.7, 8.0, 460, 与二哥书 
26326479, 15.0, 4.7, 923, 五十度灰 
25869090, 26.9, 7.8, 159, 完美妻子 
25874848, 19.7, 7.3, 60, 愿你已放下，常驻光阴中 
20412043, 18.0, 5.6, 329, 格雷的五十道陰影II：束縛 
2060432, 39.2, 7.1, 5072, 红颜露水 
3065698, 40.3, 7.3, 4425, 白昼的星光 
3413211, 38.6, 7.3, 3086, 花开半夏 
19941238, 29.5, 8.4, 149, 预备成为帮助者 
4875731, 29.7, 7.5, 380, 边旅行边恋爱 
3872378, 42.0, 8.0, 2080, 青城 
26751840, 14.1, 8.0, 13, 愛的進化論 
2119444, 41.1, 8.2, 1351, 当时已惘然 
4849493, 38.1, 7.6, 1739, 在寂与寞的川流上 
2069604, 36.9, 7.4, 1860, 成全了自己的碧海蓝天 
26713251, 14.6, 6.2, 52, 爱情数学 
26787731, 24.5, 8.1, 79, 青春制暖 
4146280, 42.1, 8.1, 1826, 暮光之城-豪华珍藏版 
2058783, 33.6, 8.2, 363, 不分 
20388503, 21.9, 7.1, 117, 闺蜜的战争 
1048353, 30.1, 8.7, 129, 科莱利上尉的曼陀铃 
24524403, 31.5, 6.5, 2624, 晨昏 
26219396, 22.0, 7.5, 81, 不打扰是我的温柔 
4255001, 28.9, 7.1, 531, 再不相爱就老了 
26733292, 19.1, 7.7, 39, 当我们从路人变成爱人 
26107430, 20.4, 6.0, 336, 夏有乔木 雅望天堂3 
26765476, 19.5, 7.9, 37, 姑娘，你比星星还耀眼 
