Tag: 生活 

ID, Score, Rating, Votes, Title 
1082154, 77.2, 9.1, 119775, 活着 
26819477, 41.8, 9.0, 625, 东京本屋 
26893033, 33.7, 8.5, 274, 把小日子收进手帐里 
26892222, 30.4, 8.2, 207, 生活的哲学 
26883447, 34.0, 9.4, 138, 在人群中消失的日子 
26882320, 34.4, 9.0, 200, 嗨，好久不见 
26382433, 59.0, 8.2, 31544, 无声告白 
26775466, 41.6, 8.5, 1018, 小家，越住越大 
26340138, 56.1, 7.7, 48856, 岛上书店 
26733854, 40.4, 8.7, 678, 明天也是小春日和 
1032501, 57.8, 8.7, 11250, 心理学与生活 
26899220, 30.8, 9.1, 107, 生活，是很好玩的 
23008971, 59.2, 9.0, 8967, 平如美棠 
26825522, 31.4, 9.0, 126, 生活三部曲：生活的样子 
26897699, 32.3, 8.8, 169, 极简 
26278687, 54.4, 7.8, 28749, 皮囊 
26757657, 35.7, 8.2, 528, 望春风 
3369600, 59.6, 8.1, 41865, 当我谈跑步时我谈些什么 
26848146, 32.9, 7.8, 495, 民国太太的厨房 
26935001, 34.0, 9.4, 138, 豆瓣电影生活日历 
26877306, 31.5, 8.6, 175, 微习惯 
25717097, 50.5, 8.7, 3472, 囚徒健身 
2340100, 60.8, 8.1, 52197, 遇见未知的自己 
10747883, 49.5, 8.0, 8095, 怦然心动的人生整理魔法 
1227844, 52.4, 8.8, 4097, 雅舍谈吃 
26770722, 29.6, 8.2, 180, 一个人的面包屑生活 
3261600, 58.6, 9.3, 5568, 人生的智慧 
1692648, 56.2, 8.9, 6540, 一个人的村庄 
26802388, 34.4, 7.6, 845, 自在独行 
26895254, 31.9, 9.1, 125, 雪中的印记 
3026879, 59.8, 8.8, 13277, 爱的艺术 
26658841, 32.4, 8.6, 204, 走进建筑师的家 
26363926, 36.6, 8.6, 402, 何为良好生活 
26831788, 38.5, 8.0, 1101, 旅行与读书 
4881850, 56.4, 9.0, 5879, 阿勒泰的角落 
1056461, 55.7, 8.3, 14838, 旅行的艺术 
1346815, 61.5, 8.4, 33771, 一個人住第5年 
25984204, 52.3, 7.6, 28611, 乖，摸摸头 
24749465, 47.0, 7.5, 12145, 断舍离 
26801234, 31.8, 7.9, 363, 我二十九岁的夏天 
26796558, 40.0, 8.8, 572, 走来走去 
26801361, 35.3, 9.2, 195, 鹿苑长春 
26849123, 32.0, 9.1, 128, 厚积落叶听雨声 
4146756, 47.1, 8.5, 2570, 浮生取义 
3318174, 44.6, 8.3, 2202, 这书能让你戒烟 
4714015, 54.1, 9.0, 4129, 万物既伟大又渺小 
3070464, 22.1, 8.4, 42, 日本料理神髓 
3014576, 62.6, 8.4, 40610, 陪安东尼度过漫长岁月 
25858712, 37.6, 8.5, 531, 这样装修不后悔（插图修订版） 
26821757, 35.2, 8.4, 392, 他们说，我是幸运的 
7067916, 45.7, 9.3, 835, 施瓦辛格健身全书 
1444900, 46.7, 8.7, 1865, 爱的五种语言 
25913413, 41.8, 8.2, 1518, 四季便当 
25747921, 52.3, 7.2, 67809, 从你的全世界路过 
26272073, 40.1, 8.1, 1278, 一生里的某一刻 
26674136, 29.8, 7.9, 248, 京都手艺人 
26919685, 18.8, 8.5, 23, 365日 
26882312, 25.0, 9.2, 42, 我有一切的美妙 
1007196, 47.0, 8.5, 2514, 闲情偶寄 
2008284, 58.8, 8.7, 13120, 佐贺的超级阿嬷 
5317075, 50.5, 7.2, 46237, 蔡康永的说话之道 
25858068, 40.6, 7.6, 2884, 100个基本 
5410174, 48.4, 9.1, 1522, 万物刹那又永恒 
26648290, 31.5, 9.0, 127, 酸痛拉筋解剖书 
26819850, 26.1, 8.5, 78, 世界咖啡地图 
26834939, 27.4, 9.0, 68, 生活三部曲：美好的生活 
1033248, 49.9, 8.9, 2423, 幸福之路 
26781744, 30.8, 7.2, 699, 台北女孩看大陆 
26865490, 27.8, 8.7, 88, 明日的便当 
2240482, 50.2, 8.0, 9252, 走到人生边上 
26904196, 24.5, 9.5, 33, 愿你不必取悦任何人 
20507206, 52.7, 9.1, 2952, 众病之王 
4251473, 46.6, 8.6, 2068, 手绘的奇思妙想 
26665498, 35.9, 7.5, 1310, 生命中最简单又最困难的事 
26782113, 31.6, 7.4, 632, 筑巢记 
4884761, 25.0, 7.9, 102, 旅行的所在 
26914080, 28.0, 9.7, 49, 咖啡咖啡处处开 
26672581, 32.0, 7.3, 780, 嘿，三十岁 
25900802, 35.1, 7.6, 969, 我在底层的生活 
26387640, 41.7, 8.2, 1495, 忧伤的时候，到厨房去 
26756565, 29.4, 8.6, 124, 一加一 
26606389, 40.4, 7.4, 3778, 白说 
26359758, 42.2, 7.9, 2468, 硬派健身 
6425061, 52.9, 8.6, 5830, 哲学家们都干了些什么？ 
25849892, 39.3, 8.8, 508, 人间滋味 
4246151, 46.8, 8.0, 4974, 厨房里的人类学家 
3376635, 40.8, 8.6, 803, 咖啡品鉴大全 
26844348, 32.9, 6.6, 3047, 好吗好的 
1012401, 31.6, 8.5, 193, 蓝色笔记本 
26844959, 29.6, 8.3, 164, 学会花钱 
26826899, 25.0, 9.1, 44, 走进世界最美的家 
26745200, 26.6, 7.3, 253, 我的衣橱故事 
26681392, 32.0, 8.1, 304, 去山里盖座小屋吧 
5913475, 42.1, 8.2, 1615, 高难度谈话 
1288925, 48.5, 8.8, 2216, 五味 
3682204, 45.5, 7.6, 7491, 佐藤可士和的超整理术 
25793667, 42.1, 8.2, 1616, 植物知道生命的答案 
1929825, 45.4, 9.3, 797, 农民进城防骗手册 
25799716, 40.4, 8.6, 757, 一日一花 
24875416, 44.6, 8.3, 2176, 生命最后的读书会 
26337198, 39.9, 8.8, 563, 多多，爸爸一直在这儿 
4934733, 41.6, 8.3, 1314, 真实的幸福 
20389195, 43.5, 7.4, 7242, 慢慢来，一切都来得及 
26797271, 36.9, 8.8, 350, Lens·目客004·猫：懒得理你 
26413835, 37.5, 8.2, 720, 匠人 
25912887, 35.3, 6.8, 3662, 练习一个人 
4212607, 46.6, 7.6, 9234, 有味 
1013369, 43.2, 7.7, 4058, 格调 
26814859, 31.0, 8.2, 232, 独立日：日出之食 
14267490, 33.2, 9.3, 132, 厨神的家常菜 
1050566, 48.2, 8.0, 6382, 一地鸡毛 
26303520, 37.7, 9.0, 328, 婚姻的意义 
26878858, 25.0, 8.5, 64, 恋爱心理学：愿你被男人温柔相待 
26849731, 31.7, 8.1, 286, 看了高兴的爱情故事 
26905289, 22.7, 8.6, 41, 掌中花园 
6387054, 53.7, 8.6, 6681, 一个人住的每一天 
25870967, 36.2, 8.3, 517, 时蔬小话 
2374070, 35.9, 9.0, 251, 夫妻双修功 
24934182, 56.2, 8.1, 22712, 一个人的朝圣 
11614293, 46.1, 7.5, 10082, 人生需要揭穿 
26171593, 37.3, 7.5, 1726, 今天也要用心过生活 
26898505, 21.9, 9.0, 29, 奢侈的滋味 
26921283, 29.9, 9.8, 60, 惜君如常 
25731506, 42.5, 8.0, 2249, 乱时候，穷时候 
4908957, 39.1, 7.5, 2470, 我的100件时尚单品 
4121562, 45.9, 7.9, 4896, 吃的真相 
26925068, 33.2, 9.7, 101, 不敢不乐 
10440130, 49.9, 8.8, 2762, 家庭日记 
26586771, 32.2, 7.4, 711, 神奇手账 
4780102, 54.4, 8.4, 10125, 一个人住第9年 
26325928, 41.4, 8.4, 1108, 人在纽约 
1262986, 51.2, 8.1, 9298, 我不是教你诈 
26371292, 40.0, 8.1, 1271, 不在他方 
26878090, 17.4, 8.3, 20, 以父之名 
26235467, 33.8, 7.5, 869, 你不懂咖啡 
26905389, 35.4, 8.5, 365, 人生所有经过的路，都是必经之路 
26914156, 18.5, 8.1, 27, 你不努力，就别怪世界残酷 
5341225, 40.6, 8.3, 1099, MUJI 無印良品 
26761470, 21.7, 8.3, 42, 唯有香如故 
2301475, 41.6, 8.4, 1157, 人间食粮 
26349261, 43.1, 8.3, 1690, 孤儿列车 
26258977, 35.7, 8.8, 288, 四季花传书 
26896875, 28.5, 9.2, 70, 极简整理术 
26840552, 25.4, 8.1, 94, 西瓜的香气 
10739290, 45.8, 7.9, 4862, 30岁前别结婚 
26850083, 23.3, 8.3, 56, 致命药瘾 
26830671, 25.8, 8.2, 92, 愿你出走半生，归来仍是少年 
26584387, 38.9, 7.7, 1766, 一个人的朝圣2 
26599283, 35.9, 8.2, 547, 梅子青时 
26835061, 29.3, 8.8, 104, 扫把的旅行手账 
1253310, 52.6, 8.9, 3720, 人间草木 
1075538, 52.9, 8.2, 10724, 普罗旺斯的一年 
26362975, 35.4, 8.0, 628, 藏在这世间的美好 
20389192, 40.4, 7.2, 5435, 30岁前的每一天 
26775628, 28.2, 7.5, 279, 好好地吃一朵西蓝花 
11588627, 43.8, 7.9, 3331, 无非求碗热汤喝 
1101921, 44.4, 8.7, 1290, 定本育儿百科 
11542577, 45.1, 8.6, 1622, 天生就会跑 
10553189, 41.6, 8.6, 920, 传家 
25732461, 35.5, 7.9, 720, 住宅设计解剖书 
26373220, 30.6, 9.0, 111, 西尔斯健康育儿百科 
6781486, 37.0, 8.2, 655, 趣味生活简史 
26757192, 20.7, 9.1, 23, 简简单单做面包 
26739700, 28.4, 8.4, 124, 食光深处的温暖 
24307336, 36.3, 7.5, 1416, 跟巴黎名媛学到的事 
26775414, 31.3, 8.9, 134, 茶，汤和好天气 
26703717, 25.3, 8.0, 100, 我決定簡單的生活 
26775412, 31.4, 8.9, 136, 最朴素的生活和最遥远的梦想 
26853572, 26.8, 7.9, 143, 理想家：2025 
26108383, 31.6, 6.9, 1329, 人生永远没有太晚的开始 
2070807, 42.7, 8.5, 1228, 懂得爱 
11636270, 30.1, 8.4, 165, 最简单的小户型收纳整理术 
26357269, 34.0, 7.2, 1378, 京都山居生活 
26771603, 31.5, 8.2, 251, 英雄的食材和神做法 
26693418, 37.8, 7.5, 1906, 按自己的意愿过一生 
26578484, 31.8, 7.3, 756, 世界上有趣的事太多 
26728018, 29.1, 6.7, 1032, 你所谓的稳定，不过是在浪费生命 
25843908, 36.7, 7.7, 1160, 怦然心动的人生整理魔法2 
26841391, 30.2, 7.6, 371, 把你交给时间 
25843055, 34.8, 9.1, 195, 花花朵朵坛坛罐罐 
5940434, 50.2, 8.3, 5750, 一个人的美食之旅 
26802430, 24.0, 8.3, 63, 诚实的手艺 
25963932, 34.3, 8.0, 510, 女孩像你 
26832895, 27.2, 9.1, 62, 生活三部曲：生活的意味 
26628313, 34.4, 8.3, 374, 柴犬绅士 
26387817, 28.5, 8.3, 136, 核心基础运动 
25833051, 29.8, 8.6, 132, 幸福的婚姻 
26827019, 21.8, 7.5, 79, 旅之良品 
25724107, 29.1, 8.8, 102, 家事的撫慰（上冊） 
1799984, 45.2, 8.6, 1651, 家庭收纳1000例 
25858916, 42.0, 8.3, 1391, 感谢自己的不完美 
3316422, 56.9, 8.9, 7263, 猫国物语 
6513841, 34.2, 8.6, 274, LIFE家庭味 
26901529, 22.2, 9.3, 26, 怎样观察一棵树 
11620497, 37.9, 8.2, 777, 简单的艺术 
26409799, 33.4, 7.4, 909, 独立日：用一间书房抵抗全世界 
1436707, 43.0, 7.6, 4634, 如何掌控自己的时间和生活 
25921388, 32.5, 8.4, 248, 大自然笔记 
3711733, 50.3, 8.6, 3785, 那个姐姐教我们的事 
4177120, 44.2, 8.7, 1249, 西尔斯亲密育儿百科 
26831768, 27.4, 9.3, 56, 人生有信 
1095634, 55.3, 8.7, 7454, 小狗钱钱 
26741879, 30.5, 8.1, 232, 诗经：越古老，越美好 
26785986, 29.4, 8.3, 159, 食帖09：了不起的面包 
4229525, 37.4, 7.4, 2047, 筆記女王的手帳活用術 
5411583, 34.4, 8.6, 279, 中国居民膳食指南 
2307720, 44.2, 8.2, 2342, 幸福的方法 
4746128, 42.2, 7.7, 3340, 家 
4214860, 31.4, 7.3, 700, 绅士生活 
2036993, 45.4, 8.1, 3315, 幸福的建筑 
5344908, 40.4, 8.0, 1557, 别独自用餐 
26722322, 28.6, 8.7, 101, 我的时尚厨房 
26761291, 36.0, 9.0, 255, 人间草木 
26538428, 31.9, 7.6, 517, 造物有灵且美 
26796536, 27.8, 9.4, 56, 身体从未忘记 
4189446, 45.1, 8.8, 1279, 跟着君之学烘焙 
25870117, 29.1, 8.8, 102, 木工全书 
6709834, 51.1, 8.4, 5740, 爸爸爱喜禾 
3759806, 47.6, 8.4, 3191, 西藏一年 
26747208, 36.3, 8.2, 586, 优秀的绵羊 
6114393, 49.1, 8.1, 6380, 大家都有病 
26813986, 25.7, 8.0, 107, 如果可以这样做农民 
1015123, 48.3, 8.7, 2429, 生存手册 
1396959, 32.4, 8.2, 295, 化妆品好坏知多少 
26377479, 31.3, 8.1, 267, 素食,跑步,修行 
25827812, 35.6, 7.5, 1239, 我这个普通人的生活 
26416401, 39.1, 7.4, 2944, 我敢在你怀里孤独 
26348121, 33.8, 8.4, 306, 由内向外看世界 
26889630, 25.8, 8.6, 69, 对这个残酷的世界说情话 
10554464, 42.7, 8.2, 1797, 去他的巴西 
26911258, 15.6, 7.8, 19, 食帖13：腐的品格!初心者的发酵料理书 
24714245, 35.5, 7.8, 807, 看得开,放得下,才是人生 
10570587, 42.1, 7.4, 5381, 就想开间小小咖啡馆 
19899834, 38.9, 7.2, 3917, 只愿你曾被这世界温柔相待 
26685539, 36.7, 8.1, 696, 有鹿来 
2282081, 43.5, 8.0, 2725, 香港味道1 
25763528, 36.6, 8.1, 689, 植物学家的锅略大于银河系 
26108007, 34.5, 7.8, 673, 我已经结婚了  我心情还不好 
26775415, 26.7, 9.2, 54, 到山中去 
26312476, 32.3, 7.5, 643, 你的身体，是一切美好的开始 
26580165, 28.4, 8.0, 174, 这世界，只是一个食堂 
6794016, 43.5, 7.5, 6011, 如何成为一个怪物 
25849895, 38.9, 8.8, 477, 人间草木 
20272112, 43.1, 8.2, 1928, 欢喜 
25908552, 35.3, 7.5, 1175, 上瘾五百年 
25845203, 41.3, 8.6, 877, 五岁熊孩子教我的事 
25827271, 31.5, 7.4, 625, 吃早餐，彻底改变了我 
10678825, 41.9, 8.4, 1223, 小白素食记录 
25855770, 31.2, 8.1, 263, 就因為「沒時間」，才什麼都能辦到 
20433605, 39.2, 7.8, 1620, 因自由而美丽 
26717862, 27.3, 8.8, 76, 让教育回归美好生活 
5914563, 41.0, 8.1, 1501, 边走边啃腌萝卜 
25933841, 37.4, 7.2, 2863, 蔡康永的说话之道2 
25958461, 31.1, 6.5, 2392, 一人食 
26681333, 30.9, 7.4, 544, 日日100 
26576605, 26.0, 6.1, 1377, 这么慢，那么美 
26934539, 29.8, 9.8, 59, 长大后的世界 
26805083, 33.9, 9.5, 126, 心理治疗之路 
2280027, 42.1, 7.6, 3816, 自杀俱乐部 
26879195, 25.6, 8.4, 76, 食帖12：厨房，治愈人生的避难所 
26394204, 32.4, 8.4, 242, 爱情故事 
11628722, 31.2, 9.3, 98, Building Stories 
25660015, 35.1, 6.9, 2895, 以自己喜欢的方式过一生 
10520093, 23.9, 7.4, 131, 型男日志 
1101447, 39.1, 7.7, 1838, 不要用爱控制我 
26851858, 20.9, 8.7, 29, 画的力量 
26782151, 28.2, 7.8, 206, 黄小厨的美好日常 
5068077, 37.2, 8.3, 609, 拉伸 
4832482, 30.7, 7.9, 297, 真实的颜色 
4746130, 41.4, 7.8, 2453, 家 
26609131, 24.6, 9.0, 44, 簡單‧豐盛‧美好 
2068249, 58.0, 9.0, 7463, 温柔的夜 
25913147, 31.3, 7.7, 409, 因为深爱，所以放手 
6890672, 40.5, 8.7, 692, 这一生，至少当一次傻瓜 
26845423, 22.4, 9.3, 27, 十二幅画 
25885921, 30.5, 7.5, 444, 摩托车修理店的未来工作哲学 
5286675, 33.5, 7.2, 1238, 我的风格小黑皮书 
26693234, 30.9, 8.5, 172, 心有欢喜过生活 
24754720, 38.2, 6.9, 5881, 我的朋友陈白露小姐 
5321843, 36.3, 6.5, 8654, 假装的艺术 
20549889, 30.7, 7.0, 919, 厨房里的哲学家 
3181927, 47.1, 7.6, 10283, 大便书 
1273759, 44.4, 8.2, 2413, 人在欧洲 
1357843, 41.4, 9.1, 526, Cui cui 
25777461, 38.2, 8.4, 646, 日日是好日：茶道带来的十五种幸福 
26841146, 40.7, 8.3, 1123, 人间乐 
26838713, 20.7, 9.0, 24, 告别节食时代 
26798371, 12.0, 7.5, 11, 冬天的故事 
1878708, 56.3, 8.3, 16473, LA流浪记 
5976521, 31.5, 8.1, 275, 女醫師教你真正愉悅的性愛 
25747597, 35.3, 7.5, 1158, 不能不去爱的两件事 
1440885, 46.9, 8.0, 5018, 人体使用手册 
26844050, 19.4, 8.2, 30, 器物帖 
25945941, 33.1, 7.1, 1347, 日和手帖001：我们终究是一个人 
26755786, 25.1, 8.1, 89, 耕食生活 
25837146, 35.7, 7.3, 1686, 倾我所有去生活 
26907493, 15.5, 8.1, 16, 种满院植物，安守四季阳光 
26894664, 20.3, 8.6, 28, 看脸 
4249967, 39.7, 8.1, 1196, 财务自由之路 
26910938, 28.5, 9.5, 59, 让经济学回归常识 
26806660, 30.8, 8.7, 143, 一夫食堂 
26744946, 22.4, 8.9, 33, 英国皇家园艺学会植物学指南 
26266562, 28.3, 7.6, 257, 所念人，所感事 
26838609, 29.8, 8.7, 123, 猫山狗海，穿越人间 
26593188, 29.1, 8.9, 95, 一日一果 
26721353, 27.3, 8.1, 132, 遇见怦然心动的小书店 
3884424, 30.4, 8.9, 115, 料理圖鑑 
26740257, 28.5, 8.0, 179, 内在革命：一本关于成长的书 
4260576, 43.7, 7.4, 7541, 有些事现在不做，一辈子都不会做了 
26789264, 29.6, 7.4, 417, 极简生活：简而美地活 
4086725, 35.5, 7.3, 1628, 不持有的生活 
26849278, 23.4, 7.7, 90, 你的善良必须有点锋芒 
26801831, 34.3, 7.3, 1276, 在宇宙间不易被风吹散 
26825931, 27.2, 9.1, 62, 一曲终了 
1151386, 37.1, 8.4, 541, 怀孕圣经（最终定本） 
1057601, 44.2, 7.8, 4193, 半饱 
26682087, 29.9, 7.2, 585, 借山而居 
26844382, 22.5, 8.3, 48, 和这本书一样安静 
26285423, 29.0, 8.2, 162, 亲密关系的秘密 
2209227, 43.6, 8.3, 1839, 一个孤独漫步者的遐想 
26852275, 37.8, 8.7, 447, 好妈妈胜过好老师2:自由的孩子最自觉 
26857129, 23.5, 7.9, 77, 把日子过成诗 
26782781, 31.1, 7.7, 393, 不必交谈的时刻 
6079823, 34.3, 8.1, 457, 物尽其用 
26319654, 22.4, 7.4, 96, 护肤品全解码 100款超人气护肤品成分大检阅 
26388428, 26.6, 8.0, 126, 匠人 
10794605, 28.8, 7.8, 230, 超级恋爱催眠术 
2000641, 47.8, 8.2, 4354, 求医不如求己 
25750714, 37.9, 7.7, 1468, 爱上跑步的13周 
6902934, 35.9, 9.3, 196, 学徒面包师 
4816212, 38.3, 7.4, 2474, 真希望我20几岁就知道的事 
1108590, 21.6, 8.8, 31, 周恩来邓颖超通信选集 
2252637, 33.5, 8.0, 443, 诱惑的艺术 
26253714, 30.8, 7.9, 298, 在西伯利亚森林中 
1764940, 38.2, 8.3, 726, 爱是一种选择 
26894809, 17.1, 8.3, 19, 家有小苗初长成 
26688691, 30.0, 8.3, 176, 美物抵心 
24528199, 30.2, 7.9, 267, 恋爱从失恋开始 
26851707, 25.3, 7.9, 109, 等一朵花开 
1676582, 16.2, 8.0, 19, 猫头鹰的咖啡馆 
26413830, 25.7, 7.2, 239, 这辈子活得热气腾腾 
26902122, 24.3, 9.1, 40, 卖晾衣杆的小贩为何不会倒：懂点会计很有必要 
10441244, 32.9, 6.8, 2089, 整理的艺术 
1415311, 41.3, 8.1, 1591, 美食家 
1987453, 44.6, 7.9, 3887, 人生不过如此 
26741843, 29.9, 9.1, 93, 你不懂葡萄酒 
4910688, 25.7, 8.1, 99, 超级名模教你show出明星腿 
1018426, 28.2, 9.0, 77, 服装缝制图解大全 
26548374, 30.2, 7.0, 813, 好物100 
4904074, 43.3, 8.3, 1757, 塔莎奶奶的美好生活1－跟着感觉走就对了 
6731566, 48.2, 8.6, 2705, 一个人去跑步 
3374562, 35.7, 8.5, 382, 营养圣经 
2257188, 45.5, 7.6, 7528, 致女儿书 
25935075, 39.5, 8.1, 1150, 文·堺雅人：健康的日子 
10481061, 35.1, 7.8, 751, 小&#34;食&#34;光 
10439099, 38.3, 9.0, 361, 旅之绘本（全六册） 
3133917, 28.9, 8.8, 99, 男人不屌女人不High 
25892661, 27.6, 6.9, 530, 就想开间自己的小店 
26904716, 23.1, 9.6, 26, 跑到最后是飞翔：我的跑步生活 
6957796, 35.8, 8.4, 434, 爱得太多的女人 
10437353, 39.9, 8.1, 1248, 我想遇见你的人生 
26825896, 13.7, 8.2, 11, 自给自足生活简明指南 
1026317, 47.8, 7.7, 9830, 可爱的骨头 
26266672, 27.3, 7.3, 298, 你以为没有的，可能在来的路上 
2381093, 40.8, 7.4, 4145, 一辈子做女孩 
1344535, 30.8, 8.4, 184, 搞定男人 
24878414, 34.6, 8.3, 389, 少有人看见的美 
26775411, 23.2, 8.6, 45, 祝，一切安好 
24083865, 41.2, 7.7, 2783, 女人明白要趁早之三观易碎 
26656018, 36.8, 9.1, 264, 那些年，我们一起追的球星 
24827456, 43.6, 8.6, 1277, 万箭穿心 
11627774, 38.8, 8.2, 907, 贪食纪 
6510522, 38.0, 7.0, 4660, 分开旅行 
2258803, 52.0, 8.3, 7786, 一個人去旅行 
26720709, 21.2, 7.0, 111, 恋物物语 
26722320, 21.5, 7.9, 54, 感知艺术 
10739339, 28.4, 7.9, 194, 北欧风格小屋 
6061658, 36.3, 8.7, 347, 幸福超越完美 
26894476, 29.2, 9.6, 61, 华人育儿百科 
6064406, 26.8, 8.6, 81, 配色美人 
26692621, 23.9, 7.2, 163, 猫可以作证 
1607478, 41.5, 8.3, 1280, 巴黎伦敦落魄记 
26615680, 29.0, 8.5, 126, 暖暖的女人不生病 
2222030, 39.1, 8.0, 1214, 生活中的经济学 
26745354, 19.5, 8.9, 21, 轻健身 
2310529, 34.1, 8.8, 226, 遵生八笺 
25807523, 32.4, 7.3, 860, 唯爱与美食不可辜负 
6735972, 42.1, 8.2, 1604, 兔子什么都知道 
25752046, 37.6, 8.1, 828, 心如钢铁地追求幸福 
6751045, 34.6, 8.2, 429, Wabi-Sabi 
1049016, 40.6, 8.7, 703, 戴眼镜的女孩 
4156058, 32.7, 9.4, 114, Mastering the Art of French Cooking 
20507377, 28.3, 8.1, 156, 永恆如新的日常設計 
26383741, 32.5, 8.5, 227, 和妈妈如影随形的日子 
20172597, 25.7, 7.7, 141, 优雅与质感 
5914556, 37.2, 7.6, 1470, 台湾味道 
5914555, 37.6, 8.0, 932, 暴食江湖 
6844359, 33.3, 8.2, 346, 绿光往事 
1879497, 37.1, 8.5, 485, 新家庭如何塑造人 
19925567, 31.0, 6.7, 1615, 过日子要有技术含量 
26284233, 29.8, 6.6, 1440, 鬼水瓶录 
6722886, 28.4, 7.1, 479, 设计准则 
3566473, 19.4, 8.4, 27, 《木工DIY傢具》 
4605558, 35.2, 7.9, 683, 布鲁克林 
26862433, 28.8, 8.7, 104, 不为我们改变的世界 
2974903, 44.0, 8.1, 2562, 香港味道2 
5336293, 27.3, 7.0, 436, 风格白痴 
26919061, 27.2, 7.6, 206, 晚安·夜风相伴 
25774772, 38.3, 8.5, 593, 做饭 
26879048, 24.2, 9.1, 39, 京料理 
26921021, 29.5, 9.6, 64, 一辈子很长，要和有趣的人在一起 
3224456, 43.1, 7.7, 3965, 少有人走的路Ⅱ 
1485694, 32.2, 7.7, 489, 雅致生活 
2074851, 43.7, 8.1, 2447, 食品真相大揭秘 
26281730, 30.4, 7.9, 276, 南华录 
25905227, 28.0, 7.5, 270, 你的生存本能正在杀死你 
26671358, 27.8, 8.2, 132, 周末田舍生活 
3633461, 58.1, 8.6, 13726, 一句顶一万句 
25871638, 35.7, 7.7, 961, 品味四讲 
10830941, 27.1, 10.0, 37, 美甲时尚讲堂 
25768216, 40.9, 8.8, 664, 冀连梅谈：中国人应该这样用药 
3410797, 40.8, 7.8, 2197, 吃，吃的笑 
1336968, 55.6, 8.4, 12382, 一個人上東京 
4214217, 37.7, 7.5, 1896, 女人明白要趁早 
2340062, 34.7, 7.4, 1195, 跑步圣经 
26215044, 34.7, 7.4, 1202, 我们台湾这些年2 
1473957, 29.3, 7.9, 226, 慢慢快活 
26854457, 19.8, 8.5, 27, 你只活一次 
1984347, 41.3, 8.3, 1236, Power Sleep 
23116260, 35.9, 8.2, 542, 其实，大家都想做菜 
26108423, 31.6, 7.3, 722, 你看起来很美味 
26318808, 36.3, 7.5, 1434, 我的脖子让我很不爽 
24745650, 30.4, 7.5, 438, 我怕没有机会，选择真正喜欢的生活 
26278430, 26.2, 7.5, 189, 别害怕你所向往的生活 
26577701, 28.2, 8.0, 168, 我的美的世界 
2130270, 37.1, 8.7, 395, 折纸大全 
2133074, 41.5, 7.0, 10035, 20几岁，决定女人的一生 
1460123, 37.8, 8.0, 959, 寒夜客来 
26711352, 19.7, 8.1, 34, 面包制作的科学 
1070685, 48.9, 8.1, 6223, 永远的普罗旺斯 
26735064, 41.3, 7.3, 5484, 孤独小说家 
24696902, 38.6, 8.3, 781, 和二木一起玩多肉 
1070899, 39.6, 8.6, 658, 浮生悠悠 
2277314, 38.6, 8.4, 699, 碰巧的杰作 
20278805, 29.8, 7.2, 563, 鱼为什么放屁 
6913349, 27.9, 7.1, 435, 巴黎女人的时尚经 
25828868, 33.9, 7.5, 881, 快活馋 
5502946, 39.5, 7.5, 2692, 元气糖 
4732427, 42.1, 7.8, 2809, 十二味生活设计 
6847760, 43.0, 7.2, 9397, 随遇而安 
26891340, 29.8, 9.3, 80, 我不过别人指定的生活 
26769450, 30.9, 8.0, 276, 400次 
26416276, 32.8, 7.9, 431, 愿生命从容 
1083309, 37.3, 8.9, 340, 论可能生活 
2070012, 52.9, 8.2, 10653, 一个人的第一次 第一次一个人旅行 
10564563, 35.3, 7.1, 2161, 闺蜜 
26774591, 22.1, 8.4, 42, 怀旧食堂 
26831504, 29.0, 8.1, 179, 喵呜，来摸 
26378862, 25.2, 7.3, 192, 气质 
26881057, 25.3, 8.7, 59, 视觉009：接受彼此的那种亲密 
1396339, 45.4, 7.7, 6235, 创意市集 
20424614, 43.4, 7.8, 3620, 红 
26721548, 32.6, 8.3, 276, Lens·视觉005：以手抵心 
20499677, 39.9, 8.0, 1421, 味道·味觉现象 
25957554, 43.6, 8.0, 2769, 在不安的世界安静的活 
4932095, 41.0, 7.6, 3120, 好好爱自己 
26779589, 28.5, 6.3, 1804, 我喜欢这个&#34;功利&#34;的世界 
4011282, 40.8, 8.2, 1275, 京味儿 
25802595, 37.5, 7.3, 2482, 灵魂有香气的女子 
26860716, 26.7, 8.5, 85, 视觉008：那就无所畏惧地老去 
1924318, 48.4, 8.9, 1912, 汪曾祺谈吃 
2141865, 37.4, 8.5, 510, 家庭会伤人 
3227126, 48.4, 8.2, 4880, 30分老妈 
1339273, 33.6, 9.6, 113, 如何在KTV出人頭地 
26376603, 48.6, 8.1, 5851, 秘密花园 
1281653, 45.5, 7.8, 5342, 秦腔 
25693190, 39.2, 8.3, 867, 舍得让你爱的人受苦 
26774272, 31.8, 8.2, 263, 一平米健身：硬派健身 
25978468, 34.3, 7.8, 648, 遇见孩子，遇见更好的自己 
6844364, 33.4, 8.2, 352, 人生一瞬 
3729119, 19.5, 6.7, 105, 我要一双明星腿 
25870629, 40.2, 7.7, 2278, 亲爱的生活 
4882023, 52.3, 9.2, 2449, 万物既聪慧又奇妙 
10554274, 30.6, 8.0, 259, 关于写作 
11602263, 47.0, 9.1, 1233, 羊道·深山夏牧场 
26293066, 33.2, 7.7, 596, 你是一切的答案 
3083546, 34.0, 8.4, 316, 田中宥久子的塑颜按摩法 
26470077, 29.4, 9.1, 86, 西尔斯亲密育儿练习手册 
25818124, 34.1, 8.2, 396, 翡翠岛编年 
4894977, 31.9, 8.6, 187, 长物志 
26235729, 32.8, 7.6, 621, 单身社会 
1967845, 32.5, 8.5, 226, 从出生到3岁 
25934646, 41.8, 8.6, 940, 咦，被发现了呢 
10607710, 50.1, 8.0, 9055, 世间的盐 
26767011, 24.7, 6.9, 274, 先谋生，再谋爱 
5409459, 37.4, 8.0, 902, 摩托日记 
1023045, 67.9, 8.6, 68329, 我们仨 
26712787, 34.6, 8.2, 434, 可爱的诅咒 
26868554, 15.2, 8.1, 15, 小津安二郎美食三昧·关东篇 
25778837, 44.6, 8.3, 2190, 时差党 
26779450, 22.5, 8.2, 52, 何以为家 
26300508, 43.5, 8.7, 1106, 万物的签名 
26890742, 25.0, 8.9, 50, 看见·看不见 
7564165, 30.3, 8.0, 245, PONY四季美妆物语 
2209663, 32.1, 7.2, 918, 孤独的性 
4292120, 33.7, 7.0, 1772, 低智商社会 
26853723, 24.0, 9.3, 34, 唐人街 
25897333, 39.4, 7.5, 2630, 我讲个故事，你可别当真啊 
1925936, 29.9, 9.0, 99, 默克家庭诊疗手册 
4912669, 38.0, 7.3, 2756, 忧伤的老板 
2282946, 43.1, 7.8, 3388, 直面内心的恐惧 
4320555, 36.5, 8.6, 394, 别对我撒谎 
10519369, 45.5, 9.4, 726, 万物生光辉 
26337959, 37.2, 8.3, 612, Lens·目客001:花朵与我 
2251434, 56.1, 9.0, 5559, 被爱路过 
2130184, 34.2, 8.0, 505, 叫醒布拉格 
26822490, 17.5, 8.8, 16, 我们在为什么样的广告买单 
4187411, 60.3, 8.8, 14399, 万物有灵且美 
26803573, 20.7, 8.7, 28, 文艺青年的自我修养 
26367995, 32.8, 7.7, 551, 你心柔软，却有力量 
3410763, 42.5, 8.6, 1064, 最后的演讲 
26826236, 27.8, 7.3, 326, 负负得正的人生奥义书 
26656779, 35.1, 7.5, 1118, 当你的才华还撑不起你的梦想时 
4589142, 44.4, 9.7, 477, Book 
26529262, 35.3, 8.3, 443, Lens·视觉002：想在一生中做一件正确的事 
1515170, 40.6, 8.9, 573, 室内设计资料集 
26352480, 29.2, 9.0, 90, 魔法岁月 
3655433, 39.4, 8.4, 796, 西尔斯怀孕百科 
2980475, 38.6, 8.4, 693, 长路漫漫 
26843309, 24.7, 8.1, 83, 过去现在，一并深爱 
25697520, 52.8, 8.2, 10607, 他们最幸福 
26592648, 38.7, 8.9, 423, 癌症·真相：医生也在读 
25895467, 34.4, 7.6, 858, 鲤·一间不属于自己的房间 
25872643, 34.4, 9.1, 183, 不可思议的旅程 
1773430, 28.6, 8.6, 109, The Omnivore&#39;s Dilemma 
3896758, 38.4, 8.4, 675, 参谋助手论 
1150414, 36.5, 9.4, 199, 篆刻学 
26588107, 28.0, 7.4, 302, 只有大众,没有文化 
26830134, 33.0, 7.7, 568, 就喜欢你看不惯我又干不掉我的样子2 
25982254, 47.4, 8.1, 4703, 大萝卜和难挑的鳄梨 
26411821, 26.4, 7.9, 132, 无印良品的人气菜肴 
26285734, 36.5, 8.1, 673, 6点27分的朗读者 
26797183, 30.6, 8.0, 261, 喵呜，原来你是这种汪 
1483573, 39.1, 8.8, 498, 其實你已經很塔羅了 
26733302, 29.1, 7.5, 339, 自控力：和压力做朋友 
26590171, 30.0, 7.3, 521, 做事的常识 
26425651, 30.7, 6.4, 2630, 你只是看起来很努力 
4238144, 52.0, 9.1, 2650, 岁朝清供 
26673941, 37.1, 8.2, 671, 正午故事001 
26760973, 21.8, 8.4, 40, 战略高手 
4016036, 32.9, 9.4, 117, 食物與廚藝 
25978608, 34.2, 7.1, 1687, 再美也美不过想象 
26313575, 35.0, 8.2, 466, 各自爱 
25727991, 33.3, 7.9, 480, 不靠谱的演员都爱说如果 
25820165, 33.2, 8.7, 210, 田园之秋 
26849540, 21.9, 8.6, 36, 弄堂风流记 
26868621, 29.5, 7.9, 235, 一生欠安 
26844750, 24.6, 7.7, 113, 优秀的人，都敢对自己下狠手 
25921293, 36.3, 6.8, 4652, 愿有人陪你颠沛流离 
6746290, 42.5, 8.9, 764, 奥丽芙·基特里奇 
1223612, 37.4, 8.5, 506, 唐鲁孙谈吃 
1485625, 43.7, 9.1, 756, 瑜伽之光 
24699306, 28.7, 6.9, 675, 整理的艺术2：时间是整理出来的 
26827725, 21.7, 8.7, 33, 安身与立命 
7007774, 34.5, 7.7, 765, 没有意义就没有摇摆 
26646578, 26.8, 8.4, 94, 文艺复兴的故事02：我的朋友马基雅维利——佛罗伦萨的兴亡 
25898124, 42.0, 7.6, 3764, 得未曾有 
4207781, 63.7, 8.8, 24597, 孩子你慢慢来 
3131814, 45.4, 8.7, 1522, 笔记大自然 
26431217, 37.2, 8.6, 447, 在江湖 
25788697, 38.6, 7.6, 1932, 一切都是最好的安排 
26236436, 32.4, 7.2, 991, 我们夜里在美术馆谈恋爱 
26769704, 20.1, 8.2, 34, 早安，早餐 
11608712, 45.1, 8.7, 1433, 无器械健身 
1850861, 39.3, 8.0, 1267, 托斯卡纳艳阳下 
26384723, 30.9, 7.6, 431, 我比谁都相信努力奋斗的意义 
20431965, 54.2, 8.5, 8363, 只有医生知道! 
25852665, 36.3, 7.6, 1236, 孤独的人都要吃饱 
1438461, 44.1, 7.8, 4128, 窥视日本 
26806934, 26.3, 9.4, 45, 自然怪咖生活周记 
22993407, 33.4, 7.7, 619, 跑步，该怎么跑？ 
25948155, 29.5, 7.3, 470, 每一个优秀的人，都有一段沉默的时光 
7058387, 31.6, 8.9, 139, 手艺中国 
25808222, 48.5, 8.2, 4962, 黄 
26293455, 31.2, 7.0, 1024, 我依然爱你，我只是不喜欢你了 
5327697, 59.2, 8.3, 27107, 橙 
1674916, 27.9, 9.1, 69, 专业烹饪 
26857572, 27.3, 8.8, 76, 处处见生机 
26423783, 23.2, 8.5, 48, 树的秘密生活 
10522856, 57.7, 9.0, 7112, 冬牧场 
19963049, 44.2, 8.5, 1591, 留住手艺 
2343561, 30.8, 8.1, 245, 演讲的艺术 
25917140, 39.8, 7.2, 4768, 不要让未来的你，讨厌现在的自己 
26869816, 22.6, 8.8, 36, 上海屋里厢（中英双语） 
1892409, 32.8, 8.2, 316, 口愛 
26384985, 34.0, 7.3, 1183, 我有个恋爱想和你谈下 
26263052, 33.4, 7.9, 488, 毫无必要的热情 
10527118, 34.6, 8.9, 224, 精品咖啡學 上 
1085007, 29.4, 8.0, 211, 敏感的人:如何面对外界压力 
20273181, 33.6, 8.1, 407, 生命是长期而持续的累积 
1411023, 33.1, 8.3, 299, 独居日记 
25935074, 40.4, 8.1, 1368, 文·堺雅人：憧憬的日子 
26738072, 23.4, 8.4, 53, 这就是二十四节气 
3267934, 47.0, 8.4, 2883, 日本四季 
6388661, 66.9, 8.8, 40964, 这些人，那些事 
1254942, 46.7, 9.2, 1068, 黄帝内经 
26843917, 24.1, 8.9, 43, 和食十品 
26596713, 30.7, 7.6, 408, 知中·山水 
3000997, 48.6, 7.6, 13724, 牛奶可乐经济学 
26832090, 27.2, 8.1, 128, 别扯了，时间才不会改变一切 
6039397, 34.6, 8.0, 543, 哪啊哪啊神去村 
25753361, 52.8, 8.7, 4978, 最好金龟换酒 
26416549, 30.4, 8.3, 188, 兰屿之歌 清泉故事 
3094686, 32.5, 7.6, 590, 銀座媽媽桑說話術 
20470917, 62.0, 9.0, 13962, 深夜食堂 01 
1824306, 29.2, 7.2, 495, 学习的艺术 
1911799, 31.9, 9.1, 125, 酒吧圣经-调酒师宝典 
26794006, 21.3, 9.3, 23, 撒切尔夫人 
19974860, 40.5, 8.6, 764, 孤獨的美食家 
3640067, 48.2, 8.7, 2377, 革命之路 
25800850, 30.9, 8.0, 274, 动荡的世界 
25894861, 29.7, 6.5, 1664, 跟任何人都聊得来 
26422097, 29.8, 7.6, 345, 这就是台湾,这才是台湾 
25895442, 41.2, 6.9, 11566, 你的孤独，虽败犹荣 
26672723, 33.2, 7.5, 769, 女神日常修炼手册 
6052834, 42.0, 8.2, 1587, 亲密关系 
6967980, 40.6, 7.4, 3948, 然后，我就一个人了 
26852140, 19.7, 7.8, 41, 冷眼观爱2：一切情感问题的答案 
1361264, 70.7, 9.0, 53336, 撒哈拉的故事 
3006483, 39.3, 7.7, 1932, 每周工作4小时 
3533221, 50.3, 8.5, 4359, 非暴力沟通 
3420221, 32.3, 8.5, 216, 实用程序育儿法 
25939157, 36.2, 8.2, 576, 吃货的孤单心事 
26295733, 34.7, 7.2, 1592, 我知道你没那么坚强 
2382544, 39.7, 8.7, 607, 园圃之乐 
26791930, 31.9, 8.2, 271, 生于一九八四 
26183848, 36.6, 7.3, 2044, 完美关系的秘密 
25941678, 27.1, 6.8, 542, 他爱的是玫瑰，而你是蔷薇 
2287123, 44.5, 8.3, 2156, 時裝時刻 
7061613, 37.9, 8.5, 553, Steal Like an Artist 
24527845, 40.8, 7.0, 8667, 我讲个笑话，你可别哭啊 
25961294, 37.8, 8.2, 757, 虫子旁 
26282087, 33.2, 7.8, 527, 把所有失眠的夜都给你 
6048071, 42.9, 8.6, 1132, 七声 
26848701, 24.1, 9.6, 30, 一亿人，不如你一人 
11535030, 42.2, 8.3, 1452, 一个一个人 
6404040, 39.9, 8.1, 1250, 三行情书 
5338233, 36.7, 8.3, 561, 我的法兰西岁月 
26340273, 27.4, 6.8, 581, 我们这个时代的怕和爱 
26761859, 34.6, 7.9, 610, 精要主义 
25985499, 34.9, 7.6, 942, 这一生，静待时光检验 
3535331, 32.0, 8.7, 173, 食经 
3273876, 44.9, 8.1, 3060, 被劫持的私生活 
10587562, 45.0, 8.2, 2687, 东京日和 
1127432, 24.0, 8.7, 48, 乐理自学指南 
21764541, 33.9, 8.7, 238, 爱的五种能力 
1310112, 39.8, 8.3, 960, 诫律 
25836825, 38.0, 7.3, 2744, 你是最好的自己 
6851608, 37.9, 8.0, 979, 奢侈的！ 
25774384, 26.4, 8.5, 82, 冥想 
25948154, 36.8, 7.7, 1186, 扛得住，世界就是你的 
26420555, 38.1, 8.0, 1011, 何必等来生 
4912688, 47.8, 8.5, 2893, 干校六记 
24318989, 32.6, 8.5, 229, 崔玉涛 
20375073, 25.1, 9.5, 36, 艺术博物馆 
4274472, 42.7, 8.2, 1784, 茶之书 
25981846, 29.0, 7.4, 369, 这世上的美好，唯你而已 
25713576, 37.0, 7.8, 1070, 玩儿 
2250587, 56.7, 7.6, 67269, 一个人的好天气 
26837959, 23.7, 8.4, 56, 设计冲刺 
26367364, 41.3, 8.1, 1609, 爱吃沙拉的狮子 
1029791, 67.8, 8.7, 56233, 许三观卖血记 
26747676, 27.9, 9.0, 73, 愿世上所有的孤单，都有温暖相伴 
4884218, 58.8, 8.8, 11276, 我的阿勒泰 
25870384, 44.4, 8.4, 1846, 你的生命有什么可能 
3826899, 52.2, 8.6, 5183, 布鲁克林有棵树 
26760972, 20.1, 8.4, 30, 危险关系 
6517150, 39.3, 7.6, 2225, 31岁又怎样 
1084078, 41.8, 7.9, 2318, 钟鼓楼 
3786755, 43.6, 7.2, 10771, 每天懂一点色彩心理学 
26576308, 31.3, 8.0, 296, 我喜爱一切不彻底的事物 
26043286, 31.9, 7.4, 678, 孤单星球 
3995526, 69.5, 8.7, 73498, 目送 
21346636, 53.3, 9.4, 2279, 三毛典藏全集 
11581273, 29.3, 8.1, 188, 减肥这件正经事儿 
25922761, 29.1, 7.1, 558, 我是如何一步步毁掉我的生活的 
1200840, 74.4, 9.0, 93714, 平凡的世界（全三部） 
20425053, 50.6, 7.7, 16850, 我所理解的生活 
5423785, 37.5, 8.1, 804, 千年繁华 
5408843, 37.8, 7.7, 1434, 旅行从客房开始 
26878653, 21.9, 7.7, 67, 无罪辩护 
1223845, 47.4, 7.6, 10888, 男人来自火星 女人来自金星 
6021094, 34.0, 7.9, 538, 喜乐京都 
26677405, 27.8, 8.0, 156, 老灵魂 
20480681, 37.7, 7.4, 2199, 你当温柔，却有力量 
26869120, 25.7, 8.5, 72, 走路健身法 
4159088, 50.6, 7.8, 14062, 理想的下午 
24838958, 36.2, 8.7, 344, 我们的小镇 
4906101, 52.8, 8.4, 7663, 一个人旅行2 
6826615, 39.8, 7.8, 1839, 台北小吃札记 
25784438, 40.6, 8.2, 1231, 不留心，看不见 
26672748, 35.2, 8.9, 245, 山居杂忆（插图精装版） 
4240403, 40.6, 7.1, 6837, 最好的女子 
20267987, 41.1, 7.4, 4428, 孤独美食家 
21346008, 45.8, 8.5, 2064, 米格尔街 
24870163, 32.2, 7.6, 556, 万物皆有伤心处 
6885715, 44.3, 7.7, 4981, 蓝另一种蓝 
25923063, 38.2, 8.3, 726, 考拉小巫的留学成长日记 
25920202, 51.0, 8.6, 4303, 泛若不系之舟 
20413742, 41.1, 7.5, 3743, 不说，就真来不及了 
24736494, 34.4, 8.5, 309, 地理学与生活（插图第11版） 
6967496, 41.5, 8.2, 1461, 不去吃会死 
25852441, 34.3, 6.9, 2419, 当我足够好，才会遇见你 
3769019, 39.9, 8.5, 777, 闪亮的日子 
11506941, 46.0, 7.9, 5034, 我们始终牵手旅行 
4706662, 30.2, 9.4, 80, 食物與廚藝 
4874131, 58.3, 8.2, 27906, 东霓 
3225748, 43.2, 7.9, 3001, 路上有惊慌 
25834256, 25.6, 8.4, 76, 培养高情商的孩子 
21622634, 35.3, 8.9, 247, 滚吧，生活 
25746421, 38.4, 8.2, 844, 公开的秘密 
4905854, 48.9, 8.9, 2090, 将饮茶 
7058059, 46.5, 8.0, 4725, 我们心中的怕和爱 
19952425, 30.4, 7.0, 868, 再冷门的问题也有最热闹的答案 
26590273, 28.5, 7.8, 215, 你会想念你自己吗 
6861517, 42.8, 8.5, 1260, 时时刻刻 
11622283, 63.5, 9.2, 13005, 滚蛋吧!肿瘤君 
23186549, 39.3, 7.8, 1665, 我们家 
20270670, 44.7, 8.3, 2216, 为何爱会伤人 
3253854, 42.2, 7.7, 3360, 书店的灯光 
26762941, 32.6, 8.7, 191, 一个人的博物馆 
1358404, 32.3, 7.5, 639, 穿KENZO的女人 
26694904, 31.0, 7.5, 491, 世界很大,幸好有你 
19954650, 27.1, 9.1, 61, 日本古書店的手繪旅行 
4894568, 26.6, 8.2, 106, 个人理财 
25918524, 34.3, 7.7, 730, 美好百科：这个知识点超纲了 
5044283, 24.8, 8.6, 58, 食物营养与配餐 
24732964, 36.5, 7.9, 864, 佛陀与想太多的猪 1 
3607117, 57.1, 8.9, 7535, 稻草人手记 
20499702, 38.9, 7.7, 1784, 味道·第一宗罪 
21617698, 31.8, 7.1, 1011, 二十五岁的世界 
24298657, 31.3, 6.7, 1709, 永远热泪盈眶 
25847224, 34.6, 6.9, 2624, 世界与你无关 
26610864, 40.8, 8.2, 1273, 浮生六记 
10485696, 46.7, 7.6, 9428, 我就是想停下来，看看这个世界 
21360827, 45.8, 9.0, 1155, 朱生豪情书全集 
7003354, 42.0, 7.7, 3247, 谣言粉碎机 
4917641, 42.0, 8.9, 705, 故乡的食物 
1000972, 37.2, 8.1, 768, 一生的忠告 
1024846, 47.3, 9.2, 1168, 所罗门王的指环 
1877096, 44.2, 8.1, 2669, 花间十六声 
4293302, 28.5, 9.3, 66, 眾神的植物 
26743743, 21.5, 8.3, 41, 穿越孤独 
1105890, 44.7, 8.2, 2549, 生命的重建 
6507262, 33.7, 7.5, 843, 如何让你爱的人爱上你 
20470913, 58.2, 9.1, 6740, 深夜食堂 03 
26827563, 24.0, 8.4, 58, 胡椒树上的鹦鹉 
25735727, 48.8, 8.2, 5219, 站在两个世界的边缘 
10493119, 24.6, 8.2, 75, 女性健康私密书 
4114636, 35.7, 8.3, 470, 性学观止（上下册） 
4127527, 52.8, 8.2, 10477, 厨房 
2054246, 39.5, 8.0, 1312, 你的误区 
20434430, 36.9, 8.0, 815, 你要如何衡量你的人生 
26761558, 25.7, 6.9, 346, 日常生活中的思维导图 
1721111, 49.0, 8.6, 3089, 周国平人生哲思录 
1029957, 32.4, 7.8, 454, 大狗:富人的物种起源 
6003067, 49.8, 9.5, 1238, 未来ちゃん 
3405756, 33.8, 7.9, 524, 生活的暗面 
11586903, 35.0, 7.9, 656, 夏目漱石的百合 
22993829, 38.9, 7.7, 1766, 我们这儿是精神病院 
5936610, 35.0, 8.2, 467, 工艺之道 
5419801, 41.3, 8.4, 1095, 别样的色彩 
4208780, 48.5, 8.1, 5775, 流浪集 
1995655, 41.5, 9.2, 493, 演员自我修养(第一部) 
6896040, 42.7, 8.2, 1784, 好小猫 
1050349, 45.4, 8.1, 3311, 上海的金枝玉叶 
26707942, 33.6, 7.2, 1270, 知更鸟女孩 
23010110, 31.0, 7.3, 638, 如何征服英俊少男 
6844469, 42.4, 8.1, 1944, 走夜路请放声歌唱 
4732123, 46.9, 8.5, 2488, 爸爸，我们去哪儿？ 
10565151, 45.2, 7.5, 8507, 我是个年轻人 我心情不太好 
26760537, 32.4, 8.9, 159, 给孩子的动物寓言 
21617690, 42.0, 8.4, 1229, 再会，老北京 
3218534, 42.3, 8.1, 1917, Eat, Pray, Love 
11602267, 47.8, 8.9, 1762, 羊道·春牧场 
1884249, 44.8, 8.0, 3476, 当我们旅行 
25867744, 25.0, 8.3, 75, 简单冥想术：激活你的潜在创造力 
6519055, 30.6, 7.6, 405, 买基金为自己加薪 
20493284, 32.9, 7.6, 637, 寻欢者不知所终 
1874488, 47.5, 8.1, 4794, 别做正常的傻瓜 
1861252, 33.8, 9.1, 167, 普利策新闻奖 特稿卷 
24839553, 38.6, 7.3, 3089, 拖拉一点也无妨 
11625032, 38.6, 7.4, 2659, 欢乐颂  第一季 
6829323, 45.9, 7.9, 4882, 我，睡了，81个人的沙发 
6839883, 34.0, 9.7, 113, 共和国教科书 
1220789, 40.5, 8.1, 1385, 爱上双人舞 
20470916, 59.4, 9.1, 8088, 深夜食堂 02 
26335804, 26.5, 7.2, 281, 相遇是比爱更美好的事 
5299847, 35.6, 8.0, 643, 与全世界做生意 
26889364, 14.4, 7.7, 16, 英国皇家植物园植物画教程 
10426611, 36.5, 8.3, 538, 一本摄影书 
1056868, 54.9, 8.5, 9455, 河童旅行素描本 
3622904, 45.1, 7.3, 11953, 不抱怨的世界 
6556332, 37.9, 7.8, 1281, 旅行，人生最有价值的投资 
4059800, 44.8, 8.0, 3454, 私语书 
1912653, 38.6, 9.0, 382, 朱光潜谈美 
20470914, 57.3, 9.1, 5926, 深夜食堂 04 
4149893, 41.5, 7.0, 10193, 每天懂一点好玩心理学 
6519759, 39.4, 7.5, 2668, 记事本圆梦计划 
1004719, 41.4, 8.6, 892, 谈修养 
7063932, 40.7, 8.2, 1266, 东京散步 
3264644, 48.1, 8.8, 2076, 地久天长 
26852845, 28.9, 8.4, 134, 仅记住所有快乐 
23780875, 54.2, 9.1, 3682, 深夜食堂 05 
25741244, 39.7, 7.1, 5643, 我承认我不曾历经沧桑 
19977313, 42.4, 8.8, 842, 花乱开 
20278799, 48.4, 7.6, 13124, 三十六大 
20393127, 32.0, 6.9, 1454, 请把我留在最好的时光里 
26248587, 33.7, 7.6, 740, 美好古董衣店 
4843911, 36.1, 7.1, 2563, 魔鬼搭讪学 
7067934, 43.1, 7.7, 4004, 打工旅行 
1906681, 48.5, 8.8, 2209, 猎人们 
3729173, 37.4, 7.5, 1772, 时间投资法 
3369793, 67.1, 8.7, 50117, 亲爱的安德烈 
26393558, 25.2, 8.6, 62, 水彩画的实质 
4238362, 69.1, 8.6, 82642, 送你一颗子弹 
25903198, 39.2, 7.8, 1620, 做衣服 
26687647, 38.1, 7.8, 1318, 至味在人间 
1435793, 37.5, 9.2, 269, 世界园林植物与花卉百科全书 
1079680, 53.5, 8.7, 5634, 你今天心情不好吗？ 
4934590, 39.4, 8.5, 706, 活出最乐观的自己 
2118032, 46.2, 8.2, 3284, 窥视工作间 
25748787, 44.8, 7.7, 5540, 平生欢 
24713564, 32.1, 7.6, 542, 不要和鲨鱼接吻,但要和勇敢一起睡觉 
10570257, 42.2, 7.9, 2475, 特别的一天 
2118743, 46.7, 8.6, 2118, 银元时代生活史 
20475794, 41.4, 8.1, 1622, 身体知道答案 
6084703, 41.3, 7.3, 5463, 独立，从一个人旅行开始 
2143304, 52.5, 8.1, 11827, 我爱问连岳 
1019959, 36.0, 7.8, 891, 精力管理 
10345560, 41.4, 7.8, 2453, 离别之音 
6864307, 47.1, 7.4, 14965, 像我这样笨拙地生活 
3123393, 46.5, 7.6, 9164, 遇见心想事成的自己 
2344105, 38.6, 8.1, 979, 把妹達人之謎男方法 
11442509, 32.6, 8.4, 249, 读懂恋人心 
7154688, 43.3, 8.1, 2278, 知日·书之国 
1069805, 46.7, 8.7, 1876, 给青年的十二封信 
25876757, 27.4, 8.2, 122, 鲜花帝国 
1088581, 60.8, 8.9, 13380, 浮生六记 
4173403, 49.3, 7.7, 13021, 温柔的叹息 
25982794, 37.4, 7.1, 3406, 世界上所有童话都是写给大人看的 
1865089, 58.2, 8.4, 19079, 瓦尔登湖 
1053174, 44.0, 8.6, 1350, 你干吗在乎别人怎么想？ 
10946178, 41.3, 8.0, 1830, 无尾狗 
3413836, 51.0, 8.4, 5682, 当下的力量 
20391459, 31.9, 7.8, 409, 一觉睡到小时候 
25955940, 34.7, 8.6, 296, 透过佛法看世界 
4137809, 34.6, 7.8, 678, 让大脑自由 
25839107, 33.1, 7.4, 858, 魔鬼约会学 
2341848, 41.4, 7.9, 2133, 身体语言密码 
26770999, 28.7, 8.5, 119, 斯坦福大学创业成长课 
10831736, 28.9, 8.1, 174, 故事技巧 
21770836, 40.8, 8.5, 899, 八九十枝花 
4953695, 55.6, 8.0, 24662, 拆掉思维里的墙 
3277199, 49.0, 8.1, 6303, 多田便利屋 
2071207, 41.3, 8.4, 1089, 到黑夜想你没办法 
6872434, 42.7, 7.6, 4319, 最好的时光在路上 
20472494, 30.0, 9.0, 101, 漫长的革命 
3018322, 46.0, 7.6, 8302, 活着活着就老了 
10768064, 44.1, 8.0, 3052, 涡虫 
25775069, 39.2, 7.2, 4161, 让我留在你身边 
25731751, 34.5, 7.8, 668, 99%的新人，没用心做好的50件事 
2977509, 33.1, 7.8, 518, 有钱人想的和你不一样 
4195722, 32.5, 9.1, 137, 好吃的西點蛋糕祕訣 
24310435, 30.0, 7.4, 458, 卑微的套套 
11614503, 25.3, 9.4, 39, 20世纪中外散文经典 
25836981, 32.9, 8.8, 185, 爬出窗外并消失的百岁老人 
3678694, 44.8, 7.4, 9294, 窗灯 
4818177, 42.3, 8.2, 1674, 英国人的言行潜规则 
2270925, 41.7, 8.5, 1048, 病者生存 
1047719, 51.8, 8.5, 5605, 傅雷家书 
20507212, 45.6, 8.0, 4002, 习惯的力量 
1053088, 51.7, 9.2, 2255, 陶庵梦忆 西湖梦寻 
2372450, 45.1, 8.6, 1632, 改变，从心开始 
26699409, 24.7, 7.1, 213, 明天过得怎么样，取决于今天的你怎么做 
4266008, 47.6, 8.3, 3696, 给一个未出生孩子的信 
25866817, 30.3, 6.8, 1145, 有些路，只能一个人走 
10566257, 38.9, 8.0, 1171, 出国自助游教室 
1071821, 46.2, 8.1, 3828, 你不可不知的人性 
6391166, 43.9, 7.8, 3989, 碎片 
2194123, 56.9, 8.4, 15403, 相约星期二 
24754142, 30.3, 7.6, 380, 柔软的距离 
6879215, 41.8, 7.6, 3644, 乌克兰拖拉机简史 
3931849, 40.5, 7.6, 2817, 天黑前的夏天 
11588848, 44.6, 8.2, 2520, 坦白书 
19963287, 39.1, 9.0, 410, 诸神的面具 
