Tag: 管理 

ID, Score, Rating, Votes, Title 
1786387, 61.0, 8.6, 22060, 影响力 
26306686, 49.5, 8.4, 4403, 创业维艰 
3922162, 37.7, 8.2, 747, 认识商业 
26877827, 34.4, 8.5, 308, 合适 
1048007, 56.2, 8.2, 19034, 高效能人士的七个习惯（精华版） 
1322025, 56.7, 8.8, 8081, 卓有成效的管理者 
26582822, 46.3, 8.3, 2931, 重新定义公司 
26297606, 48.4, 7.6, 13176, 从0到1 
1017180, 49.8, 8.3, 5374, 定位 
10945606, 47.0, 8.4, 2873, 精益创业 
4243770, 44.4, 8.6, 1443, 创新者的窘境 
1894695, 47.8, 9.0, 1555, 营销管理 
5921213, 48.5, 8.5, 3263, MBA教不了的创富课 
1072438, 52.6, 8.3, 8697, 大败局 
1020644, 45.9, 8.1, 3635, 金字塔原理 
1433346, 49.6, 8.7, 2987, 旁观者 
1457028, 47.8, 8.9, 1746, 管理的实践 
26743607, 32.7, 7.8, 475, 商业的本质 
26877306, 31.3, 8.6, 169, 微习惯 
26288194, 32.4, 9.1, 136, 权力与领导（第5版） 
6718487, 43.7, 8.4, 1646, 商业模式新生代 
26435630, 41.1, 9.4, 386, 经济学原理(第7版):微观经济学分册+宏观经济学分册(套装共2册) 
5320866, 50.4, 8.3, 5941, 重来 
26641761, 33.4, 8.0, 435, 横向领导力 
1269900, 50.2, 8.2, 6669, 活法 
2382433, 41.1, 8.7, 752, 罗伯特议事规则 
6536593, 36.1, 8.4, 454, 领导梯队 
2348372, 52.5, 8.3, 8488, 野蛮生长 
1045862, 47.7, 8.5, 2818, 第五项修炼 
26838147, 25.0, 8.7, 56, 给创业小白的财报书 
6687032, 36.2, 8.8, 314, 经验的疆界 
26314955, 36.6, 8.7, 368, 创新公司 
4225644, 42.4, 8.5, 1176, 街头生意经 
26608585, 37.8, 8.4, 604, 重新定义团队：谷歌如何工作 
10586741, 41.0, 8.3, 1179, 关键对话 
26779688, 33.4, 8.4, 286, 做出好决定 
3138847, 41.7, 7.9, 2268, 思考的技术 
1313124, 49.3, 8.2, 5755, 赢 
1022936, 46.7, 8.2, 3623, 基业长青 
1919072, 48.2, 7.7, 10592, 长尾理论 
11516567, 39.8, 8.7, 615, 四步创业法 
11589950, 40.2, 7.7, 2273, 沃顿商学院最受欢迎的谈判课 
26761859, 34.6, 7.9, 609, 精要主义 
1059769, 46.8, 8.1, 4242, 从优秀到卓越 
26582558, 42.9, 8.5, 1280, 经济学通识 
1951372, 40.4, 9.0, 503, 创新与企业家精神 
1464593, 44.7, 8.7, 1344, 目标 
26765979, 22.2, 8.8, 34, 架构即未来：现代企业可扩展的Web架构、流程和组织(原书第2版) 
5336008, 37.5, 8.3, 640, 瞬变 
1499783, 43.0, 8.3, 1661, 将心注入 
3320425, 33.7, 8.3, 331, 跨越鸿沟 
1913066, 38.1, 8.8, 425, 市场营销原理 
10747883, 49.5, 8.0, 8087, 怦然心动的人生整理魔法 
5302113, 44.9, 8.3, 2296, 三双鞋 
26270679, 40.8, 8.0, 1657, 零售的哲学：7-Eleven便利店创始人自述 
20505765, 38.3, 8.8, 440, 精益创业实战 
1958120, 37.7, 8.6, 487, 格鲁夫给经理人的第一课 
2158889, 36.5, 8.3, 544, 权力的48条法则 
1435909, 40.2, 8.6, 729, 竞争战略 
1059490, 41.1, 7.7, 2702, 麦肯锡方法 
20036150, 33.8, 9.1, 168, Principles 
4822145, 36.5, 8.7, 358, 创新者的解答 
1100470, 40.4, 7.5, 3260, 现在，发现你的优势 
26865812, 27.2, 8.4, 101, 方太儒道 
26308014, 33.2, 7.4, 878, 联盟 
1867642, 49.3, 7.7, 13037, 世界是平的 
1128313, 35.3, 8.6, 326, 个人的管理 
26590171, 30.0, 7.3, 521, 做事的常识 
26883144, 21.9, 8.3, 44, 清晰表达的艺术：打造高效的职场沟通 
1427527, 37.9, 8.7, 454, 竞争优势 
26916061, 24.0, 9.7, 28, 魔杯 
26379069, 28.9, 7.2, 468, 麦肯锡入职培训第一课 
25980669, 29.9, 7.1, 663, 带人的技术 
1033778, 56.8, 8.2, 21348, 富爸爸，穷爸爸 
20429358, 24.6, 9.8, 29, 做好领导的九大赢招 
1156866, 32.3, 8.0, 358, 系统思考 
1082512, 49.1, 9.4, 1232, 公司理财 
26388790, 30.9, 8.1, 248, 交办的技术 
24902403, 31.2, 9.2, 106, 忙总管理笔记 
1021056, 48.1, 7.2, 27689, 谁动了我的奶酪？ 
26681681, 24.8, 7.8, 107, 深度案例思考法 
1790456, 38.5, 7.5, 2187, 专业主义 
3682751, 34.7, 7.7, 784, 谈判力 
3006483, 39.3, 7.7, 1931, 每周工作4小时 
10446295, 37.1, 8.1, 748, 权力 
2180696, 32.9, 9.0, 157, 德鲁克管理思想精要 
1002474, 37.6, 7.7, 1378, 只有偏执狂才能生存 
24530336, 35.4, 8.0, 623, 至关重要的关系 
25733593, 30.1, 8.0, 236, 沃顿商学院最实用的谈判课（原书第2版） 
1083403, 47.3, 8.0, 5413, 世界上最伟大的推销员 
2249558, 35.7, 8.3, 471, 光环效应 
3794450, 38.5, 8.5, 608, 细节营销 
4846035, 38.6, 7.6, 1929, 干法 
1019959, 36.0, 7.8, 891, 精力管理 
6404010, 41.8, 7.9, 2306, 不懂项目管理，还敢拼职场 
1435907, 37.8, 8.5, 549, 我在通用汽车的岁月 
26844372, 25.0, 8.0, 94, 你充满电了吗？ 
1311874, 34.5, 8.4, 344, 说服 
1039311, 43.3, 8.4, 1533, 职场动物进化手册 
26656532, 28.5, 7.4, 336, 最重要的事，只有一件 
1279659, 39.3, 8.3, 871, 组织行为学 
1318427, 42.6, 7.7, 3645, 蓝海战略 
26838695, 28.0, 8.2, 137, 12个工作的基本 
5920725, 27.5, 9.0, 69, 马奇论管理 
1084471, 43.1, 8.4, 1484, 管理学 
25782608, 36.6, 7.8, 996, 大道当然 
25942507, 43.7, 7.5, 6251, 参与感 
24541955, 43.5, 8.0, 2739, 史玉柱自述 
1038977, 40.9, 8.6, 815, 谈判是什么 
26275861, 46.6, 8.6, 2084, 沟通的艺术（插图修订第14版） 
25909355, 31.0, 8.3, 208, 数据化管理：洞悉零售及电子商务运营 
3741218, 38.6, 8.6, 557, 项目管理知识体系指南 
1085660, 42.5, 8.0, 2289, 尽管去做 
1102259, 46.6, 8.4, 2681, 人月神话 
1159949, 43.1, 7.8, 3430, 杰克·韦尔奇自传 
1843508, 37.1, 9.1, 276, 管理：使命、责任、实务（实务篇） 
1000900, 38.9, 8.2, 920, 顾客为什么购买 
26362040, 29.7, 7.5, 379, 解密无印良品 
3419122, 42.2, 8.4, 1270, 22条商规 
1050510, 35.7, 7.3, 1689, 六顶思考帽 
1319893, 40.0, 8.1, 1255, 当和尚遇到钻石 
20434430, 36.9, 8.0, 814, 你要如何衡量你的人生 
10484712, 33.3, 7.7, 610, 驱动力 
1453922, 31.0, 8.1, 253, 人力资源管理 
7054652, 38.8, 8.0, 1156, 创业36条军规 
6078123, 37.3, 7.7, 1306, 一路向前 
1084435, 43.8, 8.5, 1472, 策略思维 
6709783, 64.2, 9.1, 16669, 浪潮之巅 
26362997, 28.4, 7.4, 330, 商业冒险 
10441244, 32.9, 6.8, 2089, 整理的艺术 
26827314, 23.7, 7.6, 104, 逆向管理 
2253513, 36.2, 8.2, 576, 时间管理 
4168140, 38.3, 8.4, 662, 餐巾纸上的创业课 
1108725, 39.5, 8.2, 1028, 人件 
3567853, 44.2, 9.0, 899, Getting Real 
25755771, 27.0, 8.1, 125, 清教徒的礼物 
10433837, 33.9, 8.5, 285, 采购与供应链管理 
20453004, 29.1, 8.4, 138, 创业者手册 
1135754, 44.2, 8.1, 2668, 你的灯亮着吗? 
26591077, 28.1, 8.1, 151, 销售就是要玩转情商：99%的人都不知道的销售软技巧 
11528220, 35.1, 8.1, 530, 系统之美 
26272662, 34.3, 7.6, 834, 腾讯方法 
1053848, 28.7, 8.7, 103, 看得见的手 
26178426, 37.5, 7.6, 1555, 稀缺 
26642422, 23.6, 8.6, 48, 自我发现与重塑 
6052860, 41.2, 7.2, 6463, 海底捞你学不会 
3413365, 25.6, 9.0, 51, 财务管理分析 
20492093, 35.1, 7.6, 976, 平台战略 
26837959, 23.7, 8.4, 56, 设计冲刺 
5916234, 47.2, 7.7, 8801, 番茄工作法图解 
26220259, 38.0, 8.3, 700, 褚时健：影响企业家的企业家 
20261700, 28.8, 8.0, 187, 好战略，坏战略 
1187241, 21.3, 9.4, 22, 零售管理 
26462816, 28.2, 8.1, 154, GitHub入门与实践 
1970428, 62.1, 8.8, 18960, 激荡三十年（上） 
1132623, 32.8, 8.4, 261, 成为技术领导者 
1491595, 29.6, 8.3, 165, 稻盛和夫的实学：经营和会计 
2169896, 33.7, 8.4, 300, 企业参谋 
3074782, 33.2, 8.4, 279, 组织行为学 
1780035, 39.5, 8.6, 645, 如何改变世界 
26856050, 19.7, 8.3, 30, 避开错误决策的4个陷阱 
10788371, 30.4, 6.9, 1003, 清单革命 
26324497, 39.0, 8.1, 1054, 支付战争 
26652812, 29.6, 7.4, 423, 匠人精神 
26368060, 26.5, 8.2, 104, 创业，生与死 
21264215, 26.9, 8.3, 104, 高绩效教练 
20622712, 30.6, 6.9, 1057, 给你一个团队，你能怎么管？ 
1084649, 25.1, 8.6, 61, 企业生命周期 
26695338, 25.9, 8.0, 110, 麦肯锡教我的谈判武器 
26282839, 22.3, 9.6, 23, 企业运营实战案例 
22994632, 41.0, 9.0, 549, 成功，动机与目标 
6969827, 41.0, 7.7, 2667, 理想丰满 
26183356, 27.1, 7.4, 251, 以奋斗者为本 
26808540, 20.6, 8.2, 37, 战略的本质 
4200664, 31.7, 8.2, 259, 管理的常识 
1011509, 39.6, 7.8, 1766, 谁说大象不能跳舞？ 
3932520, 40.4, 7.5, 3255, 免费 
3319935, 42.6, 8.2, 1757, 走出软件作坊 
1104943, 28.2, 8.0, 169, 柔道战略 
20366371, 31.5, 8.1, 277, 找我1 
7015176, 28.9, 8.0, 192, 管理的常识 
1759797, 33.1, 8.7, 207, 公司的概念 
26828557, 26.5, 8.0, 123, 从行动开始 
24697576, 25.5, 7.5, 163, 第3选择 
1312095, 24.3, 7.9, 90, 隐形冠军 
1015133, 36.3, 7.8, 939, 首先，打破一切常规 
2280967, 30.8, 8.6, 157, 权力与影响力 
26411602, 33.9, 8.1, 425, 富甲美国 
2301904, 36.7, 9.2, 240, Case in Point 
26839427, 31.3, 8.1, 266, 慢思考：大脑超载时代的思考学 
25855770, 31.2, 8.1, 263, 就因為「沒時間」，才什麼都能辦到 
26817189, 23.2, 8.2, 59, 谁偷走了我的客户（第2版） 
1659228, 25.2, 8.8, 55, 战略与结构 
3631947, 37.5, 8.1, 814, 销售圣经 
1454393, 37.7, 8.6, 481, 21世纪的管理挑战 
1230437, 33.8, 8.1, 420, 咨询的奥秘 
4118751, 32.5, 7.7, 522, 阿米巴经营 
1436707, 43.0, 7.6, 4633, 如何掌控自己的时间和生活 
26864253, 20.0, 8.8, 24, 商界局外人 
6548683, 35.6, 7.6, 1069, 商业的常识 
26237302, 35.4, 7.3, 1591, 金钱有术 
26388011, 24.9, 7.4, 162, 隐性动机 
5344908, 40.4, 8.0, 1557, 别独自用餐 
3717183, 36.4, 7.5, 1449, 餐巾纸的背面 
26857846, 15.5, 7.5, 22, 销售洗脑 
5408875, 32.3, 7.4, 730, 一胜九败 
10741914, 33.4, 8.5, 261, 点球成金 
2334078, 32.0, 8.6, 190, 混序：维萨与组织的未来形态 
1438147, 44.0, 9.0, 869, 让数字说话 
20471120, 38.2, 7.5, 2089, 打造Facebook 
4058336, 34.0, 8.2, 387, 项目管理修炼之道 
1028372, 35.3, 7.9, 693, 要事第一 
25731751, 34.5, 7.8, 668, 99%的新人，没用心做好的50件事 
26319982, 22.2, 8.3, 46, 商业百科 
26697460, 27.5, 8.3, 115, 裂变式创业 
26767030, 19.2, 7.3, 55, 关键洞察力 
2076634, 20.2, 8.1, 37, 决策是如何产生的 
6718052, 27.7, 8.2, 130, 从“为什么”开始 
26844051, 23.4, 7.6, 98, 高效人士用超级笔记术 
1022541, 32.8, 7.8, 483, 追求卓越 
3655164, 23.5, 9.0, 37, 战略 
26839363, 17.6, 7.1, 46, 请用数据说话 
4216944, 40.2, 8.8, 595, 卖轮子 
3235517, 37.6, 7.8, 1205, 自慢 
3625123, 32.0, 8.6, 190, 销售的革命 
3598650, 28.9, 8.9, 92, 管理思想史 
26354200, 39.4, 8.9, 475, 华杉讲透孙子兵法 
1031207, 34.0, 7.6, 784, 执行 
1193621, 46.6, 8.5, 2369, 决策与判断 
26302594, 28.1, 7.2, 392, 万达哲学 
25975454, 36.9, 7.9, 925, 九败一胜 
1085646, 26.9, 7.7, 176, 商业秀 
6307924, 26.5, 8.6, 77, 精益思想 
1792212, 33.4, 8.2, 353, 丰田生产方式 
1263690, 28.1, 8.4, 118, 市场营销管理 
2160713, 29.1, 9.0, 88, 卓有成效的组织 
1921568, 25.2, 8.1, 90, 奖励的惩罚 
3137159, 30.5, 7.4, 502, 用图表说话 
26435313, 40.3, 7.4, 3751, 系统赢天下 
26729803, 20.4, 6.7, 128, 沃顿商学院自我管理课 
1048922, 40.1, 8.2, 1140, 硬球 
25962759, 22.1, 7.4, 91, 模仿的技术 
26400900, 31.9, 7.2, 881, 创京东 
26422298, 18.9, 8.3, 26, 奇点系列 
4195531, 32.6, 8.4, 249, 超越对手 
2151697, 22.1, 8.2, 48, 运营管理 
25916832, 23.5, 7.1, 164, 麦肯锡问题分析与解决技巧 
3827035, 29.8, 7.9, 249, 战略品牌管理 
26646553, 23.3, 7.6, 96, 指数型组织 
3007108, 35.3, 8.6, 326, 财务智慧 
26828718, 25.4, 8.8, 56, 社群营销 
3233988, 34.9, 8.5, 337, 资本的游戏 
20283567, 29.3, 7.0, 672, 下一个倒下的会不会是华为 
1005930, 27.2, 8.1, 128, 决策的艺术 
3896758, 38.4, 8.4, 675, 参谋助手论 
1101267, 35.0, 8.2, 466, 营销战 
1077497, 42.6, 7.3, 7083, 水煮三国 
4630664, 36.5, 7.2, 2338, 你的知识需要管理 
3901835, 30.9, 9.5, 83, 专业服务公司的管理 
10588814, 33.1, 8.4, 274, 魏斯曼演讲圣经1 
2048893, 42.1, 7.8, 2818, 财报就像一本故事书 
1843185, 26.7, 8.5, 86, 远见 
25911445, 25.4, 8.7, 60, 理解公司 
3038329, 29.2, 7.6, 306, 奢侈品品牌管理 
2350023, 23.1, 8.2, 58, 成为领导者 
1101668, 26.0, 8.5, 76, 项目管理 
1161817, 47.7, 8.7, 2189, 洛克菲勒留给儿子的38封信 
25866380, 26.9, 8.1, 121, 互联网思维的企业 
2122295, 32.1, 8.9, 151, 人物志 
25916588, 18.9, 6.8, 82, 向上汇报 
3735295, 38.7, 7.5, 2310, 未来是湿的 
26789037, 15.8, 7.2, 29, 让全世界都看见你 
26589583, 25.1, 7.7, 126, 准备好了吗？开始工作吧！ 
10801087, 24.9, 8.2, 79, 项目计划、进度与控制 
26361727, 21.3, 8.6, 33, 采购与供应链管理：一个实践者的角度（第2版） 
2021604, 26.9, 8.5, 89, 管理决策中的判断 
1069174, 27.9, 9.1, 69, 戴明论质量管理 
25873066, 29.1, 7.1, 564, 麦肯锡工作法 
26430818, 23.6, 7.4, 124, 合伙人 
25720281, 22.1, 9.2, 27, 空降总监治乱记 
1464442, 41.8, 7.6, 3619, 道路与梦想 
3208050, 30.5, 7.6, 397, 知道做到 
1082364, 29.8, 8.1, 205, 发现利润区 
2180422, 28.7, 8.3, 140, 营销想象力 
26928995, 12.9, 7.9, 11, 如何有效管理每一分钱 
1093507, 28.1, 8.4, 117, 战略历程 
1966719, 33.6, 8.6, 247, Founders at Work 
5913475, 42.1, 8.2, 1615, 高难度谈话 
10770543, 28.6, 8.2, 152, 职场竞争力 
25830853, 27.5, 7.3, 305, 如何把事情做到最好 
1135841, 28.8, 8.6, 112, 改变世界的机器 
26702089, 22.3, 7.0, 142, 商业模式全史 
26382598, 28.2, 7.5, 279, 零售心理战 
21372237, 31.5, 8.4, 209, 极客与团队 
1448684, 31.6, 8.0, 310, 蓝血十杰 
3038761, 29.6, 7.4, 418, 80/20法则 
6779184, 25.7, 7.7, 139, 索尼的故事 
6510137, 25.7, 8.5, 73, 引导 
10796954, 33.4, 7.7, 619, 商业模式新生代（个人篇） 
1004325, 34.6, 6.6, 4596, 致加西亚的信 
5401859, 32.3, 8.3, 263, 门后的秘密 
1225184, 20.4, 7.9, 44, 度心术 
4988498, 27.3, 8.1, 132, 地头力 
20434393, 34.5, 8.0, 534, 销售无处不在 
26419762, 25.2, 8.2, 83, 成为技术领导者 
1220597, 31.3, 7.7, 413, 高效能人士的第八个习惯 
25779342, 33.3, 7.7, 601, 麦肯锡教我的思考武器 
1169821, 32.6, 8.3, 274, 平衡计分卡 
25861795, 30.1, 7.4, 464, 重来2 
2188534, 21.5, 8.4, 38, What Got You Here Won&#39;t Get You There 
1053836, 34.8, 6.8, 3255, 细节决定成败 
6437896, 30.7, 7.7, 368, 六项精进 
2151324, 30.9, 8.5, 173, 市场营销原理 
21248826, 19.5, 7.6, 46, “升职超人”教你旋风成长法则 
4246477, 30.1, 7.5, 414, 问题解决力 
4200631, 29.9, 7.3, 510, 麦肯锡工具 
5415037, 26.3, 8.8, 65, HBR&#39;s 10 Must Reads on Managing Yourself 
1082725, 36.3, 7.7, 1078, 一分钟经理人 
2380307, 60.8, 8.9, 13401, 激荡三十年（下） 
7001106, 35.2, 7.4, 1322, 时间管理 
5904151, 33.4, 7.5, 803, 马云内部讲话 
1484103, 23.2, 8.5, 48, 规模与范围 
1215642, 30.0, 7.5, 407, 中国式管理 
1811450, 21.3, 8.4, 37, 创造知识的企业 
26657426, 26.7, 8.5, 85, 高效能人士的7个习惯（人际关系篇） 
1967814, 24.8, 8.9, 48, 企业战略博弈 
3185166, 32.2, 7.7, 486, 世界最简单解决问题的方法 
1490089, 39.0, 8.3, 827, 富爸爸(辞职创业前的10堂课)/富爸爸系列丛书 
26413204, 28.5, 6.4, 1484, 聪明人用方格笔记本 
1464588, 34.9, 8.4, 372, 关键链 
4030556, 30.5, 8.5, 161, 哈佛经典谈判术 
26838514, 12.8, 7.5, 13, 大学的意义 
4002726, 31.4, 8.6, 172, 听故事学会计 
26293220, 30.4, 7.7, 347, 像TED一样演讲 
1231972, 35.3, 8.1, 547, 最后期限 
24870504, 21.6, 6.9, 134, 精简 
26643780, 21.0, 7.4, 72, 重新定义管理 
1018540, 27.6, 7.9, 165, 管人的真理 
20507211, 26.7, 7.4, 232, 创新者的基因 
3039668, 30.5, 8.2, 210, 真北 
1869638, 27.1, 8.9, 69, The Inner Game of Tennis 
3623967, 25.5, 8.3, 81, 麦肯锡管理必读 
25850087, 27.2, 8.3, 109, 有的放矢 
10740449, 26.8, 8.2, 110, 关键冲突 
1921523, 30.6, 8.6, 151, 思想者 
6801742, 31.7, 7.5, 562, 人生定位 
3032198, 31.6, 7.6, 487, 饺子馆和高级餐厅，哪个更赚钱？ 
1082601, 39.2, 7.6, 2165, 羊皮卷 
1808521, 25.8, 7.6, 158, 美第奇效应 
20444472, 23.6, 7.8, 86, 经营的本质 
26816874, 33.1, 8.5, 250, 理解未来的7个原则 
1396702, 29.0, 8.4, 137, 战略地图 
26702829, 18.6, 8.6, 21, 精益企业 
2124330, 25.2, 7.8, 117, 公司进化论 
25956628, 30.9, 7.4, 543, 创业小败局 
4292120, 33.7, 7.0, 1772, 低智商社会 
26702075, 22.6, 8.1, 57, 经营战略全史 
4062798, 30.2, 7.6, 374, 别让猴子跳回背上 
6423889, 23.2, 8.7, 42, 组织文化与领导力 
3106569, 23.5, 9.0, 37, 商务动态分析方法 
25984823, 28.3, 7.3, 363, 你的时间有限，不要为别人而活 
1881449, 27.2, 9.1, 62, 成果管理 
6900660, 23.0, 7.5, 100, 在家就能读MBA 
26770285, 22.7, 8.7, 39, 中层领导力（自我修行篇） 
2305092, 24.9, 9.0, 46, 个性与组织 
1232185, 22.4, 8.5, 42, 哈佛商学院MBA教程（上下） 
10433731, 25.9, 8.0, 111, 视觉会议 
1020671, 25.8, 6.5, 625, 麦肯锡意识 
1427679, 45.9, 7.5, 9661, 做最好的自己 
4309469, 23.0, 9.4, 28, FYI For Your Improvement 
3558629, 50.2, 8.4, 4933, 小强升职记 
10484709, 28.1, 8.2, 139, 让顾客自己来定价 
1159542, 27.3, 8.6, 88, 新企业的起源与演进 
2142034, 32.0, 7.0, 1236, OFF学 
25891329, 28.0, 8.6, 98, 心法 
1144530, 30.1, 8.5, 151, 哈佛商学院启示录 
4223249, 29.3, 7.7, 278, 管理十诫 
1084444, 25.1, 8.2, 82, 供应链管理 
10537389, 15.9, 7.5, 24, 我在黑道學會的88堂商管課 
3160742, 26.9, 8.5, 89, 管理的真相 
3622624, 32.2, 8.3, 256, 绝对成交 
3270161, 36.2, 9.9, 133, 机械制造厂电能的合理使用 
2282343, 23.2, 7.8, 79, 利润模式 
6104554, 26.2, 7.5, 187, 金字塔原理2 
20470494, 29.4, 8.1, 192, 职场成人礼 
4081908, 28.0, 7.5, 268, 管理咨询的神话 
10550974, 34.2, 8.7, 247, 公司基本面分析实务 
11589943, 26.2, 8.5, 79, 管理的未来 
1837431, 22.0, 7.8, 63, 创新的本质 
24872319, 31.6, 8.1, 284, 理性的非理性 
24858563, 24.1, 8.3, 64, 管理大师 
4063315, 21.6, 8.9, 29, 師父-那些我在課堂外學會的本事 
25762445, 20.0, 7.7, 47, 奢侈品战略 
1874488, 47.5, 8.1, 4793, 别做正常的傻瓜 
26838799, 14.7, 7.7, 17, 以客户为中心 
25843241, 31.9, 7.5, 590, 互联网思维独孤九剑 
3043738, 34.6, 8.1, 483, 圆通的人际关系 
1958394, 37.6, 7.8, 1195, 工作DNA 
3599578, 28.4, 9.4, 61, 管理新现实 
26435358, 24.0, 7.1, 185, 麦肯锡精英的48个工作习惯 
3699395, 35.1, 7.9, 665, 观止-微软创建NT和未来的夺命狂奔 
26842899, 15.6, 7.8, 19, 博弈思考法 
2179024, 23.8, 8.8, 44, 经理人员的职能 
3296364, 27.4, 8.4, 104, Zen To Done 
1074794, 27.9, 8.4, 114, 略胜一筹 
25702395, 20.1, 6.2, 230, 复盘 
1083895, 30.9, 8.3, 206, 管理百年 
26847762, 12.5, 7.0, 16, 创始人 
3018230, 33.8, 8.1, 416, 创 
20282795, 21.2, 6.6, 174, 史上最简单的问题解决手册 
3000997, 48.6, 7.6, 13721, 牛奶可乐经济学 
1157749, 22.3, 9.0, 31, 管理会计兴衰史 
4886883, 33.0, 7.5, 736, 将才 
26771324, 19.2, 8.0, 33, 这样做指导，难带员工变能干 
24846231, 29.0, 8.2, 162, HR转型突破 
1968882, 33.1, 7.6, 658, 冰鉴 
1971209, 25.2, 8.3, 77, 企业再造 
1031341, 34.7, 7.6, 909, 联想风云 
26599526, 25.0, 7.1, 228, 阿里传 
26381898, 22.9, 7.5, 97, 中层领导力 
5063383, 29.3, 7.9, 229, 我为什么看不懂你 
24383547, 17.7, 7.2, 43, 管人的真理 
3795336, 29.6, 7.6, 334, 公司绝不会告诉你的50大秘密 
26801556, 23.9, 7.9, 84, 刘强东自述 
1443031, 25.1, 7.4, 168, 金领 
26410894, 28.6, 7.6, 271, 众创时代 
1779404, 33.7, 8.8, 211, Seven Habits of Highly Effective People 
4243771, 31.1, 7.9, 317, 创新的艺术 
10945357, 22.3, 9.2, 28, 竞争论 
1396394, 22.9, 8.7, 40, 创业中的陷阱 
4326057, 45.9, 8.9, 1303, Excel图表之道 
3616968, 37.9, 7.8, 1286, 活法（贰） 
4817119, 23.7, 8.8, 43, 项目管理融会贯通 
25809418, 19.9, 8.4, 29, 五星级服务 
3198666, 23.7, 8.3, 60, 薪酬管理 
6990284, 27.1, 7.5, 226, 布道之道 
1843548, 31.0, 7.7, 387, 有效沟通 
1142995, 24.4, 9.0, 43, 大道至简 
5301299, 28.2, 7.8, 204, 创业必经的那些事1 
1420345, 27.4, 8.2, 123, 创业学 
3361791, 27.6, 7.5, 249, 发现商业模式 
25905681, 16.9, 7.9, 23, 系统思维 
1475469, 34.3, 8.4, 337, 绝不是靠运气 
3175541, 27.8, 7.7, 210, 信任的速度 
1439982, 31.2, 7.8, 357, 麦肯锡传奇 
1173463, 28.7, 8.2, 155, 比知识还多 
1902481, 25.7, 8.0, 107, 中国人为什么组织不起来 
5954810, 30.9, 8.0, 274, 项目百态 
25764520, 32.0, 8.1, 304, 走出电商困局 
20493300, 24.9, 8.0, 92, 高效能人士的执行4原则 
1049686, 29.4, 8.8, 106, 盐铁论 
2051004, 26.0, 8.2, 96, 创新的10个面孔 
4157223, 30.6, 7.1, 775, 效率提升10倍的google化知性生产技巧 
26648884, 21.1, 7.6, 63, 干法 
26649613, 25.1, 8.6, 61, Deep Work 
1046164, 43.3, 8.3, 1760, 巴菲特致股东的信 
5269192, 37.7, 7.9, 1067, 创业的国度 
20282603, 25.3, 7.6, 144, 王石说 
4087554, 38.0, 8.0, 997, 活法（叁） 
5068453, 35.6, 8.0, 650, 公司的力量 
6946410, 26.3, 8.6, 75, 抉择 
26586799, 25.3, 8.1, 92, 创业无畏 
1473250, 46.0, 7.6, 8250, 魔鬼经济学 
1082635, 23.1, 8.6, 44, 数据、模型与决策 
10047423, 21.4, 7.8, 57, Gamestorming 
10809142, 26.1, 8.0, 116, CEO说 
1453172, 33.9, 8.6, 261, The Goal 
10484469, 23.6, 8.0, 73, 管理3.0 
1097991, 34.5, 7.8, 677, 一生的计划 
1022909, 27.4, 7.8, 176, MBA十日读 
26169876, 26.1, 7.4, 207, 逻辑思维，只要5步 
1023614, 29.3, 7.6, 314, 沉静领导 
25780952, 30.9, 7.9, 305, 职场解释系 
5410533, 25.9, 8.3, 87, Getting More 
3027527, 22.4, 8.7, 37, 人力资源管理价值新主张 
5920818, 21.9, 7.1, 117, 从20万到30亿 
24745639, 36.2, 7.8, 918, 麦肯锡教我的写作武器 
3793884, 34.4, 7.6, 855, 轻公司 
4235591, 29.5, 8.0, 215, 团队协作的五大障碍 
26739566, 23.9, 8.5, 54, 途客圈创业记：不疯魔，不成活 
5410582, 36.7, 7.3, 2072, 伟大是熬出来的 
20272125, 28.1, 8.0, 166, 选择卓越 
1043427, 21.7, 7.4, 83, 领导力21法则 
20492915, 22.3, 8.2, 50, 领导力 
6441139, 25.8, 8.1, 100, 稻盛和夫的实学 
3350931, 34.0, 8.0, 481, 2小时品牌素养 
1019155, 30.8, 8.5, 170, 小沃森自传 
1015540, 32.2, 7.6, 549, 周一清晨的领导课 
3349621, 21.7, 8.0, 52, 领导力与新科学 
21359919, 25.5, 8.9, 54, 白话设计公司管理 
1679080, 24.6, 8.3, 69, 关乎天下 
4104024, 28.7, 7.5, 308, 我爱做书店 
2183092, 28.2, 8.3, 129, 人物志 
5945539, 20.1, 8.4, 30, 人力资源成为战略性业务伙伴 
1082734, 27.4, 7.6, 215, 产品经理的第二本书 
4803982, 26.7, 7.8, 154, 团队之美 
3852697, 31.8, 7.5, 574, 少的力量 
1320173, 28.4, 8.1, 158, 管理者而非MBA 
25815064, 25.2, 8.3, 77, 世界500强人力资源总监是如何炼成的 
26728952, 18.8, 8.2, 27, 事业合伙人：知识时代的企业经营之道（精装） 
26643784, 18.7, 7.0, 64, 激活个体 
4851372, 36.1, 8.4, 454, 怎样卖龙虾 
21356490, 23.7, 7.8, 87, 常识的正面与反面 
1009089, 22.0, 8.8, 33, 60分钟企业经营战略 
4723970, 45.1, 7.7, 5884, 人人都是产品经理 
26642365, 14.4, 7.6, 17, 哈佛商业评论管理必读：大师十论 
1786651, 26.5, 8.0, 124, 我与商业领袖的合作与冲突 
1955232, 25.2, 8.0, 97, 工作与生活的未来 
4074927, 27.2, 7.4, 255, 完美陈述 
2102151, 28.8, 8.1, 170, 人力资源管理 
2038122, 25.6, 8.8, 58, 企业的性质 
3119995, 25.7, 8.5, 73, 理解公共政策（第十一版） 
1435718, 28.3, 8.4, 121, 亨利·福特自传 
26685874, 17.8, 7.8, 29, 无印良品育才法则 
4075839, 22.6, 8.3, 49, 领导力沉思录 
26148779, 22.0, 7.2, 109, “戒掉”的技术 
24702402, 21.9, 9.0, 29, 公司治理之道 
2216505, 18.0, 8.1, 25, 运营管理 
1288976, 25.4, 7.9, 111, 一页纸的商业计划 
24531573, 28.0, 7.2, 390, 自制力 
1834971, 29.3, 8.0, 207, 女总裁告诉你 
1144283, 31.5, 8.4, 208, Virgin商业帝国 
1396778, 32.1, 8.3, 255, 梁山政治 
1963026, 36.4, 7.7, 1090, 勇敢抉择 
3694923, 29.4, 8.0, 208, 巷口商学院 
3822268, 25.6, 8.3, 83, 战略管理 
26282793, 18.0, 8.4, 21, 高绩效的HR 
1076490, 29.9, 8.0, 228, 这是你的船 
25796129, 19.8, 7.8, 42, U型理论（全新升级版） 
2039176, 26.1, 8.5, 78, 企业巫医 
1839790, 20.4, 8.5, 30, 关键价值链 
25971733, 21.3, 8.5, 35, 自律型创业 
20507208, 21.6, 7.3, 90, 哈佛商学院最受欢迎的领导课 
26800364, 22.7, 7.4, 102, 第四次工业革命 
11528222, 25.6, 7.6, 152, 权谋 
1144804, 25.9, 7.7, 146, 领导力(第3版) 
6510686, 25.5, 6.5, 581, Google时代的工作方法 
3352914, 32.3, 7.6, 561, 知性力 
4953707, 40.3, 8.2, 1185, 门口的野蛮人 
1039932, 24.0, 8.0, 78, 人力资源管理(第六版) 
11501784, 20.1, 9.0, 22, 失落的管理艺术 
3179032, 25.9, 9.3, 45, 绿色国王 
1905038, 28.0, 7.6, 243, 创业的艺术 
3347618, 26.7, 7.4, 234, 高绩效人士的五项管理 
4187421, 35.0, 7.6, 965, 给你一个亿 
1734687, 21.4, 8.1, 46, 知识创造的螺旋 
26796535, 23.0, 7.8, 76, 伏牛传 
2116259, 19.5, 8.3, 29, 自我管理与发展智能 
11601991, 33.5, 7.8, 561, 哈佛最受欢迎的营销课 
1009069, 25.0, 8.3, 74, 成功没有逻辑 
2146258, 26.5, 8.7, 72, 工业管理与一般管理 
1273942, 21.7, 7.5, 76, 惠普之道 
1175396, 30.9, 8.0, 276, 跳出盒子 
1774940, 30.4, 7.8, 311, 修炼 
1754748, 34.0, 7.7, 686, 笑着离开惠普 
24877519, 20.6, 7.7, 53, 不再為錢煩惱 
26716899, 18.7, 7.3, 49, 重新定义战略 
2243561, 32.9, 8.6, 220, 非营利组织的管理 
2230560, 29.5, 8.1, 195, 艾柯卡自传 
3284230, 40.3, 7.4, 3694, 我的成功可以复制 
2702449, 23.0, 8.2, 57, 市场营销学 
26747778, 15.0, 7.8, 17, 博恩·崔西的时间管理课 
4141729, 22.6, 8.1, 57, 波士顿战略观点 
25917388, 25.8, 7.7, 144, 我为什么离开高盛 
1759792, 28.1, 8.8, 86, 工业人的未来 
1129051, 23.3, 8.3, 56, 聚焦法则 
3130904, 31.2, 7.3, 665, 影响力2 
26230719, 13.7, 5.6, 82, 极简主义 
26812639, 18.0, 7.6, 34, 99%的员工，没用心做足的55件事 
25928983, 41.8, 7.6, 3647, 周鸿祎自述 
25925083, 29.4, 8.2, 174, 再看电商 
4187475, 27.4, 8.0, 147, 组织能力的“杨三角”企业持续成功的秘诀 
1486718, 23.0, 8.5, 46, 产权、激励与公司治理 
26591168, 20.1, 8.4, 30, 人力资源转型：为组织创造价值和达成成果 
4748017, 22.6, 8.5, 43, 改善 
1101268, 33.5, 7.6, 708, 新定位 
23243753, 21.7, 8.5, 37, 将才-让主管成长走直线-II 
26863476, 15.8, 7.7, 21, 领导梯队：全面打造领导力驱动型公司（原书第2版） 
5415964, 22.3, 7.6, 80, 知道力 
26692612, 25.6, 7.6, 150, 思考的要诀 
1442491, 21.2, 7.8, 55, 浪尖上的宝洁 
26764871, 23.9, 7.6, 109, 将心注入 
25758078, 24.2, 7.4, 140, 给你一个团队，你能怎么管？2 
25868303, 25.1, 7.7, 125, 微管理 
4244699, 26.3, 8.5, 80, 赢单九问 
1040175, 17.8, 8.8, 17, 公司战略透视 
1017103, 31.7, 8.4, 214, 竞争论 
25698920, 23.3, 7.3, 129, 绩效致死 
1272879, 25.5, 7.8, 123, 棋行天下 
1220675, 28.2, 7.8, 205, 咨询的奥秘 
26880855, 12.0, 7.5, 11, 进化 
1157539, 32.2, 9.0, 142, 公司财务原理 
10734544, 21.2, 7.5, 69, 商业模式的经济解释 
26892520, 14.0, 7.8, 14, Google：未来之镜 
10545195, 17.3, 7.6, 30, 你可以是菩萨 
3350290, 25.6, 8.1, 96, 大思想的神奇 
24706568, 24.1, 7.4, 136, 时间，快与慢 
1032870, 24.3, 8.4, 61, 集中精力做重要的事 
3738701, 30.5, 8.4, 176, 经营沉思录 
2128914, 25.1, 8.4, 70, 塞氏企业传奇 
2253697, 32.7, 7.5, 690, M型社会 
4006768, 27.1, 7.9, 151, 供应链管理 
3182226, 21.3, 8.2, 42, 欢迎光临 
1895447, 17.5, 7.1, 45, 如何提问 
25788807, 22.8, 7.8, 74, 看板方法 
26099295, 29.2, 7.6, 307, 番茄工作法图解 
1441951, 27.2, 8.4, 100, 我的生活与工作 
3818462, 24.9, 8.5, 63, 经理人财务知识一本通 
1019110, 21.0, 8.4, 35, 力量原则 
1325392, 22.8, 8.5, 45, 战略管理 
11520218, 24.1, 8.2, 69, 从报表看企业 
4191830, 24.6, 8.6, 56, 西方管理思想史 
4934530, 27.0, 8.6, 84, 示人以真 
1691984, 17.7, 8.4, 20, 客户关系管理 
4912848, 27.4, 7.8, 177, 价值观的力量 
3058224, 20.6, 7.8, 49, 质问力 大前研一 
26282829, 23.8, 7.5, 117, 切蛋糕 
26801475, 22.5, 8.3, 48, 一个HRD的真实一年 
4169488, 32.2, 7.7, 488, 思维导图系列丛书（全五册） 
1430540, 19.0, 8.1, 30, 合伙人章程 
4025121, 27.1, 7.7, 184, 创业成功的秘诀 
2981065, 32.4, 7.8, 453, 自来水哲学 
26860776, 37.4, 8.5, 508, 鞋狗 
26873486, 31.9, 8.5, 205, 运营之光 
4837927, 30.0, 8.9, 108, 创造高收益 壹 
23678871, 14.7, 7.6, 18, Leaders Eat Last 
26914322, 28.1, 9.6, 52, 管人笔记 
25755793, 25.0, 8.2, 81, 唐太宗的枕边书 
1693282, 23.5, 8.1, 67, The First 90 Days 
1922731, 16.8, 7.2, 36, The Leader in You 
1251988, 14.8, 7.1, 25, 全球化下的社会变迁与非政府组织 
26639456, 21.5, 6.4, 247, 万达工作法 
1510522, 19.1, 8.6, 23, 边缘竞争 
20389192, 40.4, 7.2, 5434, 30岁前的每一天 
25839089, 21.9, 7.1, 117, 卖什么都是卖体验 
3423258, 21.4, 8.3, 40, 21世纪的隐形冠军 
3124833, 28.7, 8.7, 103, 萨姆·沃尔顿自传 
26579576, 18.1, 8.2, 24, 哈佛双赢谈判课 
26701796, 19.9, 8.3, 31, 不会做计划怎么做管理 
5988271, 29.3, 7.3, 446, 佐藤可士和的经营术 
3711433, 33.3, 8.2, 347, 五轮书 
1022147, 30.7, 7.6, 413, 管道的故事 
5978700, 21.8, 8.3, 43, I&#39;m Feeling Lucky 
3067064, 20.2, 8.1, 37, 绩效管理 
5297292, 19.4, 7.0, 74, 麻辣烫为什么穿在签子上卖？ 
3596216, 23.7, 8.0, 74, 改变思维 
5977133, 30.1, 7.5, 409, 营销革命3.0 
26836223, 19.6, 7.1, 71, 腾讯之道 
3618093, 27.8, 8.5, 103, 策略博弈 
2033945, 29.7, 7.3, 482, 定见 
10531533, 27.4, 7.8, 177, 管理品牌资产 
26844552, 18.0, 7.6, 34, 历史的赢法：用军 
26680145, 18.2, 7.5, 38, 价值主张设计 
4010185, 41.8, 8.0, 1992, 哪来的天才？ 
1005291, 24.1, 7.6, 113, 非常营销：娃哈哈--中国成功的实战教案 
1488518, 27.9, 8.6, 97, 谁能成为领导羊 
1073266, 22.5, 8.3, 48, 供应链管理 
6559158, 20.8, 7.2, 83, 项目经理应该知道的97件事 
25917137, 20.2, 7.7, 49, 领导者的资质 
26598457, 17.9, 7.0, 53, 复盘+:把经验转化为能力 
10679155, 25.6, 8.1, 96, 源创新 
26639151, 19.4, 6.8, 92, 图解整理术 
20502598, 23.2, 7.9, 73, IT项目经理成长手记 
3669688, 34.9, 7.6, 942, NO LOGO 
3795596, 31.0, 7.8, 346, 凯西来了！ 
1007864, 38.5, 7.8, 1421, 商道 
4159753, 33.4, 9.3, 136, Your Brain at Work 
3067066, 29.5, 7.5, 365, 三度修炼 
1067527, 25.5, 7.9, 113, 呆伯特法则 
3744041, 37.1, 7.1, 3149, 晨间日记的奇迹 
25779152, 38.1, 8.3, 707, 超级符号就是超级创意 
3576464, 21.6, 8.2, 44, 平衡计分卡战略实践 
26787167, 22.9, 7.0, 163, 每天最重要的2小时 
25838364, 31.1, 7.6, 449, TED演讲的秘密 
1315192, 20.9, 8.7, 29, 知识资产：在信息经济中赢得竞争优势 
24878420, 37.9, 7.8, 1265, 明智行动的艺术 
10772650, 19.8, 7.9, 39, 创建强势品牌 
10726537, 25.2, 8.2, 83, 魏斯曼演讲圣经3 
25741447, 32.5, 7.1, 1166, 小通鉴 
2128083, 29.9, 7.7, 317, 无国界的世界 
3271015, 20.1, 8.2, 34, 定价战略与战术 
1044846, 26.6, 7.9, 139, 关键点 
10956245, 28.3, 7.4, 321, 正能量 
20561892, 25.7, 7.5, 170, 公司的坏话 
4022709, 29.8, 7.4, 441, 助推 
26214776, 25.2, 7.7, 127, 实力、运气与成功 
10514062, 20.9, 8.2, 39, 如何管理设计流程 
20474827, 19.3, 8.5, 25, 战略就是讲故事 
26806308, 12.7, 6.3, 28, 结构性思维 
1178658, 27.2, 8.6, 86, 科特勒市场营销教程 
26679658, 13.9, 7.5, 16, 簡單思考 
26857732, 14.1, 7.7, 15, 新鲜感 
25752502, 16.5, 8.2, 18, 跟德鲁克学营销 
4121543, 28.1, 7.7, 221, 就这样，挺过创业难关 
25728817, 21.0, 9.1, 24, 设计管理：设计创业家 
6519759, 39.4, 7.5, 2666, 记事本圆梦计划 
3878077, 27.4, 7.8, 176, 聘谁 
1271579, 39.1, 7.6, 2122, 礼物 
3527725, 25.9, 8.4, 80, 决策思维 
1799241, 34.3, 7.8, 650, 全新思维 
3823690, 20.3, 8.2, 35, 牛津创新手册 
5264604, 27.4, 7.7, 193, 我在摩根士丹利做高管 
3576048, 25.3, 7.6, 144, 创业圣经 
4217139, 36.7, 7.5, 1543, 高盛帝国（上） 
25861518, 25.8, 6.8, 405, 奢侈 
3151772, 23.4, 6.8, 233, 一页纸项目管理 
26605984, 18.2, 7.8, 31, 创新者的课堂 
6530484, 24.3, 7.9, 90, 与众不同 
3063109, 29.7, 7.9, 244, 高手身影 
1921474, 23.4, 8.0, 71, 战略品牌管理 
1183730, 43.2, 8.4, 1504, 谈话的力量 
1279618, 22.2, 8.3, 46, 现代竞争分析 
4111650, 29.3, 8.3, 155, 最后的完美世界 
2128625, 31.2, 7.3, 665, 即战力 
3167333, 30.2, 7.8, 300, 曾经德隆 
6878784, 22.1, 8.4, 42, 经销商管理动作分解培训 
11614055, 24.0, 8.0, 78, 老HR手把手教你搞定HR管理 
1153026, 27.4, 7.5, 239, 麦肯锡卓越工作方法 
1960133, 25.1, 8.3, 76, 饥饿的灵魂 
2703290, 26.4, 7.2, 275, 情绪管理 
2259676, 22.9, 8.1, 60, 战争的33条战略 
4934521, 20.9, 9.0, 25, 学习型管理 
26839601, 17.4, 7.4, 35, 成功的真谛 
26333844, 19.0, 7.5, 45, 小趋势2015 
20412324, 19.7, 7.4, 56, 百问知识管理 
25848344, 16.9, 7.9, 23, 图解CIO工作指南（第4版） 
3882250, 27.8, 8.8, 83, 后资本主义社会 
10564098, 19.2, 8.8, 21, The Founder&#39;s Dilemmas 
2281055, 31.0, 7.8, 349, 小就是大 
1475470, 31.7, 8.3, 236, 仍然不足够 
2189906, 24.9, 7.6, 132, 创新者的思考 
6536667, 25.1, 7.3, 187, 重新定位 
4931687, 22.0, 8.5, 39, 巴菲特致股东的信 
25710759, 20.8, 7.3, 76, 优衣库这样卖衣服,不服也得服! 
5291323, 23.4, 8.4, 53, 明茨伯格管理进行时 
26759508, 41.4, 8.1, 1618, 硅谷钢铁侠 
1227751, 23.5, 7.9, 78, 金字塔底层的财富 
6535796, 15.4, 6.9, 33, 高效能人士的七项修炼 
1802582, 18.3, 8.6, 20, 成事在人 
5408880, 28.6, 7.8, 219, 商界裸奔 
26383940, 13.9, 6.6, 30, 知识与权力 
1085391, 22.9, 7.7, 81, 公司治理 
26701741, 16.2, 7.6, 24, 当客户说“不” 
1320545, 18.0, 7.9, 28, 潜智 
26828541, 12.9, 7.7, 12, Ego Is the Enemy 
1508015, 24.9, 9.5, 35, 工厂物理学 
1186484, 20.7, 8.7, 28, 决策 
1489474, 24.0, 8.0, 79, 与鲨共泳 
1319820, 33.2, 7.1, 1351, 大脑使用说明书 
25900959, 15.3, 6.7, 38, 丰田高效工作法 
26824524, 14.6, 7.9, 15, TED竞争心理学 
10484708, 23.3, 7.9, 75, 大象与跳蚤 
2364146, 27.9, 7.6, 236, 海星模式 
4896424, 21.0, 8.4, 35, 管理学中的伟大思想 
3685204, 39.4, 7.9, 1475, 长尾理论2.0 
1852561, 20.4, 8.4, 32, 丰田汽车精益模式的实践 
2024815, 23.6, 9.3, 32, 余世维管理培训经典-(共8册) 
26915104, 28.5, 9.2, 70, 你凭什么做好互联网 
10786473, 55.4, 8.2, 16520, 自控力 
6110455, 28.5, 7.9, 195, 唤醒心中的巨人 
1805425, 22.8, 7.8, 74, 产品管理 
3423551, 31.7, 7.8, 395, 人事总监 
26677329, 16.6, 7.1, 37, 黑箱社会 
26356017, 21.1, 6.8, 134, 专注 
1832047, 28.3, 7.9, 190, 权力的转移 
2272174, 33.3, 7.4, 893, 马云点评创业 
4169625, 31.3, 7.1, 894, 杠杆阅读术 
25756203, 25.8, 8.1, 100, 底特律往事 
1312914, 22.5, 8.0, 60, 目标 
26709609, 15.0, 7.8, 17, 京瓷哲学 
2065100, 27.7, 8.2, 128, 成功销售必读的24本书 
20384594, 22.0, 8.8, 33, 上市公司执行企业会计准则案例解析 
25958751, 26.3, 7.7, 156, 伟大创意的诞生 
25762256, 19.0, 7.1, 62, 暂停：有些事只有停下来，才能想得更清楚 
1431220, 25.5, 7.4, 181, 记住你是谁 
4180711, 53.2, 8.2, 11341, 拖延心理学 
25887356, 24.9, 9.0, 46, Scrum精髓 
3574895, 25.4, 7.7, 132, 营销人都是大骗子 
11241723, 19.1, 8.3, 27, Mastery 
3837306, 24.5, 7.0, 234, 紫牛 
25774240, 16.9, 6.7, 56, 头等舱里的谈话课 
1424267, 28.4, 7.3, 368, 阿里巴巴 
4726323, 41.2, 7.5, 3826, 一万小时天才理论 
1007738, 29.3, 8.4, 144, 快速软件开发 
5385350, 24.5, 7.7, 112, 品牌的起源 
26838707, 17.6, 7.9, 26, 走进梦想小镇 
25858068, 40.6, 7.6, 2881, 100个基本 
1048633, 28.7, 7.9, 205, 营销革命 
26335964, 16.8, 8.1, 20, 匠人精神 
1476968, 23.7, 7.5, 114, 写给企业家的经济学 
1927902, 45.3, 7.6, 7194, 九型人格 
6966458, 22.1, 7.6, 76, 小，我是故意的 
25733957, 24.0, 7.2, 165, 权力的终结 
1781920, 20.9, 7.8, 52, 利害冲突 
3031800, 21.2, 7.7, 59, 定价圣经 
4198078, 38.2, 8.4, 650, The Pomodoro Technique 
2078680, 21.3, 7.8, 56, 掌握需求过程 
26879229, 18.2, 7.9, 29, 读懂银行股 
25763770, 30.7, 7.6, 412, 孵化Twitter 
1004118, 44.8, 8.2, 2613, 富爸爸财务自由之路 
6558345, 24.7, 7.1, 213, 信任代理 
23009927, 28.3, 8.6, 104, 中国企业跨境并购 
1044177, 37.4, 7.6, 1521, 李嘉诚全传 
1355616, 22.8, 8.9, 35, The Innovator&#39;s Solution 
10569744, 22.2, 6.5, 257, 要么稳，要么狠，要么滚 
26911425, 19.7, 8.0, 36, 练习的心态 
25800616, 37.7, 7.5, 1886, 创业时, 我们在知乎聊什么? 
5312492, 16.8, 8.1, 20, 成功EQ密码 
1263921, 34.3, 7.3, 1282, 你的形象价值百万 
24740308, 37.8, 9.2, 284, 浪潮之巅（下册） 
25733179, 24.7, 7.8, 106, 吴小莉：与卓越同行 
25712496, 26.7, 8.2, 109, 数据化决策 
5360180, 34.2, 8.5, 299, 说话就是生产力 
25854698, 27.4, 8.1, 133, 微创新 
1444253, 27.3, 8.1, 132, 赢在性格 
25833194, 21.7, 6.8, 155, 無印良品的改革 
26720936, 17.2, 6.8, 55, 产品经理方法论 
10781829, 22.1, 7.9, 60, 证析 
24863461, 22.9, 7.7, 81, 商业就是一场秀 
1055881, 30.9, 7.4, 545, 你的降落伞是什么颜色？ 
