Tag: 经典 

ID, Score, Rating, Votes, Title 
6082808, 76.7, 9.2, 93697, 百年孤独 
26698660, 60.4, 9.0, 10881, 巨人的陨落 
26889848, 37.2, 9.1, 282, 山海经全译 
2326403, 57.9, 8.9, 8433, 认识电影 
3162991, 60.7, 9.6, 5199, 艺术的故事 
1032501, 57.8, 8.7, 11246, 心理学与生活 
1008145, 77.4, 8.9, 179338, 围城 
1007305, 81.4, 9.5, 112466, 红楼梦 
1200840, 74.4, 9.0, 93681, 平凡的世界（全三部） 
6781808, 59.2, 9.2, 6914, 杀死一只知更鸟 
1084336, 79.7, 9.0, 211092, 小王子 
26924424, 29.9, 9.2, 87, 喜欢我也没关系 
1068920, 76.2, 9.3, 73176, 飘（上下） 
2035162, 65.1, 9.0, 22358, 刀锋 
26872990, 37.8, 7.9, 1093, 余生，请多指教 
1003479, 65.7, 9.1, 21170, 中国历代政治得失 
1046492, 61.9, 9.3, 8998, 國史大綱（上下） 
1028842, 60.3, 9.0, 10753, 经济学原理（上下） 
1092168, 51.0, 9.1, 2253, 追忆似水年华（上下册） 
1829226, 69.1, 9.1, 35254, 肖申克的救赎 
1102715, 57.1, 9.1, 5752, 从一到无穷大 
1089243, 68.4, 8.8, 52313, 黄金时代 
1090043, 68.0, 8.5, 82932, 倾城之恋 
26853835, 45.5, 8.8, 1379, 丝绸之路 
1004821, 58.6, 8.7, 12774, 理想国 
1261560, 56.2, 9.0, 5715, 国富论 
5363767, 75.1, 9.2, 73701, 三体Ⅲ 
1077847, 65.8, 9.5, 12165, 史记（全十册） 
1148282, 51.9, 9.5, 1659, 计算机程序的构造和解释 
1400705, 63.1, 8.1, 78881, 情人 
2154960, 65.5, 8.7, 38516, 一个陌生女人的来信 
6789605, 58.9, 9.0, 8665, 树上的男爵 
1077528, 57.6, 8.9, 8046, 通往奴役之路 
1085860, 69.0, 8.9, 48345, 基督山伯爵 
1086249, 62.9, 8.6, 30292, 荆棘鸟 
1088581, 60.8, 8.9, 13377, 浮生六记 
1795079, 60.0, 9.2, 7724, 乡土中国 
1083428, 71.1, 8.8, 80150, 傲慢与偏见 
1062343, 57.9, 9.2, 5701, 昨日的世界 
1225977, 59.7, 8.9, 11195, 全球通史（第7版 上册） 
1057244, 67.5, 8.6, 63768, 边城 
5346110, 52.5, 9.0, 3209, 穷查理宝典 
1440972, 58.8, 9.1, 7386, 博尔赫斯小说集 
1082334, 64.2, 8.3, 64580, 穆斯林的葬礼 
1456311, 39.9, 8.5, 770, Of Mice and Men 
1203426, 62.2, 9.0, 14248, 人间词话 
1008988, 60.1, 8.3, 31798, 了不起的盖茨比 
1059258, 63.4, 9.4, 9723, 道德经 
3143537, 48.6, 9.3, 1276, 津巴多普通心理学 
1322025, 56.7, 8.8, 8079, 卓有成效的管理者 
1082387, 67.6, 9.2, 23974, 一九八四·动物农场 
1007433, 56.4, 8.1, 23514, 红与黑 
1258490, 61.9, 9.2, 10234, 基地 
1040211, 72.1, 9.2, 46823, 福尔摩斯探案全集（上中下） 
1394364, 60.0, 8.8, 13700, 银河系漫游指南 
1277981, 56.7, 8.8, 8052, 社会契约论 
1092335, 62.0, 8.9, 16012, 教父 
2052049, 52.9, 9.0, 3449, 海伯利安 
1141406, 69.2, 8.5, 101520, 简爱 
1013469, 51.2, 8.6, 4419, 战争与和平（全四册） 
2060491, 45.0, 8.9, 1135, 逻辑学导论 
1119839, 61.4, 9.1, 11009, 王尔德童话 
1885170, 58.1, 9.4, 4547, 算法导论（原书第2版） 
1216737, 50.8, 8.9, 2780, 纯粹理性批判 
1292416, 61.1, 8.5, 26372, 香水 
1082584, 55.2, 8.6, 8469, 追忆似水年华 Ⅰ 
1465324, 56.4, 7.7, 51200, 洛丽塔 
1205054, 65.0, 8.9, 25713, 悲惨世界（上中下） 
1139336, 56.6, 9.4, 3629, C程序设计语言 
1082518, 58.2, 7.9, 47914, 麦田里的守望者 
1014278, 61.9, 8.4, 36287, 红玫瑰与白玫瑰 
1147193, 51.1, 9.0, 2589, 世说新语 
1119522, 64.3, 8.4, 54293, 呼啸山庄 
2302217, 49.4, 8.8, 2529, 阿特拉斯耸耸肩（上下） 
1013225, 58.3, 8.3, 23332, 生活在别处 
1760432, 54.4, 9.2, 3355, 受戒 
1803022, 61.4, 9.0, 12719, 圣经 
1022632, 55.3, 8.7, 7465, 罪与罚 
1038196, 47.6, 8.4, 3172, 尤利西斯 
1474773, 70.9, 9.5, 25228, 海贼王 
1255625, 71.8, 9.1, 53324, 天龙八部 
1187842, 55.2, 9.0, 4881, 你一生的故事 
1004699, 53.7, 8.9, 4440, 作为意志和表象的世界 
1083477, 49.9, 7.8, 12203, 包法利夫人 
26825412, 23.4, 9.2, 33, 认识乐理 
24382569, 55.4, 8.6, 8793, 一桩事先张扬的凶杀案 
19952400, 41.2, 9.4, 390, 算法（第4版） 
1322455, 56.0, 8.8, 7231, 遥远的救世主 
1949420, 57.5, 9.3, 4696, 孙子兵法 
1433163, 31.2, 8.9, 131, 星·雪·火 
1014561, 59.7, 9.0, 9755, 古文观止 
1449351, 65.8, 8.8, 34495, 呐喊 
1066165, 56.4, 9.3, 4019, 卡尔维诺文集（第三卷） 
1139360, 49.7, 9.1, 1877, 毛泽东选集 第一卷 
1064275, 62.8, 8.3, 50177, 老人与海 
2130190, 51.9, 9.1, 2589, Java编程思想 （第4版） 
6518605, 55.5, 9.3, 3525, 三体全集 
26435630, 41.1, 9.4, 386, 经济学原理(第7版):微观经济学分册+宏观经济学分册(套装共2册) 
1437852, 50.7, 9.5, 1404, 费恩曼物理学讲义（第1卷） 
3284547, 44.2, 9.0, 904, 文心 
2046236, 57.5, 9.3, 4696, 庄子 
1400195, 49.6, 8.7, 2981, 论自由 
1021273, 57.8, 8.8, 9708, 中国哲学简史 
1058661, 63.6, 8.8, 24280, 飞鸟集 
2747765, 48.5, 8.9, 1947, 中国古代文化常识 
25844463, 36.2, 8.8, 314, 摩根财团 
1013378, 46.4, 8.8, 1579, 证券分析 
1012032, 54.3, 8.6, 7376, 查拉图斯特拉如是说 
1457028, 47.8, 8.9, 1746, 管理的实践 
26610864, 40.7, 8.2, 1260, 浮生六记 
1859108, 50.9, 8.8, 3251, 白痴 
3017857, 61.2, 8.5, 26823, 金锁记 
1186392, 56.3, 8.7, 8777, 约翰·克利斯朵夫 
1442720, 55.1, 9.4, 2941, 鲁迅全集（2005最新修订版） 
3673771, 53.0, 9.0, 3452, 项塔兰 
1020961, 58.3, 8.7, 12069, 棋王 
1049957, 50.9, 8.6, 4225, 浮士德 
1292412, 49.3, 9.1, 1760, 叔本华思想随笔 
1063401, 44.5, 8.4, 1888, 精灵宝钻 
1870268, 49.8, 8.7, 3089, 美国大城市的死与生（纪念版） 
1072295, 55.3, 9.3, 3382, 資治通鑑（全二十冊） 
1469878, 47.6, 8.6, 2440, 日瓦戈医生 
10740958, 37.3, 8.8, 370, 剑桥中国史（全十册） 
1433411, 50.5, 8.8, 3025, 新教伦理与资本主义精神 
25923082, 28.5, 9.3, 66, 万物运转的秘密 
3055719, 48.4, 8.7, 2472, 经济学的思维方式（第11版） 
1391191, 59.8, 8.5, 21423, 京华烟云 
1073349, 55.5, 8.8, 6694, 写在人生边上 人生边上的边上 石语 
1085021, 50.2, 8.2, 6680, 蝴蝶梦 
1006113, 50.4, 7.8, 13594, 源氏物语 
1964774, 57.5, 9.0, 6902, 论语 
1051193, 62.6, 8.6, 28438, 麦琪的礼物 
6097966, 49.5, 8.1, 6952, 发条橙 
1005521, 56.7, 8.1, 24791, 伊豆的舞女 
1150503, 46.9, 9.0, 1360, 资本论（第一卷） 
1213546, 57.4, 8.3, 20027, 变形记 
1061242, 53.6, 8.8, 4967, 写在人生边上 
1201821, 50.9, 8.0, 10485, 梦的解析 
1022318, 46.4, 8.7, 1776, 爱弥儿 
1069059, 51.9, 8.1, 10546, 雪国 
1254942, 46.7, 9.2, 1064, 黄帝内经 
1007772, 53.9, 8.2, 12711, 双城记 
20279665, 43.4, 9.2, 655, “太空漫游”四部曲 
1073744, 53.9, 9.0, 3970, 四世同堂（上下） 
1788421, 52.6, 9.4, 2036, UNIX环境高级编程 
1028268, 47.0, 8.8, 1726, 正义论 
26856953, 33.2, 7.7, 588, 夏目友人帐 
1082593, 48.8, 9.1, 1621, 经济学 
6797396, 47.9, 8.5, 2956, 焚舟纪 
1024197, 61.3, 8.3, 39165, 巴黎圣母院 
26647054, 50.7, 9.2, 1939, 小王子（纯美珍藏绘本） 
1002299, 68.9, 8.9, 47730, 笑傲江湖（全四册） 
2243615, 51.6, 9.2, 2211, Head First 设计模式（中文版） 
1088054, 50.1, 9.2, 1758, TCP/IP详解 卷1：协议 
26591906, 41.2, 8.3, 1208, 浮生梦 
1192090, 62.6, 8.7, 24094, 球状闪电 
1767741, 55.7, 9.2, 4050, C++ Primer 中文版（第 4 版） 
2005726, 46.6, 8.7, 1825, 货币金融学 
1088065, 62.5, 8.6, 28141, 阿Q正传 
26923543, 13.2, 8.0, 11, 现代欧洲史（全6卷） 
1116367, 47.2, 8.7, 2018, 道德情操论 
1058679, 55.1, 8.7, 7243, 人·兽·鬼 
1013380, 60.0, 8.1, 45016, 茶花女 
1083089, 50.7, 9.3, 1737, 博尔赫斯全集 
3097539, 45.1, 8.9, 1146, 自由选择 
1240002, 48.7, 9.2, 1425, C Primer Plus 
1409704, 55.4, 8.9, 5758, 金刚经说什么 
1011754, 62.4, 8.9, 17157, 海子的诗 
1004992, 58.9, 8.8, 11461, 张爱玲文集 
1205370, 59.5, 8.1, 40898, 羊脂球 
1038292, 51.2, 8.6, 4406, 精神分析引论 
2340609, 53.1, 9.0, 3529, 2001太空漫游 
1783111, 49.9, 8.7, 3117, 存在与时间 
3803820, 56.5, 8.4, 14298, 人生 
24107596, 42.9, 8.0, 2445, 神经漫游者 
1203421, 42.2, 9.3, 497, 王阳明全集（全二册） 
1439441, 46.6, 8.9, 1454, 伯罗奔尼撒战争史 
26892962, 33.2, 9.9, 89, 声律启蒙：注音朗读版 
1277259, 45.5, 8.6, 1730, 社会学的想像力 
26896979, 29.7, 8.7, 121, 嫡谋 
3163104, 47.3, 9.3, 1045, 变化社会中的政治秩序 
1046209, 68.9, 9.1, 34407, 安徒生童话故事集 
1883353, 55.1, 8.8, 6312, 野性的呼唤 
1014578, 63.4, 9.0, 17227, 我的精神家园 
3360807, 46.1, 9.1, 1082, Effective java 中文版（第2版） 
1874411, 48.6, 8.5, 3307, 乞力马扎罗的雪 
26804200, 25.5, 8.7, 61, 希姆莱兄弟 
1231910, 46.6, 9.5, 781, 具体数学（英文版第2版） 
1321017, 61.9, 8.8, 18625, 九州·缥缈录 
1255624, 67.3, 8.8, 43386, 神雕侠侣 
1449352, 60.3, 8.6, 19613, 朝花夕拾 
26742636, 30.7, 9.0, 112, 鸟人 
1137246, 41.9, 8.6, 958, 就业、利息和货币通论 
10785583, 48.9, 8.2, 5343, 思考，快与慢 
1008094, 45.7, 9.3, 828, 春秋左傳注（全四冊） 
1087547, 42.4, 8.5, 1164, 理解媒介 
1608873, 46.1, 9.2, 968, 山海經 
1002898, 63.7, 9.1, 15607, 父与子全集 
26284463, 30.2, 9.0, 104, 皮特猫 
1425950, 40.3, 9.1, 450, 线性代数及其应用 
1931769, 39.4, 9.1, 390, 心理学 
1247769, 41.8, 8.6, 939, 家庭、私有制和国家的起源 
26915101, 24.2, 8.5, 56, 桃花尽处起长歌 
1056023, 50.1, 8.5, 4204, 鼠疫 
21346636, 53.3, 9.4, 2279, 三毛典藏全集 
1266269, 38.1, 8.1, 899, 建筑十书 
2170030, 39.1, 8.0, 1215, 白鲸 
3296317, 43.0, 9.1, 676, 编译原理 
11511232, 44.4, 8.9, 1028, 大师的盛宴 
1055234, 49.0, 8.5, 3513, 神曲（全三册） 
1013267, 61.7, 9.3, 8679, 唐诗三百首 
1204889, 70.5, 9.4, 27533, 机器猫哆啦A梦23 
1958714, 52.0, 8.7, 4380, 彼得·林奇的成功投资 
3260902, 43.6, 8.8, 1012, 智慧书 
1041128, 55.7, 8.5, 10719, 天蓝色的彼岸 
1033163, 49.2, 9.2, 1539, 老子注译及评介 
1825855, 44.0, 8.8, 1087, 荒原 
2999785, 40.6, 8.6, 782, 塔木德 
3327495, 40.9, 8.3, 1147, 万有引力之虹 
1002513, 46.5, 9.2, 1034, 詩經注析（全二冊） 
1807516, 61.5, 8.9, 14864, 罗杰疑案 
1140727, 57.6, 8.8, 9352, 安德的游戏 
1051943, 47.0, 9.1, 1236, 尼各马可伦理学 
2146279, 50.3, 9.0, 2304, 心灵的焦灼 
1913066, 38.1, 8.8, 425, 市场营销原理 
1064101, 41.8, 8.7, 841, 中国哲学史（上下） 
1393724, 50.4, 9.0, 2345, 楚辞 
25752043, 44.8, 8.7, 1377, 信息简史 
1005918, 51.5, 7.9, 13973, 堂吉诃德 
1020547, 47.7, 8.9, 1723, 论语新解 
4116629, 50.2, 8.9, 2535, 希区柯克悬念故事集 
1060025, 51.8, 8.8, 3744, 中国近代史 
2381950, 50.9, 8.8, 3226, 论摄影 
1019568, 72.8, 9.2, 52530, 三国演义（全二册） 
1393218, 52.4, 9.1, 2793, 大明宫词 
1011215, 52.7, 8.8, 4292, 论语别裁(上下) 
3043970, 41.1, 8.4, 1063, 漫步华尔街 
1174721, 45.6, 8.4, 2275, 丧钟为谁而鸣 
26918931, 19.3, 8.3, 28, 彼得兔 
1440146, 41.5, 9.0, 596, 给教师的建议 
10594787, 69.2, 8.9, 49903, 霍乱时期的爱情 
2130743, 40.4, 9.0, 501, 离散数学及其应用（原书第5版） 
1059040, 46.6, 8.6, 2092, 雅舍小品 
1089049, 48.9, 9.3, 1336, 莎士比亚全集（全8册） 
1159939, 60.0, 8.5, 21863, 一个陌生女子的来信 
26354200, 39.4, 8.9, 474, 华杉讲透孙子兵法 
1707158, 43.1, 9.4, 516, 微积分学教程（第一卷） 
3922162, 37.7, 8.2, 746, 认识商业 
1016827, 37.3, 9.1, 285, 阿西莫夫最新科学指南（上下册） 
24380079, 39.2, 8.5, 683, 怎样征服美丽少女 
1130500, 41.2, 9.3, 429, 计算机程序设计艺术（第1卷） 
26303520, 37.6, 9.0, 326, 婚姻的意义 
26883681, 29.2, 9.7, 58, 至简中国史 
1770782, 78.2, 8.8, 247520, 追风筝的人 
1005255, 43.1, 9.3, 568, 博尔赫斯文集 
1035478, 46.8, 8.6, 2142, 静静的顿河（全四册） 
1043815, 58.3, 8.2, 27899, 骆驼祥子 
3532347, 53.3, 9.5, 2019, 金庸全集 
3249247, 39.0, 8.9, 446, 高观点下的初等数学 
1809150, 43.0, 8.4, 1469, 公众舆论 
1012929, 36.0, 9.2, 217, 二十四史 
1491239, 48.2, 8.5, 3070, 吾国与吾民 
1507170, 46.9, 9.0, 1357, 外部空间设计 
1065977, 50.3, 8.6, 3833, 共产党宣言 
26878042, 23.0, 9.2, 31, 等待电影的日子 
1007459, 40.9, 8.5, 912, 怎样选择成长股 
1242927, 39.8, 9.7, 251, 英国文学名篇选注 
1083429, 48.6, 8.7, 2537, 爱伦·坡短篇小说集 
26266067, 35.6, 8.9, 262, 重返美丽新世界 
1451270, 49.1, 9.2, 1525, 纪伯伦诗集 
1044547, 66.2, 8.9, 31189, 射雕英雄传（全四册） 
1485625, 43.7, 9.1, 756, 瑜伽之光 
1274953, 41.6, 8.7, 824, 伦理学 
1071384, 41.0, 8.5, 933, 物种起源 
1818583, 50.5, 9.1, 2096, 斯·茨威格中短篇小说选 
26904479, 32.0, 8.1, 305, 余罪7 
3131626, 52.9, 9.0, 3416, 荒原狼 
1001136, 57.6, 8.8, 9337, 彼得·潘 
1255288, 52.5, 8.0, 13947, 复活 
1398395, 60.2, 8.6, 19293, 狂人日记 
1137244, 44.2, 9.1, 807, 判断力批判 
1399992, 49.2, 8.9, 2171, 天渊 
2032523, 42.7, 8.5, 1230, 失乐园 
2194123, 56.9, 8.4, 15401, 相约星期二 
2174410, 42.3, 8.2, 1659, 名利场 
1051659, 38.8, 8.9, 432, 我与你 
1036613, 54.6, 8.9, 5047, 茶馆 
1082150, 56.0, 8.3, 15654, 白银时代 
1331454, 41.5, 8.7, 801, 西方正典 
1027030, 43.1, 8.4, 1497, 常识 
1139980, 51.0, 9.3, 1797, 四書章句集注 
1212893, 64.2, 8.8, 26565, 鹿鼎记（全五册） 
1014144, 47.9, 8.3, 3881, 大卫·科波菲尔（上下） 
1170801, 57.4, 8.9, 7907, 泰戈尔诗集 
1005915, 46.1, 8.8, 1514, 艺术哲学 
26775412, 31.4, 8.9, 136, 最朴素的生活和最遥远的梦想 
2364762, 41.0, 8.7, 743, 唐璜（上下册） 
1006197, 56.8, 8.4, 15253, 哈姆莱特 
26672693, 48.5, 9.0, 1750, 一个叫欧维的男人决定去死 
2335844, 39.6, 9.1, 406, Margin of Safety 
1029553, 61.5, 8.7, 20375, 西游记（全二册） 
1221515, 71.3, 9.5, 26466, 灌篮高手31 
1315184, 45.6, 9.0, 1107, 哲学研究 
1043008, 65.5, 8.9, 27844, 格林童话全集 
1047138, 51.2, 7.7, 18971, 少年维特的烦恼 
1915958, 55.8, 9.2, 4149, 野草 
1051919, 48.9, 9.3, 1327, 庄子今注今译（全三册） 
1012637, 53.6, 8.2, 12219, 牛虻 
26852275, 37.8, 8.7, 446, 好妈妈胜过好老师2:自由的孩子最自觉 
1588297, 34.9, 9.0, 215, 统计学 
1049522, 51.6, 8.8, 3631, 西西弗的神话 
4149805, 51.4, 8.5, 5242, 了不起的盖茨比 
1223897, 41.8, 9.1, 562, 实践理性批判 
1042006, 40.3, 9.3, 377, 十九世纪文学主流（共六册） 
26825931, 27.1, 9.1, 61, 一曲终了 
1540211, 50.2, 9.4, 1445, 丁丁历险记（共22本） 
4820710, 69.6, 9.3, 28010, 1984 
26866300, 34.9, 9.1, 197, 光芒纪·微光 
1252057, 45.8, 8.9, 1273, 1844年经济学哲学手稿 
1083435, 50.0, 8.7, 3181, 契诃夫短篇小说选 
1427288, 54.8, 8.4, 10811, 小妇人 
1088805, 48.1, 9.1, 1456, 中国古典园林分析 
1840859, 49.8, 9.6, 1109, 心经 
1507315, 39.7, 9.0, 450, 自然哲学之数学原理 
1211972, 37.0, 8.5, 476, 博弈论 
1077196, 43.7, 8.6, 1288, 蒙田随笔全集（全三册） 
1082147, 49.9, 9.0, 2147, 热爱生命 
2218216, 58.8, 9.5, 4440, 金庸作品集 
25815890, 27.5, 9.8, 43, 费曼物理学讲义 第一卷 
3795033, 38.4, 9.0, 367, 数学天书中的证明 
1078250, 53.4, 8.2, 11682, 洗澡 
1013416, 59.7, 8.5, 20845, 雷雨 
1441980, 42.4, 9.0, 676, 特朗斯特罗姆诗全集 
26285194, 42.8, 9.1, 660, 故事新编 
3608235, 55.7, 8.5, 10822, 失物之书 
1005813, 43.9, 9.0, 855, 自由秩序原理 
1008357, 59.9, 8.5, 21603, 水浒传（全二册） 
1772786, 51.9, 8.6, 4954, 真名实姓 
1072334, 50.1, 8.5, 4226, 魔戒前传 
1076426, 44.0, 8.8, 1085, 世界美术名作二十讲 
1865765, 45.7, 8.5, 2019, 童年的终结 
1053759, 54.6, 8.3, 12175, 雪国 古都 
1449348, 58.6, 8.8, 10993, 彷徨 
1203251, 54.0, 8.1, 15457, 雾都孤儿 
3126411, 41.0, 8.9, 608, 与社会学同游 
1855231, 45.8, 8.6, 1809, 银河铁道之夜 
1066108, 48.9, 8.6, 3010, 易经杂说 
1400059, 51.7, 8.7, 4163, 心 
1417878, 48.4, 8.5, 3163, 里尔克诗选 
1911687, 42.5, 7.4, 5804, 厚黑学 
1013502, 54.0, 7.6, 39351, 钢铁是怎样炼成的 
1980436, 55.2, 8.7, 7343, 流言 
1083090, 37.8, 9.3, 260, 杨绛文集（共8卷） 
1108762, 52.6, 9.3, 2278, 诗经 
26896093, 12.9, 8.1, 10, 坐拥书城意未足 
1000517, 53.9, 8.8, 5174, 故事新编 
1021056, 48.1, 7.2, 27686, 谁动了我的奶酪？ 
1011228, 46.3, 8.3, 2948, 远大前程 
1173548, 39.4, 9.0, 427, 程序设计实践 
25723773, 30.5, 9.0, 109, 柏拉图对话录 
1070410, 45.9, 8.9, 1301, 柏拉图对话集 
1048047, 38.6, 8.5, 618, 风沙星辰 
1506961, 44.5, 8.4, 1879, 西行漫记 
1258489, 58.7, 9.3, 5572, 第二基地 
7061949, 27.8, 9.6, 50, 数学指南 
26847644, 29.1, 9.0, 88, 苏东坡传 
26914106, 15.6, 8.0, 17, 醉流年 
1076330, 47.9, 8.9, 1776, 奥狄浦斯王 
1734830, 45.7, 9.2, 923, 汪曾祺精选集 
1070851, 60.4, 8.5, 23513, 倚天屠龙记(共四册) 
1725606, 38.9, 8.9, 433, 几何原本 
1012189, 41.2, 8.9, 622, 柳林风声 
1160320, 40.9, 8.8, 658, 政治学 
26889498, 24.2, 8.9, 44, 小确幸不如大欢喜 
3518332, 56.5, 8.9, 6824, 绿毛水怪 
3187737, 58.0, 8.4, 18650, 占星术杀人魔法 
1035848, 58.9, 8.6, 15696, 一千零一夜 
1882915, 49.5, 8.9, 2268, 莎士比亚四大悲剧 
1052178, 44.3, 8.5, 1602, 走向新建筑 
5921802, 43.3, 7.6, 4845, 邮差总按两遍铃 
1489670, 48.5, 8.7, 2503, 老子他说 
6535063, 32.7, 9.8, 88, 堂吉诃德 
3345595, 44.8, 8.5, 1748, 猫城记 
1231590, 47.9, 9.2, 1270, Effective C++中文版 
1069805, 46.7, 8.7, 1873, 给青年的十二封信 
1021709, 49.4, 8.6, 3316, 桃花扇 
1091904, 46.6, 9.1, 1168, 丰饶之海（上下） 
1093078, 44.9, 9.1, 895, 古龙作品全集（全53卷） 
1430530, 48.6, 8.2, 5085, 汤姆叔叔的小屋 
1578504, 46.6, 8.7, 1824, 建筑学教程：设计原理 
3816895, 38.1, 8.1, 902, 雪崩 
1037148, 41.4, 8.9, 643, 社会分工论 
2381748, 50.7, 9.1, 2155, 金刚经 心经 坛经 
1082522, 54.1, 8.2, 13322, 家 
1029723, 46.0, 9.2, 965, 汉书（全十二册） 
1157145, 37.5, 8.7, 423, 建筑模式语言（上下） 
3012360, 45.3, 9.0, 1066, C和指针 
2032964, 47.3, 9.1, 1298, 正红旗下 
6851810, 34.8, 8.5, 331, 作家之旅 
1030200, 54.2, 8.9, 4758, 失落的一角遇见大圆满 
1011702, 47.0, 8.1, 4389, 廊桥遗梦 
2143016, 48.0, 9.1, 1437, 我，机器人 
26688714, 24.4, 8.0, 84, 记忆里，微笑的你 
3746915, 36.1, 9.6, 162, 资治通鉴 
1469028, 42.0, 9.4, 441, 文選（全六冊） 
2363834, 44.2, 8.8, 1117, 春秋大义 
1091086, 47.5, 9.1, 1334, 深度探索C++对象模型 
2010284, 46.8, 8.0, 4999, 春风沉醉的晚上 
26289739, 38.0, 8.0, 1006, 误入浮华 
26590893, 20.8, 8.5, 32, 论历史与故事 
3063888, 39.5, 8.5, 719, 我的广告生涯&amp;科学的广告 
2116353, 33.7, 9.3, 143, 不列颠百科全书（全20卷） 
26869237, 22.9, 9.3, 29, 人间词话 
3041463, 46.1, 8.3, 2820, 时间回旋 
1429901, 28.2, 9.2, 67, 财务会计教程 
1843508, 37.1, 9.1, 276, 管理：使命、责任、实务（实务篇） 
1264579, 56.4, 8.7, 8914, 欢乐英雄 
2110638, 36.6, 9.4, 201, 计算机组成与设计硬件/软件接口 
2042631, 40.7, 7.9, 1893, 弗兰肯斯坦 
4891108, 41.6, 8.4, 1154, 爱伦坡惊悚小说全集 
1400697, 37.6, 8.0, 939, 古兰经 
1448343, 37.3, 9.6, 190, 奈特人体解剖彩色图谱 
1017213, 39.3, 8.4, 777, 金融学 
26763167, 22.5, 8.1, 56, 狼的恩赐 
26836228, 24.4, 8.4, 62, 江山美人谋·终章 
1290969, 36.8, 8.8, 346, 民主主义与教育 
3874395, 35.9, 8.9, 272, 思想的力量 
1013488, 43.4, 9.0, 795, 论犯罪与刑罚 
1789444, 37.9, 8.4, 621, 第三次浪潮 
26866433, 18.5, 7.4, 44, 不期而遇的温暖 
1056164, 38.3, 9.0, 363, 慈禧全传(六卷八册) 
1455274, 42.4, 9.1, 615, 园冶注释(第二版) 
1205778, 35.8, 7.7, 972, 睡美人 
1083317, 41.4, 7.8, 2456, 北回归线 
1089512, 57.2, 8.6, 11796, 陆小凤传奇 
1219090, 46.7, 9.2, 1062, 沙与沫 
1230328, 33.8, 9.0, 182, 数学（第一卷） 
10829270, 33.5, 8.3, 322, 法的门前 
1921597, 45.8, 8.9, 1285, 大学·中庸 
1072015, 38.5, 9.1, 342, 人间喜剧 第一卷 
26878059, 26.6, 9.5, 45, 人若犯我（全二册） 
1781451, 40.7, 8.7, 715, JAVA 2核心技术 卷Ⅰ 
26921237, 18.3, 9.1, 16, 果壳里的一百五十九个宇宙 
1034922, 49.8, 8.9, 2398, 莎士比亚喜剧悲剧集 
1292322, 45.8, 8.2, 3101, 群星，我的归宿 
1082162, 56.4, 8.3, 16714, 第一炉香 
1427527, 37.9, 8.7, 454, 竞争优势 
4097264, 46.1, 9.0, 1198, 小兔彼得和他的朋友们（全3册） 
20537674, 32.0, 9.2, 118, 先知三部曲（全新插图修订本） 
24935031, 38.9, 9.3, 303, 战争与和平 
1389960, 67.0, 9.2, 22037, 七龍珠 34 
20428302, 51.8, 9.1, 2560, 失明症漫记 
2377310, 49.9, 9.2, 1709, C专家编程 
4909050, 25.1, 8.4, 70, 半轮黄日 
1258498, 56.9, 8.3, 18210, 项链 
1021977, 37.3, 8.0, 876, 思考致富 
26775411, 23.1, 8.6, 44, 祝，一切安好 
4908885, 64.3, 9.0, 19838, 局外人 
1051097, 43.4, 8.7, 1097, 我们时代的神经症人格 
2062557, 44.8, 9.1, 888, 地狱变 
26791537, 23.1, 8.2, 58, 心静的力量 
3843961, 45.2, 9.4, 698, 唐诗三百首 
1028409, 62.8, 9.4, 9001, 中国少年儿童百科全书（全四册） 
26897494, 29.4, 9.4, 71, 香初上舞 
1271212, 52.1, 8.8, 3931, 死者代言人 
1391510, 46.6, 9.2, 1048, 机器人短篇全集（上下） 
25776301, 25.4, 9.1, 47, 我们的经典 
1433572, 49.0, 9.2, 1508, 随风而来的玛丽阿姨 
1042168, 46.7, 8.4, 2725, 李尔王 
2893591, 37.5, 8.5, 518, King, Warrior, Magician, Lover 
1119528, 49.1, 7.9, 8858, 高老头 
1032431, 51.8, 9.0, 2898, 卡尔维诺文集（第五卷） 
2050767, 49.8, 8.6, 3532, 绿野仙踪 
1467519, 54.3, 9.8, 1689, 世界童话名著连环画 
26534892, 29.7, 8.2, 182, 未来的序曲 
2301377, 44.1, 9.2, 720, 玛法达 
3269798, 33.4, 9.6, 111, 量子力学 
26773323, 35.5, 9.1, 218, 莫泊桑短篇小说精选 
7055441, 51.5, 8.9, 3100, 罗马人的故事1 
1098639, 39.5, 8.3, 915, 纯真年代 
1002562, 36.9, 8.7, 386, 论道德的谱系 善恶之彼岸 
1123668, 33.5, 7.8, 551, 圣诞欢歌 
26358383, 21.4, 9.0, 27, 艺术史 
1083434, 49.7, 8.6, 3459, 莫泊桑短篇小说选 
23238604, 30.8, 9.4, 87, 莎士比亚悲剧喜剧全集·朱生豪译（全5册） 
1465419, 39.3, 8.5, 702, 资本主义与自由 
26394906, 28.0, 8.0, 164, 凤囚凰 漫画壹 
2059252, 38.8, 9.5, 256, 力学 
1012561, 53.4, 8.6, 6290, 上下五千年 
1052360, 50.7, 8.9, 2756, 卡尔维诺文集（第四卷） 
1052828, 53.6, 8.4, 8756, 玩笑 
25848086, 19.0, 8.4, 25, 春秋左传精读 
26791320, 32.3, 8.5, 219, 哇，历史原来可以这样学1 
1212488, 53.4, 8.3, 9958, 罗密欧与朱丽叶 
24283160, 44.7, 8.7, 1343, 间客 
1096216, 37.4, 8.8, 376, C++语言的设计和演化 
1683152, 43.0, 9.6, 427, 费恩曼物理学讲义 第3卷 
26586598, 26.0, 8.8, 62, 性能之巅 
1550704, 39.5, 9.2, 362, 法律思维与民法实例 
2263077, 54.5, 9.3, 3044, 福尔摩斯探案集（一） 
1124895, 43.6, 9.0, 819, 中国古代建筑史 
2267883, 50.5, 7.9, 11626, 色，戒 
1034653, 42.8, 8.8, 898, 國學概論 
1018881, 39.6, 9.0, 441, 穆旦诗全集 
1578609, 51.8, 8.9, 3292, 张爱玲作品集 
1474736, 48.0, 9.0, 1603, 鲁迅杂文全集 
1031354, 40.9, 8.0, 1705, 死魂灵 
1873569, 49.3, 9.3, 1413, 郑渊洁童话全集(33卷) 
26383997, 40.7, 9.1, 477, 天国降临 
2036573, 37.1, 7.6, 1447, 儿子与情人 
1597252, 33.8, 9.2, 155, 二十四史全译1-88 
4902836, 37.5, 8.7, 422, 王小波小说全集：白银时代 2010 黑铁时代 
21354012, 24.1, 8.9, 43, 何藩 昨日香港 
26782682, 15.3, 7.7, 19, 世界之道 
1015398, 48.0, 8.8, 2039, 卡尔维诺文集（第二卷） 
1031741, 53.4, 7.8, 23696, 欧也妮·葛朗台 
26710589, 26.4, 8.4, 88, 落花生 
1918325, 31.7, 8.6, 181, 荒凉山庄 
26919794, 29.3, 10.0, 50, 现在就是最好的时光 
23780616, 31.8, 8.7, 169, 一个悲观主义者的积极思考 
1009043, 47.4, 8.4, 3099, 日出 
1870212, 39.5, 9.0, 438, 宗教生活的基本形式 
1125026, 42.0, 9.0, 642, 毛泽东选集 第二卷 
26847649, 21.0, 9.4, 21, 京华烟云：全2册 
1765512, 60.1, 9.1, 9053, 海的女儿 
1281343, 35.6, 9.3, 187, 微积分和数学分析引论（第一卷） 
25733467, 44.3, 9.1, 826, V字仇杀队 
2127498, 41.3, 9.4, 399, 罗念生全集：第二卷：埃斯库罗斯悲剧三种、索福克勒斯悲剧四种 
1430657, 43.6, 9.3, 611, 卡夫卡全集（全10卷） 
1075540, 39.3, 8.8, 510, 拉奥孔 
25900181, 26.9, 8.9, 67, 宝宝圣经：怀孕·分娩·育婴图解大百科（白金修订版） 
2009914, 41.7, 8.8, 754, 为权利而斗争 
2185235, 36.5, 8.5, 442, 历史是什么? 
1045934, 37.9, 8.7, 452, 幻灭 
2173262, 48.8, 8.3, 4494, 假如明天来临 
26847843, 22.7, 8.0, 62, 等待提拉米苏 
25851002, 42.5, 8.1, 1971, 世界微尘里 
1496360, 43.6, 8.1, 2400, 建筑空间组合论 
1062827, 39.5, 9.1, 398, 信号与系统 
2308234, 37.0, 8.5, 480, CSS权威指南（第三版） 
3788397, 39.5, 8.5, 721, 豺狼的日子 
26261036, 29.0, 9.6, 59, 生命之灵 
3268399, 56.4, 8.5, 12058, 上海堡垒 
1444077, 48.3, 9.2, 1359, 汪曾祺小说经典 
2064688, 41.4, 8.3, 1252, 异乡异客 
1370274, 57.5, 9.2, 5348, Level E 
1027587, 46.3, 8.6, 1967, 恶之花 巴黎的忧郁 
1954037, 33.0, 9.5, 112, 计算机体系结构 
1082601, 39.2, 7.6, 2165, 羊皮卷 
1276771, 37.7, 8.1, 843, 政府论（上篇） 
4201181, 24.1, 8.0, 80, 空钓寒江 
10775812, 31.9, 8.4, 222, 远行 
1257294, 45.6, 9.2, 908, 传奇 
3406939, 31.4, 9.0, 126, 编程精粹 
10566123, 29.6, 8.4, 152, 山海经 
1024468, 47.0, 9.0, 1375, 金锁记 
26891167, 18.0, 8.5, 20, 红楼梦圆 
6006497, 39.2, 8.6, 616, 诸神的微笑 
1778062, 34.7, 8.9, 228, 荣格文集 
2266772, 36.9, 9.1, 270, 绿色童话 
25929667, 36.7, 7.7, 1160, 你是我学生又怎样 
6820487, 32.0, 9.3, 111, 合同法总论 
19986372, 43.8, 8.7, 1171, 沉默的大多数 
6060435, 28.2, 9.6, 53, 开明英文文法 
2064814, 40.6, 8.2, 1235, 毛主席语录 
1107841, 46.4, 9.0, 1254, 战国策 
3119865, 27.9, 9.5, 54, 物理学的概念与文化素养 
3673670, 46.7, 8.2, 3612, 怨女 
1025721, 50.3, 8.6, 3833, 新概念英语（2） 
2161691, 49.0, 8.3, 4650, 伊索寓言 
26281301, 24.4, 8.8, 48, 和繁重的工作一起修行 
1037121, 38.8, 9.3, 301, 寒柳堂集 
26304954, 28.9, 9.5, 62, 存在主义心理治疗 
1027002, 41.9, 8.6, 964, 被欺凌与被侮辱的 
3117249, 40.9, 9.0, 542, 华夏美学·美学四讲 
1398461, 43.0, 8.7, 1029, 梁实秋散文 
4275052, 36.2, 8.1, 643, 九型人格 
1076598, 47.4, 8.7, 2102, 宋诗选注 
1961174, 36.4, 8.9, 293, 数理经济学的基本方法 
1878495, 40.2, 8.6, 729, 拜伦诗选 
1499645, 33.0, 9.5, 111, Essays of E. B. White 
20429355, 26.6, 9.3, 50, 意大利面制作大全 
1419377, 32.4, 9.3, 117, 利息理论 
26688712, 21.4, 7.3, 86, 他站在夏花绚烂里 
1477390, 54.9, 9.3, 3199, 代码大全（第2版） 
26769766, 17.0, 8.0, 22, 开封奇谈.3 
1020427, 33.5, 8.6, 244, 爱与意志 
1161117, 35.0, 8.2, 466, 股市趋势技术分析 
26832468, 20.0, 8.5, 28, Go语言学习笔记 
1580461, 40.3, 8.8, 602, 园林景观设计：从概念到形式 
26043287, 37.9, 8.0, 989, 我的拖延症女友 
2282946, 43.1, 7.8, 3388, 直面内心的恐惧 
1949061, 36.5, 8.6, 400, 不合时宜的沉思 
1929984, 34.8, 8.4, 367, 数据库系统概念 
1275195, 23.4, 8.8, 41, 恶 
1467587, 49.2, 9.0, 1951, UNIX编程艺术 
1464241, 39.1, 9.4, 289, Louis I. Kahn 
1287865, 52.1, 9.4, 1909, 老子 
19977973, 27.7, 8.8, 81, 空间·时间·建筑 
1885262, 45.1, 8.6, 1619, 笑面人 
24887735, 22.3, 9.6, 23, 和平与战争 
1006770, 44.4, 8.4, 1858, 卡尔维诺文集（第一卷 上下） 
1792474, 41.1, 9.1, 505, 易卜生戏剧集（三卷） 
4259311, 33.8, 9.3, 144, 章太炎说文解字授课笔记 
1051314, 42.2, 9.0, 656, 钢琴师 
1496384, 42.4, 8.2, 1694, 图解思考 
5394453, 37.6, 9.0, 323, 历史是造物主写的小说 第一部 
1456692, 49.0, 8.5, 3547, 金瓶梅 
25789686, 38.2, 8.3, 722, 相遇 
1081422, 53.7, 8.9, 4401, 卡夫卡小说全集（全三册） 
1852515, 33.9, 9.1, 169, 计算理论导引 
1230413, 54.6, 9.5, 2436, 深入理解计算机系统 
1086444, 37.9, 7.5, 1959, 沉沦 
2354969, 46.9, 8.2, 3723, 衣香鬓影 
1052241, 51.6, 9.1, 2467, 设计模式 
1430909, 55.0, 8.6, 8209, 昆仑1 
1858513, 70.6, 8.9, 61349, 月亮和六便士 
26579966, 37.4, 8.6, 460, 医生的修炼 
1023494, 28.9, 7.8, 235, 罗马史（第一卷） 
26883132, 31.9, 8.9, 147, 英格兰简史 
24736899, 47.9, 8.0, 6113, 雪国 
25880067, 34.7, 7.5, 1023, 安珀志1：安珀九王子 
1085799, 63.8, 8.6, 35100, 白鹿原 
1419432, 34.4, 8.0, 525, 熵：一种新的世界观 
25828065, 32.4, 8.6, 203, 中国政治二千年 
7015176, 28.9, 8.0, 192, 管理的常识 
2135227, 37.3, 8.4, 560, 一个数学家的辩白 
1211572, 44.6, 9.7, 487, 世界文学名著连环画 欧美部分（全十册） 
26775414, 31.3, 8.9, 134, 茶，汤和好天气 
1500149, 46.5, 9.4, 841, UNIX网络编程 
5392437, 33.3, 9.2, 144, 魏晋南北朝隋唐史三论 
1486619, 43.9, 8.3, 1945, 阁楼上的光 
1211267, 47.5, 8.5, 2739, 阿甘正传 
26328513, 27.7, 7.7, 207, 零伯爵 
6425061, 52.9, 8.6, 5824, 哲学家们都干了些什么？ 
26745030, 38.1, 8.8, 426, 陌生女人的来信 
24944340, 38.7, 8.5, 633, 尤比克 
1084385, 35.1, 9.1, 205, 川端康成小说经典（全三册） 
3091122, 49.6, 9.0, 2051, 百鬼夜行抄1 [東立] 
1139881, 44.9, 8.7, 1407, 微观经济学 
26743413, 19.5, 7.0, 77, 恋爱这件小事 
1856494, 59.5, 9.3, 6325, 卡拉马佐夫兄弟 
1626467, 33.2, 9.3, 132, 民法学说与判例研究 
10773248, 33.0, 8.6, 223, 无条件养育 
3117247, 42.1, 9.0, 652, 中国古代思想史论 
26919754, 24.0, 9.1, 38, 当下的你，最好的你 
1016930, 45.1, 9.0, 1039, 论法的精神（上） 
25836383, 25.4, 7.7, 132, 真相 
1074364, 37.7, 8.9, 361, 哲学史讲演录(第一卷) 
26828061, 20.9, 8.9, 26, 遗忘在乡下的植物 
1489494, 48.3, 8.5, 3116, 人与永恒 
25779152, 38.1, 8.3, 707, 超级符号就是超级创意 
1849409, 48.5, 9.1, 1565, 易经 
3007268, 48.0, 9.3, 1170, 传习录 
26318808, 36.3, 7.5, 1430, 我的脖子让我很不爽 
1083882, 44.2, 8.5, 1582, 白先勇经典作品 
3722967, 42.1, 8.3, 1421, 人生十论 
14439405, 40.8, 8.9, 583, 哲学的故事 
1883991, 55.4, 9.3, 3462, 王小波全集 
26779398, 20.8, 9.7, 18, WKW 
26895865, 16.4, 8.4, 16, 线下社交：网络之外，才是真正属于你的圈子 
1055128, 51.1, 9.0, 2584, 传奇(上下) 
1425636, 48.5, 8.7, 2478, 杯雪·夜雨打金荷 
4169488, 32.2, 7.7, 488, 思维导图系列丛书（全五册） 
1006967, 52.5, 9.3, 2241, 宋词三百首 
21268040, 26.8, 8.8, 70, 竞逐富强 
3707886, 46.1, 9.0, 1204, 中国通史 
1089511, 45.1, 7.6, 6942, 三少爷的剑 
3852290, 40.5, 9.0, 508, 现代操作系统（第3版） 
4733982, 28.6, 8.3, 138, 轴心时代 
1394250, 43.4, 8.8, 981, 荒原 
10763915, 25.7, 8.5, 72, 情人的礼物 
26673156, 30.1, 7.8, 295, 关于山本耀司的一切 
26812051, 17.0, 8.5, 17, 假如海洋空荡荡 
24541955, 43.5, 8.0, 2739, 史玉柱自述 
7064370, 50.1, 9.2, 1755, 罗马人的故事2 
6718052, 27.7, 8.2, 130, 从“为什么”开始 
1468426, 46.6, 8.7, 1846, 利维坦 
1865089, 58.1, 8.4, 19068, 瓦尔登湖 
1033843, 48.7, 8.7, 2562, 张看（上下） 
1212469, 50.7, 8.9, 2750, 荷马史诗·伊利亚特 
1254588, 63.8, 8.9, 21251, 城南旧事 
2115906, 40.3, 9.1, 448, 周易译注（全二册） 
10488580, 35.3, 9.0, 229, 鬼谷子 
2271222, 40.4, 9.1, 456, 鬼谷子（第二版） 
25793582, 23.6, 8.6, 48, 羞耻与必然性 
4201552, 33.8, 7.8, 586, 用户体验草图设计 
1087767, 37.8, 9.1, 307, TCP/IP详解 卷2：实现 
5907515, 34.9, 8.3, 408, 浮云 
26268737, 28.0, 8.2, 137, 西尔斯橙色亲子课 
3864464, 35.8, 8.3, 479, 我愛過，所以我活過 
26639786, 36.6, 8.1, 686, 舍得，舍不得 
1110934, 43.4, 8.7, 1100, STL源码剖析 
1060852, 59.8, 8.8, 13277, 呼兰河传 
26666471, 32.5, 7.6, 585, 夜空最亮的星 
1001013, 40.3, 8.8, 597, 杨绛散文 
26847177, 29.3, 8.9, 98, 猎魔人4：轻蔑时代 
1921589, 43.6, 8.9, 906, 周易 
4258923, 25.2, 9.0, 48, 穿越歧路花园 
26692318, 19.1, 8.0, 32, 荨麻开花 
1066957, 31.4, 8.1, 273, 罗织经 
1230095, 40.3, 9.4, 342, 数学分析原理 
6913349, 27.9, 7.1, 434, 巴黎女人的时尚经 
19894466, 31.9, 8.3, 243, 爱情笔记 
5406559, 50.3, 8.7, 3339, 鼠疫 
3117248, 36.0, 8.5, 404, 中国近代思想史论 
1077492, 50.7, 9.0, 2425, 大师和玛格丽特 
1048173, 45.4, 8.0, 3860, 忏悔录 
1179807, 42.1, 8.8, 803, 计算机网络 
3227098, 50.0, 9.2, 1734, 编程珠玑 
4279678, 35.9, 9.2, 213, C语言程序设计 
3092871, 36.9, 8.3, 580, 欧洲：一堂丰富的人文课 
1463225, 33.6, 8.4, 299, 快乐之道-游戏设计的黄金法则 
26931701, 34.0, 9.2, 160, 长安十二时辰 
25843055, 34.8, 9.1, 194, 花花朵朵坛坛罐罐 
1397467, 45.5, 7.9, 4551, 理智与情感 
5913475, 42.1, 8.2, 1615, 高难度谈话 
10734881, 38.5, 9.1, 339, 曾文正公嘉言钞 
1254731, 55.6, 8.8, 6855, 欧·亨利短篇小说选 
1077778, 49.9, 8.1, 7361, 爱的教育 
26426513, 17.1, 7.8, 25, 蓝领，白领，无领 
3465962, 38.6, 8.9, 417, 素书 
25826936, 52.0, 9.5, 1692, 冰与火之歌 
2201479, 40.3, 9.4, 344, 概率论与数理统计 
1484018, 35.7, 8.9, 263, 中兴百货广告作品全集 
1098643, 53.4, 8.7, 5476, 聊斋志异 
1060774, 56.1, 8.7, 8565, 君主论 
1286547, 51.5, 8.6, 4645, 菜根谭 
1082154, 77.2, 9.1, 119710, 活着 
1959134, 36.4, 8.1, 664, 中国皇帝的五种命运 
26584140, 24.8, 8.1, 84, 民国清流1 
1012117, 45.9, 8.2, 3142, 仲夏夜之梦 
4311472, 42.2, 8.4, 1272, 后来的事 
1454687, 48.7, 9.0, 1784, 政府论（下篇） 
1373788, 40.3, 8.2, 1180, 玩偶之家 
1491153, 47.7, 8.7, 2195, 曾国藩家书 
2036561, 51.1, 8.4, 5789, 城堡 
1000888, 50.1, 9.0, 2214, 論語譯註 
26221734, 22.5, 7.6, 83, 维他命F 
26394467, 26.3, 7.0, 345, 就像没有明天那样去生活 
26716260, 33.0, 8.2, 329, 中国文学史 
1185912, 39.4, 8.4, 797, 变形记 
10555486, 52.3, 8.7, 4591, 分成两半的子爵 
1391207, 40.6, 8.8, 627, 计算机网络（第4版） 
26827391, 25.0, 8.6, 60, 如何应对愤怒的公众 
1827374, 67.5, 9.0, 32388, 东方快车谋杀案 
3425159, 31.1, 9.3, 97, 数学的统一性 
2254615, 46.7, 8.9, 1470, 西线无战事 
1774227, 52.5, 9.6, 1620, 脂砚斋重评石头记庚辰校本 
1071821, 46.2, 8.1, 3826, 你不可不知的人性 
6801878, 27.9, 9.1, 69, 宇宙密码 
26857095, 39.9, 8.7, 622, 只因暮色难寻 
1010898, 46.1, 7.6, 8378, 格列佛游记 
2042629, 48.9, 8.7, 2684, 九三年 
11612052, 29.2, 8.3, 154, 路边野餐 
1854151, 44.6, 9.2, 780, 金圣叹批评本水浒传 
10830940, 31.1, 9.0, 120, 法式西餐制作大全 
3261600, 58.6, 9.3, 5562, 人生的智慧 
4212812, 49.7, 8.7, 3017, 紫川（全五册） 
1690728, 41.3, 8.8, 701, 沈从文精选集 
1912993, 44.2, 9.2, 728, 海蒂 
26689989, 41.4, 8.0, 1874, 余罪2 
1963684, 63.4, 8.6, 32733, 半生缘 
3263006, 45.1, 8.8, 1293, 飞越疯人院 
26910362, 19.8, 9.0, 21, 此刻花开 
1212486, 40.7, 8.5, 887, 马克·吐温中短篇小说选 
4843454, 41.9, 9.2, 518, 坛经 
1916533, 40.4, 8.8, 609, 毛泽东选集 第五卷 
26835556, 13.7, 8.0, 12, 生死民主 
1873900, 49.5, 8.6, 3356, 变形记 
26264967, 50.6, 8.3, 6099, 神们自己 
3368865, 45.2, 9.3, 765, 老子道德经注校释 
20392523, 55.4, 8.5, 10294, 没有人给他写信的上校 
1895965, 36.9, 8.6, 427, 鬼谷子 
1085470, 58.0, 8.4, 18495, 海底两万里 
1039389, 53.9, 9.0, 3965, 新概念英语3 
4924165, 39.2, 9.5, 269, CLR via C# 
1971678, 41.2, 9.3, 430, 国家间政治 
6403593, 49.6, 8.6, 3382, 时寒冰说 
1449168, 27.9, 9.1, 69, Photoshop设计师圣经 
26110579, 40.5, 7.6, 2829, 暗店街 
1066217, 32.6, 7.8, 467, 坎特伯雷故事 
1025808, 37.3, 8.5, 497, 梦溪笔谈 
1017143, 70.6, 8.5, 129832, 不能承受的生命之轻 
11636270, 30.1, 8.4, 165, 最简单的小户型收纳整理术 
6744648, 44.0, 8.8, 1081, 与拉玛相会 
3674537, 68.2, 9.1, 30687, 明朝那些事儿（1-9） 
1837654, 45.7, 8.7, 1577, 审判 
1229923, 49.2, 9.0, 1924, 重构 
26805297, 33.7, 7.5, 848, 我必须恋爱的理由 
1317853, 31.6, 8.8, 151, 斯特林堡文集（全五册） 
26470077, 29.4, 9.1, 86, 西尔斯亲密育儿练习手册 
4822685, 48.9, 9.2, 1479, 编码 
1016631, 51.1, 8.5, 5037, 西厢记 
3381387, 36.9, 8.9, 319, 论持久战 
1291204, 57.0, 9.4, 3872, 哥德尔、艾舍尔、巴赫 
25776456, 40.8, 8.7, 716, 老味道 
1152111, 46.4, 8.6, 2007, 程序员修炼之道 
1437488, 42.3, 9.2, 552, 群魔 
1883349, 42.4, 8.3, 1495, 永别了，武器 
25829693, 59.5, 9.0, 9397, 永恒的终结 
26793124, 24.0, 9.0, 40, 区线与环线 
2036569, 41.0, 8.2, 1321, 愤怒的葡萄 
1006624, 41.4, 8.4, 1115, 孟子譯注 
1044446, 54.1, 8.7, 6170, 在黑暗的河流上 
10945834, 48.8, 9.4, 1184, 蝙蝠侠：黑暗骑士归来 
1002958, 38.9, 8.7, 528, 战争论（全三卷） 
3111282, 26.5, 8.7, 72, 世界的逻辑构造 
2035179, 68.6, 9.2, 28035, 动物农场 
1707050, 43.1, 9.1, 690, 狭义与广义相对论浅说 
3066477, 75.1, 9.2, 74247, 三体Ⅱ 
1761114, 35.6, 8.9, 260, 物理学的进化 
1927487, 37.5, 7.7, 1354, 乌托邦 
20470849, 43.4, 8.3, 1768, 神的九十亿个名字 
1109968, 51.0, 8.8, 3271, 英雄志（全三册） 
10560798, 55.6, 8.7, 7895, 面纱 
1093098, 43.4, 7.8, 3578, 爱玛 
1881837, 40.0, 8.1, 1261, 三言二拍 
1039315, 40.7, 9.2, 432, 楚辭補注 
1051714, 47.8, 8.2, 4411, 等待戈多 
3006581, 66.1, 8.9, 30630, 无人生还 
1054762, 34.6, 9.0, 206, 实践与反思 
1317899, 47.6, 8.1, 4955, 生死场 
1779243, 44.2, 8.9, 999, 摄影构图学 
4038615, 45.2, 9.3, 774, 阿加莎·克里斯蒂侦探推理“波洛”系列（全32册） 
2377241, 45.7, 9.6, 627, 世說新語箋疏（全三冊） 
3629804, 32.9, 9.3, 127, 概率论沉思录 
25985126, 44.2, 8.6, 1410, 迷宫中的将军 
1684863, 42.9, 9.5, 457, 费恩曼物理学讲义（第2卷） 
6789551, 52.1, 8.8, 3882, 不存在的骑士 
1077506, 30.8, 8.5, 170, 书写与差异（上下） 
2050779, 42.9, 8.3, 1639, 魔山 
10546125, 48.3, 9.3, 1209, JavaScript高级程序设计（第3版） 
1318126, 53.3, 8.4, 8437, 雪国 
1418058, 53.9, 9.1, 3505, 小径分岔的花园 
6781794, 54.3, 8.8, 5579, 过于喧嚣的孤独 
1467239, 51.9, 9.1, 2597, 铳梦 
1856025, 56.9, 8.9, 7254, 道连·葛雷的画像 
1091964, 39.6, 9.0, 441, 路易·波拿巴的雾月十八日 
1076280, 43.7, 8.7, 1150, 第一哲学沉思集 
1004088, 55.7, 9.0, 5290, 长袜子皮皮 
2160556, 59.1, 9.0, 8925, 十万个为什么 
1853785, 60.4, 8.7, 17056, 天是红河岸 
2083981, 49.9, 8.7, 3143, 了凡四训 
26390426, 37.1, 8.3, 595, 比利战争 
25953656, 31.1, 7.4, 568, 写真的话 
1022914, 44.2, 9.1, 815, 谈艺录 
3136271, 57.5, 8.6, 12459, 罗生门 
25736982, 36.1, 9.4, 188, 菲利普·迪克作品集（全5册） 
2185076, 30.6, 8.9, 120, 计算机系统概论 
1119590, 45.5, 8.0, 3886, 老残游记 
1021990, 54.6, 9.2, 3455, 唐诗鉴赏辞典 
3223719, 36.9, 8.2, 644, 围炉夜话 
4766916, 34.5, 8.6, 284, 爱默生随笔 
1055347, 45.8, 9.0, 1147, 中国史纲 
1008189, 58.0, 8.9, 8640, 西方哲学史（上卷） 
2152385, 29.9, 9.0, 100, 程序设计语言 
1398441, 49.4, 9.1, 1770, 汪曾祺散文 
24089492, 42.9, 8.8, 902, 恶童日记（珍藏纪念版） 
1231399, 38.2, 9.2, 301, 托马斯微积分 
10774752, 54.5, 9.1, 3866, 毛姆短篇小说精选集 
1036274, 59.5, 8.5, 20118, 夏洛的网 
1880825, 41.8, 8.2, 1526, 希腊神话 
19973015, 30.5, 9.8, 65, Operating Systems 
1040382, 54.4, 8.9, 4947, 人间词话手稿本全编 
1174722, 40.9, 7.9, 1946, 太阳照常升起 
4908872, 47.5, 8.6, 2427, 都柏林人 
4199741, 40.9, 8.5, 920, 代码整洁之道 
1073708, 56.1, 9.0, 5606, 牡丹亭 
1000251, 42.7, 9.0, 712, 王尔德全集 
1787103, 31.5, 9.1, 119, How to Design Programs 
4711466, 37.1, 8.1, 750, 培根随笔 
3268426, 32.9, 8.3, 290, 洁净与危险 
1006720, 45.1, 8.4, 2102, 新概念英语第一册 
1052074, 49.0, 8.7, 2725, 喧哗与骚动 
1040397, 51.4, 8.1, 9684, 假如给我三天光明 
10759466, 46.6, 9.0, 1301, 地下室手记 
3117898, 39.9, 8.7, 620, Python源码剖析 
3228779, 45.5, 8.7, 1533, 出埃及记 
1760548, 57.7, 9.2, 5526, 三毛作品集 
2282706, 37.3, 8.9, 341, 智囊全集 
1034282, 62.2, 8.8, 19355, 时间简史 
3689168, 43.0, 9.1, 678, 社会学 
2076623, 56.0, 9.5, 2977, 金刚经 
1823533, 46.7, 8.7, 1869, 山海经 
1017334, 39.6, 9.0, 445, 没有个性的人 
1073143, 40.8, 8.8, 653, 美学(第一卷) 
26692468, 41.7, 8.6, 931, 智识分子 
1012611, 59.7, 8.3, 29451, 乌合之众 
1758926, 34.9, 8.4, 373, 南方与北方 
10583075, 44.5, 8.5, 1671, 英国病人 
1436134, 33.1, 8.9, 176, 算法引论 
1181370, 46.1, 9.3, 876, 文心雕龙注(上下) 
1315844, 47.2, 9.1, 1272, 古拉格群岛（上中下） 
4889838, 50.5, 9.1, 2100, 鸟哥的Linux私房菜 
1254278, 43.6, 8.7, 1129, 思想录 
1657455, 46.3, 8.6, 1973, 论人类不平等的起源和基础 
1476651, 59.4, 9.0, 9355, 社会心理学 
1001356, 37.1, 9.2, 255, 世界文明史(全24册) 
2035171, 60.3, 9.0, 10675, 人生的枷锁 
