Tag: 绘画 

ID, Score, Rating, Votes, Title 
26850007, 29.3, 8.2, 171, 一幅画开启的世界 
26845199, 37.6, 9.2, 275, 大都会艺术博物馆指南 
26763747, 31.2, 8.8, 141, 永山裕子的水彩课 
1154707, 46.5, 8.6, 2035, 素描的诀窍 
26913980, 17.4, 8.4, 19, 阿部智幸的水彩笔记 
26376603, 48.6, 8.1, 5850, 秘密花园 
25811462, 52.5, 8.4, 7274, 小顾聊绘画·壹 
26904095, 23.7, 8.3, 60, 博物学家的神秘动物图鉴 
20387173, 34.5, 8.5, 315, 30天学会绘画 
1055088, 43.2, 8.3, 1727, 像艺术家一样思考 
26782538, 27.0, 7.0, 406, 这幅画原来要看这里 
1441853, 53.7, 8.9, 4437, 伯里曼人体结构绘画教学 
26606513, 33.1, 8.8, 192, 如何读中国画 
26834591, 27.0, 9.1, 60, 永山裕子的水彩画Ⅰ: 回首 
3131814, 45.4, 8.7, 1522, 笔记大自然 
1160888, 26.3, 8.1, 110, 透视的艺术 
1933931, 50.9, 8.7, 3675, 沿着塞纳河到翡冷翠 
3410759, 45.8, 9.0, 1140, 隔江山色 
26265303, 47.0, 8.2, 3791, 小顾聊绘画·贰 
26835452, 23.8, 8.2, 65, 这就是莫奈 
26315410, 27.8, 8.8, 83, 水彩奶奶Cathy Johnson的清新手绘教程 
2090395, 31.8, 8.8, 156, 铅笔画技法 
26431217, 37.2, 8.6, 445, 在江湖 
5399602, 32.9, 9.7, 97, Framed Ink 
3065652, 36.9, 8.0, 825, 像艺术家一样思考Ⅲ:贝蒂的色彩 
1036272, 38.4, 8.5, 601, 素描基础 
4721058, 34.6, 9.5, 140, Figure Drawing 
26851858, 20.9, 8.7, 29, 画的力量 
5378929, 36.8, 8.5, 459, 培养孩子从画画开始 
2143015, 37.0, 8.4, 527, 我们什么也没看见 
20279547, 37.4, 8.1, 802, 花之绘 38种花的色铅笔图绘 
26393558, 25.2, 8.6, 62, 水彩画的实质 
1002701, 33.9, 8.9, 200, 中国绘画三千年 
10430691, 39.2, 8.5, 683, 画家生涯 
3410762, 42.2, 9.0, 659, 气势撼人 
4154939, 32.4, 9.5, 102, 宋画全集 
26608163, 20.5, 8.8, 26, 萌翻你的手帐简笔画10000例 
26786792, 25.4, 9.1, 47, 走走画画 
26732543, 23.0, 8.7, 41, 水彩技法完全指南：贵图子的37堂实用水彩课 
25768157, 28.7, 8.6, 110, 让水彩画达到极致的调色技法 
4018791, 29.6, 8.8, 110, 查理雷德的水彩技法 
26281082, 23.2, 7.5, 104, 涂鸦笔记 
25952069, 27.5, 9.0, 69, 色铅笔浓情花鸟绘（亚洲篇） 
1061004, 43.5, 9.2, 662, 埃舍尔大师图典 
1743043, 30.1, 8.9, 111, 欧洲绘画大师技法和材料 
1264792, 41.2, 8.7, 768, 色铅笔的散步随笔 
1134620, 41.6, 9.2, 496, 席勒油画.水彩 
5391697, 27.0, 9.1, 60, 水彩色铅笔散步写生6堂课 
5980848, 32.9, 8.8, 184, 美国设计学院教授讲课手稿·奥列佛风景速写教学 
2138351, 40.2, 9.2, 406, E.席勒速写 
26610898, 26.8, 8.4, 94, 竹久梦二画集 
26339251, 24.8, 6.8, 318, 人生随时可以重来 
5475189, 24.0, 9.5, 31, A-Z of Flower Portraits 
2362352, 37.9, 9.3, 263, 莫奈 
1480064, 34.6, 8.7, 264, 夏加尔 
2821121, 30.5, 9.6, 73, Watercolour Flower Portraits 
1817964, 33.2, 8.4, 277, 于小冬讲速写 
26285258, 18.3, 8.2, 25, 文艺复兴的秘密语言 
20254610, 28.6, 8.7, 100, 被遗忘的真迹 
26415292, 22.9, 8.9, 36, 简笔画5000例，一本就够色铅笔卷 
1219614, 39.7, 9.2, 375, 伦勃朗速写 
2815285, 29.7, 9.3, 79, Perspective Drawing Handbook 
25871666, 15.8, 8.2, 16, WOW！Photoshop终极CG绘画技法 
1500210, 21.3, 9.2, 24, 水彩光影表现技法 
10509471, 28.4, 8.6, 106, 52个创意绘画实验 
1084866, 37.0, 8.7, 390, 莫奈 
26416437, 30.0, 8.2, 192, 名画之谜：历史故事篇 
1437472, 38.7, 8.9, 423, 笔记《清明上河图》 
6511379, 35.9, 8.1, 608, 色铅笔的美好时光 
26699062, 24.0, 8.2, 67, 如画观法 
3909836, 30.0, 8.3, 176, 柯林斯30分钟水彩花卉 
1668807, 14.4, 8.3, 12, 美国透视基础简明教程 
5977392, 27.5, 9.5, 51, 动物画技法 
1076426, 44.0, 8.8, 1085, 世界美术名作二十讲 
1962817, 27.4, 8.3, 112, 英国速写教学 
4104397, 28.7, 8.9, 88, 彰显生命力 
1058905, 21.8, 8.1, 49, 油画技法 
6773763, 24.6, 8.8, 50, 素描的原点 
6967955, 28.6, 8.3, 139, 天生是个审美的人 
4086201, 21.8, 9.9, 19, Watercolour Fruit &amp; Vegetable Portraits 
5936451, 29.4, 9.6, 63, 伯里曼着装形体绘画 
1446300, 34.0, 8.1, 432, 丰子恺谈名画 
20505731, 21.4, 8.0, 49, 有生之年非看不可的1001幅绘画 
4090260, 28.7, 9.1, 77, 力量 
26760979, 17.1, 6.6, 64, 画框里的男人装 
5921082, 28.7, 8.5, 120, 培养孩子从画画开始2：孩子的话如何看怎样教 
25811785, 37.4, 7.5, 1774, 莫奈和他的眼睛 
4727293, 42.9, 9.4, 503, 理解漫画 
1988344, 22.0, 9.1, 28, 西方美术大师绘画技法 
25969281, 25.1, 8.4, 71, 凡·高的树 
26791281, 23.4, 9.2, 33, 花园小象波米诺 
6443390, 28.2, 8.4, 119, 隨手畫插畫,第一筆就可愛! 
25720193, 23.4, 8.5, 49, 清新彩铅微笔记. 花草集 
1450035, 42.3, 9.4, 457, 比亚兹莱插画集 
1016832, 41.1, 8.4, 1054, 我负丹青 
26523933, 19.8, 8.9, 22, 现代绘画简史 
26277913, 28.2, 8.4, 120, 乐舞敦煌 
25898774, 24.4, 8.9, 45, 伟大的绘画:图解世界名画 
1038523, 36.3, 8.8, 318, 人体素描 
5363491, 33.1, 8.6, 227, 千年丹青 
2284069, 28.7, 9.1, 77, 石涛画语录 
25822231, 13.6, 7.4, 16, 手帳控的關西小旅行 
4412721, 26.7, 8.9, 65, Lifelike Drawing in Colored Pencil with Lee Hammond 
1004151, 38.3, 8.6, 532, 艺用解剖 
1019715, 42.7, 8.8, 881, 世界名画家全集--莫奈 
26882908, 17.7, 8.3, 21, 图解欧洲艺术史：15世纪 
7063010, 27.4, 8.4, 104, WOW 不一样的插画设计 
1119268, 32.0, 9.0, 137, 动态素描·着衣人体 
20382261, 24.4, 9.6, 31, 幻想的艺术 
19948616, 18.4, 8.3, 24, 线条、光线和色彩 
1956148, 31.8, 8.5, 200, 面部表情大全 
1592223, 30.7, 9.2, 98, 黑白画理 
25720155, 29.8, 8.9, 106, 敦煌壁画复原图 
11603000, 32.1, 8.1, 307, 不朽的林泉 
3785949, 40.5, 8.3, 1074, 梵高奶奶的世界 
1119281, 32.6, 8.7, 192, 动态素描·人体结构 
1196877, 28.3, 8.7, 96, 新世纪水彩人物画技法 
20277309, 31.2, 8.1, 261, 诗之旅 
6440709, 35.0, 8.2, 463, 没创意还敢玩涂鸦 
5915006, 24.3, 9.0, 42, 世界绘画经典教程 
1820965, 29.7, 8.8, 111, 藏传佛教绘画史 
4121084, 27.3, 8.3, 110, 马奈的绘画 
1833596, 23.1, 8.6, 44, 美国基础素描完全教材 
1010199, 32.3, 8.2, 290, 像艺术家一样思考之二 
2309919, 28.7, 9.2, 73, 《Frida kahlo 》弗里达 作品集 
25720194, 22.7, 9.4, 27, 清新彩铅微笔记. 动物集 
1980903, 37.0, 8.1, 740, 达·芬奇笔记 
1131497, 36.4, 8.7, 353, 奥列佛风景建筑速写 
1340160, 29.6, 8.2, 180, 第一次畫色鉛筆就上手(入門篇) 
3934265, 25.0, 8.4, 69, 像艺术家一样思考系列 
3041567, 38.3, 8.8, 434, 美的情愫 
5922095, 22.0, 9.1, 28, 世界绘画经典教程——动物素描 
25660718, 20.6, 8.5, 31, 色铅笔下的美食王国 
10829052, 22.9, 7.6, 90, 成为插画师，你该知道的大小事 
25720629, 28.1, 8.1, 151, 画笔时光：周小兜手绘日记 
26311126, 22.3, 9.7, 22, 色铅笔绘画实用教程 
1014485, 26.7, 8.4, 92, 钢笔画技法 
1376930, 27.0, 9.0, 64, 筆紙中國畫 
2304506, 23.7, 8.2, 64, 儿童绘画心理学 
1098500, 28.1, 8.6, 100, 园艺花卉 
21794293, 27.3, 8.7, 82, 色铅笔de自然彩绘 
1149896, 35.6, 8.7, 311, 马蒂斯 
6829264, 21.9, 7.8, 62, Q版漫画技法从入门到精通 
1326012, 31.7, 7.5, 564, 你应该读懂的100幅世界名画 
4264974, 22.4, 7.5, 88, 绘画与眼泪 
26393464, 21.9, 9.7, 21, 结构素描基础教程 
4903265, 47.9, 9.1, 1422, 亲爱的提奥 
1221141, 25.4, 7.7, 133, 儿童绘画与心理治疗 
26816953, 11.3, 7.4, 10, 图像的肉身 
1099604, 33.6, 8.6, 248, 动态素描·人体解剖 
26782676, 23.5, 8.6, 47, 绘安静的地方 
26341898, 22.6, 9.6, 24, 零基础学素描 
3529317, 28.9, 8.3, 147, 水彩画工作室 II 
1278499, 39.5, 8.9, 482, 汪曾祺:文与画 
2057582, 28.9, 8.4, 133, 兔本幸子的插畫教室 
4926492, 30.9, 9.4, 88, 日本漫画大师讲座1 
25871868, 26.3, 8.8, 65, 深度拥抱症 
26323285, 21.2, 8.8, 29, 水彩画专业技法 
1029261, 25.7, 8.8, 59, 铅笔风景画技法 
25904562, 32.3, 7.8, 445, 伦勃朗1642 
10876152, 22.1, 7.5, 83, 飞乐鸟的手绘时光 
26360519, 14.4, 8.3, 12, Anatomy for Sculptors, Understanding the Human Figure 
22994429, 30.3, 9.3, 86, 米开朗基罗 
5936445, 27.1, 9.2, 57, 伯里曼人体绘画技法 
1135548, 38.5, 9.1, 343, E.席勒速写/大师经典速写新选系列 
1027758, 31.0, 8.0, 279, 印象派绘画史（全二册） 
1923636, 34.1, 8.7, 243, 从莫奈到毕加索 
26133644, 30.8, 8.5, 169, 洛煌笈 
1811560, 28.0, 8.6, 99, 梵高自传 
3320927, 27.3, 8.5, 94, 中国绘画通史 
1453129, 39.2, 9.2, 348, 惊世比亚兹莱 
2152661, 25.1, 7.8, 115, 插画设计基础教程 
3186836, 28.3, 8.8, 90, 达芬奇素描解析（上） 
2225512, 33.1, 8.5, 248, 超级漫画素描技法-草图篇 
4245043, 32.8, 7.5, 707, 苏三的花花草草、瓶瓶罐罐 
25860846, 22.0, 9.1, 28, SKETCHTRAVEL速寫本的奇幻旅程 
20256837, 27.7, 8.3, 119, 色铅笔的清新手记 
4278250, 31.8, 9.8, 78, Provence Sketchbook 
21336689, 23.5, 8.2, 62, 色铅笔绘优雅四季花 
26362927, 23.4, 8.5, 49, 忠于生活 
2249390, 36.1, 8.5, 407, 弗兰西斯·培根：感觉的逻辑 
1311346, 31.3, 8.4, 201, 解构人体 
4007895, 24.4, 8.3, 67, 艺术基础 
26425832, 39.8, 9.3, 347, 纸上中洲 
25871755, 33.3, 8.7, 215, PICTURA神笔涂绘（怪物星球、漫游伦敦、巴黎漫步） 
20391640, 20.6, 7.7, 53, Q版手绘基础入门 
25865937, 18.8, 8.5, 23, 造就全人的艺术教育 
1003023, 21.5, 8.7, 32, 怎样画动物素描 
25923258, 21.9, 7.8, 62, The Golden Age Of 水墨 
26344185, 22.7, 9.3, 28, 水彩植物艺术:英国艺术家水彩调色的奥秘 
3465274, 23.7, 9.4, 31, 画室人体课 
1544623, 26.7, 8.9, 65, 光感的表现 
10761238, 22.1, 8.3, 45, 墨梅 
26435995, 28.7, 7.9, 204, 魔法森林 
1057552, 33.3, 8.8, 199, 黄永玉大画水浒 
26816548, 19.4, 8.2, 30, 《岁月绽放的花·水彩绘》 
24876178, 15.2, 8.1, 15, 45個畫畫的小練習 
26722320, 21.4, 7.9, 53, 感知艺术 
20475579, 22.9, 8.1, 60, 手绘日志 
5356194, 27.1, 9.0, 65, 超级漫画素描技法 
1140959, 27.1, 8.0, 139, 铅笔速写技法 
1450694, 22.3, 8.3, 47, 米勒传 
4262671, 34.1, 9.0, 191, 梵·高艺术书简 
1444827, 33.0, 8.7, 205, 英国儿童读物插画完全教程 
3670057, 31.0, 8.8, 138, 超级漫画素描技法:透视篇 
25812974, 25.0, 8.5, 65, 黑白画意 
2635404, 20.0, 8.7, 25, Perspective Made Easy 
23780691, 20.2, 9.5, 18, 世界绘画经典教程 
1150342, 29.8, 9.1, 92, 莫迪里阿尼 
26369747, 18.5, 8.9, 18, 1000个点画出名人肖像 
4882050, 42.4, 8.5, 1173, 竹久梦二：画与诗 
1145983, 41.4, 8.6, 893, 中央美术学院附中50年作品经典 
1122168, 16.9, 7.7, 26, 水彩画技法 
3420747, 27.1, 9.1, 61, 从铅笔到像素 
10465940, 22.0, 8.9, 31, 中国出土壁画全集 
1148711, 32.9, 8.2, 319, 毕加索 
2185016, 30.5, 7.5, 445, 乔治.莫兰迪 
1380573, 31.5, 9.1, 119, 席勒 
5423122, 19.9, 7.3, 63, 如何成为插画师 
7162744, 30.7, 8.8, 130, 几何天才的杰作 
25912904, 22.4, 8.2, 51, 行动中的绘画 
26617116, 21.6, 8.9, 29, 张择端《清明上河图》导览 
1471649, 29.8, 8.1, 206, 拉斐尔前派的梦 
4589676, 19.0, 9.2, 17, Imaginative Realism 
1410190, 24.4, 8.4, 62, 水彩画疑难问题解决方案 
4850206, 28.1, 9.1, 71, 卢西安•弗洛伊德 1996—2005 
6982062, 21.3, 8.7, 31, 创意绘画的艺术 
25765054, 26.6, 8.1, 115, 去伦敦上插画课 
6953246, 27.3, 9.1, 63, 剑桥艺术学院童书插画完全教程 
4254971, 21.9, 8.1, 50, 张萱《虢国夫人游春图》 
25712479, 24.2, 7.9, 88, 绘·生活 会·生活：东京TOTORO的水彩物语 
26735642, 12.9, 7.4, 14, 画未了 
1143736, 20.9, 8.7, 29, 人物默写教程 
26278663, 23.3, 8.7, 43, 水彩植物艺术 
21241464, 21.9, 8.0, 54, 做个风格插画家 
20432628, 24.3, 8.1, 77, 幸福四季水彩花园 
26201961, 23.2, 8.7, 42, 简笔画5000例，一本就够 
2274861, 29.9, 8.0, 230, 100名画：古希腊罗马神话 
26662356, 23.1, 9.3, 30, 大自然 
2139205, 25.0, 7.8, 111, 绘画中的食物 
21817840, 20.6, 7.1, 89, 铅笔素描从入门到精通 
6982046, 22.0, 7.9, 59, 素描完全教程 
3529319, 20.7, 8.6, 30, 素描工作室 
26365909, 28.8, 7.2, 454, 人生只有一次，去做自己喜欢的事 
26081398, 17.8, 8.1, 24, 水溶性色铅笔手绘——大自然的质感笔迹 
3793286, 19.9, 8.4, 29, 我的自然調色盤 
10775622, 17.7, 7.8, 28, 飞乐鸟的手绘时光*色铅笔手绘基础入门 
1227986, 43.1, 9.2, 622, 护生画集 
1150256, 35.7, 8.8, 290, 达利 
25855756, 18.5, 8.8, 19, 中国绘画史图鉴（上下卷） 
3705916, 23.6, 8.7, 45, 小山画谱 
4156796, 23.6, 9.2, 34, 美學的極致 
26748029, 25.7, 8.7, 63, 幻园 
6310351, 19.7, 7.7, 44, 宋画中的南宋建筑 
5353803, 25.7, 7.4, 191, 韩国温情漫画手绘技巧 
26115807, 22.9, 9.8, 23, 水彩绘森活 
26369749, 20.3, 8.6, 28, 1000个点画出城市美景 
5029413, 35.0, 9.1, 202, 画眼 
1410361, 25.6, 8.7, 62, 中国绘画史 
1007998, 31.2, 8.2, 237, 唐卡的故事(全彩插图珍藏本) 
1619402, 20.4, 9.2, 21, 温迪嬷嬷讲述1000世界名画 
1585442, 15.9, 7.9, 19, 汉代漆器图案集 
1030936, 26.8, 8.4, 94, 画家笔记 
1103655, 19.5, 7.6, 46, 透视 
2272125, 20.0, 8.5, 28, 15分鐘旅行明信片速寫 
1252151, 35.9, 8.2, 545, 康定斯基论点线面 
2998924, 18.9, 8.8, 20, 水彩技法百科全书 
25806017, 15.3, 7.8, 18, 制作私绘本·涂鸦手账 
21266885, 22.3, 8.6, 39, 我的水彩+α绘日记 
2143156, 27.3, 8.2, 120, 梁思成建筑画 
3027992, 24.5, 9.4, 35, 吴冠中画集（上、下） 
1016861, 29.1, 8.8, 102, 比亚兹莱黑白装饰画选 
26865730, 32.2, 7.5, 623, 小顾聊神话 
3648612, 14.2, 8.2, 12, 宫室楼阁之美 
1915363, 22.9, 8.7, 40, 良友木刻 连环图画（全四册） 
26382933, 25.3, 8.0, 99, 绘画当为奇迹 
3428169, 29.8, 8.8, 114, 素描的高度 
19986570, 16.6, 7.3, 32, 三天学会铅笔画 
5341654, 26.3, 9.4, 45, 「文藝紹興—南宋藝術與文化特展」書畫卷 
26628959, 34.4, 9.1, 184, 画猫·梦唐 
6809277, 13.2, 7.5, 14, 漫画人物素描从入门到精通 
2990422, 38.1, 9.1, 321, 克里姆特 
26831028, 13.0, 7.3, 15, 流光飞舞 
26432972, 14.7, 7.7, 17, 摩西奶奶绘画全集 
26415459, 22.2, 8.7, 36, 水彩圣经——水彩画工具与技法全书 
21248951, 18.3, 8.5, 21, 抽象绘画 
4884849, 27.8, 8.1, 142, 解码西方名画 
2993841, 27.3, 8.1, 131, 并非衰落的百年 
6998852, 14.4, 8.1, 13, 故事板 
7057439, 25.4, 8.6, 64, 风格与观念 
26582044, 25.3, 8.7, 59, 美味食光 
26834573, 24.1, 8.2, 68, 这就是凡·高 
3096521, 23.8, 8.9, 41, 松井冬子 一 MATSUI FUYUKO I 
6536019, 29.4, 8.4, 145, 色铅笔的温柔彩绘 
1264120, 33.4, 8.0, 436, 我的色铅笔日记本 
10549645, 20.3, 8.8, 25, 力 
26647331, 13.7, 7.7, 14, 打开你的脑洞 
20382264, 21.9, 8.6, 36, 灵感的速写簿 
1316396, 39.5, 8.6, 646, 俄罗斯列宾美术学院珍藏素描精品选 
26345618, 25.1, 8.7, 57, 看名画的眼睛.2 
3184787, 26.1, 8.9, 59, 达芬奇素描解析（下） 
10571606, 28.6, 7.7, 247, 物中看画 
2148046, 24.1, 9.0, 41, 叶浅予谈速写 
20645167, 23.2, 9.2, 32, 定格时光·幸福规画 
25774377, 18.2, 7.2, 48, 道德镜鉴 
24875657, 24.9, 8.4, 68, 花间美人 
1149897, 33.7, 9.1, 164, 马格里特 
3111156, 20.2, 8.1, 37, 中国画学全史 
21361892, 27.2, 8.2, 119, 植物绘 
3909839, 28.1, 8.3, 126, 柯林斯30分钟水彩画 
1934665, 23.8, 7.8, 90, 美国素描基础教程 
26433407, 23.4, 9.6, 27, 浪漫水彩课：森系少女手绘技法 
1430625, 24.3, 8.6, 54, 林风眠 
1323900, 28.3, 8.6, 103, 中国绘画的历史与审美鉴赏 
1007554, 19.1, 8.6, 23, 欧洲近代绘画大师 
25662171, 11.5, 7.5, 10, 论绘画 
25851341, 19.3, 8.5, 25, 水彩花卉的极致表现 
10583149, 22.2, 9.4, 25, 和孩子一起玩艺术 
2184687, 20.4, 8.4, 32, 宣和画谱 
26297647, 18.1, 8.0, 27, 天光水色：水彩风景画教程 
2362359, 31.1, 9.2, 104, 常玉 
3064755, 20.1, 9.0, 22, 女人体素描 
10546457, 17.1, 8.3, 19, 和风艺志 
26369746, 15.0, 7.8, 17, 1000个点画出可爱动物 
6877265, 17.5, 7.8, 27, CG插画全攻略 
1001871, 38.2, 8.7, 477, 梵高 
4209092, 26.0, 8.1, 103, 中国书画浅说 
25969282, 22.5, 7.8, 70, 凡·高的花园 
3240082, 15.3, 8.3, 14, 十竹斋书画谱 
26586082, 21.9, 9.4, 24, 浪漫水彩课：复古元素手绘技法 
4889899, 25.9, 7.8, 132, 兔本幸子的插画教室 
26861719, 15.0, 7.7, 18, 绘森活：薇蓝 
6875873, 21.3, 8.0, 48, 你应该读懂的100幅世界名画 
1429284, 23.6, 8.1, 68, 霍珀/世界名画家全集 
1042882, 19.7, 9.2, 19, 光影与色彩 
25944413, 24.1, 8.4, 59, 黑白花意 
4910662, 25.7, 7.6, 154, 彩绘创意色铅笔 
1555786, 24.5, 9.1, 41, 冷冰川的世界-闲花房-二十四节气及其他 
25839212, 11.8, 7.1, 13, 再不学画画我们就老了 
1429282, 27.7, 8.5, 102, 世界名画家全集（全10册） 
11507021, 14.8, 8.1, 14, 怎麼畫都可愛的簡筆插畫BOOK4 
25978480, 15.6, 8.0, 17, 艺术的诱惑：摄影的前世今生 
6873370, 12.2, 7.4, 12, 漫画素描技法从入门到精通 
1264791, 34.9, 8.2, 460, 色铅笔的动物日记 
25929971, 13.9, 7.9, 13, 手绘明信片之旅 
20456359, 32.6, 9.2, 130, 纸 
26873241, 25.0, 9.6, 34, 就想亲手为你画一张小卡片 
25929641, 18.2, 8.1, 26, 美食快到碗里来 
1808582, 29.7, 8.0, 223, 色铅笔的温柔彩绘 
14098347, 19.4, 8.0, 34, 六胖子油画技法 
4207454, 23.5, 6.7, 270, 心理画 
1434134, 13.3, 7.7, 13, 蒋兆和 
1148778, 30.2, 8.1, 219, 心印 
1158270, 20.5, 8.3, 34, 水彩薄涂技法 
3031408, 17.7, 7.8, 28, 速写-俄罗斯列宾美术学院绘画基础教学 
25938174, 12.0, 7.7, 10, 手绘与发现 
1132033, 23.8, 8.5, 53, 人体素描的艺术 
3522393, 25.9, 8.4, 80, 丢勒和他的时代 
1153320, 27.9, 8.7, 90, 艺用人体结构运动学 
1261128, 30.1, 7.9, 263, 我的粉彩日记本 
1212372, 33.3, 8.1, 384, 弗里达 
25806203, 21.5, 8.5, 36, caca的色铅笔教室：5种颜色的温柔魔力 
5415337, 28.3, 9.3, 64, Antonio Lopez Garcia 
1688419, 24.1, 7.6, 112, 建筑速写技法 
20430263, 11.9, 7.3, 12, 1分钟绘画入门 创意速写时光 
1156005, 20.6, 8.9, 25, 图画见闻志 
10452358, 19.1, 7.3, 54, 飞乐鸟的色铅笔手绘世界 
1220943, 29.8, 7.5, 388, 你不可不知道的300幅名画 
10801048, 21.7, 9.0, 28, 班托的素描簿 
6840131, 22.7, 8.7, 39, 激漫11：跟日本名家学插画！漫画与插画技法入门 
1389121, 25.6, 9.6, 37, Hokusai 
5977659, 26.0, 9.4, 43, Rooftops of Paris 
2990586, 24.2, 9.3, 35, 安格尔素描 
1450877, 20.5, 8.6, 29, 绘画构图基础教程 
1002809, 23.7, 7.7, 96, 欧洲现代画派画论（插图珍藏本） 
1176542, 26.0, 9.0, 55, 罗丹素描《法国》 
23055450, 23.7, 7.9, 80, 猫咪绘 
2104660, 26.4, 9.1, 55, 蒙克画选 
1673993, 26.8, 9.1, 58, 倪瓒山水 
25922358, 13.4, 7.9, 12, 每天10分钟的绘画达人养成班 
1789077, 17.5, 9.8, 11, 寄給我相同的靈魂──葛瑞夫與莎賓娜三部曲之一 
26418322, 12.3, 7.3, 13, 文具手帖Season 08：插畫家筆下的色彩人生 
3782069, 17.6, 8.2, 22, 向莫奈学色彩 
2287119, 25.2, 9.2, 43, 百鬼夜行絵巻 
26716401, 13.1, 7.6, 13, 像透纳那样画水彩 
1659276, 24.3, 8.4, 61, 温迪嬷嬷的艺术之旅 
1051288, 16.5, 8.0, 20, 毕加索谈话录 
25952618, 19.9, 7.9, 40, 绘画心理学 
6016140, 20.1, 7.7, 48, 我的父亲高更 
25815846, 25.3, 8.3, 79, 治愈系的水彩慢生活 
6687943, 21.3, 8.7, 31, Artist&#39;s Journal Workshop 
1441605, 24.9, 9.0, 46, Drawing the Head and Hands 
6778101, 22.6, 8.3, 49, 席勒.速写全集 
25763618, 13.9, 8.1, 12, 中国画论研究（上、下卷）（王世襄集） 
1946621, 25.5, 9.4, 40, Gerhard Richter 
4925198, 18.3, 8.5, 21, 门采尔素描全集·风景速写 
10354430, 12.7, 7.6, 12, 素描中的光与影 
5248631, 16.5, 8.0, 20, 鬼怪世界 
26588767, 12.8, 7.5, 13, 想画就画：1支笔画出好心情 
24705749, 12.6, 7.4, 13, 超有爱手绘本 
