Tag: 美国文学 

ID, Score, Rating, Votes, Title 
26425831, 56.5, 8.8, 7853, 斯通纳 
26831234, 41.8, 8.7, 848, 不属于我们的世纪 
6781808, 59.3, 9.2, 6929, 杀死一只知更鸟 
26890281, 40.7, 8.2, 1262, 漫长的中场休息 
26382433, 59.0, 8.2, 31520, 无声告白 
26864983, 30.4, 8.5, 159, 思家小馆的晚餐 
26340138, 56.1, 7.7, 48799, 岛上书店 
26366140, 22.9, 8.3, 52, M Train 
19962936, 50.4, 8.7, 3398, 只是孩子 
26264154, 43.1, 8.6, 1165, 悲伤与理智 
1424741, 60.1, 8.5, 22323, 心是孤独的猎手 
4010969, 54.5, 7.8, 29433, 当我们谈论爱情时我们在谈论什么 
1456311, 39.9, 8.5, 770, Of Mice and Men 
26871658, 29.0, 8.8, 100, 爱有失落时 
4105446, 52.8, 8.1, 12454, 十一种孤独 
26823134, 30.5, 8.1, 230, 困扰种种 
10537633, 37.0, 8.2, 660, 克苏鲁神话 
26431326, 44.9, 8.9, 1120, 所有我们看不见的光 
26732624, 35.4, 8.3, 448, 精神病患 
26765928, 36.4, 8.4, 480, 屠夫十字镇 
25829693, 59.5, 9.0, 9406, 永恒的终结 
26770722, 29.6, 8.2, 179, 一个人的面包屑生活 
26269845, 39.2, 8.1, 1102, 唯有孤独恒常如新 
10569619, 50.0, 8.5, 4187, 自由 
26801361, 35.3, 9.2, 195, 鹿苑长春 
26300508, 43.4, 8.7, 1105, 万物的签名 
1052074, 49.0, 8.7, 2725, 喧哗与骚动 
1962078, 34.1, 8.6, 268, 校园秘史 
26723433, 31.7, 7.6, 505, 冬日笔记 
26767242, 32.5, 8.6, 207, 亲爱的阿道夫 
6016234, 50.6, 8.8, 3057, 奇风岁月 
5920385, 53.5, 8.2, 11855, 肠子 
26689063, 39.2, 8.2, 976, 卡罗尔 
26430928, 30.0, 7.4, 460, 如何独处 
26787943, 28.0, 8.4, 116, 消失的殖民星球 
1092335, 62.0, 8.9, 16014, 教父 
6746290, 42.5, 8.9, 764, 奥丽芙·基特里奇 
4245064, 47.3, 8.6, 2349, 冷血 
26297872, 22.7, 8.2, 54, 北美殉道者花园 
24541883, 49.2, 8.1, 6500, 消失的爱人 
3151990, 51.9, 8.5, 5756, 达摩流浪者 
26371317, 51.1, 8.2, 7845, 24个比利 
2161892, 51.8, 8.5, 5576, 九故事 
26653000, 32.8, 8.1, 348, 金翅雀 
3393056, 46.8, 8.2, 3682, 流动的盛宴 
26722307, 32.5, 7.9, 408, 暗夜独行客 
26665498, 35.9, 7.5, 1310, 生命中最简单又最困难的事 
3090810, 42.8, 8.8, 887, 五号屠场 
3316438, 46.8, 8.3, 3175, 孤独及其所创造的 
3640067, 48.2, 8.7, 2377, 革命之路 
26264210, 35.0, 7.8, 740, 几乎没有记忆 
3327495, 40.9, 8.3, 1147, 万有引力之虹 
26813101, 32.4, 8.4, 242, 暗杀大师：寻找伦勃朗 
1438394, 35.1, 8.4, 382, 更多的人死于心碎 
3335362, 53.9, 8.5, 8032, 大教堂 
3926717, 50.1, 8.5, 4240, 雷蒙德·卡佛短篇小说自选集 
25900802, 35.1, 7.6, 968, 我在底层的生活 
26690624, 30.6, 8.6, 151, 她们 
1088812, 47.3, 8.3, 3470, 第二十二条军规 
26742636, 30.7, 9.0, 113, 鸟人 
26412776, 28.8, 7.9, 207, 巴塞尔姆的60个故事 
1883353, 55.1, 8.8, 6313, 野性的呼唤 
5321895, 44.3, 8.3, 2060, 那些忧伤的年轻人 
26755625, 30.7, 8.2, 219, 妈妈走的那一年 
1874411, 48.6, 8.5, 3310, 乞力马扎罗的雪 
26823150, 22.4, 7.7, 74, 脏工作 
10564102, 38.8, 8.1, 1025, 单身（50周年典藏纪念版） 
26789635, 29.0, 8.6, 117, 殡葬人的秘密 
4105444, 43.7, 8.5, 1467, 复活节游行 
26834592, 27.2, 8.8, 75, 夏日遇见狄更斯 
20444771, 37.0, 8.9, 325, 血色子午线 
26899141, 16.6, 7.8, 23, 千百种罪 
10763918, 30.7, 8.3, 200, 一路两个人 
2036569, 41.0, 8.2, 1322, 愤怒的葡萄 
2170030, 39.1, 8.0, 1215, 白鲸 
6861517, 42.8, 8.5, 1260, 时时刻刻 
26840502, 15.8, 8.5, 14, 翡翠城 
1174721, 45.6, 8.4, 2276, 丧钟为谁而鸣 
24715669, 43.8, 8.9, 937, 少数派报告 
4213981, 42.7, 8.4, 1379, 好人难寻 
5321892, 40.7, 8.8, 644, 不适之地 
2251691, 47.5, 8.7, 2115, 弗兰妮与祖伊 
26295450, 43.5, 8.7, 1114, 软件体的生命周期 
20493367, 42.7, 8.5, 1242, 爱伦·坡暗黑故事全集（上册） 
3821057, 52.3, 8.6, 5260, 搏击俱乐部 
2973335, 43.9, 8.6, 1331, 微暗的火 
6805144, 29.5, 7.9, 236, 老巴塔哥尼亚快车（套装上下册） 
4891196, 31.6, 7.7, 436, 智血 
5448179, 40.6, 8.0, 1619, 别的声音，别的房间 
1767750, 26.9, 9.0, 63, Infinite Jest 
10483439, 38.9, 8.4, 731, 上升的一切必将汇合 
26821757, 35.2, 8.4, 390, 他们说，我是幸运的 
2214350, 48.6, 8.4, 3793, 幻影书 
2669319, 50.0, 9.0, 2205, Flipped 
21778349, 40.1, 8.2, 1136, 苦水音乐 
1083429, 48.6, 8.7, 2538, 爱伦·坡短篇小说集 
26574813, 23.7, 9.1, 36, 婚变 
6060418, 39.8, 8.3, 961, 年轻的心在哭泣 
26258374, 33.4, 8.6, 240, 爱丽尔 
26346222, 35.0, 8.3, 419, 美好的事物无法久存 
6085417, 33.7, 8.4, 305, 遗产 
25805143, 33.5, 8.5, 264, 他方世界 
6440324, 38.9, 8.4, 733, 人各有异 
6124813, 31.9, 8.1, 296, 纽约兄弟 
24871651, 35.8, 8.8, 293, 爱达或爱欲 
6791412, 42.3, 8.8, 824, 炽焰燃烧 
2061644, 51.6, 8.2, 8580, 伤心咖啡馆之歌 
20375515, 36.4, 8.2, 596, 重生：桑塔格日记与笔记1947～1963 
5921802, 43.3, 7.6, 4848, 邮差总按两遍铃 
26586492, 57.2, 8.9, 7656, 火星救援 
5406557, 39.2, 8.1, 1101, 夜色温柔 
25900687, 38.3, 8.6, 532, 夜 
6964047, 57.1, 9.3, 4429, 冰与火之歌（卷一） 
26852985, 23.5, 8.1, 66, 惧恨拉斯维加斯 
3136267, 41.3, 8.5, 971, 小城畸人 
20425433, 38.5, 8.1, 970, 请你安静些，好吗？ 
1082946, 42.7, 8.8, 884, 我弥留之际 
4247000, 45.3, 9.0, 1057, 欲望号街车 
4149805, 51.4, 8.5, 5244, 了不起的盖茨比 
26318808, 36.3, 7.5, 1433, 我的脖子让我很不爽 
3127852, 42.0, 8.6, 984, 推销员之死 
25924242, 46.4, 8.9, 1398, 爱在黎明破晓前&amp;爱在日落黄昏时 
20425439, 37.1, 8.4, 540, 我们所有人 
3888110, 37.6, 8.7, 430, 天使望故乡 
2193877, 54.1, 8.1, 15680, 你在天堂里遇见的五个人 
21681263, 42.1, 8.3, 1423, 大鱼 
24853136, 28.2, 8.3, 130, 火车梦 
26274359, 29.2, 9.1, 84, 夏威夷史诗 
6041086, 38.4, 7.9, 1235, 恋爱中的骗子 
2568067, 41.4, 8.1, 1621, 中性 
1083317, 41.4, 7.8, 2456, 北回归线 
4894979, 26.1, 8.4, 83, 已知的世界 
1254731, 55.6, 8.8, 6856, 欧·亨利短篇小说选 
25736982, 36.2, 9.4, 189, 菲利普·迪克作品集（全5册） 
4220020, 46.1, 8.8, 1502, 相助 
1470235, 39.5, 8.3, 908, 猫的摇篮 
26305332, 29.4, 8.6, 124, A Little Life 
24523682, 31.6, 7.6, 489, 裸体午餐 
24523678, 33.1, 8.2, 334, 白噪音 
6973020, 32.7, 8.2, 311, 独抒己见 
4619135, 36.6, 9.0, 277, 押沙龙，押沙龙！ 
26861450, 28.5, 8.4, 125, 丹麦女孩 
2283762, 41.8, 8.5, 1055, 钟形罩 
26375108, 34.4, 8.4, 338, 新手 
10282582, 41.1, 8.3, 1186, 隐形怪物 
2973325, 31.2, 8.2, 239, 纠正 
24715686, 45.8, 8.7, 1608, 仿生人会梦见电子羊吗？ 
4229633, 31.3, 8.1, 267, 奥斯卡·瓦奥短暂而奇妙的一生 
26794598, 33.9, 8.3, 347, 过去的痛 
6833935, 37.8, 8.5, 548, 老无所依 
4856199, 34.3, 7.4, 1095, 而河马被煮死在水槽里 
3263006, 45.1, 8.8, 1293, 飞越疯人院 
24838958, 36.2, 8.7, 344, 我们的小镇 
10567283, 27.8, 7.7, 211, 恶棍来访 
2255871, 41.3, 8.7, 779, 冠军早餐 囚鸟 
3431637, 38.9, 8.5, 657, 野棕榈 
10521470, 33.0, 8.6, 224, 样样干 
26775352, 24.7, 8.1, 82, 水印 
1329403, 28.6, 9.9, 48, 孤独鸽 
26673089, 26.5, 7.5, 200, 二流小说家 
6784957, 32.7, 8.3, 279, 性本恶 
21690069, 33.8, 8.3, 337, 幻世浮生 
3218534, 42.3, 8.1, 1917, Eat, Pray, Love 
3571559, 31.9, 7.5, 589, 驱魔人 
26433664, 22.9, 8.2, 56, 剧院里最好的座位 
2372670, 38.0, 7.9, 1129, 兔子，跑吧 
5281169, 27.3, 8.0, 144, 安琪拉的灰烬2 就是这儿 
20380988, 34.3, 8.1, 461, 众生安眠 
1083316, 37.7, 8.1, 834, 南回归线 
5381541, 24.5, 8.7, 52, 时间与河流 
25871958, 29.8, 8.2, 188, 一个自杀者的传说 
10746178, 26.3, 7.8, 142, 修补匠 
11597313, 28.8, 8.3, 143, 地下世界 
7063852, 36.1, 8.2, 559, 石泉城 
6982715, 33.8, 8.7, 233, 雷蒙德·卡佛 
5038509, 39.7, 8.5, 751, 倒带人生 
10473347, 38.6, 8.3, 781, 双重赔偿 
3024623, 41.9, 8.1, 1768, 布鲁克林的荒唐事 
1766685, 42.5, 8.3, 1513, 黑暗中的笑声 
26854185, 11.5, 7.5, 10, 克苏鲁的呼唤 
3326892, 55.2, 8.6, 8527, 圣诞忆旧集 
26394800, 37.1, 8.4, 542, 侏罗纪公园 
11535042, 38.8, 8.2, 907, 请以你的名字呼唤我 
15047243, 33.3, 7.9, 476, 卡波蒂短篇小说全集 
1090877, 42.1, 8.8, 797, 献给爱米丽的一朵玫瑰花 
1316443, 36.1, 8.6, 370, 厄舍府的崩塌 
25873393, 26.0, 8.3, 88, 肖像与观察 
11528311, 33.0, 7.8, 506, 耶稣之子 
20003446, 35.7, 8.3, 469, 草竖琴 
1918353, 35.4, 8.7, 302, 流放者归来 
1424569, 45.9, 8.4, 2393, 婚礼的成员 
5416922, 37.7, 8.8, 395, 萨勒姆的女巫 
4714008, 29.4, 8.4, 145, 山中最后一季 
1951440, 36.8, 8.7, 380, 洪堡的礼物 
3086832, 38.9, 8.4, 727, 寡居的一年 
26264967, 50.6, 8.3, 6111, 神们自己 
6712406, 34.3, 7.7, 726, 一切破碎，一切成灰 
26281317, 29.8, 8.3, 170, 群魔 
5321894, 35.5, 8.5, 374, 崩溃 
1883349, 42.4, 8.3, 1495, 永别了，武器 
25923444, 32.1, 8.0, 342, 副作用 
26248587, 33.7, 7.6, 739, 美好古董衣店 
1958871, 41.6, 8.3, 1308, 普宁 
4172046, 33.4, 7.9, 483, 埃德加的故事 
26616972, 27.7, 8.0, 153, 再见，明天见 
1075371, 43.1, 8.7, 1047, 马丁·伊登 
4145402, 32.2, 7.7, 487, 所罗门之歌 
25998242, 29.7, 8.5, 141, 危险的大笑 
24838971, 26.4, 9.1, 55, 避孕药和春山矿难 
4151143, 32.7, 8.1, 345, 拍卖第四十九批 
25998198, 29.3, 8.5, 132, 飞刀表演者 
4160483, 39.3, 8.6, 632, 塞巴斯蒂安·奈特的真实生活 
6712408, 30.5, 8.5, 161, 卡瓦利与克雷的神奇冒险 
3131613, 36.8, 8.4, 512, 八月之光 
1211267, 47.5, 8.5, 2739, 阿甘正传 
25862575, 29.4, 8.1, 190, 当我们谈论安妮·弗兰克时我们谈论什么 
7007230, 36.8, 7.9, 909, 斯蒂芬·金的故事贩卖机 
24738208, 35.4, 8.5, 364, 圣路易斯雷大桥 
25933324, 34.7, 8.4, 356, 我幻想着粉碎现有的一切：苏珊•桑塔格访谈录 
26323411, 31.3, 7.7, 411, 想象你是一颗飞翔的种子 
26776779, 22.7, 7.8, 72, 沃辛传奇 
3716506, 37.8, 8.1, 852, 路 
25815673, 31.3, 7.6, 465, 穷途，墨路 
2156635, 35.6, 7.5, 1240, 有人喜欢冷冰冰 
26584732, 21.7, 8.3, 42, 山河无尽 
3044579, 32.2, 8.8, 166, Call Me by Your Name 
5403795, 34.5, 7.7, 762, 沉溺 
26377357, 26.9, 8.7, 76, 说故事的人 
10548822, 35.8, 8.0, 668, 特别响，非常近 
22196844, 31.3, 8.4, 200, 我知道笼中鸟为何歌唱 
3091295, 38.8, 8.7, 520, 盖普眼中的世界 
4882008, 38.2, 8.4, 647, 亚特兰蒂斯之心 
4164096, 45.1, 7.6, 6982, 饥饿游戏 
4898534, 37.8, 8.4, 607, 爵士时代的故事 
26297866, 28.5, 8.5, 115, 王，后，杰克 
26286305, 24.8, 8.0, 91, 德国黑啤与百慕大洋葱 
1105150, 39.6, 9.0, 440, 菲雅尔塔的春天 
7175434, 33.0, 7.9, 452, 父亲的眼泪 
2076853, 39.2, 9.1, 378, 奥尼尔剧作选 
4215171, 37.3, 8.4, 554, 暗笑 
3649661, 44.4, 8.7, 1298, 说吧，记忆 
25846976, 31.9, 8.5, 205, 跑步在最绝望的城市 
2255896, 47.2, 8.8, 1798, 绿里奇迹 
21241284, 29.3, 8.8, 104, 我穿越疯狂的旅程 
4941428, 39.6, 8.7, 594, 飞女郎与哲学家 
26901177, 14.9, 8.0, 15, 流动的盛宴 
25889814, 31.1, 8.6, 163, 玫瑰传奇 
26436990, 18.6, 7.2, 52, 玉米少女 
25838255, 23.4, 8.5, 49, 穿灰色法兰绒套装的男人 
26263593, 24.0, 9.1, 38, 无际荒原 
2050806, 39.5, 8.1, 1154, 爱情故事 
1783021, 33.0, 9.0, 160, 公园深处 
25893267, 29.7, 7.9, 244, 11/22/63 
26315805, 27.8, 9.1, 67, 凶年 
20499983, 30.8, 8.1, 246, 死水恶波 
10554689, 32.7, 7.7, 536, 需要时，就给我电话 
25820440, 32.3, 8.3, 263, 秀拉 
5996569, 28.4, 7.9, 194, 美国牧歌 
20452427, 25.1, 7.2, 210, 代寻旧日时光 
26426513, 17.1, 7.8, 25, 蓝领，白领，无领 
26237051, 30.8, 7.7, 371, 没有女人的男人们 
1085128, 33.5, 8.2, 357, 大地 
3586491, 39.8, 8.6, 684, 防守 
3167871, 39.3, 8.1, 1119, 月宫 
26120130, 38.7, 9.0, 388, 天才的编辑 
26763167, 22.5, 8.1, 56, 狼的恩赐 
26701711, 21.0, 8.4, 35, 风下之乡 
1023647, 24.9, 7.4, 161, 螺丝在拧紧 
25762007, 42.2, 8.3, 1434, 教父2 
5397318, 34.3, 7.6, 829, 火 
26046255, 27.8, 7.8, 188, 比虚构更离奇 
4732188, 47.9, 8.1, 5218, 中央公园西路 
26425683, 22.7, 7.6, 86, 秘密金鱼 
26616452, 25.0, 7.7, 122, 巴塞尔姆的40个故事 
10794357, 33.2, 8.0, 416, 抵押出去的心 
1058633, 36.7, 8.4, 507, 疾病解说者 
1860568, 38.4, 7.9, 1234, 宠儿 
1212486, 40.7, 8.5, 888, 马克·吐温中短篇小说选 
4823779, 32.0, 8.4, 227, 马人 
24840349, 35.1, 8.2, 469, 幽灵舰队 
25762005, 41.1, 8.5, 945, 教父3 
4105439, 38.5, 8.0, 1088, 小城 
20301792, 34.6, 7.8, 684, 邮差 
26264185, 25.1, 8.3, 76, 鸽羽 
1867306, 22.5, 9.0, 32, 喬凡尼的房間 
2995941, 41.9, 8.3, 1368, 没有指针的钟 
4838098, 25.8, 8.0, 109, 白城恶魔 
24871630, 25.9, 7.9, 121, 幸福国的故事 
25933862, 31.3, 8.4, 200, 黄鸟 
1017267, 35.3, 8.7, 296, 伊甸之东 
25754044, 25.4, 8.7, 60, 凯文怎么了 
6732278, 32.9, 8.2, 320, 一江流过水悠悠 
2043873, 38.6, 9.1, 348, 天边外 
2372673, 31.8, 8.4, 221, 兔子歇了 
4621084, 37.9, 8.4, 616, 蝴蝶君 
26880886, 11.5, 7.3, 11, 海明威书信集 (1917-1961) 
4191879, 35.5, 8.1, 564, 苏菲的选择 
2159470, 35.3, 6.8, 3667, 垮掉的一代 
26249763, 26.7, 7.8, 155, 犹太警察工会 
3891385, 40.3, 8.1, 1330, 制造伍德斯托克 
26374682, 25.1, 7.8, 113, 诗人的生活 
1729675, 32.7, 9.1, 141, 雷蒙德卡弗短篇小说集 
26108035, 24.3, 7.1, 196, 地狱派对 
25722933, 29.9, 7.8, 280, 穹顶之下（上下） 
5976619, 31.7, 7.5, 571, 隐者 
1085533, 35.3, 8.3, 436, 时震 
2004341, 25.0, 8.2, 80, 基列家书 
1951441, 34.0, 8.4, 318, 赫索格 
4246999, 34.5, 8.2, 423, 热铁皮屋顶上的猫 
5940806, 31.1, 8.2, 235, 什么是什么 
24944340, 38.7, 8.5, 633, 尤比克 
26671791, 21.8, 7.9, 57, 看，那些小丑！ 
6847881, 33.0, 7.9, 452, 被遗弃的人 
25863541, 28.6, 7.5, 306, 一辆老式雷鸟 
25930036, 29.8, 8.0, 225, 窒息 
26681709, 21.2, 7.7, 59, 每一种相遇全都妙不可言 
6541263, 33.4, 7.6, 702, 枪，偶尔有音乐 
2245301, 42.2, 8.0, 2152, 戴珍珠耳环的少女 
26661166, 21.8, 8.4, 40, 月光的合金 
5910660, 31.9, 8.6, 187, 转吧，这伟大的世界 
6784962, 29.7, 8.1, 202, 华盛顿广场 
1083440, 32.6, 8.3, 278, 黑色的春天 
1848928, 32.6, 8.6, 210, 国王的人马 
26475184, 27.0, 8.0, 135, 不存在的女孩 
1794677, 35.6, 9.2, 204, 当代美国短篇小说集 
20375538, 27.7, 8.4, 109, 浪游之歌 
24843834, 37.0, 7.6, 1409, 羊毛战记 
11597355, 30.6, 8.2, 214, 荣耀 
26791269, 28.3, 8.9, 83, 请你种下这本诗集 
26241385, 22.2, 9.1, 29, 黑色的我的花朵 
25768151, 36.7, 7.7, 1172, 为奴十二年 
25895511, 26.2, 8.1, 108, 禅定荒野 
26263595, 23.0, 8.7, 41, 洛城机密 
3198422, 46.2, 8.6, 1937, 光明王 
26915644, 17.9, 9.1, 15, 老虎写作 
4082015, 35.5, 7.9, 718, 了了 
7065568, 32.5, 8.1, 333, 卢布林的魔术师 
3566974, 39.3, 7.6, 2200, 红色笔记本 
6937890, 30.8, 7.7, 373, 朗姆酒日记 
26581915, 21.1, 8.7, 30, 他们应当行走 
10464645, 34.6, 7.4, 1155, 僵尸生存指南 
26264178, 25.6, 8.5, 71, 梦歌 
25904929, 30.2, 7.8, 300, 扯平 
4267150, 34.5, 8.1, 477, 小猫奥斯卡 
11600030, 24.7, 8.6, 57, 烟草经纪人（全两册） 
2372034, 31.5, 8.3, 227, 福克纳随笔 
3774161, 33.4, 7.7, 615, 凡人 
1069507, 38.1, 9.1, 321, 战争风云：1939－1941（上下） 
1812319, 37.3, 8.1, 788, 船讯 
6025832, 33.0, 8.3, 298, 新罕布什尔旅馆 
20381893, 29.5, 7.3, 466, 小镇奇人异事 
2150265, 35.5, 8.7, 305, 苹果酒屋的规则 
6973686, 30.7, 8.9, 121, 花园 
2223937, 30.1, 8.8, 119, 回到你老婆孩子身边去吧 
1959152, 37.3, 7.7, 1312, 床上的爱丽斯 
10736312, 27.3, 7.8, 173, 白日做梦有理 
23260998, 24.6, 7.8, 103, 天秤星座 
1277761, 40.4, 8.9, 548, 根 
25756941, 23.2, 8.5, 48, 狄金森全集（全4册） 
1264455, 32.6, 8.8, 177, 拉格泰姆时代 
1959257, 40.4, 8.2, 1193, 玛丽 
1098639, 39.6, 8.3, 917, 纯真年代 
1395228, 37.1, 8.5, 484, 五号屠场 
6541226, 32.5, 7.9, 414, 布鲁克林孤儿 
26390009, 19.5, 8.3, 29, Purity 
3818410, 37.9, 8.8, 407, 爱的历史 
7175251, 30.3, 7.5, 425, 念及她名 
3025596, 33.5, 9.1, 159, 美国现代诗选 
3401258, 43.2, 7.9, 2992, 小猫杜威 
1420506, 38.1, 8.7, 465, 疯狂星期日 
25799043, 21.1, 8.6, 32, 世界博览会 
1033089, 30.3, 7.5, 427, 打女佣的屁股 
25816346, 26.5, 8.3, 96, 恶魔呼唤 
23858192, 33.3, 8.2, 345, 最蓝的眼睛 
26364303, 28.3, 7.6, 257, 亚特兰蒂斯：基因战争 
1008988, 60.1, 8.3, 31811, 了不起的盖茨比 
26780237, 27.3, 7.5, 236, 我和厄尔以及将死的女孩 
1937192, 32.2, 7.8, 431, 爵士乐 
5611659, 30.0, 7.4, 452, 大都会 
4844777, 33.5, 7.8, 552, 我以为你死了 
3862392, 35.2, 7.9, 674, 我，及其他 
19928991, 22.8, 7.5, 95, 爱在长生不老时 
25862570, 23.5, 7.8, 84, 当“9”翻转归零 
2372672, 32.3, 8.4, 239, 兔子富了 
7916107, 32.0, 7.3, 780, 马耳他之鹰 
3124525, 52.1, 7.7, 22412, 暮色 
1337022, 24.3, 8.4, 61, 布考斯基煮了七十年的一鍋東西 
2369301, 37.4, 8.1, 797, 孤独天使 
1951438, 30.2, 8.7, 130, 奥吉·马奇历险记 
20395899, 32.4, 8.4, 241, 流浪者史诗 
1007840, 31.4, 8.3, 225, 同名人 
25904939, 28.6, 7.7, 245, 无羽无毛 
4857033, 34.3, 8.2, 411, 狄金森诗选 
1813779, 30.0, 9.0, 101, 辛格短篇小说集 
10541076, 28.1, 8.5, 109, 低吟的荒野 
26436067, 26.0, 7.7, 149, Between the World and Me 
1089662, 27.0, 8.3, 105, 裸者与死者 
6539848, 31.5, 8.3, 229, 爱是一种病 
1916464, 29.1, 8.4, 139, 一位女士的画像 
26261589, 27.4, 8.2, 123, 上帝眼中的微尘 
3197582, 29.8, 7.7, 311, 爱药 
26389897, 32.1, 9.6, 92, 银河帝国：机器人五部曲 
26827210, 20.4, 8.1, 38, 林中秘族 
21322400, 27.7, 8.3, 118, 镇与城 
25814722, 29.0, 8.0, 194, 约翰尼·派尼克与梦经 
5612203, 28.4, 7.5, 291, 美国鸟人 
25746445, 27.6, 7.8, 182, 酷儿 
25746449, 25.0, 7.7, 122, 你会找到我的地方 
10809667, 28.9, 8.0, 192, 老虎的妻子 
3242857, 45.5, 7.5, 9014, 分手信 
1083004, 27.9, 8.8, 84, 索尔·贝娄全集（全14卷） 
19894099, 32.7, 8.1, 345, 毛毛星球 
2372671, 32.9, 8.2, 323, 兔子归来 
1019858, 29.2, 8.3, 154, 庞德诗选：比萨诗章 
11225975, 27.6, 7.8, 184, 欧米伽点 
25831464, 31.2, 6.9, 1192, 分歧者 
19971923, 29.7, 7.7, 305, 摸彩 
1732998, 36.2, 8.9, 286, 傻瓜吉姆佩尔 
1766725, 39.0, 8.1, 1061, 斩首之邀 
20451782, 29.6, 8.4, 150, 我是海明威的巴黎妻子 
5501654, 33.7, 8.6, 249, 怀疑 
6848467, 30.0, 8.0, 234, 黛西·米勒 
5989231, 34.8, 8.0, 557, 别问我是谁 
26584579, 20.6, 7.9, 45, 抓住时机 
25713815, 35.5, 9.1, 218, 经典电影理论导论 
26579776, 27.1, 8.5, 91, 基里尼亚加 
26716881, 21.7, 8.5, 37, 进入黑夜的漫长旅程 
25880772, 25.1, 7.8, 115, 应许的祈祷 
1421484, 22.2, 8.9, 32, The Poisonwood Bible 
25729105, 19.5, 7.4, 53, 遗忘 
1001147, 32.2, 8.8, 166, 去吧，摩西 
1317930, 33.5, 9.1, 161, 长昼的安魂曲 
3622818, 26.0, 8.0, 113, 美声 
24529806, 29.6, 8.8, 109, 神秘的陌生人 
26300028, 20.2, 8.7, 26, 饥渴的想象 
1499645, 33.0, 9.5, 112, Essays of E. B. White 
3420077, 39.1, 8.1, 1078, 我生命的速度 
1949580, 34.3, 8.7, 251, 菲茨杰拉德小说选 
5267345, 37.6, 8.1, 828, 最后的歌 
20428300, 28.8, 9.1, 78, 斯通，与另一个斯通 
1034449, 43.8, 8.9, 942, 杰克·伦敦小说选 
5957609, 30.5, 8.9, 118, 海明威短篇小说全集（下） 
5030610, 32.0, 8.2, 272, 雨的祈祷 
4832469, 32.4, 7.8, 456, 第五位莎莉 
1725548, 29.2, 8.3, 154, Invisible Man 
2181504, 36.3, 7.9, 827, 午夜的另一面 
1195054, 37.0, 9.0, 296, 欧·亨利小说全集（全四卷） 
19964968, 31.2, 7.4, 578, 爱 
4246973, 31.0, 7.1, 840, 巴黎之悟 
20374768, 23.7, 8.0, 74, 火车大巴扎 
24760746, 21.0, 8.2, 40, 解剖课 
6428983, 30.1, 7.6, 369, 寂寞芳心小姐 
1375619, 37.8, 8.6, 490, The Call of the Wild 
1920037, 31.5, 9.1, 119, 珍妮的肖像 
25985350, 23.4, 8.4, 53, 精灵 
26753160, 23.9, 8.7, 47, 乐园 
2156127, 28.6, 9.1, 76, 帝国瀑布 
3799551, 24.6, 7.8, 103, 我嫁给了共产党人 
26779789, 34.2, 8.8, 227, 安德的游戏·三部曲 
26733759, 12.0, 7.7, 10, 人各有异 
11026780, 30.3, 8.2, 202, 书虫小鼠 
10830086, 30.3, 8.4, 171, 爱伦·坡诗集 
26333266, 21.4, 7.6, 67, 与荒原同行 
26774736, 14.1, 7.2, 20, 为生命而读 
10558239, 29.9, 8.0, 231, 奇异海 
26390426, 37.1, 8.3, 597, 比利战争 
26666887, 18.8, 8.4, 24, 清晨起床号 
1556615, 19.5, 8.5, 26, 梦里晴空 
4912682, 31.5, 8.6, 174, 阿瑟・米勒手记 
6114848, 30.5, 7.8, 315, 动物怪谭 
1085585, 31.4, 8.3, 226, V. 
6436997, 32.0, 8.7, 173, 在轮回中找你 
25930052, 26.0, 7.8, 135, 孤岛日记 
1073820, 17.7, 7.2, 43, 要就要不要拉倒 
24699423, 28.0, 8.2, 135, 撒旦之锤 
26636832, 27.8, 7.8, 189, 消失的女孩 
6843976, 30.4, 8.4, 174, 神奇的收费亭 
26607285, 22.0, 8.5, 39, 厨房屋 
2362808, 32.8, 9.1, 144, 史蒂文斯诗集 
5326323, 34.1, 8.6, 266, 贼城 
25968457, 22.3, 7.4, 94, 天使埃斯梅拉达 
5036712, 29.4, 8.4, 145, The Lovely Bones MTI可爱的骨头 
19967857, 32.0, 8.0, 337, 冰与火之歌漫画 
1469400, 31.6, 8.9, 139, 茫茫黑夜 
3090869, 20.9, 7.9, 48, 刽子手之歌（上下） 
1084724, 31.6, 8.9, 140, 弗罗斯特集（上下） 
10491282, 23.6, 8.2, 63, 生存的习惯 
25765043, 27.3, 8.3, 111, 柏油娃娃 
10576301, 13.7, 8.0, 12, 阿瑟·米勒自传 
1082147, 49.9, 9.0, 2149, 热爱生命 
1459998, 33.9, 8.4, 314, The Color Purple 
1083313, 27.9, 8.4, 113, 我一生中的书 
6953466, 21.9, 7.3, 95, 我的妹妹，我的爱 
25836046, 28.7, 8.0, 183, 摇篮曲 
1941759, 20.1, 8.2, 34, 托马斯·沃尔夫短篇小说选 
6973831, 33.9, 8.6, 259, 十九分钟 
24944354, 35.5, 8.3, 457, 流吧！我的眼泪 
1442706, 35.2, 8.6, 323, 你在圣·弗兰西斯科做什么? 
25728473, 35.0, 8.5, 342, 头号书迷 
1084256, 30.1, 9.0, 103, 爱默生集（上） 
11499797, 27.1, 7.8, 167, 绿帘 
25837219, 22.4, 8.8, 35, 美国人眼中最真实的越南战争 
24715870, 30.1, 7.9, 262, 战士（套装上下册） 
26793699, 17.3, 6.6, 68, 笔误：文学大师的秘密生活 
6874632, 29.7, 7.7, 301, 鲸鱼之歌 
25905872, 22.0, 9.1, 28, 无法触碰的爱 
24296281, 27.0, 8.7, 78, 希望永远都在 
25844020, 23.6, 8.7, 45, 杜洛兹的虚荣 
25871044, 20.6, 8.5, 31, 献给艾米丽的一朵玫瑰花 
26673252, 25.2, 8.2, 83, 致命拜访 
20279983, 31.8, 7.9, 361, 日落之后 
24714253, 24.2, 7.2, 171, 世界会抛弃你吗 
10546083, 29.9, 7.6, 354, 落地 
25872258, 22.0, 6.7, 187, 黄衣王 
25729111, 26.6, 8.4, 91, 克苏鲁神话 2 
1876333, 39.5, 7.7, 1984, 没有国家的人 
25982886, 22.5, 8.4, 45, 普拉斯诗选 
4863905, 38.1, 7.5, 2052, 就说你和他们一样 
1348688, 25.5, 8.0, 104, 苏珊·桑塔格文选 
26613044, 27.3, 8.1, 131, 亚特兰蒂斯2：末日病毒 
21328020, 23.7, 7.6, 104, 我：六次非演讲 
7175435, 28.2, 8.1, 154, 回首大决战 
1288740, 23.9, 7.0, 201, 白雪公主后传 
15051834, 20.4, 8.4, 32, 雷普利全集 
3113152, 41.9, 8.2, 1566, 伯恩的身份 
4909112, 29.3, 8.5, 131, 漫漫归途 
25725500, 26.6, 7.5, 206, 虚拟偶像爱朵露 
4038710, 27.0, 7.9, 149, 行话 
6829759, 23.6, 7.4, 123, 吃动物 
25746424, 22.9, 7.4, 108, 洛杉矶最后的古怪一日 
2160716, 37.0, 7.7, 1229, 孤独旅者 
1658612, 22.3, 9.0, 31, 村子 
24853106, 28.6, 8.2, 151, 利维坦号战记Ⅰ——飞越阿尔卑斯 
25836268, 26.7, 7.7, 170, 阿甘后传 
25870927, 31.2, 8.8, 141, 与狼共舞 
1377234, 15.2, 8.1, 15, Genius 
10831840, 31.0, 8.5, 174, 希区柯克悬念故事全集 
25980286, 24.7, 8.2, 76, 银色猎物 
1400968, 21.8, 8.5, 38, 上帝知道 
19948619, 26.3, 8.2, 101, 拒绝天堂 
5941555, 28.0, 7.6, 240, 大地惊雷 
19977751, 30.6, 8.5, 165, 图案人 
26017808, 26.1, 8.2, 98, 家 
5326322, 30.2, 7.6, 374, 心里住着狮子的女孩 
1085018, 37.3, 8.5, 501, 海狼 
1448695, 25.3, 8.3, 78, 苦行记 
10605854, 28.7, 8.3, 142, 尼克·亚当斯故事集 
5401992, 28.7, 7.9, 205, 暴力夺取 
25348582, 32.5, 8.4, 246, 暗夜无星 
26555096, 25.5, 8.4, 75, 巴别塔之爱 
10763231, 26.0, 8.8, 62, 看不见的山 
25697801, 24.4, 8.5, 58, 面包屑山 
1981397, 31.8, 7.8, 401, 三个六月 
26689555, 18.0, 7.7, 32, 去见那个男人 
6845569, 28.3, 7.9, 190, 为什么要读简·奥斯丁 
1729676, 28.9, 8.3, 145, 约翰·厄普代克短篇小说集 
3013903, 50.2, 8.1, 7838, 漫长的告别 
25986499, 26.7, 8.7, 74, 奥斯卡·王尔德传 
25763792, 20.7, 9.2, 22, 美国自然文学三十讲 
1788436, 23.7, 9.4, 31, 美国名家散文选读 
26636680, 20.6, 8.2, 37, 闪灵 
1917972, 55.8, 7.8, 37085, 在路上 
24882313, 36.4, 8.5, 431, 地海传奇2：地海古墓 
10453142, 23.4, 8.4, 53, 船热 
5990169, 29.0, 7.7, 264, 冬天的骨头 
26609784, 18.4, 7.8, 32, 黑水 
26584570, 16.5, 8.1, 19, 拉维尔斯坦 
6310327, 22.6, 7.8, 71, 夫妇们 
10546528, 30.2, 7.5, 419, 伊岚翠 
20515837, 27.6, 7.6, 224, 守夜 
1082243, 38.4, 8.6, 538, 斯蒂芬·金恐怖小说 
6963561, 31.5, 8.5, 190, 借来的时间 
2032117, 41.6, 7.7, 2966, 纽约三部曲 
26389898, 27.3, 9.2, 59, 银河帝国：帝国三部曲 
26760973, 21.8, 8.4, 40, 战略高手 
6436639, 26.4, 8.0, 121, 纸镇 
6831060, 26.5, 7.8, 149, 试验年代 
2063134, 26.3, 8.6, 74, 富人，穷人（全二册） 
1451628, 33.5, 8.3, 322, If Tomorrow Comes 
4199539, 33.6, 8.9, 190, 星期三的战争 
26630909, 18.8, 9.0, 18, 没有被征服的 
1075939, 27.7, 8.3, 118, 死在午后 
25754045, 26.2, 7.6, 170, 好学校 
1350097, 23.0, 7.1, 147, The Woman Warrior 
11528355, 21.5, 7.6, 68, 在美国 
26922076, 18.2, 6.3, 121, 长城 
26384737, 18.6, 7.3, 48, 尘土是唯一的秘密 
2343706, 28.3, 8.3, 131, 一位美国小说家的自传 
1364047, 23.8, 8.5, 53, 常態的瘋狂 
10594778, 26.8, 7.6, 190, 恩惠 
4279814, 29.0, 8.1, 176, 水手比利·巴德 
1430530, 48.6, 8.2, 5089, 汤姆叔叔的小屋 
6973805, 52.3, 9.4, 1955, 冰与火之歌（卷一） 
3271909, 31.3, 8.6, 168, 幼狮 
1457920, 37.6, 8.9, 354, 爱伦·坡短篇小说集 
25850738, 23.6, 7.7, 93, 监狱里的图书馆 
20389611, 38.0, 8.3, 697, 世界史 
2973346, 34.4, 7.7, 753, 透明 
26307603, 23.6, 8.0, 73, 致悼艾米丽的玫瑰 
7916282, 33.6, 8.0, 448, 汉尼拔崛起 
1017993, 37.0, 9.2, 252, 少年小树之歌 
1136277, 37.5, 7.3, 2462, 嘉莉妹妹 
21709406, 30.1, 8.4, 165, 反恐暗战 
10554274, 30.6, 8.0, 259, 关于写作 
20370875, 22.9, 7.7, 81, 坏举止 
1818470, 27.1, 8.6, 85, 鎮上最美麗的女人 
3862386, 31.1, 8.0, 288, 死亡匣子 
24529566, 24.4, 7.5, 132, 发条人偶 
2992288, 31.6, 8.3, 232, Rage of Angels 西德尼·谢尔顿 
1356636, 33.8, 8.8, 213, The Glass Menagerie 
26702738, 13.7, 7.7, 14, 未走之路 
20390969, 25.2, 8.4, 72, 大西洋帝国 
3189896, 30.9, 7.6, 432, 教书匠 
6890234, 30.5, 8.6, 148, 妈妈的银行账户 
2301167, 43.4, 8.3, 1792, 天使的愤怒 
6265961, 38.5, 7.1, 4280, 饥饿游戏3：嘲笑鸟 
1804489, 23.9, 7.8, 91, 曼哈顿中转站 
26394804, 24.2, 8.6, 53, 死亡约定 
7175439, 31.2, 7.6, 457, 必需品专卖店 
6990054, 20.2, 6.4, 178, 上得天堂，下得地狱 
3222651, 31.1, 7.5, 499, 调琴师 
5366451, 25.1, 7.9, 104, 平原上的城市 
6844010, 20.5, 8.1, 39, 圣洁百合 
26574203, 17.6, 8.6, 18, 睡鼠说 
4005267, 27.7, 9.1, 66, 黑貓：愛倫坡驚悚故事集 
1321790, 41.4, 8.1, 1636, 华氏451 
4215931, 37.3, 8.8, 371, 欧·亨利短篇小说集 
20380464, 32.9, 7.8, 501, 谁来守护公正 
1289221, 29.2, 8.0, 203, 拉维尔斯坦 
1348824, 20.6, 8.5, 31, Housekeeping 
11528370, 17.0, 8.1, 21, “独角鲸”号的远航 
2381982, 35.7, 7.5, 1253, 在地图结束的地方 
26263596, 17.9, 8.3, 22, 白色爵士 
1944844, 27.1, 8.5, 91, The House of Mirth 
26286750, 17.9, 7.2, 45, 雄鹿之跃 
2340912, 27.0, 9.0, 64, To Kill a Mockingbird 
1431870, 55.5, 9.1, 4459, 源泉 
25752977, 22.9, 8.1, 60, 十二族 
25922763, 22.5, 7.4, 99, 奇山飘香 
2165031, 30.0, 8.3, 177, 黛茜·密勒 
2056350, 29.6, 8.5, 139, 海明威谈创作 
1511599, 33.6, 9.0, 175, 一块牛排 
3795766, 35.7, 8.9, 265, 欧亨利短篇小说集 
1543430, 25.0, 8.7, 56, 海边小屋 
26769984, 13.6, 7.8, 13, 奥杜瓦伊峡谷的七个故事 
4230205, 32.4, 8.3, 267, 圣洁之罪 
3530868, 27.0, 7.4, 248, 恐怖分子 
7052786, 25.6, 7.5, 168, 幻爱书 
1072544, 28.9, 7.9, 210, 处女自杀 
26422517, 33.1, 8.7, 209, 黄铜判决 
3196477, 26.5, 8.7, 72, 伙计 
2300786, 40.9, 8.4, 1024, 谋略大师 
2043975, 27.0, 8.6, 84, Leaves of Grass 
19951327, 25.2, 7.2, 214, 俄耳甫斯诞生 
1083314, 27.6, 8.8, 80, 稳如蜂鸟 
4811933, 28.9, 7.8, 235, 甜蜜的悲伤 
7065577, 27.7, 7.8, 186, 玻璃钥匙 
25891894, 18.2, 7.8, 31, 冬日传奇 
2204181, 15.3, 7.8, 18, 油炸綠番茄 
1442869, 54.3, 8.9, 4849, 献给阿尔吉侬的花束 
25814699, 19.2, 7.3, 55, 十二月十日 
22606925, 21.2, 7.5, 70, 乐观者的女儿 
4216925, 27.9, 8.1, 147, 屠场 
5417807, 42.7, 7.6, 4365, 饥饿游戏2：燃烧的女孩 
1759408, 34.3, 9.1, 180, 外国当代剧作选3 
1418987, 42.8, 8.7, 1003, 爱伦·坡短篇小说集 
2972555, 32.4, 7.4, 738, 魔法师 
24284032, 23.2, 8.1, 63, 危险方法 
5326853, 33.9, 8.1, 425, 悲喜边缘的旅馆 
2265238, 31.5, 9.6, 85, 乱世佳人 
25769610, 23.9, 8.1, 72, 从包豪斯到我们的豪斯 
22606910, 20.4, 7.6, 55, 金苹果 
25778124, 44.4, 8.7, 1290, 七王国的骑士 
4154991, 25.9, 7.7, 145, 旧书重温忆华年 
10555463, 22.8, 8.0, 63, 弗罗斯特诗选 
4199617, 30.7, 7.6, 415, 重返巴比伦 
2973343, 35.5, 7.8, 809, 眼睛 
1766731, 35.7, 7.7, 956, 绝望 
10447587, 14.5, 7.5, 18, My Life on the Road 
25774382, 25.2, 8.0, 98, 马塞尔·普鲁斯特（企鹅人生） 
3171949, 30.3, 8.9, 114, 爱伦·坡短篇故事全集 
6015892, 27.9, 7.3, 336, 下辈子做猫吧 
4618805, 27.0, 7.9, 148, 圣殿 
4606247, 27.3, 7.8, 171, 黄昏时出发 
1692906, 22.1, 7.3, 99, 相约萨马拉 
4908778, 15.8, 7.2, 29, Super Sad True Love Story 
26377902, 14.8, 8.1, 14, Hunger Makes Me a Modern Girl 
24845545, 36.4, 8.0, 745, 阿桑奇自传 
2079726, 29.0, 7.8, 240, 独自和解 
1394388, 18.3, 8.6, 20, 出事了 
25908737, 20.2, 7.8, 45, 像你我一样的男孩和女孩 
1505434, 24.2, 7.9, 89, 大街 
1963995, 17.2, 8.0, 23, Portnoy&#39;s Complaint 
1434327, 29.4, 7.4, 402, 亨利和琼 
26337001, 18.4, 7.2, 50, 死者简史 
4823766, 27.6, 7.3, 315, 垂死的肉身 
25748804, 32.4, 8.6, 201, 地海传奇5：地海故事集 
10548982, 23.2, 7.6, 94, 海盗地带 
26299190, 22.4, 7.7, 74, 托尔斯泰与紫绒椅 
25705629, 23.3, 8.0, 69, 夏伊洛公园 
7916086, 33.8, 7.9, 522, 一滴烈酒 
25807162, 20.5, 8.3, 34, 路上来信 
1420500, 38.6, 8.4, 697, 百万英镑 
1083311, 28.3, 8.1, 156, 情欲之网 
1186350, 46.2, 7.8, 6125, 红字 
1659833, 18.8, 7.8, 35, 鹿苑 
26271582, 16.7, 7.1, 38, 林中之死 
25923777, 21.9, 7.5, 80, 小夜曲 
25732329, 23.3, 8.1, 64, 肯尼迪：信仰在风中飘扬 
4898535, 39.7, 8.4, 840, 来一点信仰 
26292554, 18.7, 7.2, 54, 入夜 
1083312, 28.6, 8.3, 139, 春梦之结 
1818298, 32.9, 8.5, 240, 艾·辛格的魔盒 
3136261, 26.8, 8.0, 130, 烦恼的冬天 
3993560, 28.4, 9.4, 61, Raymond Carver: Collected Stories 
4711463, 27.0, 8.7, 78, 美国散文精选 
11225974, 22.8, 7.4, 104, 我曾以为父亲是上帝 
26296081, 26.7, 7.2, 293, 孤独的反义词 
3032747, 39.9, 8.1, 1251, 再见，吾爱 
25731663, 36.2, 8.7, 341, 地海传奇3：地海彼岸 
26303962, 27.0, 7.1, 353, 说谎的人 
25748802, 34.7, 8.9, 226, 地海传奇6：地海奇风 
1471039, 25.8, 9.7, 36, The Collected Poems of Wallace Stevens 
25725307, 20.3, 8.0, 40, 惠特曼诗选 
1203240, 33.9, 7.5, 888, 珍妮姑娘 
25794159, 22.3, 8.2, 50, 101 Classic Short Stories 
26299369, 14.2, 7.5, 17, 大瑟尔 
1026278, 41.4, 8.4, 1117, 冷山 
4011108, 31.6, 7.8, 387, 坏种 
3557480, 32.8, 9.1, 144, To Kill a Mocking Bird 
1450034, 21.0, 7.4, 72, 致一位“愤青”的信 
26636681, 16.7, 8.0, 21, 头号书迷 
26905360, 34.0, 9.4, 138, 夜莺 
1507254, 38.6, 8.2, 867, 接骨师之女 
20470066, 21.7, 7.2, 102, 复制娇妻 
4191634, 27.7, 8.7, 87, 海洋传 
11505661, 21.7, 7.5, 77, 盖瑞·斯奈德诗选 
6897140, 43.1, 8.3, 1693, The Fault in Our Stars 
1449383, 33.3, 9.0, 169, The Things They Carried 
1443395, 21.3, 7.7, 60, 一个废物艺术家的自白 
3127069, 29.2, 6.9, 755, 密室中的旅行 
6718284, 31.2, 7.6, 455, 黑暗的另一半 
2374419, 30.2, 8.0, 244, The Awakening 
4151203, 33.9, 8.5, 286, 莫妮卡的芒果雨 
3202214, 14.5, 8.0, 14, 亨利·詹姆斯小说选 
4175465, 30.7, 7.9, 295, 拉拉的褐色披肩 
25981746, 20.0, 6.8, 105, Not That Kind of Girl 
1372363, 25.8, 9.4, 42, The Complete Poems of Emily Dickinson 
1434361, 27.5, 8.3, 114, 约翰·阿什贝利诗选 
26389895, 37.1, 9.4, 217, 银河帝国：基地七部曲 
26600656, 26.5, 8.3, 97, 七宗罪 
26274418, 18.9, 7.5, 44, 硬汉不跳舞 
26861897, 21.5, 8.7, 32, 我们都发狂了 
22606928, 17.2, 7.5, 31, 名字 
25890643, 20.5, 7.0, 96, 她的国 
3921392, 33.3, 7.9, 475, 多谢您的小费 
2374673, 20.9, 8.7, 29, The Portable Dorothy Parker 
4306340, 22.8, 8.5, 45, 弗兰妮 
10764027, 26.2, 8.4, 85, 梦想之城（上） 
24738204, 27.9, 7.7, 214, 犯罪小说家 
4746151, 24.0, 7.6, 110, 为欧文·米尼祈祷 
6441103, 26.8, 8.3, 102, 末代大亨的情缘 
6437865, 27.4, 7.8, 177, 当爱远行 
1000579, 42.8, 8.6, 1116, 嚎叫 
1850587, 22.3, 7.9, 62, 镀金时代 
6527134, 29.0, 7.6, 296, 偶然的音乐 
25941891, 40.8, 8.5, 904, 安迪密恩 
1815468, 27.5, 8.6, 91, Number the Stars 
1220046, 28.0, 7.7, 220, 克里斯汀 
4619511, 24.6, 8.6, 56, 醉钢琴 
6429614, 17.3, 7.5, 32, 爱情与友情 
2028663, 19.8, 9.0, 21, The Broom of the System 
1088541, 27.3, 8.0, 144, 华盛顿广场一笑 
12425726, 25.8, 8.0, 108, 探寻孤独斗室的灵魂 
26861449, 32.0, 9.4, 104, 阁楼里的女孩 
5376560, 26.4, 6.2, 1258, 福尔摩斯先生收 
21356022, 22.5, 7.3, 109, 花鼓歌 
1414980, 30.2, 8.6, 141, 红死魔的面具 
24815946, 15.0, 7.9, 16, 美国小报 
6100926, 22.4, 6.8, 185, 被置换的孩子 
26640091, 30.5, 8.8, 126, 痛苦与狂喜: 向石而生 
4279839, 33.1, 8.5, 247, 西西里人 
3716538, 25.1, 8.1, 89, 天下骏马 
22994258, 22.2, 8.3, 46, 被释放的祖克曼 
5259496, 27.3, 8.1, 131, 返老还童/像里兹饭店那样大的钻石(中文导读英文版) 
21357312, 31.3, 8.1, 269, 新笔记大自然 
1876778, 21.6, 9.5, 22, Against the Day 
24760680, 28.2, 7.7, 226, 时光守护者 
3607224, 36.0, 8.5, 402, 实时放逐 
4703943, 31.3, 7.5, 525, 第十层地狱 
1777897, 28.9, 9.2, 75, LSD 
3985872, 17.0, 7.1, 40, 无处还乡 
4845375, 24.0, 8.2, 67, 手风琴罪案 
1958211, 17.0, 8.0, 22, 傻子出国记 
1578922, 23.9, 7.7, 99, 情陷撒哈拉 
6517611, 25.1, 7.6, 137, 海边一年 
4109194, 39.4, 8.5, 716, 为自己出征 
10738204, 20.6, 7.7, 53, 最后的手稿 
3201022, 39.3, 8.7, 567, A Rose for Emily 
11640002, 22.6, 8.7, 38, 一個乾淨明亮的地方 
6021095, 29.3, 7.8, 252, 笨蛋联盟 
1482332, 26.9, 7.1, 348, 看电影的人 
6001976, 24.7, 7.7, 116, 欲望教授 
4168630, 35.7, 8.1, 591, 生命中不可抗拒之喵 
25817165, 21.2, 7.4, 75, 科幻宇宙生存指南 
4103054, 34.7, 7.8, 701, 星期三的信 
3290031, 34.6, 7.5, 1003, 罗丹岛之恋 
2030805, 21.3, 9.6, 20, Flannery O&#39;Connor 
4729597, 27.5, 9.0, 69, 在父亲的法庭上 
24522649, 28.5, 8.7, 99, 爱情是一盘自制卡带 
3897534, 35.6, 8.1, 572, 世界之眼（上下卷） 
1433163, 31.2, 8.9, 131, 星·雪·火 
25961373, 21.2, 8.0, 47, 我们是动物 
1829226, 69.1, 9.1, 35262, 肖申克的救赎 
3160835, 33.3, 7.9, 473, 从街角数起的第二棵树 
24869465, 24.5, 8.1, 79, 舞在敖德萨 
26295991, 16.0, 7.4, 26, 罗伯特·弗罗斯特校园谈话录 
26390941, 18.2, 7.5, 38, 天使女王 
5300376, 26.0, 7.1, 283, 劳拉的原型 
1640698, 16.2, 8.1, 18, 烟草路 
3499315, 36.5, 9.0, 274, 欧亨利精选集 
26328511, 12.9, 7.4, 14, 古代的夜晚 
26356515, 42.5, 8.2, 1724, S. 
21382184, 20.6, 7.3, 73, 雪融之后 
6966565, 16.5, 7.7, 24, 月光花藤 
25761490, 24.8, 8.6, 58, 穿过锁孔的风 
1098640, 26.8, 8.1, 120, 康州美国佬在亚瑟王朝 
10809308, 21.7, 8.5, 37, 荒野孤舟 
5348001, 31.5, 8.7, 162, 卫斯理的守候 
25762004, 19.7, 7.6, 48, 黑暗竞技场 
24845451, 19.9, 8.6, 26, 睡谷的传说-瑞普·凡·温克尔 
25957006, 13.3, 7.4, 15, 地下人·皮克 
3220140, 26.6, 8.6, 78, 典型的日子 
6012061, 26.7, 7.3, 263, 恋味者 
1465324, 56.4, 7.7, 51210, 洛丽塔 
25932385, 24.7, 6.7, 354, 分歧者3·忠诚者 
2296105, 26.1, 9.2, 49, Great Tales and Poems of Edgar Allan Poe 
1474432, 36.7, 8.3, 559, 孤独的猎手 
20414497, 32.2, 7.3, 825, 乱象丛生 
10453136, 30.0, 8.4, 162, 红色天空红色海 
26023562, 19.4, 6.9, 82, 亡者归来 
26299308, 20.8, 7.6, 59, 索尔·贝娄访谈录 
1919637, 21.5, 6.7, 166, 弗农小上帝 
5263065, 34.5, 8.2, 428, 异教徒的女儿 
1420507, 36.7, 8.6, 412, 摩格街谋杀案 
1419345, 24.2, 8.0, 81, 世界禁书文库（全52册） 
25904922, 13.9, 7.4, 17, 科迪的幻象 
26754826, 13.9, 7.5, 16, 女子监狱 
10354819, 23.5, 7.2, 147, 维特根斯坦谈话录1949-1951 
2346458, 12.9, 7.9, 11, The Fire Next Time 
6387170, 24.0, 7.4, 134, 鬼作家 
6823658, 23.7, 7.5, 115, Something Like Summer 
19895517, 20.9, 7.3, 78, 杀戮开关 
1175088, 22.8, 7.8, 74, 过河入林 
1780798, 20.8, 7.7, 55, 路的尽头 
2050767, 49.8, 8.6, 3532, 绿野仙踪 
1426938, 28.2, 7.9, 185, 美国悲剧 
2382657, 27.7, 7.5, 253, 后垮掉派诗选 
