Tag: 美国 

ID, Score, Rating, Votes, Title 
26425831, 56.5, 8.8, 7850, 斯通纳 
26755503, 51.2, 8.9, 2961, 我可以咬一口吗 
26845199, 37.7, 9.2, 276, 大都会艺术博物馆指南 
26576861, 57.7, 9.0, 7151, 最好的告别 
26787935, 42.0, 8.7, 870, 夜色人生 
6781808, 59.3, 9.2, 6928, 杀死一只知更鸟 
26890281, 40.7, 8.2, 1260, 漫长的中场休息 
1068920, 76.2, 9.3, 73185, 飘（上下） 
26356515, 42.5, 8.2, 1723, S. 
26382433, 59.0, 8.2, 31514, 无声告白 
1187842, 55.2, 9.0, 4885, 你一生的故事 
1027191, 66.3, 9.0, 26834, 历史深处的忧虑 
26699448, 36.6, 9.1, 258, When Breath Becomes Air 
26864983, 30.4, 8.5, 159, 思家小馆的晚餐 
26340138, 56.1, 7.7, 48784, 岛上书店 
3813669, 66.2, 8.6, 51446, 民主的细节 
26783041, 38.8, 9.3, 301, 睡魔1：前奏与夜曲 
1062193, 58.7, 8.6, 15186, 娱乐至死 
26853060, 30.6, 9.3, 90, 我心深处 
26838873, 32.8, 8.5, 237, 伍迪·艾伦谈话录 
1005492, 54.7, 8.9, 5186, 光荣与梦想 
1829226, 69.1, 9.1, 35259, 肖申克的救赎 
10537633, 37.0, 8.2, 659, 克苏鲁神话 
1431870, 55.5, 9.1, 4459, 源泉 
1424741, 60.1, 8.5, 22323, 心是孤独的猎手 
1316648, 57.9, 8.3, 21550, 查令十字街84号 
26366140, 22.9, 8.3, 52, M Train 
6811366, 49.2, 8.3, 4810, 禅与摩托车维修艺术 
25829693, 59.5, 9.0, 9405, 永恒的终结 
1442869, 54.3, 8.9, 4848, 献给阿尔吉侬的花束 
26905360, 34.0, 9.4, 138, 夜莺 
26676528, 36.6, 8.7, 369, 如何阅读一本文学书 
26586492, 57.2, 8.9, 7656, 火星救援 
26371317, 51.1, 8.2, 7845, 24个比利 
1041385, 56.4, 9.2, 4494, 论美国的民主 
4010969, 54.5, 7.8, 29432, 当我们谈论爱情时我们在谈论什么 
26895508, 32.0, 9.7, 85, 睡魔2：玩偶之家 
1865089, 58.2, 8.4, 19074, 瓦尔登湖 
1008988, 60.1, 8.3, 31810, 了不起的盖茨比 
1456311, 39.9, 8.5, 770, Of Mice and Men 
4714008, 29.4, 8.4, 145, 山中最后一季 
19962936, 50.4, 8.7, 3397, 只是孩子 
4105446, 52.8, 8.1, 12454, 十一种孤独 
26823134, 30.5, 8.1, 230, 困扰种种 
25709685, 48.9, 9.6, 976, 守望者 上 
26765928, 36.4, 8.4, 480, 屠夫十字镇 
26860776, 37.4, 8.5, 508, 鞋狗 
26794598, 33.9, 8.3, 347, 过去的痛 
1092335, 62.0, 8.9, 16014, 教父 
26747208, 36.3, 8.2, 584, 优秀的绵羊 
26120130, 38.7, 9.0, 387, 天才的编辑 
1917972, 55.8, 7.8, 37085, 在路上 
26269845, 39.2, 8.1, 1102, 唯有孤独恒常如新 
26791409, 33.7, 8.7, 229, 奇爱博士 
26767242, 32.5, 8.6, 207, 亲爱的阿道夫 
10569619, 50.0, 8.5, 4187, 自由 
26831234, 41.8, 8.7, 848, 不属于我们的世纪 
6401128, 55.9, 8.9, 6224, 批评官员的尺度 
1082518, 58.2, 7.9, 47926, 麦田里的守望者 
26390426, 37.1, 8.3, 597, 比利战争 
2302217, 49.4, 8.8, 2529, 阿特拉斯耸耸肩（上下） 
2052049, 52.9, 9.0, 3449, 海伯利安 
26844525, 42.8, 8.6, 1117, 再见，萤火虫小巷 
1014825, 60.2, 9.0, 10536, 我也有一个梦想 
3826899, 52.2, 8.6, 5179, 布鲁克林有棵树 
1336330, 67.9, 9.3, 21551, 冰与火之歌（卷一） 
26911121, 29.0, 9.4, 67, 那年夏天 
1465324, 56.4, 7.7, 51208, 洛丽塔 
26787941, 38.2, 7.3, 2853, 玛格丽特小镇 
26801361, 35.3, 9.2, 195, 鹿苑长春 
26364209, 42.7, 8.1, 2060, 那些古怪又让人忧心的问题 
26701098, 29.6, 9.1, 88, 骄傲之塔 
26842369, 20.6, 8.9, 25, 像我们一样疯狂 
1433163, 31.2, 8.9, 131, 星·雪·火 
1870268, 49.8, 8.7, 3089, 美国大城市的死与生（纪念版） 
26683648, 29.7, 8.6, 131, 民主的不满 
1056315, 60.2, 8.8, 14147, 总统是靠不住的 
26871658, 29.0, 8.8, 100, 爱有失落时 
26300508, 43.4, 8.7, 1105, 万物的签名 
1064275, 62.8, 8.3, 50185, 老人与海 
5920385, 53.5, 8.2, 11855, 肠子 
1052074, 49.0, 8.7, 2725, 喧哗与骚动 
1225983, 54.9, 8.8, 6129, 万物简史 
1962078, 34.1, 8.6, 268, 校园秘史 
6798611, 62.8, 8.7, 25068, 史蒂夫·乔布斯传 
26264967, 50.6, 8.3, 6106, 神们自己 
26723433, 31.7, 7.6, 505, 冬日笔记 
26053771, 43.8, 8.6, 1317, 小于一 
1794620, 56.6, 7.8, 43101, 芒果街上的小屋 
26832725, 22.9, 8.3, 52, 王国与权力 
25844463, 36.2, 8.8, 314, 摩根财团 
1220853, 53.4, 8.3, 9898, 伟大的博弈 
6016234, 50.6, 8.8, 3056, 奇风岁月 
26430928, 30.0, 7.4, 460, 如何独处 
3013903, 50.2, 8.1, 7837, 漫长的告别 
25881102, 47.4, 8.9, 1654, 独裁者手册 
26689063, 39.2, 8.2, 975, 卡罗尔 
1040771, 66.8, 8.2, 123220, 达·芬奇密码 
3888123, 49.2, 8.6, 3207, 写作这回事 
3326892, 55.2, 8.6, 8527, 圣诞忆旧集 
5375620, 58.7, 8.8, 11217, 失控 
6746290, 42.5, 8.9, 764, 奥丽芙·基特里奇 
3151990, 51.9, 8.5, 5756, 达摩流浪者 
25924242, 46.4, 8.9, 1398, 爱在黎明破晓前&amp;爱在日落黄昏时 
4245064, 47.3, 8.6, 2349, 冷血 
26295450, 43.5, 8.7, 1114, 软件体的生命周期 
1015767, 45.7, 8.0, 4096, 门萨的娼妓 
26712353, 38.2, 8.7, 473, 血疫 
1051193, 62.6, 8.6, 28442, 麦琪的礼物 
26297872, 22.7, 8.2, 54, 北美殉道者花园 
26341546, 39.8, 8.9, 503, 大灭绝时代 
6892579, 52.0, 8.4, 6727, 美国种族简史 
2194123, 56.9, 8.4, 15403, 相约星期二 
3697494, 52.9, 9.1, 3029, 洞穴奇案 
24541883, 49.2, 8.1, 6497, 消失的爱人 
25907864, 47.6, 9.6, 818, 守望者 下 
24107596, 42.9, 8.0, 2446, 神经漫游者 
2161892, 51.8, 8.5, 5576, 九故事 
3178741, 47.5, 9.2, 1199, 来自民间的叛逆 
26653000, 32.8, 8.1, 348, 金翅雀 
26722307, 32.5, 7.9, 408, 暗夜独行客 
1762869, 57.7, 8.9, 8204, 如彗星划过夜空 
4071842, 51.2, 8.6, 4438, 路西法效应 
26835963, 23.2, 8.4, 51, 想象共和国 
26884205, 20.5, 8.8, 26, 星际唱片 
20507206, 52.7, 9.1, 2949, 众病之王 
5297291, 44.8, 8.4, 1994, 大而不倒 
1852700, 47.1, 9.0, 1403, 神经外科的黑色喜剧 
3316438, 46.8, 8.3, 3175, 孤独及其所创造的 
25826936, 52.1, 9.5, 1696, 冰与火之歌 
3090810, 42.8, 8.8, 887, 五号屠场 
3640067, 48.2, 8.7, 2377, 革命之路 
25751763, 37.7, 9.1, 303, 语言与沉默 
4171951, 50.6, 7.5, 24756, 失落的秘符 
1048930, 49.0, 9.0, 1886, 联邦党人文集 
24715686, 45.8, 8.7, 1607, 仿生人会梦见电子羊吗？ 
3347997, 54.9, 8.5, 9443, X的悲剧 
25900802, 35.1, 7.6, 968, 我在底层的生活 
3327495, 40.9, 8.3, 1147, 万有引力之虹 
3926717, 50.1, 8.5, 4240, 雷蒙德·卡佛短篇小说自选集 
2005481, 41.6, 8.9, 661, 法律之门 
1258490, 61.9, 9.2, 10238, 基地 
26264210, 35.0, 7.8, 740, 几乎没有记忆 
26897747, 18.4, 8.3, 24, 黑旗 
3112726, 51.9, 8.5, 5751, 希腊棺材之谜 
5408882, 54.7, 9.1, 3986, 公正 
3335362, 53.9, 8.5, 8032, 大教堂 
26889424, 13.4, 7.9, 12, 爱是地狱冥犬 
26769136, 28.4, 8.7, 97, 为什么长大？ 
1255097, 37.3, 8.0, 877, 世界电影史 
3393056, 46.8, 8.2, 3682, 流动的盛宴 
1088812, 47.3, 8.3, 3470, 第二十二条军规 
26680436, 30.6, 8.2, 216, 来份杂碎 
26810502, 25.0, 8.5, 65, 暴力 
26779789, 34.1, 8.8, 226, 安德的游戏·三部曲 
1438394, 35.1, 8.4, 382, 更多的人死于心碎 
26602392, 57.6, 8.8, 9380, 你今天真好看 
26642650, 36.3, 9.3, 209, 蝙蝠侠：漫长的万圣节 
1481311, 49.0, 8.7, 2690, 沙丘 
2350407, 43.7, 8.2, 2123, 寂静的春天 
3320694, 40.8, 8.9, 589, 巨塔杀机 
26690624, 30.6, 8.6, 151, 她们 
4199363, 47.8, 8.6, 2518, 九人 
1883353, 55.1, 8.8, 6313, 野性的呼唤 
1939182, 48.1, 8.0, 6305, 美国众神 
26840504, 28.0, 7.7, 220, 人人都有妄想症 
1036274, 59.5, 8.5, 20120, 夏洛的网 
26823150, 22.4, 7.7, 74, 脏工作 
6041708, 48.0, 8.4, 3432, 世上另一个我(修订版) 
5321895, 44.3, 8.3, 2060, 那些忧伤的年轻人 
26412776, 28.8, 7.9, 207, 巴塞尔姆的60个故事 
26755625, 30.7, 8.2, 219, 妈妈走的那一年 
24715669, 43.8, 8.9, 937, 少数派报告 
10564102, 38.8, 8.1, 1025, 单身（50周年典藏纪念版） 
1874411, 48.6, 8.5, 3310, 乞力马扎罗的雪 
3427304, 40.2, 8.9, 535, 美国货币史 1867—1960 
26915210, 18.1, 8.0, 27, 简明美国史 
26665498, 35.9, 7.5, 1309, 生命中最简单又最困难的事 
26292057, 36.5, 8.4, 483, 性审判史 
26834592, 27.2, 8.8, 75, 夏日遇见狄更斯 
4105444, 43.7, 8.5, 1467, 复活节游行 
1464203, 64.7, 9.4, 11855, 冰与火之歌（卷二） 
10770743, 36.0, 9.4, 184, 林达作品集（全九册) 
1033190, 57.0, 8.8, 8450, 失落的一角 
20444771, 37.0, 8.9, 325, 血色子午线 
2036569, 41.0, 8.2, 1322, 愤怒的葡萄 
26904330, 20.8, 8.4, 34, 100颗子弹1 
3816883, 40.7, 8.3, 1111, 黑暗的左手 
26756140, 39.4, 9.9, 204, 行动的勇气 
24525766, 38.8, 8.7, 525, 记忆小屋 
26284463, 30.2, 9.0, 104, 皮特猫 
10739689, 44.4, 8.8, 1153, 伟大的电影 
2170030, 39.1, 8.0, 1215, 白鲸 
1005325, 47.8, 8.4, 3291, 童年的消逝 
1064734, 44.2, 8.4, 1779, 疾病的隐喻 
4732188, 47.9, 8.1, 5217, 中央公园西路 
26577096, 34.7, 9.1, 191, 吉米·科瑞根 
1013369, 43.2, 7.7, 4058, 格调 
2061644, 51.6, 8.2, 8579, 伤心咖啡馆之歌 
6861517, 42.8, 8.5, 1260, 时时刻刻 
6805144, 29.5, 7.9, 236, 老巴塔哥尼亚快车（套装上下册） 
1473250, 46.0, 7.6, 8249, 魔鬼经济学 
26235729, 32.8, 7.6, 621, 单身社会 
1072319, 53.4, 8.5, 7338, 长腿叔叔 
5920818, 21.9, 7.1, 117, 从20万到30亿 
26892801, 24.5, 8.5, 59, 华生手稿 
26921229, 16.4, 8.3, 17, 霍华德·休斯传 
26694861, 18.2, 8.3, 23, 影响的剖析 
1448761, 45.3, 8.3, 2487, 像一块滚石 
20381804, 60.0, 9.4, 6003, 冰与火之歌·卷五·魔龙的狂舞（全三册） 
1140727, 57.6, 8.8, 9355, 安德的游戏 
1986291, 64.7, 9.5, 10263, 冰与火之歌（卷三） 
3266345, 52.8, 8.1, 12332, 三杯茶 
2193877, 54.1, 8.1, 15680, 你在天堂里遇见的五个人 
2287712, 42.2, 8.8, 807, 美国精神的封闭 
25808056, 44.0, 8.1, 2564, 纸牌屋 
26733712, 22.3, 8.3, 47, 湖上幽灵 
26732624, 35.4, 8.3, 448, 精神病患 
26831765, 21.2, 9.1, 25, 远方之镜 
3198422, 46.2, 8.6, 1937, 光明王 
10764908, 34.2, 9.3, 152, 美国儿科学会育儿百科 
5321892, 40.7, 8.8, 644, 不适之地 
26435040, 38.6, 8.4, 695, 世界秩序 
2251691, 47.5, 8.7, 2114, 弗兰妮与祖伊 
26150549, 37.9, 8.7, 450, 人性中的善良天使 
2139305, 53.4, 7.7, 29026, 巴别塔之犬 
1174721, 45.6, 8.4, 2276, 丧钟为谁而鸣 
20493367, 42.7, 8.5, 1242, 爱伦·坡暗黑故事全集（上册） 
26325928, 41.4, 8.4, 1108, 人在纽约 
3821057, 52.3, 8.6, 5260, 搏击俱乐部 
5448179, 40.6, 8.0, 1619, 别的声音，别的房间 
1146267, 51.6, 8.8, 3598, 深渊上的火 
4891196, 31.6, 7.7, 436, 智血 
1313181, 46.6, 8.5, 2344, 富兰克林自传 
26574813, 23.7, 9.1, 36, 婚变 
2973335, 43.9, 8.6, 1331, 微暗的火 
26707942, 33.6, 7.2, 1270, 知更鸟女孩 
2214350, 48.6, 8.4, 3793, 幻影书 
1767750, 26.9, 9.0, 63, Infinite Jest 
10483439, 38.9, 8.4, 731, 上升的一切必将汇合 
3246904, 50.6, 8.1, 8428, 蒂凡尼的早餐 
6844341, 45.7, 7.6, 7827, 牡蛎男孩忧郁之死 
4213981, 42.7, 8.4, 1379, 好人难寻 
1083429, 48.6, 8.7, 2538, 爱伦·坡短篇小说集 
26640080, 23.8, 9.2, 35, 采摘幻想的女孩 
26831766, 19.4, 9.1, 19, 愚政进行曲 
21778349, 40.1, 8.2, 1136, 苦水音乐 
26431326, 44.9, 8.9, 1119, 所有我们看不见的光 
1012272, 44.3, 8.7, 1268, 反对阐释 
25883305, 45.7, 9.1, 1023, 阿拉伯的劳伦斯 
6060418, 39.8, 8.3, 961, 年轻的心在哭泣 
5391766, 42.6, 7.5, 4969, 忽然七日 
26258374, 33.4, 8.6, 240, 爱丽尔 
4727293, 42.9, 9.4, 503, 理解漫画 
1907199, 53.0, 8.6, 5969, 扫起落叶好过冬 
26346222, 35.0, 8.3, 419, 美好的事物无法久存 
24736805, 44.5, 7.5, 7346, 我所有的朋友都死了 
19920715, 52.3, 8.6, 5318, 论中国 
26305561, 38.8, 8.0, 1165, 如何阅读一本小说 
6868806, 25.6, 8.3, 83, 出版人 
6085417, 33.7, 8.4, 305, 遗产 
24153098, 34.1, 7.5, 918, 差分机 
6124813, 31.9, 8.1, 296, 纽约兄弟 
26838224, 19.7, 8.4, 28, 排队 
6440324, 38.9, 8.4, 733, 人各有异 
26579966, 37.4, 8.6, 460, 医生的修炼 
4850629, 43.2, 8.6, 1181, 言论的边界 
1027030, 43.1, 8.4, 1497, 常识 
26578141, 35.0, 8.5, 340, 医生的精进 
1084730, 36.7, 9.4, 205, 辩论：美国制宪会议记录（上下） 
26740070, 30.5, 8.6, 148, 我和老爸 
4075203, 47.9, 9.1, 1425, 鼠族（一、二部） 
3041463, 46.1, 8.3, 2820, 时间回旋 
10763918, 30.7, 8.3, 200, 一路两个人 
24871651, 35.8, 8.8, 293, 爱达或爱欲 
25805143, 33.5, 8.5, 264, 他方世界 
6970882, 40.1, 8.1, 1286, 放任自流的时光 
6791412, 42.3, 8.8, 824, 炽焰燃烧 
6012933, 38.6, 8.2, 879, 救猫咪 
1069507, 38.1, 9.1, 321, 战争风云：1939－1941（上下） 
26264154, 43.1, 8.6, 1165, 悲伤与理智 
1476651, 59.4, 9.0, 9356, 社会心理学 
26863068, 18.7, 8.3, 25, 不列颠太阳下的美国海权之路 
20375515, 36.4, 8.2, 596, 重生：桑塔格日记与笔记1947～1963 
25733467, 44.3, 9.1, 826, V字仇杀队 
26708248, 28.2, 8.6, 101, 奠基者：独立战争那一代 
20373351, 38.4, 8.2, 844, 城市的胜利 
2328458, 54.6, 9.1, 3923, 社会性动物 
4915989, 44.4, 8.5, 1647, 大法官说了算 
5921802, 43.3, 7.6, 4848, 邮差总按两遍铃 
3649661, 44.4, 8.7, 1298, 说吧，记忆 
26787943, 28.0, 8.4, 116, 消失的殖民星球 
1867064, 45.4, 7.7, 6184, 八百万种死法 
26852985, 23.5, 8.1, 66, 惧恨拉斯维加斯 
5406557, 39.2, 8.1, 1101, 夜色温柔 
4196774, 38.6, 8.4, 696, 看电影的艺术 
4908957, 39.1, 7.5, 2470, 我的100件时尚单品 
1082946, 42.7, 8.8, 884, 我弥留之际 
1026628, 36.5, 9.0, 275, 原则与妥协（修订本） 
3136267, 41.3, 8.5, 971, 小城畸人 
26705829, 24.0, 8.3, 63, 特权 
7174792, 36.6, 8.5, 446, 千面英雄 
20425433, 38.5, 8.1, 970, 请你安静些，好吗？ 
1083317, 41.4, 7.8, 2456, 北回归线 
2026281, 44.1, 8.6, 1379, 大棋局 
3189896, 30.9, 7.6, 432, 教书匠 
4149805, 51.4, 8.5, 5243, 了不起的盖茨比 
4247000, 45.3, 9.0, 1057, 欲望号街车 
25736982, 36.2, 9.4, 189, 菲利普·迪克作品集（全5册） 
25876750, 39.8, 9.0, 459, 看不见的森林 
3210843, 60.5, 9.2, 8397, 冰与火之歌·卷四·群鸦的盛宴（全两册） 
26874453, 16.5, 8.2, 18, 大城市里的小象 
26672408, 27.0, 6.9, 465, 本书书名无法描述本书内容 
6964047, 57.1, 9.3, 4429, 冰与火之歌（卷一） 
2669319, 50.0, 9.0, 2205, Flipped 
26436987, 22.9, 8.7, 40, 史诗 
1048922, 40.1, 8.2, 1141, 硬球 
1982200, 51.6, 8.7, 4090, 爱德华的奇妙之旅 
3290026, 43.8, 8.7, 1174, 火星编年史 
5326883, 40.5, 8.3, 1081, 如何读，为什么读 
1082147, 49.9, 9.0, 2149, 热爱生命 
11628722, 31.1, 9.3, 97, Building Stories 
25942069, 30.4, 8.3, 190, 文雅的疯狂 
26318808, 36.3, 7.5, 1433, 我的脖子让我很不爽 
3348010, 52.5, 8.5, 6347, Y的悲剧 
3127852, 42.0, 8.6, 984, 推销员之死 
26279878, 39.5, 8.3, 913, 历史的教训 
6429781, 39.9, 9.0, 460, 诡辩与真相 
3615035, 32.0, 7.4, 679, 埃及十字架之谜 
1010888, 47.6, 8.4, 3208, 一路走来一路读 
26831740, 20.7, 9.2, 22, 第一声礼炮 
3888110, 37.6, 8.7, 430, 天使望故乡 
3891855, 43.8, 8.7, 1171, 第56号教室的奇迹 
1427288, 54.8, 8.4, 10812, 小妇人 
24853136, 28.2, 8.3, 129, 火车梦 
1254731, 55.6, 8.8, 6856, 欧·亨利短篇小说选 
26861450, 28.5, 8.4, 125, 丹麦女孩 
26617142, 30.0, 8.4, 161, 最后的猎巫人 
4894979, 26.1, 8.4, 83, 已知的世界 
26821908, 15.6, 8.4, 14, 朋友之间 
1030789, 41.6, 8.6, 918, 爱因斯坦的梦 
1470235, 39.5, 8.3, 908, 猫的摇篮 
10763170, 41.1, 8.5, 946, 发条女孩 
26213988, 27.2, 8.3, 108, 革命之夏 
24523682, 31.6, 7.6, 489, 裸体午餐 
24845582, 53.3, 8.4, 8417, 群山回唱 
26753478, 31.0, 7.3, 635, 神逻辑 
1021056, 48.1, 7.2, 27691, 谁动了我的奶酪？ 
25912159, 32.3, 8.7, 184, 当音乐停止之后 
24523678, 33.1, 8.2, 334, 白噪音 
6724865, 41.5, 8.7, 812, 坚不可摧 
26427244, 31.5, 8.9, 138, 我所缄默的事 
25878880, 41.1, 9.0, 559, 认识艺术（全彩插图第8版） 
24736494, 34.4, 8.5, 309, 地理学与生活（插图第11版） 
26891160, 23.3, 8.2, 60, 科技之巅 
1228110, 57.7, 8.2, 24782, 天使与魔鬼 
26737134, 34.4, 8.0, 522, 就要一场绚丽突围 
4619135, 36.6, 9.0, 277, 押沙龙，押沙龙！ 
26435630, 41.1, 9.4, 386, 经济学原理(第7版):微观经济学分册+宏观经济学分册(套装共2册) 
3194500, 34.9, 7.9, 640, 一个被称作“它”的孩子 
2283762, 41.8, 8.5, 1055, 钟形罩 
1321790, 41.4, 8.1, 1636, 华氏451 
26653460, 35.0, 8.3, 421, 烟雾弥漫你的眼 
3609269, 42.1, 8.7, 885, 黑色电影 
6827362, 28.1, 9.4, 59, 汉密尔顿 
3302645, 48.7, 8.1, 5935, 我在雨中等你 
1972412, 43.6, 8.1, 2399, 说谎者的扑克牌 
10282582, 41.1, 8.3, 1186, 隐形怪物 
26375108, 34.4, 8.4, 338, 新手 
1040397, 51.4, 8.1, 9686, 假如给我三天光明 
2143016, 48.0, 9.1, 1438, 我，机器人 
4230636, 33.0, 8.2, 327, 不平等的童年 
24529162, 35.9, 8.2, 546, 民主的奇迹 
2973325, 31.2, 8.2, 239, 纠正 
25827534, 29.0, 9.3, 71, 导演创作完全手册（插图第4版） 
3816895, 38.1, 8.1, 902, 雪崩 
26861897, 21.5, 8.7, 32, 我们都发狂了 
6973020, 32.7, 8.2, 311, 独抒己见 
1030200, 54.2, 8.9, 4758, 失落的一角遇见大圆满 
26341543, 26.5, 8.2, 104, 汤姆斯河 
1255006, 41.6, 9.0, 606, 爱伦·坡集 
1704159, 42.4, 8.6, 1047, 街角社会 
25933324, 34.7, 8.4, 356, 我幻想着粉碎现有的一切：苏珊•桑塔格访谈录 
26899141, 16.6, 7.8, 23, 千百种罪 
4903437, 43.8, 8.9, 937, 趁生命气息逗留 
2255896, 47.2, 8.8, 1798, 绿里奇迹 
24838958, 36.2, 8.7, 344, 我们的小镇 
6913343, 41.2, 8.3, 1210, 理性乐观派 
26337663, 36.6, 8.2, 614, 无言的宇宙 
26411602, 33.9, 8.1, 426, 富甲美国 
3747044, 41.4, 8.9, 647, 一无所有 
1855132, 34.4, 8.2, 420, 我在另一个世界等你 
3558787, 34.8, 8.7, 274, 美国大萧条 
1000579, 42.8, 8.6, 1116, 嚎叫 
4027219, 42.0, 7.8, 2753, 宠物公墓 
11597373, 43.2, 8.5, 1350, 爱的算法 
4742971, 39.9, 7.9, 1627, 错把妻子当帽子 
3033690, 47.6, 8.0, 5706, 24重人格 
10567283, 27.8, 7.7, 211, 恶棍来访 
3431637, 38.9, 8.5, 657, 野棕榈 
2981480, 38.2, 9.1, 325, 美国人民：创建一个国家和一种社会（上卷） 
4116629, 50.2, 8.9, 2536, 希区柯克悬念故事集 
5387467, 43.4, 8.4, 1562, 三口棺材 
26389895, 37.1, 9.4, 217, 银河帝国：基地七部曲 
2032117, 41.6, 7.7, 2966, 纽约三部曲 
3097539, 45.1, 8.9, 1146, 自由选择 
5321843, 36.3, 6.5, 8654, 假装的艺术 
3253854, 42.2, 7.7, 3360, 书店的灯光 
1011702, 47.0, 8.1, 4391, 廊桥遗梦 
25913147, 31.3, 7.7, 409, 因为深爱，所以放手 
25729024, 32.8, 8.9, 167, 对话比利•怀尔德 
26108260, 33.6, 8.4, 298, 思维的形状 
1993458, 21.3, 9.6, 20, The Creation of the American Republic, 1776-1787 
3310627, 42.4, 8.4, 1317, 繁花将尽 
26915067, 23.8, 9.3, 33, 托马斯·杰斐逊与海盗：美国海权的崛起 
1329403, 28.6, 9.9, 48, 孤独鸽 
1393426, 30.1, 8.1, 217, 编辑人的世界 
26916993, 15.9, 8.0, 18, 怪屋女孩3：灵魂博物馆 
1399992, 49.2, 8.9, 2172, 天渊 
26860145, 23.9, 8.3, 62, 蝙蝠侠：零年 秘密之城 
5942569, 36.4, 7.7, 1106, 成为作家 
26544961, 28.3, 8.0, 172, 24/7 
1271862, 37.7, 9.2, 278, 偶然、反讽与团结 
25807918, 36.6, 7.8, 991, 莎士比亚书店 
1773430, 28.6, 8.6, 109, The Omnivore&#39;s Dilemma 
26260335, 26.9, 8.0, 134, 上帝与黄金 
3163104, 47.3, 9.3, 1046, 变化社会中的政治秩序 
26628145, 26.4, 7.6, 176, 你就这样失去了她 
26377477, 23.3, 8.9, 38, 文章家与先知 
6010156, 34.3, 8.1, 459, 狂野之夜！ 
26883590, 21.2, 9.1, 25, 美国裂变 
1034847, 42.5, 8.5, 1199, 美国与中国 
5996568, 32.5, 8.6, 207, 人性的污秽 
1174722, 40.9, 7.9, 1948, 太阳照常升起 
1427831, 42.0, 8.7, 870, The Perks of Being a Wallflower 
24839553, 38.6, 7.3, 3089, 拖拉一点也无妨 
2214344, 46.2, 7.5, 10228, 不存在的女儿 
3438303, 44.2, 8.7, 1250, 抬高房梁，木匠们；西摩：小传 
3689094, 37.7, 8.4, 593, 最美的决定 
1766685, 42.5, 8.3, 1513, 黑暗中的笑声 
6720777, 37.4, 9.0, 314, 海明威短篇小说全集（上） 
25900689, 30.0, 8.6, 136, 新日之书（全4册） 
21690069, 33.8, 8.3, 337, 幻世浮生 
2160292, 44.0, 8.1, 2574, 神谕之夜 
2372670, 38.0, 7.9, 1129, 兔子，跑吧 
26436067, 26.0, 7.7, 149, Between the World and Me 
1053623, 47.0, 8.4, 2867, 文明的冲突与世界秩序的重建 
25777331, 40.0, 8.4, 877, 美国十讲 
1026317, 47.8, 7.7, 9830, 可爱的骨头 
1022238, 57.7, 8.2, 25006, 菊与刀 
26751983, 23.4, 8.2, 61, 隐形军队：游击战的历史 
25731402, 32.5, 8.7, 188, 剧本 
4953707, 40.3, 8.2, 1185, 门口的野蛮人 
25986620, 28.9, 8.7, 106, 阁楼上的疯女人 
1918353, 35.4, 8.7, 302, 流放者归来 
1768332, 45.6, 8.3, 2603, 喜福会 
4299484, 29.5, 8.6, 126, 爷爷的墙 
20380988, 34.3, 8.1, 461, 众生安眠 
26433664, 22.9, 8.2, 56, 剧院里最好的座位 
10746178, 26.3, 7.8, 142, 修补匠 
25871958, 29.8, 8.2, 188, 一个自杀者的传说 
1965977, 41.8, 7.4, 5093, 我的抑郁症 
1945004, 39.0, 8.6, 596, 近距离 
26933447, 20.9, 8.7, 29, 卓越未来 
26797406, 23.7, 7.3, 139, 美国独行 
10829270, 33.5, 8.3, 323, 法的门前 
5381541, 24.5, 8.7, 52, 时间与河流 
5289426, 37.9, 7.4, 2269, 在云端 
1083316, 37.7, 8.1, 834, 南回归线 
10473347, 38.6, 8.3, 781, 双重赔偿 
1039809, 40.7, 8.1, 1444, 草叶集 
2265995, 44.2, 7.1, 14947, 大象的眼泪 
25755771, 27.0, 8.1, 125, 清教徒的礼物 
5038509, 39.7, 8.5, 751, 倒带人生 
25758141, 29.8, 8.6, 132, 尊重表演艺术（修订版） 
2065564, 46.2, 8.1, 3804, 一日重生 
1186350, 46.2, 7.8, 6125, 红字 
11597313, 28.8, 8.3, 143, 地下世界 
1292322, 45.8, 8.2, 3101, 群星，我的归宿 
26681250, 21.7, 8.7, 33, 矮子当道 
5281169, 27.3, 8.0, 144, 安琪拉的灰烬2 就是这儿 
7063852, 36.1, 8.2, 559, 石泉城 
6982715, 33.8, 8.7, 233, 雷蒙德·卡佛 
26636503, 27.6, 8.6, 92, 正义的慈悲 
3404727, 41.1, 8.4, 1055, 同时 
20259527, 30.8, 9.1, 106, 低俗小说 
1010204, 49.3, 8.5, 3708, 宽容 
1090877, 42.1, 8.8, 797, 献给爱米丽的一朵玫瑰花 
3238550, 31.5, 8.0, 305, 老美国志异 
3223711, 52.8, 8.1, 12486, 怪诞行为学 
3024623, 41.9, 8.1, 1768, 布鲁克林的荒唐事 
26570564, 20.0, 8.0, 38, 短篇小说家与作品 
4821765, 36.1, 8.0, 706, 火星上的人类学家 
2117871, 49.1, 8.8, 2417, 大卫，不可以 
19976381, 42.5, 8.9, 767, 政治秩序的起源 
26315805, 27.7, 9.1, 66, 凶年 
15047243, 33.3, 7.9, 476, 卡波蒂短篇小说全集 
26378573, 27.9, 9.0, 73, 经济人的末日 
1958871, 41.6, 8.3, 1308, 普宁 
3264211, 45.5, 8.6, 1726, 犹大之窗 
25854138, 30.1, 8.0, 239, 右派国家 
1316771, 33.4, 8.7, 218, 最好的辩护 
20473872, 33.4, 8.2, 350, 幻影公众 
4761615, 35.9, 8.5, 399, 与动物对话 
1424569, 45.9, 8.4, 2393, 婚礼的成员 
5911531, 33.3, 8.5, 258, 独自打保龄 
19912141, 32.5, 8.6, 206, 为真实的世界设计 
3227478, 48.8, 8.9, 2053, 电影艺术（插图第8版） 
24296282, 34.0, 8.5, 289, 我是怪人，我是独行者 
3806309, 37.9, 7.6, 1690, 如何写影评 
26043606, 24.4, 9.2, 38, 美国人 
25844024, 17.5, 7.1, 45, 洛杉矶雾霾启示录 
25873393, 26.0, 8.3, 88, 肖像与观察 
26335757, 28.9, 8.9, 92, 最后的熊猫 
1316443, 36.1, 8.6, 370, 厄舍府的崩塌 
1006732, 36.3, 9.0, 266, 战争与回忆：1941－1945（上下） 
11528311, 33.0, 7.8, 506, 耶稣之子 
6004602, 31.2, 8.7, 153, 给我自由! 
25858710, 30.8, 8.2, 221, 为什么？ 
26779398, 20.8, 9.7, 18, WKW 
26275049, 26.7, 7.4, 233, 法医，警察与罪案现场：稀奇古怪的216个问题 
3113152, 41.9, 8.2, 1566, 伯恩的身份 
1499645, 33.0, 9.5, 111, Essays of E. B. White 
26776779, 22.6, 7.8, 71, 沃辛传奇 
20003446, 35.7, 8.3, 469, 草竖琴 
26592413, 17.2, 7.9, 24, A Manual for Cleaning Women 
3086832, 38.9, 8.4, 727, 寡居的一年 
1105150, 39.6, 9.0, 440, 菲雅尔塔的春天 
24713564, 32.1, 7.6, 542, 不要和鲨鱼接吻,但要和勇敢一起睡觉 
26388428, 26.6, 8.0, 126, 匠人 
25758646, 31.2, 8.7, 154, MoMA亮点 
25881349, 35.9, 8.8, 299, 翻开这本小小的书 
26760973, 21.8, 8.4, 40, 战略高手 
2050767, 49.8, 8.6, 3532, 绿野仙踪 
6157548, 38.9, 7.6, 2061, 房间里的大象 
26702041, 31.6, 7.7, 433, 天生变态狂 
25859093, 33.2, 7.2, 1168, 自由的老虎 
26335214, 15.9, 8.1, 17, Seveneves 
5416922, 37.7, 8.8, 395, 萨勒姆的女巫 
25903009, 27.8, 9.0, 72, 光辉岁月 
5415880, 24.8, 7.8, 108, 住院医生夜未眠 
26320047, 25.6, 8.7, 62, 浪漫主义宣言 
2061863, 40.2, 8.6, 727, 自私的德性 
1082305, 37.5, 8.9, 352, 沙郡年记 
5980471, 40.8, 8.4, 1011, 生命如歌 
1079739, 32.4, 8.7, 186, 夏日走过山间 
4160483, 39.3, 8.6, 632, 塞巴斯蒂安·奈特的真实生活 
1059503, 52.7, 9.1, 2944, 爱心树 
25794646, 28.9, 8.4, 134, 你的权利从哪里来？ 
26742636, 30.7, 9.0, 112, 鸟人 
25764449, 31.2, 8.8, 142, 社会学的邀请 
26871303, 19.7, 8.1, 34, 寻人不遇 
3131613, 36.8, 8.4, 512, 八月之光 
6540232, 35.7, 8.8, 290, 过去与未来之间 
1075371, 43.1, 8.7, 1047, 马丁·伊登 
4217139, 36.7, 7.5, 1543, 高盛帝国（上） 
7007230, 36.8, 7.9, 909, 斯蒂芬·金的故事贩卖机 
25941891, 40.8, 8.5, 904, 安迪密恩 
3662403, 33.0, 8.7, 204, 美国人：建国的历程 
25800850, 30.9, 8.0, 274, 动荡的世界 
25998242, 29.2, 8.4, 141, 危险的大笑 
1098639, 39.6, 8.3, 916, 纯真年代 
3106707, 46.1, 8.9, 1337, 好饿的毛毛虫 
24944340, 38.7, 8.5, 633, 尤比克 
26738494, 13.6, 7.8, 13, Evicted 
6859959, 37.2, 9.0, 305, 健全的社会 
3017205, 40.5, 7.8, 2070, 长眠不醒 
25862575, 29.4, 8.1, 190, 当我们谈论安妮·弗兰克时我们谈论什么 
26742180, 27.6, 8.5, 100, 心智探奇 
26534892, 29.7, 8.2, 182, 未来的序曲 
3228779, 45.5, 8.7, 1533, 出埃及记 
1860946, 30.5, 8.7, 138, 白领 
26739275, 21.5, 8.7, 32, 6号泵 
26584732, 21.7, 8.3, 42, 山河无尽 
3420221, 32.3, 8.5, 216, 实用程序育儿法 
1052055, 43.5, 8.2, 2064, 闪灵 
24738208, 35.4, 8.5, 364, 圣路易斯雷大桥 
3716506, 37.8, 8.1, 852, 路 
25876133, 28.4, 8.1, 159, 一平方英寸的寂静 
1421484, 22.2, 8.9, 32, The Poisonwood Bible 
3769019, 39.9, 8.5, 777, 闪亮的日子 
26661075, 28.8, 8.8, 96, 等鹿来 
26297802, 24.6, 8.7, 53, 当图书成为武器 
26420844, 28.4, 7.9, 191, 玛丽莲·梦露：我的故事 
24753751, 50.6, 8.1, 8388, 向前一步 
26377357, 26.9, 8.7, 76, 说故事的人 
4164096, 45.1, 7.6, 6981, 饥饿游戏 
6720539, 37.8, 8.3, 679, 断层线 
1364963, 23.9, 8.2, 66, Girl, Interrupted 
10548822, 35.8, 8.0, 668, 特别响，非常近 
2972992, 37.3, 8.1, 782, 时间足够你爱 
10945834, 48.8, 9.4, 1185, 蝙蝠侠：黑暗骑士归来 
5403795, 34.5, 7.7, 762, 沉溺 
3091295, 38.8, 8.7, 520, 盖普眼中的世界 
24751077, 38.1, 9.3, 272, 飓光志第一卷：王者之路（全三册） 
25872643, 34.4, 9.1, 183, 不可思议的旅程 
4105439, 38.5, 8.0, 1088, 小城 
6073466, 32.6, 8.4, 251, 死光 
1907517, 39.2, 8.3, 859, 社会学与生活（插图修订第9版） 
4789228, 36.1, 8.7, 338, In The Plex 
26834474, 21.1, 7.9, 50, 海盗共和国 
4202342, 35.7, 8.6, 347, 电影史 
20414497, 32.2, 7.3, 825, 乱象丛生 
2076853, 39.2, 9.1, 378, 奥尼尔剧作选 
1310155, 38.0, 8.1, 893, 莱博维茨的赞歌 
25808977, 38.1, 8.4, 635, 全息玫瑰碎片 
3434084, 32.7, 8.6, 213, 航空港 
3267519, 32.7, 8.4, 256, 李普曼传 
25775003, 29.2, 8.9, 96, 生来如此 
25894696, 27.3, 8.9, 71, 新闻的历史（第三版） 
25801637, 24.9, 9.4, 37, 脏老头手记 
25708075, 29.8, 8.0, 224, 未来是一只灰色海鸥 
26652880, 30.0, 7.4, 454, 遗落的南境1：湮灭 
25912910, 23.7, 8.5, 52, 风景与权力 
4766916, 34.5, 8.6, 284, 爱默生随笔 
26334506, 27.7, 8.9, 76, 正常的另一面 
2050806, 39.5, 8.1, 1154, 爱情故事 
1223765, 40.2, 8.3, 1030, 请宰了我 
25782295, 20.6, 8.9, 25, 獨裁者的進化：收編、分化、假民主 
1428463, 42.4, 8.9, 758, 文学理论 
1271212, 52.1, 8.8, 3932, 死者代言人 
26775352, 24.7, 8.1, 82, 水印 
26328513, 27.7, 7.7, 207, 零伯爵 
1876333, 39.5, 7.7, 1984, 没有国家的人 
7060197, 34.3, 8.6, 275, 魔桶 
1097396, 33.8, 8.6, 254, 生命的脸 
25889814, 31.1, 8.6, 163, 玫瑰传奇 
25838255, 23.4, 8.5, 49, 穿灰色法兰绒套装的男人 
4038567, 37.2, 8.1, 771, 蓝色骇客 
4941428, 39.6, 8.7, 594, 飞女郎与哲学家 
22196844, 31.3, 8.4, 200, 我知道笼中鸟为何歌唱 
26901177, 14.9, 8.0, 15, 流动的盛宴 
1901886, 29.2, 9.3, 73, 福克纳中短篇小说选 
24760873, 28.8, 8.7, 104, 命定日 
26938056, 22.8, 8.9, 35, 带艾伯特回家 
26383997, 40.7, 9.1, 477, 天国降临 
10590165, 45.2, 9.5, 639, 聆听音乐 
24845006, 34.6, 9.0, 204, 有生之年非听不可的1001张唱片 
22506376, 31.9, 8.0, 328, 看不见的剪辑 
2117872, 47.8, 8.9, 1745, 花婆婆 
20499983, 30.8, 8.1, 246, 死水恶波 
3434097, 34.8, 8.5, 333, 大饭店 
10554689, 32.7, 7.7, 536, 需要时，就给我电话 
26880886, 11.5, 7.3, 11, 海明威书信集 (1917-1961) 
1387256, 39.8, 8.4, 845, The Giver 
25885237, 29.5, 7.9, 234, 编剧心理学 
2362808, 32.8, 9.1, 144, 史蒂文斯诗集 
1440159, 39.3, 8.0, 1257, 安琪拉的灰烬 
26271843, 27.2, 8.4, 101, 死亡迷局 
4212463, 29.9, 8.6, 135, 美国史（1492~1997）（第10版） 
26789635, 29.0, 8.6, 117, 殡葬人的秘密 
25820440, 32.3, 8.3, 263, 秀拉 
26426513, 17.1, 7.8, 25, 蓝领，白领，无领 
1486619, 43.9, 8.3, 1946, 阁楼上的光 
26298577, 25.6, 8.0, 106, 林间空地 
25843334, 32.7, 8.1, 343, 金融的本质 
25897451, 25.0, 8.5, 64, 表演的艺术 
26270790, 26.4, 8.3, 94, 清晨5点的第五大道 
25893267, 29.7, 7.9, 244, 11/22/63 
26296081, 26.7, 7.2, 293, 孤独的反义词 
3167871, 39.3, 8.1, 1119, 月宫 
25708956, 36.1, 7.8, 912, 本店招牌菜 
5323008, 44.3, 8.8, 1139, 超越平凡的平面设计 
7057936, 39.8, 8.4, 847, 批判性思维 
1061534, 41.5, 8.2, 1445, 导演功课 
1421923, 40.7, 8.2, 1251, 大国的兴衰 
11587591, 38.1, 7.7, 1534, 想念你的陌生人 
1140729, 46.6, 8.6, 2090, 星船伞兵 
6851608, 37.9, 8.0, 979, 奢侈的！ 
7154320, 31.9, 7.5, 586, 与爱因斯坦月球漫步 
2141624, 30.4, 7.5, 435, 躁狂抑郁多才俊 
5347801, 33.3, 7.7, 608, 编剧：步步为营 
3521728, 34.6, 8.8, 244, 城市文化 
26864947, 14.2, 8.2, 12, 看，这是哲学 II 
3601801, 32.0, 8.7, 173, 变态心理学 
26369891, 30.9, 8.7, 147, 猿形毕露 
3999563, 34.9, 8.5, 338, 野果 
25725500, 26.6, 7.5, 206, 虚拟偶像爱朵露 
1427457, 43.2, 8.4, 1512, 传播学史 
25766700, 35.1, 7.5, 1110, 一网打尽 
6148690, 33.2, 7.9, 469, 金融之王 
1023059, 22.1, 7.6, 76, 千万别在奶奶家生病 
3699210, 36.3, 8.0, 734, 蛛丝马迹 
3931106, 34.2, 8.8, 229, 宇宙秘密：阿西莫夫谈科学 
26857396, 16.7, 7.9, 22, 情报的艺术 
26882455, 15.6, 7.7, 20, 没有行李的旅行 
26606419, 22.1, 8.4, 42, 巴巴拉•W•塔奇曼作品03：历史的技艺：塔奇曼论历史 
1547677, 36.6, 8.0, 776, 等待 
25876757, 27.4, 8.2, 122, 鲜花帝国 
26295983, 26.7, 8.1, 117, 苏珊·桑塔格谈话录 
26737948, 21.4, 8.2, 43, 小城市空间的社会生活 
26716512, 22.9, 7.9, 70, 好剧本是改出来的 
24845545, 36.4, 8.0, 745, 阿桑奇自传 
26556039, 24.6, 8.3, 70, 未竟的往昔 
10521316, 35.0, 8.4, 378, 满是镜子的房间 
26701711, 21.0, 8.4, 35, 风下之乡 
25928882, 16.4, 7.9, 21, In Manchuria 
4151204, 35.9, 9.1, 229, 心理学导论 
26468042, 22.7, 7.4, 102, 温德先生 
20413742, 41.1, 7.5, 3743, 不说，就真来不及了 
26411141, 28.4, 7.4, 330, 世界为何存在？ 
11612914, 31.0, 7.1, 837, 恶俗 
10607615, 46.2, 8.8, 1538, 第三种黑猩猩 
1085128, 33.5, 8.2, 357, 大地 
4213397, 41.9, 8.9, 692, 莱昂内往事 
7061613, 37.9, 8.5, 553, Steal Like an Artist 
3586491, 39.8, 8.6, 684, 防守 
2117062, 35.0, 7.8, 732, 麦田守望者 
11608712, 45.1, 8.7, 1433, 无器械健身 
3622446, 36.0, 6.9, 3544, FBI教你破解身体语言 
1085935, 38.3, 8.0, 1053, 非理性繁荣 
26884338, 16.0, 8.4, 15, 资本社会的17个矛盾 
26827546, 29.9, 8.6, 134, 大历史 
4727295, 35.2, 9.1, 206, 制造漫画 
24722746, 36.2, 7.8, 918, 人类尸体的奇异生活 
1051386, 33.6, 8.3, 327, 大国政治的悲剧 
1380158, 24.3, 9.4, 34, The Complete Poems 
26281317, 29.8, 8.3, 170, 群魔 
3715982, 42.2, 8.5, 1142, 当幸福来敲门 
4882004, 24.8, 8.4, 67, 阿西莫夫论科幻小说 
1856723, 34.4, 8.6, 279, 沉默的美学 
24866359, 34.6, 8.6, 289, 春月 
14439405, 40.8, 8.9, 583, 哲学的故事 
2350549, 46.8, 8.8, 1671, 海伯利安的陨落 
3218534, 42.3, 8.1, 1916, Eat, Pray, Love 
1169472, 37.6, 8.7, 433, 微积分之屠龙宝刀 
6021440, 59.6, 8.8, 12936, 黑客与画家 
26760972, 20.1, 8.4, 30, 危险关系 
3710319, 30.9, 7.6, 429, 亚文化 
26706616, 17.7, 8.4, 20, 启蒙时代（下）：自由的科学 
26882298, 18.9, 8.7, 21, 世界上最老最老的生命 
1425950, 40.3, 9.1, 450, 线性代数及其应用 
25857804, 29.7, 8.0, 222, 硅谷百年史 
3077186, 34.8, 8.1, 499, 群氓之族 
4177120, 44.2, 8.7, 1248, 西尔斯亲密育儿百科 
4246667, 35.2, 7.6, 986, 粘住 
6781486, 37.0, 8.2, 654, 趣味生活简史 
1097397, 36.3, 8.6, 383, 死亡的脸 
2072469, 35.3, 8.0, 610, 死亡回忆 
5286675, 33.5, 7.2, 1238, 我的风格小黑皮书 
26012244, 26.5, 8.1, 114, 编剧的策略 
4904074, 43.3, 8.3, 1757, 塔莎奶奶的美好生活1－跟着感觉走就对了 
25850045, 34.3, 8.2, 413, Flash Boys 
26800118, 15.0, 7.7, 18, 床单精灵 
26894747, 19.3, 8.5, 25, 爷爷和我 
20503759, 24.3, 8.3, 66, 自由的界限 
21632268, 26.7, 7.6, 187, 数字乌托邦 
25723282, 26.0, 9.4, 43, 元素的盛宴 
3206270, 45.4, 8.9, 1201, 拥抱战败 
26183838, 29.7, 7.5, 378, 我想看到的世界 
1082593, 48.8, 9.1, 1621, 经济学 
26642866, 45.9, 8.5, 2093, 萤火虫小巷 
6309931, 26.5, 8.6, 77, 自我·群体·社会 
1323573, 40.7, 8.7, 710, 美丽心灵 
26706519, 22.8, 8.1, 59, 黄柳霜 
24872278, 31.6, 7.2, 836, 信号与噪声 
3405756, 33.8, 7.9, 524, 生活的暗面 
4187474, 33.0, 8.4, 267, 西方世界的兴起 
26838785, 25.2, 8.4, 72, 最好的抉择 
24310435, 30.0, 7.4, 458, 卑微的套套 
1482609, 43.6, 9.1, 739, 理解国际冲突 
26674037, 30.5, 8.6, 148, 为人文教育辩护 
4834737, 37.4, 9.2, 264, 最後的問題 : 西方短篇科幻小說精選 
3622904, 45.1, 7.3, 11953, 不抱怨的世界 
26848006, 26.0, 8.7, 66, 极客物理学 
1258487, 50.9, 8.9, 2825, 基地前传1·基地前奏（上下） 
2060491, 45.0, 8.9, 1136, 逻辑学导论 
5290370, 48.8, 8.6, 3003, 禅的行囊 
1067830, 34.8, 8.9, 229, 人对抗自己 
3662262, 38.5, 8.0, 1098, 电影化叙事 
25848953, 26.1, 7.0, 333, 群体性孤独 
26315410, 27.8, 8.8, 83, 水彩奶奶Cathy Johnson的清新手绘教程 
4905953, 33.3, 8.2, 346, 种子的信仰 
10801135, 31.7, 8.6, 181, 以眼说话 
26603231, 13.2, 8.0, 11, Jade Dragon Mountain 
3309541, 25.6, 9.3, 43, 线性代数及其应用 
26924202, 17.0, 8.5, 17, 怎样观察一朵花 
3431988, 44.2, 9.1, 812, 人的境况 
1676602, 27.2, 9.3, 55, 创意，未来的工作方式 
26855895, 15.9, 8.1, 17, 献给生活中的每一场小聚会 
