Tag: 美食 

ID, Score, Rating, Votes, Title 
11588627, 43.8, 7.9, 3330, 无非求碗热汤喝 
4016036, 32.9, 9.4, 117, 食物與廚藝 
26739700, 28.4, 8.4, 124, 食光深处的温暖 
26775628, 28.2, 7.5, 279, 好好地吃一朵西蓝花 
26771603, 31.5, 8.2, 251, 英雄的食材和神做法 
26868554, 15.2, 8.1, 15, 小津安二郎美食三昧·关东篇 
6513841, 34.2, 8.6, 274, LIFE家庭味 
26757192, 20.7, 9.1, 23, 简简单单做面包 
20267987, 41.1, 7.4, 4428, 孤独美食家 
26387640, 41.7, 8.2, 1495, 忧伤的时候，到厨房去 
4189446, 45.1, 8.8, 1279, 跟着君之学烘焙 
26722322, 28.6, 8.7, 101, 我的时尚厨房 
26898505, 21.9, 9.0, 29, 奢侈的滋味 
26862352, 21.0, 9.1, 24, 莫扎特，请入席 
5333049, 38.7, 8.8, 462, 最详尽的甜点制作教科书 
5940434, 50.2, 8.3, 5749, 一个人的美食之旅 
26911258, 15.6, 7.8, 19, 食帖13：腐的品格!初心者的发酵料理书 
25774772, 38.3, 8.5, 593, 做饭 
2282081, 43.5, 8.0, 2725, 香港味道1 
25975888, 34.3, 8.5, 303, 食事 
3535331, 32.0, 8.7, 173, 食经 
1057601, 44.2, 7.8, 4193, 半饱 
4706662, 30.2, 9.4, 80, 食物與廚藝 
1674916, 27.9, 9.1, 69, 专业烹饪 
1415311, 41.3, 8.1, 1591, 美食家 
1223612, 37.4, 8.5, 506, 唐鲁孙谈吃 
6826615, 39.8, 7.8, 1838, 台北小吃札记 
10481061, 35.1, 7.8, 751, 小&#34;食&#34;光 
26734610, 20.1, 9.0, 22, 中国食谱 
26369001, 24.5, 8.2, 74, 一起来吃早午餐 
26765379, 20.3, 8.0, 40, 爱上铸铁锅 
26638269, 29.0, 8.7, 108, 寿司之神 
11627774, 38.8, 8.2, 907, 贪食纪 
5914556, 37.2, 7.6, 1470, 台湾味道 
25807523, 32.4, 7.3, 860, 唯爱与美食不可辜负 
5914555, 37.6, 8.0, 932, 暴食江湖 
25852665, 36.3, 7.6, 1234, 孤独的人都要吃饱 
4156058, 32.6, 9.4, 113, Mastering the Art of French Cooking 
4692016, 39.0, 9.1, 366, 西式糕点制作大全 
26769704, 20.1, 8.2, 34, 早安，早餐 
2974903, 44.0, 8.1, 2562, 香港味道2 
26906511, 12.9, 8.1, 10, 梅森瓶里的轻食光 
5954632, 36.6, 8.4, 496, 寿司品鉴大全 
26281415, 26.0, 7.5, 183, 早餐礼赞 
3410797, 40.8, 7.8, 2197, 吃，吃的笑 
4705912, 37.1, 8.9, 327, 意大利餐制作大全 
23116260, 35.9, 8.2, 542, 其实，大家都想做菜 
2996680, 38.2, 7.8, 1344, 蔡澜食材字典 
1916929, 37.5, 8.6, 468, 梁实秋谈吃 
24742991, 22.3, 7.6, 80, 再赴美食之旅 
26711352, 19.7, 8.1, 34, 面包制作的科学 
4011282, 40.8, 8.2, 1275, 京味儿 
25828868, 33.9, 7.5, 881, 快活馋 
5502946, 39.5, 7.5, 2692, 元气糖 
26827556, 27.0, 7.8, 164, 食帖10:早餐，真的太重要了 
25776456, 40.8, 8.7, 716, 老味道 
26812868, 19.4, 8.2, 30, 吃的美德 
26602109, 26.7, 7.4, 233, 吃饱了才有力气谈恋爱 
26780654, 19.5, 8.9, 21, 美味岁时记 
26411821, 26.4, 7.9, 132, 无印良品的人气菜肴 
26843917, 24.1, 8.9, 43, 和食十品 
1064014, 38.8, 8.3, 801, 中国吃 
26276634, 25.3, 7.4, 174, 無印良品的四季食谱 
1069778, 37.0, 8.1, 745, 我的川菜生活 
26265818, 27.4, 7.4, 269, 电影食堂 
26803921, 19.6, 7.9, 38, 味言道（精装水墨版） 
5972443, 24.6, 8.0, 87, 白话随园食单 
11507833, 38.2, 8.4, 653, 深夜食堂料理特輯 
6397533, 33.3, 8.2, 347, 水果猎人 
26411825, 25.5, 8.0, 103, 无印良品的花样土锅料理 
25827271, 31.5, 7.4, 625, 吃早餐，彻底改变了我 
3187449, 23.2, 8.8, 40, 细说川菜 
1484084, 28.7, 9.3, 68, 大众川菜 
26613060, 29.5, 7.7, 291, 食帖06：理想身材，吃即王道！ 
20429355, 26.6, 9.3, 50, 意大利面制作大全 
26789266, 26.9, 8.7, 76, 你不懂面包 
24704589, 31.4, 8.4, 205, 跟着小嶋做烘焙 
10830940, 31.1, 9.0, 120, 法式西餐制作大全 
1563556, 31.3, 8.2, 242, 日本蛋糕名店的私藏秘方 
26369033, 23.7, 7.2, 154, 一起来吃轻晚餐 
10480691, 31.0, 8.2, 230, 蓝带甜点师的纯手工果酱 
25763528, 36.6, 8.1, 689, 植物学家的锅略大于银河系 
1082586, 37.6, 7.8, 1213, 厨室机密 
23164585, 26.3, 6.9, 398, 爱自己，好好吃早餐 
20499702, 38.9, 7.7, 1784, 味道·第一宗罪 
5423779, 35.4, 7.9, 704, 食桌情景 
25797851, 26.7, 8.4, 92, 山家清供 
20272103, 28.9, 7.3, 410, 旧时光的味道 
24849908, 28.7, 7.6, 280, 假如我有一间咖啡馆 
6265143, 29.4, 8.9, 99, 最详尽的面包制作教科书 
1460123, 37.8, 8.0, 959, 寒夜客来 
19974860, 40.5, 8.6, 764, 孤獨的美食家 
26665581, 24.1, 8.6, 52, 料理全书 
4175452, 38.1, 7.8, 1334, 美味关系 
19974381, 30.6, 7.3, 590, 味道台北 
1457211, 39.6, 7.8, 1772, 吃主儿 
10864608, 25.1, 8.6, 61, 拍出幸福美滋味 
26587847, 30.1, 7.9, 262, 食帖05：全宇宙都在吃甜品 
26879049, 25.3, 9.0, 49, 和果子 
1039661, 36.7, 7.7, 1157, 厨师之旅 
1042250, 35.3, 7.9, 691, 肚大能容 
26281256, 19.4, 8.4, 27, 味覺獵人 
26314759, 29.0, 7.2, 483, 食帖02：只为喝杯好咖啡 
26849966, 17.6, 8.1, 23, 深夜食堂 严选之味 
26819233, 21.8, 9.2, 26, 给你一桌子美好 
1228011, 32.3, 8.0, 354, 知堂谈吃 
25857506, 23.3, 8.0, 69, 菜单中的秘密 
26789646, 19.0, 7.4, 48, 四万十食堂 
26293762, 28.2, 7.1, 458, 食帖01：Brunch吧!没那么赶时间 
25929854, 20.8, 7.1, 93, 宋朝饭局 
5390093, 30.2, 7.5, 421, 后厨机密 
20470916, 59.4, 9.1, 8088, 深夜食堂 02 
25943103, 27.8, 7.1, 417, 温暖灵魂的味道 
26297786, 20.6, 7.4, 67, 你烩你做啊 
25772471, 26.1, 6.8, 432, 唯美食与爱不可辜负 
26767061, 15.2, 8.1, 15, 《只一盘也是盛宴：懒人的10000种健康沙拉》 
25941119, 20.3, 8.8, 25, 够味儿!80道经典家常菜烹饪详解 
26583821, 23.9, 7.9, 83, 嗜：戒不掉的甜蜜 
10528380, 26.1, 8.6, 72, 有生之年非吃不可的1001种食物 
1908263, 20.0, 7.2, 71, 咖喱传奇 
10533384, 27.9, 8.3, 123, 潮汕味道 
1598832, 29.7, 8.7, 120, 专业烘焙 
3698039, 28.5, 8.2, 149, 法式西餐烹饪基础 
25724942, 26.8, 7.1, 337, 肠子，脑子，厨子 
26681993, 26.6, 7.9, 138, 食帖07:大丈夫生于厨房 
4703383, 33.0, 8.9, 174, 经典面包制作大全 
26617305, 25.3, 8.3, 78, 美食近似于爱 
11600027, 24.2, 7.6, 114, 大仲马美食词典 
10560187, 31.0, 8.5, 174, 我爱面包机 
26142174, 23.2, 7.6, 95, 今天的早餐 
2131829, 34.8, 7.3, 1405, 煮妇日记 
11509650, 29.0, 8.0, 195, 舌尖上的世界 
3102649, 29.5, 7.9, 235, 恶魔花园 
4730272, 24.6, 8.0, 87, 高橋美起陪你來吃丼飯 
25958209, 25.7, 7.4, 191, 四季蔬：小白素食记录 
25815344, 27.8, 7.1, 417, 民国吃家 
26684007, 16.9, 7.9, 23, 明日的餐桌 
26784339, 19.1, 7.8, 37, 胖子之城 
26421322, 21.2, 7.3, 82, 蔬菜之神 
7154270, 27.8, 7.7, 210, 在阳台种美味 
26677846, 18.4, 9.0, 17, 有味是清欢：美食小品赏读 
26461519, 36.3, 8.0, 735, 面包会有的 
20470913, 58.2, 9.1, 6739, 深夜食堂 03 
25780643, 24.1, 7.3, 153, 最好的厨房 
26771606, 21.9, 7.8, 62, 没完没了的好时光 
26303206, 24.6, 7.4, 152, 今天也谢谢招待了 
10586500, 30.0, 8.6, 136, 四季的幸福烘焙 
3406848, 32.0, 7.6, 531, 终极美味 
4760876, 31.4, 7.4, 609, 写给牡蛎的情书 
1042616, 26.9, 8.0, 132, 云乡话食 
25985699, 29.1, 7.4, 380, 爱就是在一起，吃好多好多顿饭 
26593509, 27.4, 7.6, 215, 酒友 饭友 
6558053, 32.9, 7.9, 445, 灶下书 
26680436, 30.6, 8.2, 216, 来份杂碎 
26806905, 26.7, 9.4, 48, 时光，一场不散的筵席 
11537640, 41.9, 8.4, 1205, 一个人的美食之旅2 
6510146, 31.2, 7.7, 404, 梅酒香螺嘬嘬菜 
25662823, 25.6, 8.6, 67, 杰米·奥利弗30分钟上菜 
3829038, 19.8, 8.8, 23, 本心斋蔬食谱 
7002722, 25.7, 7.7, 139, Julia&#39;s香草满屋 
26561125, 23.7, 9.1, 36, 小森食光 2 
26454651, 18.6, 7.0, 62, 口头馋 
20470506, 26.6, 7.0, 367, 不过一碗人间烟火 
3062449, 37.6, 9.2, 273, 唐鲁孙作品（六卷精华版） 
1037090, 34.5, 8.1, 478, 天下味 
25913193, 25.1, 7.2, 209, 一切有情,依食而住 
25902282, 18.8, 8.2, 27, 美食摄影全书 
3066876, 25.6, 8.6, 66, 日本鐵路便當大全 
1335492, 16.7, 8.0, 21, 大廚食材完全指南 
26774591, 22.1, 8.4, 42, 怀旧食堂 
26718762, 22.5, 8.2, 52, 真味 
26866719, 18.6, 7.2, 52, 食帖11：美食漫画万岁！ 
26596235, 14.3, 7.0, 24, 食物 
25785271, 22.2, 7.1, 124, 男人的菜市场 
2125029, 30.4, 7.8, 308, 无尽的盛宴 
10727853, 19.2, 8.7, 22, 廚藝之鑰（上） 
6967739, 24.3, 7.5, 128, 老爹妈思厨 
25843177, 23.2, 8.2, 59, 我爱沙拉 
6771884, 25.5, 7.9, 113, 甜点品鉴大全 
25799696, 27.6, 7.8, 181, 寻味中国 
5249966, 27.7, 7.4, 284, 巴黎小厨房 
4898906, 12.9, 7.7, 12, 風味聖經 
25774256, 29.0, 7.2, 475, 肥肉 
25762705, 11.3, 7.4, 10, 京都午茶時光！日式抹茶幸福甜點 
26261047, 20.3, 8.2, 35, 北平味儿 
2010072, 26.5, 7.6, 182, 国宴与家宴 
1055518, 23.7, 8.3, 60, 知味集 
20379785, 31.6, 8.3, 231, 京味儿食足 
24852220, 26.7, 8.2, 108, 半间灶披间 
4922458, 24.5, 8.9, 46, 歡迎進入Grace西點紅茶時間 
3314139, 25.1, 8.7, 57, 小小乳酪蛋糕食譜書 
3665981, 29.8, 7.6, 342, 吃的大冒险 
25861937, 29.4, 7.4, 404, 昔日的味道 
25802892, 19.6, 8.1, 33, 幸福  从早餐开始 
3387283, 20.3, 7.9, 43, 巴黎藍帶廚藝學校日記 
25786083, 15.3, 7.8, 18, 山家清供 
4277974, 13.0, 7.3, 15, 分子廚藝 首部曲: 揭開美食奧祕的科學革命 
10426453, 26.4, 7.6, 177, 寻味日本 
26369075, 16.5, 8.0, 20, 寿司笔记 
26927383, 11.5, 7.5, 10, 回味北京老食光 
2089292, 24.1, 7.1, 187, 饭醉分子 
1507156, 14.6, 8.2, 13, The French Laundry Cookbook 
20481421, 23.6, 6.7, 273, 终于尝到真滋味 
2095990, 12.9, 7.9, 11, 韩良露私房滋味 
26802578, 14.0, 7.8, 14, 一粒糖 
1479240, 30.3, 7.4, 480, 餐桌上的普罗旺斯 
11511602, 12.0, 7.7, 10, 顶级名师常温蛋糕的多样化 
5263544, 38.9, 9.0, 400, 昨日的美食 02 
1248264, 20.7, 8.0, 43, 鸡尾酒的178种标准鸡尾酒的配制 
25929641, 18.2, 8.1, 26, 美食快到碗里来 
3848885, 19.9, 7.1, 76, 茶果子 
10514966, 17.3, 7.6, 30, 米饭杀手 
25960995, 13.1, 6.8, 21, XFun吃货俱乐部之泰国美食记 
1228392, 23.8, 7.9, 82, 橄榄色的托斯卡纳在歌唱·意大利食物恋 
10602305, 27.3, 6.9, 496, 斗宴 
26413982, 18.6, 8.7, 20, 吃对你的家常菜2 
25828630, 14.0, 7.8, 14, 戚风蛋糕 
25885271, 11.0, 6.8, 13, 北歐廚神 
5407463, 23.6, 8.4, 55, 世界葡萄酒全书 
20172515, 31.5, 8.5, 192, 寻味 
