Tag: 职场 

ID, Score, Rating, Votes, Title 
2256039, 60.4, 7.8, 88427, 杜拉拉升职记 
26911011, 28.8, 8.3, 144, 名丽场 
24753751, 50.6, 8.1, 8389, 向前一步 
4326057, 45.9, 8.9, 1303, Excel图表之道 
26838695, 28.0, 8.2, 137, 12个工作的基本 
26641761, 33.4, 8.0, 436, 横向领导力 
26883144, 21.9, 8.3, 44, 清晰表达的艺术：打造高效的职场沟通 
3558629, 50.2, 8.4, 4933, 小强升职记 
25948154, 36.8, 7.7, 1186, 扛得住，世界就是你的 
5913475, 42.1, 8.2, 1615, 高难度谈话 
26807400, 37.7, 8.9, 362, 成功心理学 
26288194, 32.4, 9.1, 136, 权力与领导（第5版） 
26663916, 34.7, 8.2, 443, 沟通圣经 
1039311, 43.3, 8.4, 1533, 职场动物进化手册 
2158889, 36.5, 8.3, 544, 权力的48条法则 
26781120, 30.7, 8.2, 219, 优秀到不能被忽视 
26590171, 30.0, 7.3, 521, 做事的常识 
26379069, 28.9, 7.2, 468, 麦肯锡入职培训第一课 
11516220, 40.1, 8.6, 714, 第2份工作 
26590267, 36.4, 7.5, 1460, 工作前5年，决定你一生的财富 
5360180, 34.2, 8.5, 299, 说话就是生产力 
3896758, 38.4, 8.4, 675, 参谋助手论 
26882462, 24.9, 6.7, 372, 你从未真正拼过 
25980669, 29.9, 7.1, 663, 带人的技术 
6712457, 41.4, 8.2, 1436, 你早该这么玩Excel 
26388790, 30.9, 8.1, 248, 交办的技术 
3313363, 43.9, 8.5, 1509, 演说之禅 
6404010, 41.8, 7.9, 2306, 不懂项目管理，还敢拼职场 
26848745, 19.5, 8.3, 29, 转行：发现一个未知的自己 
10446295, 37.1, 8.1, 748, 权力 
3043491, 49.0, 7.7, 12259, 浮沉 
24745639, 36.2, 7.8, 918, 麦肯锡教我的写作武器 
3664754, 48.4, 8.1, 5709, 米娅，快跑 
5399425, 38.1, 8.4, 634, 销售就是要搞定人 
2309689, 49.8, 8.0, 8509, 圈子圈套1 
6428387, 38.3, 8.5, 595, 小艾上班记 
25731751, 34.5, 7.8, 668, 99%的新人，没用心做好的50件事 
26308014, 33.2, 7.4, 879, 联盟 
2250259, 43.8, 8.1, 2473, 这些道理没有人告诉过你 
20434393, 34.5, 8.0, 534, 销售无处不在 
24902403, 31.2, 9.2, 106, 忙总管理笔记 
4846035, 38.6, 7.6, 1930, 干法 
26895181, 23.4, 7.4, 118, 贵圈 
26922983, 19.2, 8.9, 20, 演讲的本质 
24746256, 31.7, 8.0, 316, 和秋叶一起学PPT 
4243135, 39.5, 7.4, 3172, 别告诉我你懂PPT 
5289426, 37.9, 7.4, 2269, 在云端 
3002878, 48.0, 8.7, 2320, 优势谈判 
4604592, 37.6, 7.5, 1828, 说服力 让你的PPT会说话 
11625032, 38.6, 7.4, 2658, 欢乐颂  第一季 
10586741, 41.0, 8.3, 1182, 关键对话 
25870384, 44.4, 8.4, 1845, 你的生命有什么可能 
10799765, 31.3, 7.6, 464, 盖洛普优势识别器2.0 
3808887, 42.1, 7.5, 4575, 做单 
26866300, 34.9, 9.1, 197, 光芒纪·微光 
1790456, 38.5, 7.5, 2188, 专业主义 
25957554, 43.6, 8.0, 2768, 在不安的世界安静的活 
26799348, 34.8, 8.5, 331, 演讲的力量 
3323987, 49.0, 7.3, 26915, 杜拉拉2华年似水 
20622712, 30.6, 6.9, 1057, 给你一个团队，你能怎么管？ 
26839363, 17.6, 7.1, 46, 请用数据说话 
26761859, 34.6, 7.9, 610, 精要主义 
25779342, 33.3, 7.7, 601, 麦肯锡教我的思考武器 
1311874, 34.5, 8.4, 344, 说服 
26770999, 28.7, 8.5, 119, 斯坦福大学创业成长课 
26892462, 26.7, 9.4, 48, 职场小白脱菜手册 
20366371, 31.5, 8.1, 277, 找我1 
6085181, 49.5, 8.1, 6933, 二号首长 
1827578, 44.9, 7.6, 6630, 输赢 
20470494, 29.4, 8.1, 192, 职场成人礼 
1958394, 37.6, 7.8, 1195, 工作DNA 
1038977, 40.9, 8.6, 815, 谈判是什么 
25827813, 30.2, 8.7, 130, 不会写，怎敢拼外企——TCS三级跳 解析商务英语写作经典案例 
4832553, 48.0, 8.2, 4540, 侯卫东官场笔记 
26589583, 25.1, 7.7, 126, 准备好了吗？开始工作吧！ 
26333046, 26.7, 7.4, 234, 替这个残酷世界给你的一记温柔耳光 
2063630, 31.1, 8.1, 257, 疯狂的功成名就 
3864320, 41.4, 7.7, 2867, 潜伏在办公室 
1911519, 38.9, 8.4, 731, 不得往生 
25750684, 28.0, 7.9, 180, 坚强工作，温柔生活 
24870849, 25.0, 6.8, 337, 不懂带人，你就自己干到死 
2339850, 37.2, 8.6, 445, 回家 
4773741, 46.0, 7.5, 9888, 杜拉拉3 
26723536, 21.4, 7.3, 87, 争辩力 
26920886, 14.9, 8.0, 15, 那些人人都懂的销售技巧，你就别再用了 
6960889, 32.3, 8.2, 287, PPT,要你好看 
26789037, 15.8, 7.2, 29, 让全世界都看见你 
3235517, 37.6, 7.8, 1205, 自慢 
26627873, 28.6, 7.2, 442, 格局逆袭 
20434432, 33.9, 7.4, 1015, 趁年轻.折腾吧 
25873066, 29.1, 7.1, 564, 麦肯锡工作法 
4100407, 47.0, 8.0, 5125, 浮沉2 
1277389, 38.7, 8.3, 790, 食荤者 
26919468, 15.1, 8.4, 13, 高情商沟通术 
3267887, 38.1, 7.6, 1759, 一个外企女白领的日记 
20616993, 30.3, 6.6, 1602, 洗脑术 
3359739, 44.6, 7.7, 5266, 格子间女人 
25742411, 32.1, 7.3, 807, 亲历投行 
4273386, 34.7, 7.8, 695, PPT演示之道 
10588814, 33.1, 8.4, 274, 魏斯曼演讲圣经1 
26780215, 19.3, 6.2, 185, 你的团队需要一个会讲故事的人 
1448392, 22.5, 8.4, 45, 把握你的职业发展方向 （第五版） 
20507359, 26.7, 7.5, 208, 不要一大早就刷微博 
2257609, 48.2, 8.0, 6380, 圈子圈套3 
20259330, 34.1, 6.9, 2340, 欢乐颂  第三季 
21214033, 26.0, 8.0, 112, 大手笔是怎样炼成的 
4758385, 34.2, 8.0, 503, 要么拯救世界，要么滚回家！[英汉对照] 
26215636, 33.6, 7.9, 504, 职场不逃跑 
1853323, 48.0, 7.9, 7197, 圈子圈套2 
25916588, 18.9, 6.8, 82, 向上汇报 
26857732, 14.1, 7.7, 15, 新鲜感 
21248826, 19.5, 7.6, 46, “升职超人”教你旋风成长法则 
26779688, 33.4, 8.4, 286, 做出好决定 
26708826, 22.0, 7.5, 82, 不懂说话，你怎么带团队？ 
25919339, 27.9, 7.5, 266, 失业这件小事儿 
7065290, 27.7, 7.4, 284, 我把一切告诉你1 
3373994, 25.6, 9.3, 43, 怎样对付小报告 
25938970, 30.5, 7.5, 450, 现在的泪，都是当年脑子进的水 
26207447, 23.9, 9.6, 29, 未生 
25720281, 22.1, 9.2, 27, 空降总监治乱记 
4988498, 27.3, 8.1, 132, 地头力 
19945741, 32.7, 8.0, 381, 趋势的力量 
10770543, 28.6, 8.2, 152, 职场竞争力 
10796954, 33.4, 7.7, 619, 商业模式新生代（个人篇） 
26832523, 17.7, 8.3, 21, 完全图解超实用思考术 
1055881, 30.9, 7.4, 545, 你的降落伞是什么颜色？ 
26293220, 30.4, 7.7, 347, 像TED一样演讲 
3432304, 49.7, 9.1, 1867, 大江东去（共三部） 
1004506, 32.4, 8.1, 325, 就业宝典 
26914073, 26.4, 9.4, 46, 小风暴1.0 
26833520, 17.0, 7.5, 30, 麦肯锡不外流的简报格式与说服技巧 
4246477, 30.1, 7.5, 414, 问题解决力 
2228271, 21.3, 7.8, 56, 职场小黑书 
6536593, 36.1, 8.4, 454, 领导梯队 
21329264, 28.1, 7.2, 397, 谁是谷歌想要的人才 
26836278, 21.3, 8.0, 48, 和秋叶一起学职场技能 
26665530, 28.1, 8.1, 150, 穿着高跟鞋奔跑 
26794518, 26.3, 7.8, 144, 25岁，如何规划你的人生 
6430918, 19.1, 7.3, 54, 20几岁要懂得的手段和心计大全集 
1396617, 34.1, 8.1, 441, 像青蛙一样思考 
3682751, 34.7, 7.7, 784, 谈判力 
26767030, 19.2, 7.3, 55, 关键洞察力 
3376907, 36.6, 7.8, 995, 思科九年 
24318966, 33.4, 8.4, 289, 我在哈佛的最后一堂课 
26895865, 16.4, 8.4, 16, 线下社交：网络之外，才是真正属于你的圈子 
4309469, 23.0, 9.4, 28, FYI For Your Improvement 
26350953, 21.3, 8.5, 35, 别怕，Excel函数其实很简单 
26681616, 25.5, 7.8, 123, 在人生拐角处 
26801475, 22.5, 8.3, 48, 一个HRD的真实一年 
2702253, 22.9, 8.7, 40, 怎样写领导讲话稿 
26798857, 34.5, 7.9, 595, 让未来现在就来 
6011734, 33.3, 7.6, 686, 说服力 
19977115, 34.0, 7.5, 903, 摸着石头过河 
1963831, 29.0, 7.6, 295, 像希拉里那样工作-像赖斯那样成功 
11527017, 29.2, 8.2, 168, 你早该这么玩Excel-II 
4886883, 33.0, 7.5, 736, 将才 
24881104, 21.3, 6.4, 236, 像间谍一样思考 
26771324, 19.2, 8.0, 33, 这样做指导，难带员工变能干 
26812639, 18.0, 7.6, 34, 99%的员工，没用心做足的55件事 
26145094, 28.4, 7.8, 211, 结构思考力 
25815257, 23.1, 9.3, 30, 办公室实用资治通鉴 
3795336, 29.6, 7.6, 334, 公司绝不会告诉你的50大秘密 
1443031, 25.1, 7.4, 168, 金领 
5414353, 31.8, 7.7, 454, 培训师 
26847762, 12.5, 7.0, 16, 创始人 
3982722, 33.7, 9.5, 124, 怎样做保安 
1481292, 30.6, 8.2, 213, e小说 
11615069, 29.4, 7.8, 258, 好工作是设计出来的 
10779571, 24.2, 7.8, 96, 金领简历 
1834971, 29.3, 8.0, 207, 女总裁告诉你 
25870402, 24.3, 7.1, 195, 整理的艺术4：升职从整理开始 
24713765, 28.2, 8.2, 142, 找我2 
26818063, 25.8, 8.3, 86, 你的梦想，自己会来找你 
4905927, 30.7, 7.6, 414, 职场软实力，人生硬道理 
26627940, 17.1, 8.3, 19, 押井守的角色學 
26306798, 18.9, 7.2, 56, 明天上班穿什么 
3815992, 34.1, 6.9, 2306, 白骨精学习法 
10801087, 24.9, 8.2, 79, 项目计划、进度与控制 
4074927, 27.2, 7.4, 256, 完美陈述 
25920100, 25.2, 7.9, 107, 大话设计师 
3184872, 22.9, 9.3, 29, 精通Excel 2007数据分析与业务建模 
26657348, 16.9, 7.3, 34, 未知 
26430398, 26.2, 9.0, 56, PPT要你好看（第2版） 
4190430, 22.2, 7.9, 61, 职场白领不高兴 
5264604, 27.4, 7.7, 193, 我在摩根士丹利做高管 
3795596, 31.0, 7.8, 346, 凯西来了！ 
26747779, 15.9, 7.0, 34, 在办公室外思考：活用另外8小时，做自由空间里的高产者 
10569744, 22.2, 6.5, 257, 要么稳，要么狠，要么滚 
26682842, 19.0, 7.8, 36, 用图秀演讲 
25852784, 31.5, 8.5, 191, PPT炼成记 
26371645, 27.4, 8.2, 122, 女神经过 
24700106, 29.5, 7.8, 259, 硅谷最受欢迎的情商课 
1774940, 30.4, 7.8, 311, 修炼 
1084115, 22.8, 8.2, 55, 上任第一年 
25916484, 21.5, 8.6, 34, 想法与干法：年轻公务员成长笔记 
6434328, 33.7, 7.4, 963, 谁说菜鸟不会数据分析 
10570590, 25.3, 7.9, 108, 我把一切告诉你2 
6041662, 33.4, 7.5, 797, 快乐小V的水晶骰子 
26876510, 13.8, 7.6, 15, 你为什么而工作 
7154681, 27.9, 7.3, 334, 攻心话术 
4324905, 29.5, 7.8, 259, 发掘你的竞争力 
4849493, 38.1, 7.6, 1739, 在寂与寞的川流上 
4726758, 30.4, 7.6, 386, 职场路线图 
10354916, 28.7, 8.2, 153, 我不升职记2 
25743117, 28.9, 8.0, 193, 数据分析：企业的贤内助 
20429358, 24.6, 9.8, 29, 做好领导的九大赢招 
4827417, 32.9, 7.6, 637, 求职，从大一开始 
3423551, 31.7, 7.8, 395, 人事总监 
22522659, 18.8, 8.5, 23, 麦肯锡教我的思考武器 
25916832, 23.5, 7.1, 164, 麦肯锡问题分析与解决技巧 
26653757, 24.8, 8.4, 67, 青青子衿 
7154810, 20.2, 7.2, 74, 天下没有坐着吃的午餐 
4214217, 37.7, 7.5, 1896, 女人明白要趁早 
26374657, 25.1, 8.6, 61, 商战往事：解决方案销售与售前顾问协同打单实录 
10426967, 27.7, 8.6, 94, 小艾上班记2 
25762256, 19.0, 7.1, 62, 暂停：有些事只有停下来，才能想得更清楚 
3992851, 25.3, 7.7, 130, 应届生求职简历全攻略 
3312309, 21.4, 7.8, 57, 找工作 
3466066, 28.7, 8.0, 183, 毕业不失业职业生涯步步高 
5247416, 30.5, 8.1, 232, 演说之禅设计篇 
10465164, 28.5, 7.0, 563, 穿“动物园”的女编辑 
3254051, 30.6, 7.0, 897, 猎头局中局 
3352914, 32.3, 7.6, 561, 知性力 
1465385, 31.4, 8.0, 301, 余生 
10740449, 26.8, 8.2, 110, 关键冲突 
5415964, 22.3, 7.6, 80, 知道力 
26860869, 19.6, 7.5, 50, 如何实现有效社交 
26795877, 21.4, 7.0, 117, 你看了，但你没看见 
20502573, 30.5, 7.7, 353, 绽放 
23243753, 21.7, 8.5, 37, 将才-让主管成长走直线-II 
26694945, 25.6, 7.8, 126, 抗压力 
26895283, 15.0, 5.9, 83, 为热爱而活 
20273181, 33.6, 8.1, 407, 生命是长期而持续的累积 
10544103, 27.6, 7.8, 183, 快乐竞争力 
26772226, 34.8, 8.6, 301, 此岸 
26782094, 31.7, 7.9, 353, 解决冲突的关键技巧 
3239048, 38.2, 7.2, 3377, 相亲以后 
5301483, 33.3, 8.3, 310, 不一样的职场心理学 
26844863, 17.6, 8.1, 23, 女王的战争 
5340617, 27.6, 8.2, 127, 空港手记 
26896117, 17.9, 8.0, 26, 话要这么说，人要这样带 
25830648, 23.3, 7.3, 129, 做事坚定，做人柔软 
26591077, 28.1, 8.1, 151, 销售就是要玩转情商：99%的人都不知道的销售软技巧 
26701796, 19.9, 8.3, 31, 不会做计划怎么做管理 
1082392, 32.4, 7.5, 650, 骑驴找马 
3631947, 37.5, 8.1, 814, 销售圣经 
22492088, 31.0, 7.8, 349, 自我营销七堂课 
6965435, 25.0, 8.3, 75, 交互式培训 
10956245, 28.3, 7.4, 321, 正能量 
25798964, 28.0, 7.4, 301, 把每一天，当作梦想的练习 
1067527, 25.5, 7.9, 113, 呆伯特法则 
25841314, 20.2, 6.7, 123, 投行笔记 
26280077, 19.1, 7.5, 46, 绝对不败交涉术 
10762727, 21.5, 7.2, 98, 超级人脉 
25758078, 24.2, 7.4, 140, 给你一个团队，你能怎么管？2 
20561892, 25.7, 7.5, 170, 公司的坏话 
20507281, 27.8, 7.3, 325, 老马的职业“鬼”话 
10770850, 29.2, 7.2, 497, 超级聊天术 
4812990, 28.6, 9.0, 82, 成长 
26695338, 25.9, 8.0, 110, 麦肯锡教我的谈判武器 
24733738, 26.5, 7.5, 202, 理科生的人生设计指南 
1225038, 26.2, 7.0, 335, QBQ问题背后的问题 
5320156, 27.6, 7.6, 223, 金领手记 
20438349, 22.2, 9.8, 21, 40几岁要完成的事-步步为赢人生智慧集成之三 
6012631, 30.6, 8.5, 164, 律师，慢慢来 
3994602, 26.0, 6.6, 567, 毕业5年决定你的一生 
4833361, 16.6, 7.6, 26, 职业生涯发展与规划 
26838799, 14.7, 7.7, 17, 以客户为中心 
10726537, 25.2, 8.2, 83, 魏斯曼演讲圣经3 
3622262, 34.2, 8.1, 446, 步步为营 
10595860, 31.3, 7.6, 466, 职场急诊室 
4277687, 27.2, 6.8, 563, 职场潜伏心理学 
26381898, 22.9, 7.5, 97, 中层领导力 
1438730, 28.3, 7.4, 325, 咖啡 
26761402, 12.5, 7.7, 11, 实习律师指南（修订版） 
26639456, 21.5, 6.4, 247, 万达工作法 
1048922, 40.1, 8.2, 1141, 硬球 
6837457, 23.2, 6.5, 334, 世界500强人力资源总监管理笔记 
19949162, 23.0, 6.4, 364, 不会汇报工作，还敢拼职场 
21214032, 19.8, 7.5, 52, 大手笔是怎样炼成的（实践篇） 
4843741, 31.4, 7.3, 693, 上班奴 
2069604, 36.9, 7.4, 1860, 成全了自己的碧海蓝天 
26894386, 20.9, 7.9, 48, 职得 – 成为自己故事里的英雄 
6875298, 22.7, 7.6, 85, 把信送给加西亚全集 
1392714, 18.9, 7.5, 44, 老板要你在大学里学的10件事 
1215642, 30.0, 7.5, 407, 中国式管理 
25720754, 27.1, 8.5, 92, 办公室实用暴力美学 
4890389, 21.3, 7.5, 71, 培训师成长手册 
10060122, 12.0, 7.5, 11, 从谷底到山巅 
3611980, 28.9, 7.8, 233, 赢在路上 
13221454, 21.3, 8.4, 37, 商务男士的魅力衣装 
10541305, 20.1, 7.7, 48, 演绎生动：Excel图表 
10520860, 24.8, 8.5, 62, 国企笔记 
4889220, 26.9, 7.9, 146, 我的职场十年 
3733148, 31.6, 7.7, 435, 知性力II 
3425162, 29.3, 7.5, 352, 你的礼仪价值百万 
25806793, 22.2, 6.9, 155, 提问的艺术 
2293880, 26.9, 8.7, 76, 生涯咨询与辅导 
1475258, 35.4, 7.3, 1593, 青瓷 
4903361, 43.4, 8.3, 1771, 侯卫东官场笔记2 
10557585, 28.0, 8.4, 115, 女编导的魔幻世界 
26418338, 26.3, 7.4, 213, 努力，才配有未来 
1076490, 29.9, 8.0, 228, 这是你的船 
26743607, 32.7, 7.8, 476, 商业的本质 
1221037, 27.6, 7.7, 202, 笑傲职场 
26778731, 13.3, 6.5, 28, 麦肯锡教我的工作方法 
1061321, 16.5, 8.1, 19, 奔向权力 
11614055, 24.0, 8.0, 78, 老HR手把手教你搞定HR管理 
25917388, 26.4, 7.8, 145, 我为什么离开高盛 
10433837, 33.9, 8.5, 285, 采购与供应链管理 
25900959, 15.3, 6.7, 38, 丰田高效工作法 
25810727, 17.6, 7.0, 50, 拉开差距，你只需要知道一件事 
11613790, 25.4, 7.6, 146, 女人要为理想而奋斗 
4929998, 42.4, 8.3, 1487, 侯卫东官场笔记3 
1930817, 10.6, 5.1, 59, 不上班的23种活法 
26350327, 17.3, 7.3, 37, 机关行为36“忌” 
11591961, 23.4, 7.9, 76, 让Excel飞 
6781277, 30.9, 7.1, 827, 这么说你就被灭了 
6875712, 26.9, 7.7, 177, 美女会计师藤原萌实 
5387711, 41.2, 8.3, 1210, 侯卫东官场笔记5 
26429719, 22.5, 7.1, 133, 麦肯锡工作法 
4050762, 26.1, 7.2, 260, 那些不想做又必须做的事 
10602302, 27.1, 7.1, 360, 人脉是设计出来的 
1060617, 21.2, 8.3, 39, 总裁狮子心 
4232132, 24.5, 8.9, 46, 博恩·崔西销售圣经 
26333850, 37.8, 7.5, 1937, 罗辑思维：成大事者不纠结 
6902586, 17.9, 7.1, 49, 职场交谈这样说就对了 
26844750, 24.6, 7.7, 113, 优秀的人，都敢对自己下狠手 
4829942, 28.2, 7.6, 252, 陆琪说职场 
1106137, 26.1, 8.0, 116, 职场政治 
3878077, 27.4, 7.8, 176, 聘谁 
25804159, 23.6, 7.7, 93, 拼的是现在，比的是将来 
26301859, 14.3, 6.0, 60, 投行十年 
4192673, 35.4, 7.8, 796, 潜伏在办公室：第二季 
19987178, 29.1, 7.9, 220, 人脉是设计出来的 
4062798, 30.2, 7.6, 374, 别让猴子跳回背上 
3427623, 24.5, 7.2, 185, 职场奋斗记 
6124331, 21.4, 7.8, 57, 绽放 
23678871, 14.7, 7.6, 18, Leaders Eat Last 
4933545, 27.5, 7.1, 399, 黑苹果 
3883670, 24.8, 7.0, 249, 机会只爱有准备的大脑 
1173139, 18.9, 8.1, 29, 最初的90天 
24385432, 13.5, 7.5, 15, 外企敲门砖 
26704067, 12.2, 6.8, 17, 职场基本功：累死你的不是工作，是工作方法 
3402701, 26.1, 7.9, 125, 通信行业求职宝典 
5040160, 22.7, 7.4, 102, 从零开始做人脉 
4002711, 25.6, 7.9, 114, 职场达人志 
10555899, 21.4, 7.0, 115, 我在哈佛学到的人脉课 
3776936, 26.8, 8.0, 131, 聘之有道面试读心术 
24854628, 34.3, 7.9, 570, 文案创作完全手册 
10784801, 24.8, 8.5, 62, 非看不可的职场实用逻辑学 
24732461, 29.0, 8.2, 161, CBD风流志 
3992852, 24.0, 7.4, 135, 应届生求职面试全攻略 
5907216, 20.9, 8.3, 37, 做人必须留一手 
20278119, 20.3, 7.4, 63, 驭上之道 
6985946, 23.1, 7.7, 85, 我行我素 
26362870, 14.2, 7.5, 17, 草根闯央企 
25833155, 24.9, 8.5, 63, 蜘蛛——物流战略高管手记 
26337352, 23.2, 8.6, 45, 创能量 
26384792, 16.8, 7.5, 29, 硬球 
21751337, 18.1, 6.2, 134, 优雅的力量 
25923063, 38.2, 8.3, 726, 考拉小巫的留学成长日记 
4090968, 36.0, 8.2, 550, 监控 
1863451, 23.1, 7.2, 135, 飞黄腾达 
1001972, 26.7, 7.4, 232, 奥美有情 
24737118, 36.4, 8.0, 747, 不要等到毕业以后 
4115626, 29.6, 8.2, 179, 自慢II 
4322538, 24.7, 8.0, 89, 谁在掌控你的人生 
24890463, 28.3, 7.4, 323, 拒绝平庸 
5322670, 25.1, 7.1, 233, 别说你懂职场礼仪 
26641232, 22.5, 6.6, 244, 外企HRM手记 
6510686, 25.5, 6.5, 581, Google时代的工作方法 
26358506, 12.5, 7.7, 11, 大卖 
25837376, 18.7, 7.3, 49, 别让不会说话害了你 
5907290, 30.7, 8.6, 154, 业力管理 
2310446, 20.9, 6.7, 144, 现在，发现你的职业优势 
4028098, 20.8, 7.9, 47, 职场进化论 
25338822, 23.7, 7.7, 95, 团队协作的五大障碍 
26743625, 12.7, 7.6, 12, 表哥的Access入门 
20482621, 21.5, 7.0, 118, 工作只需20年 
24858761, 18.7, 7.3, 49, 全世界最贵的总裁情商课 
5447190, 21.3, 7.8, 56, 余世维 
3710550, 26.5, 7.7, 163, 爱德华的礼物 
10826182, 12.4, 5.5, 62, 我就是教你混社会 
25815464, 22.1, 9.2, 27, 办公室实用资治通鉴（2） 
20273183, 22.6, 8.2, 53, 通关 
2239428, 32.9, 7.5, 722, 职场和恋爱中的九型人格 
25880255, 19.7, 7.5, 51, 说服力-工作型PPT该这样做（第2版） 
22303858, 15.1, 7.3, 23, “狡猾”工作术 
3731314, 23.6, 8.5, 51, Excel数据透视表应用大全 
5996623, 39.8, 8.2, 1077, 侯卫东官场笔记6 
6891751, 18.8, 7.8, 35, 培训师的21项技能修炼 
3145859, 16.0, 6.6, 50, 论浑人 
20386245, 20.5, 6.4, 191, 情商 
2149689, 25.1, 7.7, 125, 自慢 社長的成長學筆記 
26371109, 15.6, 7.9, 18, 信心密码 
3618884, 28.5, 8.1, 162, 勾魂夺心洗脑催眠 
26834876, 20.6, 8.2, 37, 金牌投资人 
6890457, 25.9, 7.6, 161, 从象牙塔到广告圈 
4236415, 14.1, 7.7, 15, 曼昆《经济学原理》 
4160528, 23.9, 8.0, 77, 实习律师和孙子兵法 
20645166, 20.3, 7.6, 54, 写给我的生活的信 
2974908, 15.3, 7.0, 30, 我的生涯手册 
5998157, 22.7, 7.7, 78, 人人都有好工作 
3080387, 26.3, 6.6, 608, 猫猫的白领生活 
1430848, 14.7, 7.5, 19, 医药营销 
5410533, 25.9, 8.3, 87, Getting More 
3283801, 23.7, 7.6, 105, 女人的职场芭蕾课 
6735476, 28.6, 7.9, 201, 出人头地 
1056975, 19.4, 7.8, 39, 迪尔伯特原则 
4038367, 25.2, 6.8, 350, 猎头局中局Ⅱ 
6088297, 18.9, 6.8, 82, 躲在成功背后的50个职场细节 
25710759, 20.8, 7.3, 76, 优衣库这样卖衣服,不服也得服! 
5285339, 26.5, 7.3, 250, 张亚勤 
3613939, 18.4, 6.6, 89, 玩的就是心计 
5610041, 23.7, 6.9, 216, 秘密调查师 
4151906, 23.8, 7.6, 107, 白骨精养成记1 
2150490, 22.4, 8.0, 59, 领导者的秘诀 
3265316, 23.7, 6.7, 280, 对决 
21359341, 14.4, 7.3, 20, 中国求职面试中的潜规则 
4845775, 28.6, 8.0, 180, 开除自己的总经理 
1444253, 27.3, 8.1, 132, 赢在性格 
2006890, 17.7, 7.8, 28, 职场 
3426322, 25.7, 6.6, 522, 不认输 
5260234, 19.2, 6.8, 86, 坂田笃史的超人脉术 
1083871, 19.1, 6.7, 94, 哈佛职业生涯设计 
10531540, 22.2, 7.5, 84, 20几岁决定一生收入的90% 
26005625, 15.0, 7.5, 20, 上班路上的沟通进修课 
5380977, 29.0, 8.7, 107, Excel 2010操作与技巧 
26420529, 18.9, 7.5, 44, 年轻资本 
26313645, 19.9, 6.5, 145, 一流成功人士早餐前都做什么 
25723443, 26.4, 7.6, 177, 产品经理的20堂必修课 
3932539, 17.3, 7.2, 40, 像成功者一样思考 
4104120, 18.6, 6.8, 75, 女人的职场华尔兹 
1988741, 35.7, 7.0, 2760, 驻京办主任 
11636070, 25.3, 7.6, 143, 螳螂 
26687512, 24.9, 7.4, 162, 自品牌 
1799928, 17.5, 7.2, 41, 猎头的忠告 
1342442, 19.4, 7.6, 45, Fish! A Remarkable Way to Boost Morale and Improve Results 
4185489, 28.3, 6.7, 841, 壹百度 
7163493, 19.9, 7.0, 84, 执行力是训练出来的 
3389983, 23.7, 6.9, 217, 京城大律师 
4740794, 25.8, 7.9, 118, 自慢3 
4263333, 23.7, 7.0, 192, 我在华为的日子 
10545334, 19.2, 6.6, 108, 中国式饭局宴会全规则 
24887688, 20.3, 8.0, 40, 工作DNA：骆驼卷 
1691984, 17.7, 8.4, 20, 客户关系管理 
4879644, 18.4, 7.8, 32, 赢在决策力 
3516401, 15.0, 7.7, 18, 大学生职业生涯发展与规划 
26417262, 18.4, 7.9, 30, 顶级商人 
6783412, 16.1, 7.5, 25, 应届生会计师事务所求职全攻略 
5915654, 19.4, 8.2, 30, 衣服会说话 
26303493, 11.2, 5.7, 33, 20-30岁，我拿十年做什么？ 
3521612, 23.2, 7.9, 74, 在职管理日记 
26767205, 13.2, 7.5, 14, Disrupted 
1982707, 32.6, 7.1, 1204, 时尚女魔头 
1059568, 25.2, 6.1, 1094, 没有任何借口 
6125965, 37.9, 8.2, 774, 李逵日记 
1220856, 17.0, 7.5, 30, 松鼠公司 
6849708, 23.0, 8.2, 57, 工作的呼召 
26889819, 24.0, 9.1, 38, 世上没有怀才不遇这件事 
25363631, 15.4, 7.4, 23, 工作DNA：鲸鱼卷 
2053822, 16.3, 7.3, 30, 为成功而打扮 
4087868, 19.5, 7.1, 70, 精彩一跳 
10763779, 15.3, 7.9, 17, Word 2010实战技巧精粹 
1018540, 27.6, 7.9, 165, 管人的真理 
20283576, 20.2, 8.1, 37, 自动波领导模式 
26698163, 13.2, 7.8, 12, “动”见学习体验 
4267153, 17.2, 6.6, 66, 销售攻心术 
1183161, 22.5, 7.1, 133, 内向所以成功 
2145925, 25.2, 7.4, 170, 狼商 
5920824, 23.3, 5.9, 941, 气场修习术 
1138288, 20.3, 7.1, 83, 一个外企女秘书的日记 
1471337, 16.4, 6.7, 50, 人事第一 
26377053, 14.4, 7.6, 17, 调动员工积极性的七个关键 
1491278, 18.5, 7.4, 44, 搞定所有人-如何与所有人和谐相处 
19976726, 12.3, 7.3, 13, 成为百万美元演讲师 
1916036, 20.4, 7.3, 70, 不犯憷!职场的智慧 
25712787, 15.2, 8.0, 16, 我们谈谈吧：哈佛共赢谈判课（修订版） 
3924348, 23.7, 7.7, 95, 高端应聘 
10956527, 20.3, 8.2, 35, 举止的礼仪与魅力 
6754223, 25.7, 8.2, 91, 跟司马懿学管理 
2122211, 21.9, 8.1, 50, 做自己的教练 
25900885, 13.3, 6.7, 24, 一分钟经理人· 平衡工作与生活 
10731659, 13.6, 7.8, 13, 管理中的魔鬼细节 
6896690, 12.7, 7.2, 15, Are You Smart Enough to Work at Google? 
3532304, 30.5, 6.6, 1683, 钱多多嫁人记 
1969457, 15.8, 7.3, 27, 像老板那样思考 
1020671, 25.8, 6.5, 625, 麦肯锡意识 
10588834, 18.8, 6.6, 98, 这样上班就对了 
3795575, 15.6, 7.1, 30, 不小心做了中层 
26782971, 12.5, 7.7, 11, 高绩效团队的三个秘密 
26609240, 15.0, 7.1, 26, 团队是设计出来的 
2363682, 20.8, 6.2, 278, 破冰 
20492661, 11.6, 6.9, 14, 移动办公室工作术 
2280967, 30.8, 8.6, 157, 权力与影响力 
3562139, 21.6, 6.6, 195, 问鼎 
22741183, 26.4, 7.9, 133, 人生就是一场海选 
10731633, 24.3, 7.5, 130, 问鼎 
26673111, 23.9, 8.0, 77, Mr Hua创业手记 
