Tag: 自然 

ID, Score, Rating, Votes, Title 
26905274, 35.7, 8.5, 383, 海错图笔记 
26901529, 21.9, 9.3, 25, 怎样观察一棵树 
26679862, 33.9, 9.3, 146, 生命的跃升 
4714008, 29.4, 8.4, 145, 山中最后一季 
10439064, 52.8, 9.0, 3395, 发现之旅 
26801361, 35.3, 9.2, 195, 鹿苑长春 
25876750, 39.8, 9.0, 458, 看不见的森林 
1433163, 31.2, 8.9, 131, 星·雪·火 
1103362, 29.3, 8.7, 112, 塞耳彭自然史 
10519369, 45.5, 9.4, 726, 万物生光辉 
4714015, 54.1, 9.0, 4129, 万物既伟大又渺小 
1024846, 47.3, 9.2, 1167, 所罗门王的指环 
26711222, 29.8, 8.5, 144, 一九〇六：英伦乡野手记 
4882023, 52.3, 9.2, 2449, 万物既聪慧又奇妙 
26924202, 16.4, 8.4, 16, 怎样观察一朵花 
25793667, 42.1, 8.2, 1611, 植物知道生命的答案 
10522856, 57.7, 9.0, 7110, 冬牧场 
26308505, 33.9, 8.4, 314, 杂草的故事 
26882298, 18.9, 8.7, 21, 世界上最老最老的生命 
26646456, 34.3, 8.1, 456, 无尽绿 
1435793, 37.5, 9.2, 269, 世界园林植物与花卉百科全书 
26348734, 30.5, 8.4, 176, 听客溪的朝圣 
26743027, 28.3, 8.2, 143, 黑麋鹿如是说 
26661075, 28.8, 8.8, 96, 等鹿来 
26423783, 23.2, 8.5, 48, 树的秘密生活 
4293302, 28.5, 9.3, 66, 眾神的植物 
6398404, 21.7, 8.6, 35, 与兽同在 
26337651, 28.6, 9.1, 76, 无尽深蓝 
6750347, 41.3, 9.2, 477, 演化 
1032369, 43.9, 9.1, 773, 花卉圣经 
1441487, 40.9, 9.4, 373, 中国鸟类野外手册 
25876107, 25.8, 8.5, 74, 种子的故事 
26755786, 24.7, 8.0, 89, 耕食生活 
1315187, 37.8, 8.1, 853, 植物的欲望 
26654475, 30.5, 9.1, 102, 节气手帖：蔓玫的花花朵朵 
26345725, 30.9, 9.3, 94, 自然之美 
3023897, 38.0, 9.2, 291, 希腊三部曲Ⅰ 追逐阳光之岛 
26830114, 17.3, 8.5, 18, 家门口的自然探索笔记 
26596019, 20.4, 9.2, 21, The Invention of Nature 
25820165, 33.2, 8.7, 210, 田园之秋 
10544770, 28.7, 8.7, 102, 宇宙的答案云知道 
1084009, 36.2, 8.4, 464, 树 
4247648, 31.7, 9.2, 114, 最后的浪漫主义者 
25895511, 26.2, 8.1, 108, 禅定荒野 
24716081, 28.4, 8.2, 147, 自然笔记 
3023898, 35.4, 9.2, 197, 希腊三部曲Ⅱ 桃金娘森林宝藏 
2267321, 20.1, 9.0, 22, 植物名实图考长编 
25922449, 26.4, 8.5, 81, 自然的历史 
1018925, 46.1, 9.2, 978, 玫瑰圣经 
26582858, 24.6, 7.2, 187, 京都里山四季 
4002957, 31.9, 9.0, 136, 常见野花-第二版 
26602535, 22.0, 8.0, 55, 野草离离 
26576620, 24.4, 8.0, 85, 桃之夭夭 
1073544, 30.4, 8.1, 228, 醒来的森林 
24861516, 28.5, 9.3, 66, 鸟喙 
25900884, 22.8, 8.3, 51, 檀岛花事 
25969416, 27.7, 8.8, 81, 南开花事 
25956953, 28.2, 8.5, 110, 迷蝶志 
10541076, 28.1, 8.5, 109, 低吟的荒野 
1060088, 30.1, 8.6, 138, 蚂蚁的故事 
25862411, 24.6, 8.8, 50, 乌鸦的教科书 
25884666, 24.2, 7.6, 116, 怎样看到鹿 
20431859, 32.4, 8.4, 243, 我的山居动物同伴们 
19923440, 33.0, 8.0, 401, 鸟与兽的通俗生活 
24698961, 29.8, 7.4, 440, 植物名字的故事 
25912352, 22.3, 9.2, 28, 大迁徙：地球上最伟大的生命旅程 
1458838, 36.9, 7.8, 1062, 东京昆虫物语 
5948721, 27.8, 8.8, 82, 向大自然學設計 
1253117, 33.5, 8.5, 266, 梭罗日记 
3023900, 34.2, 9.1, 177, 希腊三部曲Ⅲ 众神的花园 
20271703, 24.0, 8.5, 55, 自然，是最好的老师 
1434335, 35.0, 8.8, 260, 讨山记 
1011170, 29.1, 9.2, 77, 雁语者 
25752974, 23.6, 8.6, 48, 从相残到相爱 
26661086, 20.3, 8.6, 28, 飞禽记 
5290498, 41.8, 8.6, 951, 自然的建筑 
21336523, 28.9, 7.5, 327, 多肉萌物志 
25839405, 20.5, 8.1, 39, 四分之三的香港 
4847299, 28.6, 8.7, 100, 林间最后的小孩 
6540216, 28.1, 9.0, 76, 山居鸟日记（全4册） 
5400561, 28.2, 8.6, 102, 天涯芳草 
20283571, 33.4, 9.1, 157, 灰雁的四季 
1000284, 39.6, 8.9, 485, 百合圣经 
1029841, 28.1, 9.1, 71, 与孩子共享自然 
2145499, 26.7, 9.0, 61, Art Forms in Nature 
5924706, 30.7, 9.6, 75, 地球之光 
1084020, 40.1, 8.6, 720, 宝石 
1021809, 33.3, 8.1, 385, 诗经植物图鉴 
24852221, 21.8, 8.2, 46, 我的自然笔记 
26706778, 18.5, 8.9, 18, 布洛赫手绘鱼类图谱 
4953482, 25.4, 9.3, 42, 蘋果教我的事 
6125543, 47.4, 9.2, 1183, 北方的空地 
1225684, 29.0, 9.0, 87, 古老阳光的末日 
1058414, 32.7, 8.2, 312, 花朵的秘密生命 
3229838, 32.4, 9.3, 118, 眷恋昆虫 
4771454, 26.2, 8.2, 100, 植物的识别 
21357312, 31.3, 8.1, 269, 新笔记大自然 
6062359, 28.2, 9.2, 67, 中国昆虫生态大图鉴 
1332380, 24.5, 9.2, 39, 植物的秘密生命 
25987064, 26.4, 8.6, 76, 云与大气现象 
26751769, 20.3, 8.0, 40, 过一日山间生活 
10484579, 25.7, 7.6, 153, 博物人生 
26004339, 30.7, 9.2, 97, 伊西斯的面纱 
10594588, 27.5, 8.6, 91, 城市农夫有块田 
26589634, 23.7, 9.1, 36, 大自然的灵魂 
1067976, 29.4, 8.0, 211, 楚辞植物图鉴 
26577650, 25.4, 9.2, 44, 林中漫步 
24529131, 27.5, 8.4, 105, 自然野趣DIY 
2184970, 31.9, 7.4, 669, 植物记 
26607136, 19.6, 8.6, 25, 你好！植物 
1276333, 27.9, 9.2, 64, 太阳升起以后 
26589043, 14.5, 8.0, 14, 昆虫Q&amp;A 
25705641, 22.6, 7.6, 84, 半农半X的生活 
25720194, 22.7, 9.4, 27, 清新彩铅微笔记. 动物集 
1972794, 31.8, 8.7, 170, 感觉的自然史 
5348905, 30.7, 8.4, 182, 一粒种子的旅行 
21357444, 21.8, 8.8, 32, 地球脉动 
4233382, 29.3, 8.7, 112, 心灵的慰籍 
20480834, 37.4, 9.0, 314, 雨林精灵 
24906848, 28.1, 8.3, 128, 故乡的微光 
3741374, 20.3, 8.8, 25, 希腊三部曲（全三册） 
6310330, 22.4, 8.1, 55, 海 
25804161, 21.5, 7.4, 80, 南极·北极 
1031355, 35.1, 8.8, 263, 狗的家世 
10544783, 29.0, 7.0, 632, 草木的理想国 
1964867, 27.4, 9.0, 68, 昆虫的社会 
25728813, 28.3, 8.8, 89, 美国国家地理125年伟大瞬间 
25788663, 26.9, 8.7, 77, 深圳自然笔记 
25720193, 23.4, 8.5, 49, 清新彩铅微笔记. 花草集 
26378180, 16.7, 8.4, 17, 城市野趣 
2284570, 19.8, 9.1, 20, 花经 
25792729, 23.7, 8.7, 46, 酷虫成长记 
6963813, 28.4, 8.9, 84, 灵境追踪师 
5407368, 31.5, 8.0, 306, 古典之殇 
1489218, 35.4, 8.8, 275, 旷野的声音 
11587598, 24.5, 7.4, 148, 植物记 
26755052, 18.0, 8.6, 19, 我的动物，我的家人 
25763792, 20.7, 9.2, 22, 美国自然文学三十讲 
6839994, 20.6, 7.8, 49, 秦岭无闲草 
11587597, 25.7, 7.4, 191, 植物记 
5360086, 27.8, 8.6, 96, 菜园里的学问 
10575134, 22.9, 9.1, 32, 好鼠兔 
25837525, 28.4, 8.9, 85, 蝴蝶·天堂·探险记 
26387120, 20.9, 8.6, 31, 世界最美透明生物 
26339917, 28.6, 7.7, 246, 胡麻的天空 
26636404, 20.9, 9.0, 25, 我们去找小昆虫1：昆虫的工具 
26889364, 14.4, 7.7, 16, 英国皇家植物园植物画教程 
1444547, 35.9, 8.8, 300, 设计结合自然 
1951398, 26.9, 9.1, 59, 黑猩猩在召唤 
1422222, 28.0, 8.4, 116, 贝壳的自然史 
26831722, 20.9, 9.6, 19, 自然 
3061002, 30.8, 8.4, 186, 野花 
1032726, 23.1, 8.4, 50, 植物的象征 
1006594, 31.8, 8.2, 267, 鸟类圣经 
1084264, 31.8, 8.4, 218, 自达尔文以来 
10569646, 37.7, 8.8, 397, 猫的故事 
2974153, 21.7, 8.5, 37, 植物名实图考校释 
3061503, 33.0, 8.8, 187, 蘑菇 
4096847, 32.1, 8.7, 177, 希望的收获 
3222755, 29.5, 9.0, 93, 风把人刮歪 
6101446, 20.5, 8.6, 29, 中国湿地植物图鉴 
3004271, 26.8, 9.0, 62, 西藏生灵 
1597381, 31.5, 8.8, 149, 自然与人生 
3576412, 30.8, 8.4, 184, 海，另一个未知的宇宙 
1936868, 27.8, 8.8, 83, 半农半X的生活 
26751784, 14.6, 7.9, 15, 中国常见植物野外识别手册（衡山册） 
3140385, 17.6, 8.1, 23, 中国文人的自然观 
26628436, 15.3, 7.9, 17, 托梅教授的植物图谱 
1184293, 26.4, 9.0, 58, 实用自然图鉴 
26674278, 12.0, 7.7, 10, 喜马拉雅山珍稀鸟类图鉴 
1049746, 21.1, 8.1, 43, 寻归荒野 
26390297, 20.1, 8.6, 27, 大自然的日历 
1055165, 24.8, 7.5, 144, 唐诗植物图鉴 
20428336, 18.3, 7.7, 34, 草言草语 
1005673, 22.4, 7.9, 63, 马来群岛自然科学考察记 
26044320, 23.3, 7.7, 88, 世界最美森林之旅 
20279671, 26.4, 9.1, 55, 狗的故事 
26577652, 24.7, 9.2, 40, 原野漫步 
1084012, 32.5, 8.5, 226, 昆虫 
25743166, 22.2, 9.1, 29, 地球:行星的力量 
1489234, 25.0, 8.6, 60, 鸟儿不惊的地方 
10750284, 31.1, 9.6, 80, 哈尔罗杰历险记典藏全集 
26666130, 18.6, 7.5, 41, 下田 
1001075, 21.2, 9.0, 26, 与孩子共享自然.Ⅱ 
23117072, 13.7, 7.7, 14, 朴门设计手册 
6068063, 27.7, 7.8, 186, 异域盛放 
1019758, 25.8, 9.4, 42, 迁徙的鸟 
3061421, 30.1, 8.4, 164, 欧洲花卉 
10809308, 21.7, 8.5, 37, 荒野孤舟 
5955216, 28.6, 9.2, 71, 海洋 
26734783, 16.6, 7.8, 23, 46亿年的地球物语 
1145592, 21.9, 8.1, 50, 植物的故事 
11507803, 16.4, 7.6, 25, 邪恶的虫子 
3793286, 19.9, 8.4, 29, 我的自然調色盤 
3220140, 26.6, 8.6, 78, 典型的日子 
1275567, 28.9, 9.2, 75, 林中水滴 
1375619, 37.8, 8.6, 490, The Call of the Wild 
2034987, 29.1, 9.6, 60, 一岁的小鹿 
1315265, 31.1, 8.3, 215, 从混沌到有序 
26387128, 20.7, 9.4, 20, 世界最美飞鸟 
6963840, 26.8, 9.0, 62, 草原狼导师 
1000076, 23.7, 8.0, 74, 植物化石 
2019404, 18.2, 8.1, 26, 地质旅行 
1334488, 19.8, 9.0, 21, 林麗琪的祕密花園 
3988306, 25.7, 8.6, 68, 自然之门 
26630973, 24.4, 7.9, 92, 嗑：做一只会吃的松鼠 
1217651, 24.3, 8.0, 83, 多肉植物仙人掌种植活用百科 
1061979, 37.4, 9.2, 265, 夜空 
26354327, 15.9, 8.1, 17, 野趣童年 
6784977, 11.7, 7.4, 11, 自然的概念 
3428495, 20.8, 8.8, 27, 自然科学史 
3238790, 28.9, 7.7, 258, 植物记Ⅱ 
1466526, 26.4, 7.5, 195, 红楼梦植物图鉴 
1956689, 20.4, 8.7, 27, 春满北国 美国山川风物四记之一 
3100335, 24.7, 8.1, 83, 自然地理学 
3903015, 24.3, 8.6, 54, 风光的内在 
26673246, 32.4, 9.6, 96, 重返狼群（第二部） 
6113825, 24.0, 9.0, 40, 梅里雪山自然观察手册 
3679542, 12.4, 7.9, 10, 極地的呼喚 
1796044, 28.1, 8.7, 93, 地球守護者 
