Tag: 艺术史 

ID, Score, Rating, Votes, Title 
4218686, 40.2, 9.0, 488, 中国美术史讲座 
3175195, 42.7, 8.7, 976, 美术史十议 
26865433, 20.8, 7.5, 64, 谁在收藏中国 
25962831, 21.0, 9.5, 20, 艺术社会史 
26882908, 17.7, 8.3, 21, 图解欧洲艺术史：15世纪 
10430691, 39.2, 8.5, 683, 画家生涯 
26593673, 18.3, 8.5, 21, 图说日本美术史 
3334535, 42.8, 8.5, 1251, 剑桥艺术史：绘画观赏 
25928734, 30.3, 8.9, 114, 古典风格 
24696954, 23.7, 9.1, 36, 图像与眼睛 
3464436, 43.9, 8.9, 956, 剑桥艺术史：古希腊罗马艺术 
26611270, 25.5, 8.7, 61, 从风格到画意 
3410761, 40.0, 9.0, 472, 山外山 
6059208, 31.9, 8.9, 145, 图像学研究 
22994564, 31.1, 9.5, 85, 哥特艺术 
3410760, 41.6, 9.0, 606, 江岸送别 
1958685, 44.5, 8.4, 1899, 美的历史 
20515245, 33.4, 8.6, 239, 20世纪中国艺术与艺术家 
2143015, 37.0, 8.4, 527, 我们什么也没看见 
26411248, 16.5, 7.7, 24, 万变 
1450027, 40.7, 8.7, 714, 万物 
6800514, 32.8, 8.7, 199, 《艺术的故事》笺注 
3674485, 38.9, 8.9, 439, 时空中的美术 
1002701, 33.9, 8.9, 200, 中国绘画三千年 
3312323, 35.2, 9.1, 208, 艺术与观念（上册） 
26313596, 25.5, 8.9, 54, 现代艺术 
22994566, 31.1, 9.7, 75, 巴洛克艺术 
1496315, 33.0, 8.9, 174, 文艺复兴 
4818174, 39.1, 8.6, 609, 黄泉下的美术 
19971184, 32.8, 8.5, 237, 废墟的故事 
20411692, 34.3, 8.9, 211, 隐秘的知识 
3649874, 37.1, 8.7, 396, 中国古代艺术与建筑中的“纪念碑性” 
25696117, 30.7, 8.5, 168, 南画十六观 
26834573, 24.1, 8.2, 68, 这就是凡·高 
26236437, 32.6, 6.9, 1666, 八卦艺术史 
1879204, 39.9, 8.8, 564, 武梁祠 
26662477, 25.9, 8.9, 57, 艺术的逃难 
3168709, 34.6, 8.6, 292, 风格与世变 
25902449, 24.9, 8.1, 86, 图像的生与死：西方观图史 
6402688, 31.8, 8.7, 170, 中国艺术与文化 
25859276, 26.7, 8.5, 85, 文艺复兴时期的意大利艺术 
3906332, 32.8, 8.4, 259, 与古为徒和娟娟发屋 
25803294, 32.0, 8.8, 161, 画语录 
20254610, 28.6, 8.7, 100, 被遗忘的真迹 
4191719, 28.9, 8.4, 134, 作为精神史的美术史 
1024526, 27.6, 8.3, 117, 著名画家、雕塑家、建筑家传 
4713415, 27.7, 9.7, 47, 大觀—北宋書畫特展 
25841002, 17.6, 8.6, 18, 世界音乐通史 
3194298, 22.4, 9.1, 30, 象征的图像 
26201588, 23.0, 8.0, 66, 名利场 
25795774, 25.6, 8.5, 71, 风景与西方艺术 
26303076, 21.5, 7.7, 62, 山水之境 
11533606, 36.7, 8.8, 337, 贾科梅蒂的画室 
26523933, 19.8, 8.9, 22, 现代绘画简史 
4177161, 30.1, 8.5, 152, 牛津西方艺术史 
4171533, 28.6, 8.8, 93, 附庸风雅和艺术欣赏 
1173332, 29.9, 9.0, 99, 历代名画记 
26668696, 15.9, 8.0, 18, 可视的艺术史：从教堂到博物馆 
26865591, 11.7, 7.6, 10, 中国艺术史九讲 
20270447, 30.7, 8.7, 141, 翰墨荟萃 
19964301, 28.0, 8.3, 125, 日常生活颂歌 
25806782, 24.7, 9.5, 34, 人文传统(二) 
3135032, 33.4, 8.3, 319, 鹊华秋色 
5363491, 33.1, 8.6, 227, 千年丹青 
26678663, 21.8, 8.4, 40, 摇滚编年史 
1929042, 31.2, 8.9, 130, 一九四零年以来的艺术 
6535089, 26.7, 8.5, 85, 超越再现 
25833287, 29.9, 8.7, 125, 我的第一本艺术启蒙书 
26683667, 14.9, 7.4, 21, 照片的历史 
25834552, 27.4, 9.1, 64, 正倉院考古記 
3196877, 33.7, 8.3, 333, 中世纪的秋天 
10482772, 27.5, 8.5, 98, 寻常物的嬗变 
1037839, 29.3, 8.8, 105, 艺术与科学：贡布里希谈话录和回忆录 
25873062, 23.3, 8.7, 43, 艺术界 
3156475, 23.3, 8.4, 52, 山川悠远 
20279525, 27.6, 8.1, 138, 现代艺术：1851—1929 
2307531, 29.4, 9.2, 80, 艺术与人文科学 
26285258, 18.3, 8.2, 25, 文艺复兴的秘密语言 
3661477, 18.2, 8.3, 23, The Art of Art History 
26279638, 22.1, 7.1, 122, 中国艺术讲演录 
21233389, 26.9, 8.6, 82, 当代艺术的主题 
26382823, 22.8, 8.9, 35, 琳琅 
26690183, 14.7, 7.8, 16, 欧洲艺术 
19380776, 25.2, 8.2, 83, 论美术的现状 
1399790, 23.4, 7.7, 90, 美术史的观念 
3799372, 21.3, 8.6, 33, 艺术、历史、视觉、文化 
20516547, 20.7, 8.6, 30, 艺术与物性 
1086166, 28.6, 7.5, 306, 中国美术史 
3267930, 27.9, 7.8, 192, 另一种古史 
10355213, 25.2, 7.9, 107, 祖先与永恒 
3202491, 27.8, 8.6, 96, 艺术的历史 
24738734, 18.1, 8.9, 17, 叙事和图画 
25819931, 19.8, 7.9, 39, 重返风景：当代艺术的地景再现 
25798901, 22.7, 9.0, 33, 古希腊艺术 
1015252, 29.3, 8.5, 132, 中国书画 
1145990, 27.6, 8.4, 108, 现代艺术的意义 
26857122, 12.2, 7.8, 10, 长安街与中国建筑的现代化 
1054384, 33.3, 7.9, 476, 西方美术史十五讲 
25986157, 23.1, 8.2, 58, 佛光无尽 
10761238, 22.1, 8.3, 45, 墨梅 
