Tag: 英国 

ID, Score, Rating, Votes, Title 
3006581, 66.1, 8.9, 30634, 无人生还 
1858513, 70.6, 8.9, 61385, 月亮和六便士 
26698660, 60.4, 9.0, 10920, 巨人的陨落 
26900889, 33.2, 9.1, 154, 佛罗伦萨的神女 
4820710, 69.6, 9.3, 28030, 1984 
2035162, 65.1, 9.0, 22367, 刀锋 
2035171, 60.3, 9.0, 10678, 人生的枷锁 
4187411, 60.3, 8.8, 14398, 万物有灵且美 
1827374, 67.5, 9.0, 32402, 东方快车谋杀案 
26756030, 35.5, 8.4, 407, 时间之间 
26840830, 33.7, 8.9, 195, 爱德华·巴纳德的堕落 
2035179, 68.6, 9.2, 28045, 动物农场 
6797396, 48.0, 8.5, 2958, 焚舟纪 
1316648, 57.9, 8.3, 21550, 查令十字街84号 
3014444, 52.4, 8.7, 4650, 自深深处 
6712255, 51.4, 8.8, 3498, 天真的人类学家 
26819479, 32.3, 8.5, 217, 小说药丸 
4011440, 55.8, 8.0, 25418, 最初的爱情 最后的仪式 
1321789, 54.6, 8.5, 8903, 美丽新世界 
1083428, 71.1, 8.8, 80162, 傲慢与偏见 
21370327, 34.3, 8.5, 303, 学做工 
3669671, 45.0, 8.5, 1805, 我们在此相遇 
1394364, 60.0, 8.8, 13703, 银河系漫游指南 
3826293, 34.0, 8.2, 392, 教授与疯子 
26883132, 32.0, 8.9, 148, 英格兰简史 
25746578, 46.3, 9.2, 1005, 大英博物馆世界简史（全3册） 
26791409, 33.7, 8.7, 229, 奇爱博士 
10560798, 55.6, 8.7, 7909, 面纱 
26895254, 31.9, 9.1, 125, 雪中的印记 
26752646, 29.9, 8.0, 231, 天意 
1119522, 64.3, 8.4, 54306, 呼啸山庄 
5993314, 48.8, 8.0, 7154, 安吉拉·卡特的精怪故事集 
1119839, 61.4, 9.1, 11011, 王尔德童话 
26276743, 39.6, 8.5, 729, 金雀花王朝 
26866448, 31.0, 8.6, 161, 皮囊之下 
21979017, 50.9, 9.5, 1445, 魔戒 
1141406, 69.2, 8.5, 101538, 简爱 
3402999, 47.9, 8.5, 2951, 到灯塔去 
10519369, 45.5, 9.4, 726, 万物生光辉 
1103362, 29.3, 8.7, 112, 塞耳彭自然史 
4714015, 54.1, 9.0, 4129, 万物既伟大又渺小 
1041007, 73.6, 9.0, 82341, 哈利·波特与魔法石 
26394876, 37.2, 8.9, 335, 小说机杼 
10774752, 54.5, 9.1, 3871, 毛姆短篇小说精选集 
26262141, 39.4, 8.3, 887, 毛姆传 
26775503, 27.2, 8.5, 93, 伦敦传 
26711222, 29.9, 8.5, 145, 一九〇六：英伦乡野手记 
10768068, 48.2, 8.4, 3529, 寻欢作乐 
4882159, 46.5, 7.6, 9077, 橘子不是唯一的水果 
4882023, 52.3, 9.2, 2449, 万物既聪慧又奇妙 
26725405, 41.5, 7.9, 2166, Harry Potter and the Cursed Child 
1085021, 50.2, 8.2, 6680, 蝴蝶梦 
6097966, 49.5, 8.1, 6954, 发条橙 
10488563, 51.1, 8.7, 3771, 宇宙尽头的餐馆 
1079252, 50.3, 8.2, 6826, 爱情笔记 
1154561, 30.5, 7.9, 283, 抵达之谜 
26844939, 24.6, 7.9, 96, 只有她知道 
10432334, 39.1, 8.3, 854, Me Before You 
3594151, 51.6, 8.1, 10122, 柑橘与柠檬啊 
1872158, 49.1, 8.2, 5552, 蝇王 
20279665, 43.5, 9.2, 656, “太空漫游”四部曲 
1007772, 53.9, 8.2, 12713, 双城记 
26862163, 23.9, 8.4, 57, 她他 
26607924, 39.4, 8.4, 793, 午夜之子 
1807516, 61.5, 8.9, 14868, 罗杰疑案 
21346008, 45.8, 8.5, 2062, 米格尔街 
1818347, 60.4, 8.7, 17013, 尼罗河上的惨案 
4143051, 49.6, 8.6, 3419, 荆棘之城 
26591906, 41.2, 8.3, 1210, 浮生梦 
4202422, 49.7, 8.3, 5295, 云图 
24934182, 56.2, 8.1, 22698, 一个人的朝圣 
26308505, 33.9, 8.4, 314, 杂草的故事 
1028779, 44.0, 8.1, 2588, 神奇动物在哪里 
26765930, 31.0, 9.4, 90, 努门诺尔与中洲之未完的传说 
3774646, 40.9, 8.2, 1313, 平面国 
4818177, 42.3, 8.2, 1674, 英国人的言行潜规则 
10746177, 45.0, 8.5, 1794, 终结的感觉 
3673651, 52.3, 7.7, 23532, 岛 
3026875, 48.0, 8.7, 2318, 幕后凶手 
1016429, 51.2, 8.6, 4431, 毛姆读书随笔 
1856025, 56.9, 8.9, 7254, 道连·葛雷的画像 
10764363, 45.7, 9.2, 913, 是，大臣 
26286757, 30.3, 8.8, 122, 莎士比亚的动荡世界 
4881998, 48.1, 8.4, 3487, 猜火车 
5336228, 45.0, 8.7, 1409, 作家笔记 
26852367, 24.4, 8.3, 67, 文具盒里的时空漫游 
4175473, 46.9, 8.6, 2196, 波斯少年 
26686803, 31.2, 9.0, 121, 葬礼竞技会 
26435598, 18.8, 7.4, 46, Career of Evil (Cormoran Strike) 
1063401, 44.5, 8.4, 1888, 精灵宝钻 
4869637, 33.3, 8.1, 380, 福楼拜的鹦鹉 
1071241, 71.4, 8.9, 70047, 哈利·波特与阿兹卡班的囚徒 
26356948, 44.9, 7.0, 21746, 摆渡人 
2340609, 53.1, 9.0, 3529, 2001太空漫游 
3783409, 44.2, 8.7, 1239, 圣殿春秋（上） 
3010128, 45.1, 8.6, 1617, 剧院风情 
26902009, 27.4, 8.7, 83, BBC世界史 
5940829, 43.3, 8.1, 2285, 写在身体上 
3765092, 43.1, 8.6, 1162, 旧地重游 
6873632, 41.0, 8.7, 741, 冒烟的耳朵和尖叫的牙齿 
2295163, 69.7, 8.9, 53384, 哈利·波特与死亡圣器 
20470849, 43.4, 8.3, 1768, 神的九十亿个名字 
1825855, 44.0, 8.8, 1087, 荒原 
1056461, 55.7, 8.3, 14837, 旅行的艺术 
1468426, 46.6, 8.7, 1848, 利维坦 
6879215, 41.8, 7.6, 3644, 乌克兰拖拉机简史 
26892916, 15.8, 8.2, 16, 极简图书史 
26666023, 25.9, 8.5, 75, 睡美人与魔纺锤 
1039487, 70.1, 8.8, 67775, 哈利·波特与密室 
10473355, 46.2, 8.6, 1961, 木麻黄树 
2980471, 46.7, 8.2, 3616, 赎罪 
26901824, 13.2, 7.8, 12, 阿加莎的毒药 
1082387, 67.6, 9.2, 23979, 一九八四·动物农场 
1009257, 71.2, 8.9, 67957, 哈利·波特与火焰杯 
26916148, 13.2, 7.5, 14, 血王冠：玫瑰战争 
1468997, 44.9, 8.6, 1573, 守望灯塔 
3129584, 49.0, 8.8, 2398, 莎乐美 
26266067, 35.6, 8.9, 262, 重返美丽新世界 
26806567, 21.7, 8.5, 37, 高能预警 
6003394, 41.2, 8.2, 1368, 爱，始于冬季 
26286751, 30.9, 8.5, 173, 文学阅读指南 
2033081, 50.0, 8.2, 6399, 身份的焦虑 
7046857, 38.5, 8.3, 763, 长日留痕 
2174410, 42.3, 8.2, 1661, 名利场 
1432596, 69.3, 8.8, 59504, 哈利·波特与混血王子 
3689118, 45.2, 8.3, 2427, 梦想家彼得 
26667282, 30.3, 8.6, 144, 见信如晤 
1014144, 47.9, 8.3, 3882, 大卫·科波菲尔（上下） 
4151134, 44.2, 7.8, 4217, 只爱陌生人 
1045201, 49.3, 8.2, 5713, 哲学的慰藉 
26840136, 13.7, 8.2, 11, 惊悦 
26349261, 43.1, 8.3, 1685, 孤儿列车 
19938026, 44.8, 8.5, 1760, 生命，宇宙以及一切 
19898714, 41.9, 7.6, 3667, 偶发空缺 
26342182, 35.0, 8.7, 285, 天堂之火 
2996596, 51.1, 8.4, 5794, 特别的猫 
3908032, 46.5, 7.3, 16127, 怪诞心理学 
1006197, 56.8, 8.4, 15254, 哈姆莱特 
10740054, 40.6, 8.0, 1610, 给樱桃以性别 
25887908, 31.9, 8.6, 188, 提堂 
5366382, 51.7, 8.7, 4196, 夜航西飞 
26702850, 29.1, 8.9, 95, 大博弈 
26365959, 26.1, 8.2, 97, 模仿者 
4038615, 45.2, 9.3, 775, 阿加莎·克里斯蒂侦探推理“波洛”系列（全32册） 
4121656, 31.8, 8.4, 221, 水之乡 
3191247, 48.2, 8.7, 2377, 好兆头 
26575658, 28.5, 7.9, 195, 被掩埋的巨人 
4191638, 37.9, 8.4, 621, 10 1/2章世界史 
4160472, 41.2, 8.5, 967, 告诉我，你怎样去生活 
26310659, 33.5, 8.9, 188, 莎士比亚 
2364762, 41.0, 8.7, 743, 唐璜（上下册） 
1760730, 44.4, 8.3, 2121, 伍尔夫读书随笔 
2568438, 39.9, 8.6, 693, 权力与荣耀 
1415226, 44.2, 8.7, 1244, 奥兰多 
1040211, 72.1, 9.2, 46835, 福尔摩斯探案全集（上中下） 
1001136, 57.6, 8.8, 9338, 彼得·潘 
26837789, 31.1, 8.6, 165, 不存在的父亲 
2032523, 42.7, 8.5, 1230, 失乐园 
12404751, 40.8, 8.6, 808, 遥远地球之歌 
2280027, 42.1, 7.6, 3816, 自杀俱乐部 
1812843, 34.1, 7.7, 709, 在中国屏风上 
1089049, 48.9, 9.3, 1336, 莎士比亚全集（全8册） 
6560651, 39.5, 7.9, 1515, 雨必将落下 
19975229, 31.1, 8.8, 139, 时间之线 
26292964, 40.3, 8.8, 596, 世界小史 
1013129, 66.7, 8.6, 56094, 哈利·波特与凤凰社 
4262685, 39.5, 8.0, 1324, 戏梦巴黎 
4214860, 31.4, 7.3, 700, 绅士生活 
25920297, 32.2, 7.7, 487, 丘吉尔的黑狗 
10774932, 36.2, 8.0, 728, 柠檬桌子 
4198469, 43.2, 8.2, 1973, 轻舔丝绒 
10563464, 40.0, 8.8, 574, 总结 
1203251, 54.0, 8.1, 15458, 雾都孤儿 
1000251, 42.7, 9.0, 712, 王尔德全集 
3174506, 37.4, 8.5, 507, 一个自行发完病毒的病例 
3266349, 39.4, 8.3, 891, 恋情的终结 
26907738, 25.8, 9.0, 53, 圣诞男孩 
4870150, 44.9, 8.3, 2298, 44号孩子 
1011228, 46.3, 8.3, 2948, 远大前程 
3175259, 43.2, 8.3, 1725, 锅匠，裁缝，士兵，间谍 
6838389, 28.6, 9.0, 81, Why Be Happy When You Could Be Normal? 
22606931, 34.2, 8.5, 299, 寒鸦行动 
26609809, 31.9, 6.8, 1670, 火车上的女孩 
3158094, 33.2, 8.8, 194, 英国个人主义的起源 
26751986, 25.0, 8.6, 60, 特拉法尔加战役 
1607478, 41.5, 8.3, 1280, 巴黎伦敦落魄记 
20425489, 41.6, 9.3, 453, 是，首相 
1027767, 43.3, 8.2, 1975, 时间的女儿 
25985298, 29.9, 8.7, 124, 巫术师 
26545443, 26.5, 7.8, 148, 自由的基因 
1882915, 49.5, 8.9, 2269, 莎士比亚四大悲剧 
25762288, 32.9, 9.2, 135, 风景与记忆 
3338175, 45.3, 7.9, 4366, 诗翁彼豆故事集 
1041128, 55.7, 8.5, 10724, 天蓝色的彼岸 
1065410, 33.0, 8.2, 325, 三怪客泛舟记 
5260193, 34.4, 7.7, 741, 狼厅 
26787948, 22.2, 8.7, 36, 不止信仰 
2073345, 48.1, 8.7, 2354, 拜伦 雪莱 济慈 抒情诗精选集 
10594802, 41.5, 8.0, 1898, 写给无神论者 
21690283, 40.8, 8.2, 1288, 再会，谢谢所有的鱼 
26286752, 20.3, 8.3, 33, 影舞 
26328639, 32.7, 7.4, 793, 一份不适合女人的工作 
5375977, 29.6, 9.1, 88, 英格兰宪政史 
26937732, 16.6, 9.7, 10, 黑暗时代的她们 
25919825, 39.4, 8.4, 792, 大河湾 
2135139, 42.3, 8.4, 1290, 我为什么要写作 
11584608, 35.2, 7.5, 1147, 世界和其他地方 
4836697, 41.9, 8.3, 1376, 看见真相的男孩 
26870270, 24.1, 8.2, 68, 第十个人 
6832303, 42.6, 6.9, 16176, 别相信任何人 
1959270, 40.3, 8.0, 1516, 小世界 
26698900, 18.2, 8.3, 23, 大雾霾 
26220631, 31.7, 8.3, 238, 霍夫曼博士的魔鬼欲望机器 
1780564, 32.9, 8.7, 201, 米德尔马契（全二册） 
6799474, 35.2, 9.0, 224, 文化与社会 
26879082, 15.7, 8.3, 15, 吉诃德大神父 
6744648, 44.0, 8.8, 1083, 与拉玛相会 
5988558, 42.7, 8.3, 1579, 深夜小狗神秘事件 
3402988, 40.7, 8.9, 577, 海浪 
5043526, 38.5, 7.6, 1883, 床笫之间 
25889953, 27.1, 8.4, 99, 古道 
25959972, 33.8, 8.3, 338, 染血之室与其他故事 
1072334, 50.1, 8.5, 4226, 魔戒前传 
4219125, 45.0, 8.3, 2328, 坟场之书 
3190550, 40.8, 8.3, 1135, 巨匠与杰作 
3073401, 39.0, 7.4, 2858, 隐之书 
1397467, 45.5, 7.9, 4551, 理智与情感 
24740871, 27.3, 8.3, 111, 乡村与城市 
3783412, 43.1, 8.8, 939, 圣殿春秋（下） 
3210683, 44.3, 8.2, 2378, 星尘 
20273121, 35.2, 8.2, 480, 易碎品 
1040104, 57.7, 8.7, 11005, 魔戒（第一部） 
2042631, 40.7, 7.9, 1893, 弗兰肯斯坦 
4732177, 36.9, 8.1, 728, 小说的艺术 
26646633, 29.1, 8.4, 138, 高窗 
26644964, 25.6, 8.3, 82, 耶鲁文学小历史 
20273137, 35.3, 7.8, 779, 伦敦塔集雨人 
3665961, 38.8, 8.2, 904, 客厅里的绅士 
3090839, 22.1, 7.7, 70, 黑王子 
6885341, 38.1, 8.1, 897, 别让我走 
20273030, 40.1, 8.3, 1013, 哈尔的移动城堡 
5940877, 40.9, 8.4, 1024, 激情 
5283663, 42.8, 8.4, 1407, 另一个波琳家的女孩 
1433659, 43.0, 7.8, 3352, 失恋排行榜 
3668430, 38.0, 8.4, 623, 明智的孩子 
1039840, 44.0, 7.6, 5618, 查特莱夫人的情人 
26930483, 13.9, 7.9, 13, 英国插画师 
25702794, 31.4, 8.3, 225, 银行家的情人 
1858493, 36.9, 7.8, 1049, 虹 
1433572, 49.0, 9.2, 1508, 随风而来的玛丽阿姨 
26652354, 28.0, 8.4, 116, 世界重启 
4097264, 46.1, 9.0, 1198, 小兔彼得和他的朋友们（全3册） 
10430397, 38.9, 8.9, 436, 艺术通史 
1035477, 48.8, 7.8, 9971, 德伯家的苔丝 
2174400, 41.1, 8.2, 1361, 达洛卫夫人 
26323105, 32.8, 9.2, 134, 艺术的力量 
26857911, 22.7, 8.7, 39, 叶之震颤 
25840545, 34.7, 7.2, 1625, 布谷鸟的呼唤 
2118471, 13.7, 7.0, 21, 绿色黄金 
1016003, 58.4, 8.0, 40857, 鲁滨逊漂流记 
20472494, 30.0, 9.0, 101, 漫长的革命 
10439064, 52.8, 9.0, 3395, 发现之旅 
3172156, 43.3, 8.5, 1356, 柏林谍影 
1034922, 49.8, 8.9, 2398, 莎士比亚喜剧悲剧集 
6722199, 32.7, 9.2, 131, 英国文学史（全三册） 
25760132, 29.4, 8.9, 99, 重访希区柯克 
1927487, 37.5, 7.7, 1354, 乌托邦 
2375988, 39.1, 8.0, 1214, 一间自己的屋子 
5988624, 41.2, 8.2, 1388, 远山淡影 
19896056, 20.1, 9.2, 20, 永恆之王: 亞瑟王傳奇 
25850008, 31.8, 8.4, 221, 奥登诗选：1927-1947 
26844660, 27.1, 9.4, 51, 经典摇滚音乐指南·齐柏林飞艇 
4742942, 34.7, 8.4, 358, 归于尘土 
3055316, 44.4, 7.7, 5083, 第十三个故事 
1535600, 32.5, 8.2, 297, 黑暗的心 
26917251, 17.1, 7.8, 25, 哈利·波特神奇动物解密宝典 
3931849, 40.5, 7.6, 2817, 天黑前的夏天 
25722936, 29.4, 8.7, 115, 孩子们的书 
1763860, 26.9, 8.8, 71, 眾妙之門 
5063402, 28.5, 7.7, 240, 歌唱的白骨 
26878982, 16.1, 7.7, 22, 听说你也是博物学家 
6831222, 40.1, 8.4, 900, 随性而至 
2117875, 49.2, 8.8, 2445, 我爸爸 
26352281, 30.7, 7.5, 461, 蚕 
1941696, 42.3, 8.7, 922, 萨拉·凯恩戏剧集 
4060877, 37.9, 8.6, 499, 约定 
3788397, 39.5, 8.5, 721, 豺狼的日子 
1468560, 40.6, 8.8, 634, 毛姆短篇小说集 
4051244, 34.7, 8.2, 437, 小说面面观 
25839522, 35.4, 8.7, 303, 银河系搭车客指南（5部曲） 
1375398, 31.2, 8.5, 182, 毕司沃斯先生的房子 
4038610, 41.3, 8.1, 1597, 回归 
26264150, 33.3, 7.7, 610, 甜牙 
26640061, 28.5, 7.4, 335, 谷物01 
3158733, 43.0, 7.9, 2857, 在切瑟尔海滩上 
3826575, 39.4, 7.8, 1692, “小不列颠”札记 
6784964, 38.8, 8.5, 643, 观点 
3908391, 42.2, 8.5, 1126, 莫瑞斯 
2042167, 37.7, 8.1, 836, 无名的裘德 
1040053, 32.4, 9.1, 136, 中午的黑暗 
26821965, 19.9, 8.4, 29, 机械宇宙 
3266350, 35.7, 8.5, 382, 问题的核心 
1049323, 36.5, 8.7, 360, 济慈诗选 
25697249, 38.5, 9.7, 209, 哈利.波特电影魔法书 
26577699, 23.4, 8.5, 49, 序跋集 
6857344, 52.3, 8.5, 6093, 夜莺与玫瑰 
24871971, 35.3, 8.5, 358, 然而，很美 
2257878, 39.6, 7.8, 1757, 水泥花园 
3266351, 34.2, 8.4, 330, 人性的因素 
1001065, 46.0, 8.4, 2414, 麦克白 
5395157, 39.3, 7.9, 1456, 小夜曲 
25842926, 30.5, 8.9, 117, 理论入门 
4202417, 39.2, 8.3, 858, 幽灵代笔 
1949579, 32.3, 9.0, 144, 康拉德小说选 
1066217, 32.6, 7.8, 467, 坎特伯雷故事 
25890145, 41.4, 8.4, 1119, 线 
1036395, 45.3, 8.4, 2175, 爱上浪漫 
26357615, 27.3, 7.6, 212, 二十一个故事 
1203622, 47.2, 8.9, 1597, 莎乐美 道林・格雷的画像 
3404608, 29.7, 8.1, 202, 丧钟为谁而鸣 
25808056, 44.0, 8.1, 2564, 纸牌屋 
26881696, 15.5, 7.6, 21, 古文物专家的鬼故事 
2285465, 35.9, 9.3, 196, 曼弗雷德 该隐：拜伦诗剧两部 
1032672, 45.5, 8.2, 2908, 拥抱逝水年华 
3322928, 43.1, 8.7, 1042, 基本上无害 
26431617, 18.4, 9.0, 17, 天黑前的夏天 
2121010, 49.2, 8.8, 2454, 我妈妈 
2258336, 35.8, 7.9, 760, 缅甸岁月 
26897325, 23.3, 8.7, 43, 一定要画出来才好玩：伦敦 
6793756, 35.5, 8.3, 457, 马戏团之夜 
1143218, 28.1, 9.1, 71, 哈代文集（共八册） 
25883310, 27.2, 7.8, 168, 伊丽莎白女王 
1140492, 26.0, 7.9, 123, 奥威尔传 
26843309, 24.7, 8.1, 82, 过去现在，一并深爱 
4933087, 38.7, 7.3, 3204, 机场里的小旅行 
3191257, 40.4, 8.2, 1200, 乌有乡 
26593084, 40.1, 8.3, 1013, 迷人的材料 
26721531, 19.4, 8.4, 27, 聆听 
25886627, 25.1, 9.4, 38, 英格兰之梦 
4711466, 37.1, 8.1, 751, 培根随笔 
26338006, 25.9, 8.4, 81, 意大利的黄昏 
1702664, 25.8, 9.0, 53, 丘吉尔文集:思想与经历 
4253335, 39.1, 8.6, 608, 坎特维尔的幽灵 
1805514, 51.9, 8.2, 9070, 阳光下的罪恶 
26760849, 21.0, 8.5, 33, 自我 
26451393, 22.7, 7.7, 78, 独角兽 
1212488, 53.4, 8.3, 9958, 罗密欧与朱丽叶 
10876101, 39.9, 8.8, 563, 不合理的行为 
6126807, 36.0, 7.7, 1008, 阿姆斯特丹 
10599768, 31.4, 8.9, 136, 碧河彼时 
1898275, 34.5, 8.9, 220, 贝奥武甫 
26642036, 24.1, 8.6, 52, 奥登诗选：1948-1973 
1083053, 31.3, 8.8, 144, 英国工人阶级的形成（上下） 
1012117, 45.9, 8.2, 3143, 仲夏夜之梦 
26762176, 14.2, 7.5, 17, 电影理论自修课 
26836752, 22.7, 8.2, 54, 大英国小宇宙 
3604958, 27.9, 8.1, 145, 唐宁街岁月 
1525761, 34.0, 8.1, 432, 法国中尉的女人 
10432342, 30.8, 7.7, 377, 英国史Ⅰ 
20278805, 29.8, 7.2, 562, 鱼为什么放屁 
4087909, 38.6, 8.4, 697, 借东西的小人 
1084341, 40.4, 7.8, 2028, 神奇的魁地奇球 
26425832, 39.8, 9.3, 347, 纸上中洲 
1946658, 49.1, 8.2, 5501, 啤酒谋杀案 
3277484, 38.5, 8.3, 765, 上来透口气 
26926061, 26.9, 9.8, 40, 呼叫助产士 
6039246, 36.4, 7.7, 1103, 国王的演讲 
6311580, 39.4, 8.7, 573, 天堂十字路口 
20506307, 29.0, 7.7, 266, 每当想起你 
20473122, 33.9, 8.3, 347, 圣诞假日 
26266171, 30.8, 8.3, 203, 间谍课：暗杀名单 
7051898, 30.2, 7.7, 332, 帝国 
4243207, 33.0, 7.8, 503, 悠游度过一天的24小时 
26390011, 25.7, 8.2, 91, 伍尔夫读书笔记 
3034552, 33.8, 9.3, 145, 情歌·荒原·四重奏 
1421595, 24.2, 8.4, 60, 迷惘 
4909240, 26.1, 8.3, 90, 风景与认同 
10554684, 32.1, 7.8, 424, 时间中的孩子 
26357038, 22.5, 8.3, 48, 动物生活史 
10465902, 39.4, 8.8, 517, 镜子外的福尔摩斯 
25917727, 35.7, 8.8, 290, 神秘博士：沙达 
3757922, 34.6, 7.9, 608, 羞耻 
4219027, 34.6, 7.5, 1013, 大英博物馆在倒塌 
6859532, 33.7, 9.3, 142, 数字的挑战 
21323553, 32.7, 8.8, 179, 历史的辉格解释 
6006299, 46.3, 9.2, 1010, What Every Man Thinks about Apart from Sex 
11501823, 33.3, 8.7, 215, 雅各布·德佐特的千秋 
2253098, 28.6, 8.7, 101, 牛津英国史 
6890671, 47.4, 8.2, 4111, 一天 
3187665, 35.2, 8.3, 435, 文静的美国人 
22693008, 33.2, 8.2, 339, 兔子共和国 
1458377, 34.4, 8.2, 419, 大魔法师 
1483870, 38.5, 8.1, 972, 如果你爱我比较深 
1104713, 35.5, 8.3, 454, 狄兰·托马斯诗选 
25887970, 28.0, 8.4, 116, 我们的普世文明 
5264464, 37.6, 8.1, 817, 黑犬 
1461652, 42.5, 8.2, 1744, 纳尼亚传奇：狮子、女巫和魔衣柜 
6806555, 34.8, 7.7, 808, 苹果笔记本 
26866570, 14.4, 7.8, 15, 你的建筑有多重？ 
25816345, 30.7, 8.1, 241, 第一人称单数 
6863330, 42.5, 7.9, 2641, 丝之屋 
10522003, 39.2, 8.3, 861, 艾伦·图灵传 
26717204, 32.6, 8.8, 176, 毛姆经典短篇集 
25887966, 22.5, 8.2, 52, 小鼓女 
1030575, 42.1, 9.1, 590, 理想丈夫与不可儿戏 
1344161, 49.7, 9.3, 1490, Harry Potter and the Goblet of Fire 
1041375, 34.1, 8.2, 394, 英国通史 
25853164, 25.4, 7.5, 160, 炼金术士及其他鬼故事 
20453463, 26.4, 7.3, 247, 无可慰藉 
4053597, 32.2, 7.6, 554, 幸存者回忆录 
4934784, 35.5, 7.8, 812, 非普通读者 
2340610, 45.5, 8.8, 1379, 2010太空漫游 
25833211, 26.9, 8.4, 96, 在西方目光下 
24838970, 30.3, 6.9, 986, 无聊的魅力 
20003449, 30.8, 8.1, 246, 战地行纪 
2213246, 32.3, 9.2, 125, Shooting an Elephant 
26338071, 33.4, 7.5, 803, 新闻的骚动 
26707222, 16.6, 7.6, 26, 南方的转折 
2238069, 31.1, 8.9, 129, The Pillars of the Earth 
2135140, 36.9, 8.0, 825, 英国式谋杀的衰落 
26286758, 18.6, 7.7, 36, 写作人生 
3698543, 40.4, 8.4, 937, 胡林的儿女 
26756565, 29.4, 8.6, 123, 一加一 
26538466, 27.1, 8.3, 107, 我们，一次旅行 
1427634, 30.4, 8.6, 147, 耳证人 五十种性格 
5395151, 34.6, 8.2, 432, 副本 
4892942, 34.2, 7.7, 722, 小小陌生人 
25977520, 28.6, 8.3, 139, 收藏家 
11597324, 28.6, 7.6, 270, 游戏玩家 
26354422, 26.7, 7.7, 170, 去你的，生活 
1085512, 36.6, 8.6, 405, 在我坟上起舞 
26270305, 22.9, 9.0, 34, 奥斯丁小说全集 
26303967, 25.4, 8.0, 101, 康拉德的黑暗我的黑暗 
26289651, 29.3, 7.9, 227, 英国不装腔指南 
3266354, 33.4, 8.0, 435, 哈瓦那特派员 
3884761, 38.4, 8.3, 749, 因为。爱 
1053463, 33.4, 8.4, 289, 英诗的境界 
4191531, 35.4, 7.5, 1189, 工作颂歌 
1033057, 41.7, 8.2, 1512, 劝导 
2294802, 34.6, 7.9, 611, 亲密 
1962249, 37.4, 8.3, 630, 换位 
1159935, 33.2, 7.6, 666, 恋爱中的女人 
6397251, 31.4, 8.7, 159, 回到正统 
1077762, 34.4, 8.8, 234, 布莱克诗集 
26331492, 28.8, 7.5, 316, 日出酒店 
10544770, 28.7, 8.7, 102, 宇宙的答案云知道 
4018093, 40.7, 8.5, 879, 极度狂热 
3402993, 33.6, 8.5, 270, 论小说与小说家 
3548450, 29.3, 8.6, 121, 伟大的传统 
26327551, 19.8, 7.4, 57, 记忆残留 
1116325, 32.8, 8.6, 216, 人类理解论（上下） 
4908881, 33.4, 8.1, 390, 一支出卖的枪 
4898629, 30.8, 8.7, 143, 伦敦 
2063620, 43.8, 7.8, 3902, 谋杀启事 
26611176, 34.4, 8.9, 216, 永不言弃 
1427938, 34.3, 8.0, 510, 墙上的斑点 
24757288, 31.6, 8.2, 255, M代表魔法 
26388286, 30.0, 8.3, 177, 纸牌屋 3 
1162944, 25.9, 8.4, 81, 大海啊，大海 
25875270, 33.7, 7.6, 734, 生命不息 
1880828, 32.6, 8.1, 339, 还乡 
10527658, 32.7, 7.6, 608, 女管家的心事 
1071794, 57.2, 8.9, 7658, 魔戒（第三部） 
11511228, 29.0, 8.0, 194, 天真与经验之歌 
2084797, 37.9, 7.8, 1272, 佛罗伦斯月光下 
1101543, 34.6, 7.9, 605, 远离尘嚣 
10453134, 25.1, 8.6, 61, 现代教育和古典文学 
1440399, 34.4, 8.8, 235, 普通读者Ⅰ 
10453139, 24.7, 8.6, 57, 以赛亚·伯林书信集 
3188381, 27.7, 7.5, 256, 绅士的准则 
1144501, 25.3, 8.4, 73, 约翰逊传 
1946666, 47.8, 7.9, 6936, 斯泰尔斯庄园奇案 
25767894, 30.2, 8.2, 200, 武器浮生录 
26871302, 14.4, 7.8, 15, 西太后：薇薇安·威斯特伍德 
1843931, 21.8, 8.4, 40, 神秘朝圣者 
3419241, 33.2, 7.6, 675, 魔幻玩具铺 
1000353, 39.8, 8.6, 681, 纳尼亚王国传奇（全7册） 
26580930, 18.7, 7.6, 39, 未终结的帝国 
26323774, 23.6, 8.2, 63, 有天清晨 
1115757, 29.5, 9.1, 87, 英宪精义 
1754836, 43.0, 8.8, 922, 向加泰罗尼亚致敬 
26352276, 27.1, 8.4, 98, 重访加勒比 
25876656, 25.4, 7.3, 199, 十个离奇而真实的故事 
1059110, 32.8, 8.8, 181, 奥威尔经典文集 
1935232, 21.6, 9.3, 24, Dirk Gently&#39;s Holistic Detective Agency 
26797680, 14.7, 7.5, 19, 埃及纪行 
1058759, 55.9, 8.8, 7192, 魔戒（第二部） 
25744229, 22.5, 7.3, 109, 鼻屎为什么不能吃 
2977023, 39.5, 7.7, 1996, 无尽长夜 
1026916, 29.7, 8.9, 103, 芭巴拉少校 
11600042, 30.0, 8.3, 177, 6号特工 
6016230, 32.7, 7.9, 428, Y先生的结局 
1016435, 40.8, 8.8, 649, 女巫 
26645276, 20.7, 7.6, 58, 如果房子会说话 
1000972, 37.2, 8.1, 768, 一生的忠告 
3266348, 29.2, 7.4, 388, 我自己的世界 
26667817, 25.4, 8.9, 53, 早安，生活 
1390412, 29.1, 8.4, 138, 一个唯美主义者的遗言 
26774757, 23.8, 7.4, 129, 谷物02 
2059668, 26.5, 7.1, 319, 烟花散尽 
1123668, 33.5, 7.8, 551, 圣诞欢歌 
3725128, 33.1, 7.9, 461, 新夏娃的激情 
6794356, 31.9, 8.9, 145, 英国诗选 
1959340, 35.9, 8.3, 484, 时间机器（中英双语） 
10473354, 26.0, 7.2, 252, 虚拟的历史 
10759564, 22.4, 8.5, 42, 近代英国工业革命揭秘 
3087550, 31.5, 7.7, 430, 自由国度 
1060595, 35.7, 8.2, 522, 阿加莎·克里斯蒂自传 
26324835, 25.5, 8.5, 70, 披头士 
1065010, 34.9, 8.9, 233, 谎言的衰落 
26285731, 19.8, 7.3, 62, 山精灵普克 
4173398, 34.8, 7.8, 717, 无辜者 
3117982, 34.1, 7.8, 626, 植物的故事 
5999097, 28.6, 8.7, 100, 批评批评家 
26294024, 30.8, 7.7, 374, 纸牌屋 2 
1970933, 35.4, 8.4, 402, 伦敦的叫卖声 
1288923, 20.9, 8.3, 37, 好兵 
26640650, 15.2, 8.1, 15, The Noise of Time 
5367393, 28.5, 8.3, 136, 最高权力 
2044757, 38.0, 7.9, 1132, 黄金探案系列 约瑟芬·铁伊推理全集 
5406556, 32.1, 8.4, 232, 无尽世界（下） 
26805246, 23.4, 9.2, 33, 摇滚狂人 
26437818, 17.1, 7.1, 41, 非凡小人物 
3575882, 31.6, 7.2, 837, 时间箭 
10570096, 31.4, 8.4, 204, 城市与群星 
26271231, 32.3, 7.3, 835, 糖与香料 
3136270, 26.7, 7.9, 140, 弗洛斯河上的磨坊 
1316549, 34.7, 8.6, 295, 极端的年代 
6860198, 26.0, 9.1, 51, 权谋之业 
3907344, 33.0, 7.2, 1131, 隐字书 
3390170, 41.4, 7.9, 2151, 圣诞奇案 
5415450, 27.1, 7.4, 250, 阿加莎·克里斯蒂秘密笔记 
26630481, 16.7, 7.1, 38, 传记作家的传记：一部小说 
2031348, 30.9, 7.8, 341, 书与你 
26756862, 15.5, 7.5, 22, 小人物日记 
2008235, 34.1, 7.5, 912, 丑闻笔记 
6194593, 31.1, 7.6, 443, 人类性幻想 
1475735, 34.6, 7.3, 1349, 书店 
2360092, 33.2, 8.4, 280, 替人读书 
1431446, 31.3, 8.7, 156, 英国采风录 
1085573, 29.2, 7.9, 223, 印度之行 
1030864, 31.8, 8.4, 221, 丛林故事 
1185654, 26.8, 8.3, 102, 弃儿汤姆·琼斯的历史（上下） 
4744046, 27.2, 8.3, 108, 趣味横生的时光 
26201588, 23.0, 8.0, 66, 名利场 
25927361, 21.7, 7.4, 83, 事实即颠覆 
5697408, 29.8, 7.5, 390, 伪伦敦 
25872624, 23.7, 7.5, 115, 英国农民工小像 
2968740, 41.7, 8.0, 1956, 怪屋 
26577638, 23.8, 8.3, 61, 分离的幻象 
1117965, 34.0, 9.0, 187, 伍尔芙随笔全集（共四册） 
11597331, 28.0, 8.0, 164, 灵船 
26115594, 22.6, 7.3, 110, 复古时裳 
25848747, 30.4, 8.5, 158, 审判为什么不公正 
3826348, 26.3, 7.9, 130, OED的故事 
1959339, 40.3, 9.0, 494, 巨人的花园（中英双语） 
1485131, 37.6, 8.2, 729, 另外那个女人 
3093596, 28.9, 9.3, 70, 艾略特诗学文集 
25752975, 26.8, 8.5, 87, 佩里戈尔的媒人 
21334460, 25.4, 7.7, 131, 彼时此时 
6794027, 30.7, 7.9, 294, 血腥的谋杀 
25918656, 23.9, 8.1, 71, 我的花园、我的城市和我 
1753403, 34.4, 7.5, 980, 诺桑觉寺 
1785534, 35.4, 8.5, 364, 雪莱诗选 
1186454, 21.2, 8.5, 34, 众生之路 
10560797, 26.3, 7.2, 272, 诸神的黄昏 
1313815, 29.4, 8.1, 190, 黑暗的心 
20428297, 21.3, 7.6, 65, 荒野 
4208773, 32.6, 7.9, 421, 伦敦画记 
1903152, 45.6, 8.0, 3952, 悬崖山庄奇案 
11600041, 28.2, 7.8, 205, 秘密演讲 
25732872, 21.7, 7.8, 60, 灯塔里的陌生女孩 
4082019, 34.4, 8.2, 418, 人们都叫我动物 
25856511, 23.6, 8.3, 58, 麦考莱英国史1 
10766058, 26.5, 8.7, 72, 谈判专家 
20389038, 27.2, 7.8, 170, 我的父亲母亲 
6859149, 30.8, 9.3, 93, 字的故事 
26296886, 23.3, 7.4, 116, 设计的语言 
5942276, 35.5, 8.2, 505, 战马 
26392669, 22.2, 8.3, 46, 神探夏洛克全集 
26366597, 18.8, 8.5, 23, 阿瑟•克拉克中短篇科幻小说集 
25864257, 15.3, 7.7, 19, Edge of Eternity 
4055772, 28.4, 7.8, 211, 英伦之谜 
25760119, 31.6, 9.0, 129, 《霍比特人》的艺术 
25955853, 27.1, 7.2, 322, 小镇的甜品屋 
6531768, 14.3, 7.9, 14, Old Possum&#39;s Book of Practical Cats 
2379322, 51.4, 9.4, 1722, 福尔摩斯探案集（三） 
2567431, 20.9, 7.8, 52, 伦巴第街 
2000725, 29.5, 8.0, 215, 作者，作者 
4140466, 26.9, 7.7, 175, 伦敦风景 
4233864, 30.9, 7.7, 383, 茶 
26665573, 16.8, 7.3, 33, 茶：嗜好、开拓与帝国（新知文库24） 
2000719, 30.5, 8.7, 137, 艾略特与《荒原》 
1146495, 27.2, 8.7, 81, 身体使用手册 
25964039, 18.1, 8.0, 27, 现代主义 
1046883, 45.3, 8.5, 1900, 查理和巧克力工厂 
1736652, 45.7, 9.1, 1016, 哈利•波特(共6册) (精装) 
24738866, 24.5, 8.2, 73, 伦敦艺术指南 
5038502, 38.1, 8.4, 638, 作死的发明 
1937435, 32.0, 8.9, 149, 欢乐颂与沉思颂 
2027873, 31.0, 7.9, 312, 伏尔泰的椰子 
3192815, 28.4, 8.5, 114, 城市和区域规划 
3100582, 36.7, 8.2, 631, 第十二夜 
1225062, 33.0, 8.7, 205, 汤姆的午夜花园 
2157942, 25.0, 9.1, 44, 十七世纪英国文学 
4087914, 27.4, 7.6, 215, 杯酒留痕 
4067663, 26.2, 8.0, 117, 鸟鸣 
24527549, 35.3, 8.7, 298, 间谍课：复仇者 
3171864, 35.6, 7.6, 1068, 一头想要被吃掉的猪 
1116367, 47.2, 8.7, 2018, 道德情操论 
2310605, 33.5, 7.4, 935, 暧昧纯友谊 
25735731, 25.1, 7.6, 138, 我从未爱过这世界，我只喜欢你 
3572745, 28.3, 7.6, 256, 作家看人 
1210057, 46.1, 9.2, 969, 一九八四 上来透口气 
1838187, 31.7, 8.3, 236, 华伦夫人的职业 
6518600, 31.9, 8.0, 328, 派蒂格鲁小姐的大日子 
1427315, 38.2, 8.8, 431, The Importance of Being Earnest 
2042170, 30.4, 7.6, 390, 白衣女人 
1001761, 42.0, 8.1, 1799, 发条橙 莫扎特与狼帮 
1417828, 28.6, 7.8, 219, 亚瑟王之死(全二册) 
24876111, 19.7, 7.3, 60, 逃避之路 
10570094, 31.0, 8.5, 176, 月海沉船 
25741359, 23.9, 8.7, 47, 英国陆军史 
26689064, 16.6, 6.8, 48, 一个更安全的地方 
4040732, 30.9, 8.7, 146, 不可儿戏 
1071253, 30.7, 8.8, 131, 魔鬼的抉择 
26827528, 12.9, 7.7, 12, 学说话 
5336226, 27.3, 8.2, 121, 完美的间谍 
2271582, 48.7, 8.4, 3867, 又来了，找死的兔子 
3532896, 21.9, 8.7, 34, 春宮電影 
1289013, 27.5, 8.6, 91, 明亮的星 
1488186, 28.4, 8.4, 124, 戏谑 
20273033, 28.6, 7.9, 201, 空中城堡 
10491248, 30.1, 8.5, 152, 祖母 
26265848, 21.0, 8.4, 35, 狮子与独角兽 
3348423, 38.2, 7.8, 1351, 零时 
2333836, 29.9, 7.6, 352, 又来了，爱情 
3437146, 28.6, 8.0, 181, 晚间新闻 
26755052, 18.0, 8.6, 19, 我的动物，我的家人 
5408861, 33.0, 7.6, 641, 你走以后 
25944288, 25.0, 8.7, 56, R.S.托马斯晚年诗选：1988～2000 
21346006, 26.1, 8.1, 106, 衰落与瓦解 
4811934, 30.7, 7.5, 460, 三十九级台阶 
1082538, 27.3, 8.5, 95, 瓮葬 
1085217, 33.5, 8.9, 187, 道连·葛雷的画像 快乐王子 
2122483, 39.6, 9.0, 443, 大猩猩 
5423811, 26.6, 7.6, 185, 柔软的城市 
21683667, 32.6, 8.7, 193, 电影研究关键词 
25877706, 25.6, 8.7, 62, 老虎来喝下午茶 
20449808, 22.8, 8.9, 35, 英国诗歌选集 
6855830, 25.6, 7.4, 186, 鼠王 
1203259, 27.6, 8.4, 108, 福尔赛世家 
1968313, 33.5, 8.3, 325, 英国 
25881366, 23.9, 7.8, 91, 青年狗艺术家的画像 
21323914, 25.6, 8.3, 83, 仰望星空 
23164134, 30.5, 8.2, 209, 斯通与骑士伙伴 
26676572, 19.2, 8.1, 31, 神探夏洛克官方指南（1-3季） 
21690039, 21.4, 7.6, 67, C 
5260192, 41.0, 8.4, 1042, 无人生还 
4882130, 25.0, 8.7, 56, 改变就是进步？ 
26317233, 19.7, 8.4, 28, 科学百科 
4760897, 18.4, 6.7, 79, 印度之恋 
2029914, 23.9, 7.5, 118, 通往权力之路 
3227621, 28.9, 8.7, 106, 狄兰·托马斯诗集 
6042374, 36.4, 8.9, 293, 政治与文学 
3920099, 30.4, 8.4, 173, 法医学之父 
11501816, 25.1, 7.6, 137, 绿野黑天鹅 
5326888, 26.1, 8.0, 115, 歌之版图 
4038641, 23.7, 7.3, 138, 撞车 
2171321, 55.8, 8.4, 12903, 找死的兔子 
1007576, 37.1, 8.5, 481, 了不起的狐狸爸爸 
1962248, 34.4, 8.3, 377, 好工作 
1980691, 31.8, 8.0, 322, 四季随笔 
4292126, 26.6, 7.4, 228, 早春 
25987033, 24.8, 7.5, 142, 全民选举 
1059069, 38.6, 8.4, 694, 培根论人生 
1996809, 23.0, 7.7, 83, 老古玩店(上下) 
4140606, 29.3, 7.8, 252, 罗西与苹果酒 
2721880, 23.3, 8.9, 38, The Crimson Petal and the White 
26300028, 20.2, 8.7, 26, 饥渴的想象 
5919044, 27.8, 9.1, 68, 吃六顿晚餐的猫 
1449994, 25.7, 7.9, 117, R.S.托马斯自选诗集 
26850503, 16.9, 7.9, 23, 林间道路 
1084895, 27.1, 8.1, 127, 华兹华斯抒情诗选 
25764987, 20.1, 7.8, 44, 徒步穿越中国 
26639936, 21.6, 8.4, 39, 伊丽莎白不见了 
20488772, 25.4, 7.4, 179, 游击队员 
26911589, 12.0, 7.5, 11, 如何读诗 
26701912, 19.0, 7.9, 34, 好邻居日记 
1083445, 38.9, 9.4, 282, 莎士比亚全集(一) 
2340615, 37.4, 8.1, 797, 3001太空漫游 
1905742, 46.0, 8.8, 1472, 金枝（上下册） 
4241667, 32.2, 7.9, 391, 足球经济学 
4256223, 34.7, 7.8, 691, 西班牙主题变奏 
1918983, 21.5, 8.0, 50, Seed and the Sower 
3785315, 27.0, 7.8, 164, 海边的疗伤小屋 
10511681, 23.8, 8.0, 76, 历史人 
1388826, 20.7, 9.3, 21, 摩爾人的最後嘆息 
26430798, 26.3, 7.2, 271, 鸦片战争 
1763078, 33.4, 8.8, 201, 白朗宁夫人抒情十四行诗集 
6528130, 35.3, 8.0, 617, 死亡草 
25927510, 21.1, 7.2, 90, 本尼迪克特•康伯巴奇：关于“卷福”的一切 
6719721, 26.5, 7.9, 135, 黑与蓝 
1036205, 33.8, 8.7, 235, 好心眼儿巨人 
1678877, 36.5, 8.2, 599, 鬼妈妈 
6127036, 42.1, 8.6, 1002, 血字的研究 
3995798, 35.6, 8.4, 418, 讲故事的人 
1480899, 29.2, 7.3, 438, 捕蜂器 
3433251, 28.8, 7.4, 358, 离岸 
1827375, 44.0, 7.8, 4025, 人性记录 
3034064, 31.9, 7.8, 409, 失落的书 
20278403, 26.1, 8.5, 78, 圣女贞德 
25887859, 24.7, 8.2, 76, 伍尔夫 
26286234, 19.9, 7.3, 63, 我们这种叛徒 
2188229, 22.7, 6.9, 175, 芬妮希爾 : 一個歡場女子的回憶錄 
1060432, 26.6, 8.1, 115, 吉卜林短篇小说选 
1894184, 39.1, 8.9, 447, 罗素自选文集 
1477161, 31.6, 8.8, 150, Pygmalion 
26849220, 12.2, 7.8, 10, 大宪章 
25793980, 25.3, 7.3, 194, 守夜人记事簿 
3287260, 31.2, 8.9, 131, 这原是老酋长的国度 
25871184, 16.5, 8.1, 19, 图书馆的故事 
4162721, 26.9, 7.7, 178, 丘吉尔传 
1311965, 26.0, 7.8, 134, 论英雄、英雄崇拜和历史上的英雄业绩 
6773608, 29.4, 8.2, 175, 德国小镇 
26772618, 14.0, 7.8, 14, 中国纹样 
26264952, 20.9, 7.5, 66, 布罗迪小姐的青春 
5504718, 25.1, 8.1, 88, 贵族的危机 
21356499, 21.9, 7.2, 105, 你所不了解的西方故事 
6060455, 34.7, 7.6, 902, 浮世画家 
6386365, 22.7, 7.3, 114, 军情六处 
21980128, 19.6, 7.9, 38, The Luminaries 
26418533, 14.9, 6.3, 51, 卡路里与束身衣 
3153353, 24.5, 8.3, 68, 她 
1242919, 27.6, 8.9, 75, 英国20世纪文学史 
23238604, 30.8, 9.4, 87, 莎士比亚悲剧喜剧全集·朱生豪译（全5册） 
3522259, 22.5, 8.3, 48, 人类与自然世界 
1085038, 41.1, 8.4, 1064, 水孩子 
26707133, 14.1, 7.3, 19, 我们的村庄 
26277552, 24.5, 7.7, 111, 神探夏洛克：莫里亚蒂 
2247147, 36.8, 8.8, 343, 小熊维尼 
25899839, 18.4, 6.5, 99, Hello，中产 
4051239, 30.3, 8.2, 204, 天使不敢涉足的地方 
4078563, 26.9, 7.0, 394, 伦敦口译员 
26286733, 21.9, 7.2, 106, 性的起源 
3617189, 31.9, 7.7, 459, 庞贝 
1856892, 35.0, 8.5, 341, 该隐与亚伯 
1075312, 30.4, 8.8, 125, 自由与权力 
1144731, 28.8, 8.4, 132, 贝奥武甫.罗兰之歌.熙德之歌.伊戈尔出征记 
3536343, 39.2, 9.1, 379, 朱家故事 
25863618, 23.9, 7.5, 119, 格兰塔·英国最佳青年小说家 
1417121, 28.3, 8.3, 131, 雅各的房间 
3825739, 28.3, 7.7, 231, 失落的世界 
10746176, 21.9, 8.0, 54, 男孩杰的动物园 
20275488, 18.5, 8.4, 23, 墓畔挽歌 
1443526, 30.7, 8.2, 220, 新工具 
1127653, 39.1, 8.4, 755, 法兰柴思事件 
1000934, 37.7, 8.8, 397, 詹姆斯与大仙桃 
1557180, 20.4, 8.4, 32, 英国政治制度史 
