Tag: 茨威格 

ID, Score, Rating, Votes, Title 
1083762, 58.0, 8.7, 11521, 人类的群星闪耀时 
2154960, 65.5, 8.7, 38533, 一个陌生女人的来信 
1062343, 57.9, 9.2, 5705, 昨日的世界 
10563555, 44.7, 8.9, 1078, 恐惧 
2146279, 50.3, 9.0, 2305, 心灵的焦灼 
2158684, 55.0, 9.0, 4725, 象棋的故事 
1159939, 60.0, 8.5, 21868, 一个陌生女子的来信 
1818583, 50.5, 9.1, 2098, 斯·茨威格中短篇小说选 
1465543, 46.1, 8.8, 1518, 异端的权利 
2146277, 44.0, 9.1, 784, 一个政治性人物的肖像 
4173402, 46.6, 8.4, 2687, 昨日之旅 
21714777, 34.8, 8.3, 400, 巴西：未来之国 
26352569, 32.2, 9.3, 114, 茨威格文集 
1051524, 39.3, 8.3, 880, 断头王后 
1760134, 41.5, 9.1, 538, 茨威格小说集 
6730333, 39.5, 8.6, 647, 变形的陶醉 
1123546, 42.9, 8.8, 910, 一个陌生女人的来信 
1065485, 37.2, 8.6, 444, 玛丽·斯图亚特 
1083483, 46.6, 8.7, 1829, 一个陌生女人的来信 
1316564, 39.9, 8.9, 508, 情感的迷惘 
1138765, 25.2, 8.2, 83, 罗曼·罗兰传 
1068151, 32.2, 8.7, 180, 夜色朦胧 
3931477, 28.7, 8.1, 167, 犹太人的命运 
21335414, 30.8, 8.8, 133, 马来狂人 
1320521, 42.2, 8.8, 806, 一个陌生女人的来信 
3040515, 32.8, 8.9, 169, 灼人的秘密 
1051745, 45.1, 8.7, 1440, 一个陌生女人的来信 
26256868, 25.6, 8.7, 62, 一个陌生女人的来信 
19966302, 27.2, 9.1, 62, 茨威格中短篇小说经典 
25751749, 30.2, 8.6, 141, 一个陌生女人的来信 
3583519, 25.5, 8.7, 61, 回归自我 
11444363, 26.0, 8.3, 88, 一个陌生女人的来信 
11637640, 34.3, 8.8, 233, 一个陌生女人的来信 
1925129, 32.1, 9.0, 139, 茨威格文学代表作 
10603708, 29.6, 8.6, 129, 茨威格情欲小说 
6538431, 33.9, 9.1, 169, 一个陌生女人的来信 
1291477, 25.0, 8.4, 69, 精神疗法 
1327345, 23.6, 8.5, 51, 自画像 
4320859, 32.9, 8.9, 172, 外国中短篇小说藏本·茨威格 
22685326, 13.1, 7.6, 13, 三作家 
1024060, 31.8, 9.0, 133, 国际象棋的故事 
26374535, 24.4, 8.9, 45, 一个女人一生中的二十四小时 
5338526, 26.1, 8.8, 63, 一个陌生女人的来信 
1016247, 17.9, 8.3, 22, 茨威格传记精华――罗曼・罗兰 
25857441, 20.6, 8.5, 31, 邂逅人与书籍 
1388331, 24.0, 8.5, 55, 一个女人的24小时 
1763023, 21.9, 8.6, 36, 昨日世界：一個歐洲人的回憶 
4051532, 24.5, 8.3, 68, 一个陌生女人的来信 
1208897, 17.5, 7.6, 31, 罗曼·罗兰传 
26256868, 25.6, 8.7, 62, 一个陌生女人的来信 
26394190, 24.3, 9.1, 40, 鹿特丹的伊拉斯谟 
1210503, 27.9, 9.2, 64, 象棋的故事 
4880389, 25.1, 8.5, 66, 一个陌生女人的来信 
1208899, 19.5, 7.9, 37, 海滨之屋 
1642814, 14.6, 7.9, 15, 罗曼·罗兰 
4108901, 31.8, 8.8, 155, Letter from an Unknown Woman 
25882970, 19.7, 9.2, 19, 巴尔扎克传 
2101439, 19.2, 8.9, 20, 三大师 
1548196, 12.5, 6.1, 32, 茨威格小说研究 
1424708, 24.2, 9.1, 39, The World of Yesterday 
25895962, 23.1, 9.1, 33, 一个陌生女人的来信 
1642810, 15.0, 8.2, 14, 与魔搏斗的人 
6535064, 27.0, 8.8, 73, 一个陌生女人的来信 
1118817, 22.6, 8.5, 43, 为爱疯狂 
26335337, 23.2, 9.2, 32, 昨日世界 
1192728, 20.5, 8.6, 29, 心灵的焦躁 
1898593, 19.0, 8.4, 25, 三人书简 
4743480, 20.6, 9.5, 19, 心灵的焦灼 
1191019, 17.4, 8.3, 20, 麦哲伦传 
1001095, 12.2, 7.8, 10, 人文之光 
6852590, 15.8, 7.4, 25, 茨威格画传 
1021671, 15.0, 8.2, 14, 茨威格自传 
3080219, 20.6, 8.9, 25, 危险的怜悯 
1120817, 19.1, 8.0, 32, 玛丽亚.斯图亚特 
3044492, 37.4, 7.4, 2066, 百年诅咒 
26118434, 15.3, 7.9, 17, 一颗心的沦亡 
1017465, 19.7, 8.7, 24, 大探险家 
1959534, 22.2, 8.3, 46, 一个陌生女人的来信 
2055745, 20.1, 9.1, 21, 人类命运攸关的时辰 
1459745, 23.4, 8.8, 41, 世界文学著名文库 第一辑 
