Tag: 西方哲学 

ID, Score, Rating, Votes, Title 
3261600, 58.6, 9.3, 5562, 人生的智慧 
1004821, 58.6, 8.7, 12775, 理想国 
1071227, 51.8, 9.0, 2898, 大问题 
1004699, 53.7, 8.9, 4440, 作为意志和表象的世界 
1216737, 50.8, 8.9, 2780, 纯粹理性批判 
1008189, 58.0, 8.9, 8640, 西方哲学史（上卷） 
1036541, 51.5, 8.7, 4075, 疯癫与文明 
1783111, 49.9, 8.7, 3117, 存在与时间 
1012307, 52.8, 9.1, 3003, 规训与惩罚 
14439405, 40.8, 8.9, 583, 哲学的故事 
1005354, 48.2, 9.1, 1484, 逻辑哲学论 
1012032, 54.3, 8.6, 7376, 查拉图斯特拉如是说 
1292412, 49.3, 9.1, 1760, 叔本华思想随笔 
1063852, 51.6, 8.8, 3583, 悲剧的诞生 
1787729, 42.6, 8.4, 1375, 单向度的人 
1460340, 49.3, 8.9, 2205, 人性的，太人性的 
4766921, 44.5, 8.9, 1054, 解体概要 
1315184, 45.6, 9.0, 1107, 哲学研究 
1034259, 45.8, 8.5, 2058, 小逻辑 
1041452, 44.3, 8.4, 1823, 存在与虚无 
1089398, 52.3, 8.9, 3525, 西方哲学史（下卷） 
1071023, 47.5, 8.6, 2391, 谈谈方法 
1274953, 41.6, 8.7, 824, 伦理学 
26774090, 26.7, 8.5, 85, 内在体验 
1051943, 47.0, 9.1, 1236, 尼各马可伦理学 
3463292, 45.0, 9.2, 829, 叔本华美学随笔 
1060531, 46.7, 8.5, 2396, 忏悔录 
1027280, 47.0, 9.2, 1118, 柏拉图的《会饮》 
1137244, 44.2, 9.1, 807, 判断力批判 
1079104, 49.1, 8.6, 3153, 尼采：在世纪的转折点上 
4246032, 37.3, 9.4, 222, 西方哲学史讲演录 
1500045, 37.6, 8.7, 432, 猜想与反驳 
1393233, 42.7, 9.2, 583, 古典时代疯狂史 
1178535, 41.3, 8.6, 869, 人性论（上下） 
1223897, 41.8, 9.1, 562, 实践理性批判 
1012380, 39.4, 8.8, 516, 精神现象学（上卷） 
1227966, 40.6, 7.8, 2123, 你的第一本哲学书 
1437687, 43.1, 8.7, 1045, 性经验史 
6073019, 46.7, 9.1, 1181, 斐多 
1005692, 44.0, 8.4, 1722, 西方哲学史 
1116338, 46.0, 9.1, 1058, 叔本华论说文集 
1070410, 45.9, 8.9, 1301, 柏拉图对话集 
10449401, 34.6, 9.3, 162, 现代性的神学起源 
4712697, 34.1, 9.0, 190, 康德《纯粹理性批判》句读 
1254278, 43.6, 8.7, 1129, 思想录 
1077833, 41.9, 8.7, 864, 形而上学 
1076280, 43.7, 8.7, 1150, 第一哲学沉思集 
26581735, 29.8, 9.0, 98, 黑格尔 
3389811, 42.8, 8.7, 996, 西方哲学史（修订第8版） 
1095849, 40.9, 8.8, 655, 词与物 
25723773, 30.5, 9.0, 109, 柏拉图对话录 
1030294, 42.4, 8.8, 834, 林中路 
26711191, 22.8, 8.4, 48, 简单的哲学 
1095500, 35.4, 8.8, 276, 意识形态的崇高客体 
2222359, 38.3, 8.9, 398, 非理性的人 
1251839, 43.5, 8.6, 1246, 权力意志 
1271862, 37.7, 9.2, 278, 偶然、反讽与团结 
2111791, 41.6, 8.7, 826, 哲学问题 
25798589, 28.0, 9.1, 70, 潜能 
26663535, 20.0, 9.3, 19, 善恶的彼岸 
1074329, 38.4, 8.9, 402, 尼采（上下） 
1116325, 32.8, 8.6, 216, 人类理解论（上下） 
1444025, 40.3, 8.2, 1176, 存在主义是一种人道主义 
1050527, 36.6, 8.8, 333, 逻辑学（上卷） 
1053009, 45.5, 9.2, 886, 游叙弗伦 苏格拉底的申辩 克力同 
2256360, 34.0, 8.8, 222, 胡塞尔现象学 
1827054, 34.8, 9.1, 196, 诺斯替宗教 
1027085, 43.6, 8.3, 1838, 叔本华人生哲学 
1077568, 41.5, 9.0, 589, 自由论 
1651032, 39.6, 8.5, 738, 西方哲学史 
1002562, 36.9, 8.7, 387, 论道德的谱系 善恶之彼岸 
20284227, 30.6, 8.4, 178, 欢迎来到实在界这个大荒漠 
1731081, 38.4, 9.1, 336, 叔本华论道德与自由 
1392562, 38.8, 8.5, 648, 康德哲学讲演录 
1069576, 38.4, 8.5, 602, 西方哲学史 
1077428, 42.4, 9.1, 618, 自然权利与历史 
4062211, 25.8, 9.4, 42, 还原与给予 
1074030, 39.9, 8.3, 965, 西方哲学十五讲 
1082468, 29.7, 8.8, 112, 维特根斯坦全集（全12卷） 
1958791, 38.2, 9.1, 324, 朝霞 
1048672, 39.9, 8.0, 1425, 尼采生存哲学 
2302817, 34.0, 8.8, 222, 批判哲学的批判 
1467300, 28.0, 8.2, 135, 黑格尔导读 
1083054, 42.5, 9.0, 688, 现代性与大屠杀 
3069267, 34.0, 9.1, 174, 陀思妥耶夫斯基的世界观 
1052276, 36.9, 8.9, 318, 路标 
1066008, 34.9, 8.7, 279, 非此即彼 
2213965, 41.3, 8.2, 1404, 他人就是地狱 
1071514, 37.3, 8.8, 372, 西方哲学原著选读(下卷) 
3117984, 32.6, 9.1, 140, 康德《判断力批判》释义 
1086511, 31.8, 8.5, 199, 人类的知识 
26264205, 30.8, 9.5, 82, 道德的谱系 
1768046, 31.9, 8.5, 205, 从黑格尔到尼采 
2019392, 34.2, 9.0, 194, 罗素论自由 
4908875, 28.0, 9.3, 61, 康德与形而上学疑难 
1443526, 30.7, 8.2, 220, 新工具 
1315167, 39.0, 9.0, 406, 历史的用途与滥用 
1023775, 34.6, 8.6, 293, 不正常的人 
1223943, 28.1, 7.8, 201, 拉康选集 
1462846, 34.8, 8.8, 249, 克尔凯戈尔日记选 
1066774, 26.6, 8.2, 106, 创造进化论 
24699319, 25.8, 9.4, 42, 哲学史讲演录（新校重排本） 
1026171, 31.9, 8.7, 171, 尼采与哲学 
1251842, 36.9, 9.3, 227, 巴曼尼得斯篇 
1008757, 35.5, 9.0, 234, 致死的疾病 
4117984, 27.2, 9.2, 58, 维特根斯坦《哲学研究》解读 
11542251, 25.1, 8.6, 61, 《存在与时间》释义 
1054092, 33.8, 8.1, 415, 罗素自传（第一卷） 
1068301, 32.7, 8.4, 254, 意识形态与乌托邦 
1060196, 29.5, 8.9, 101, 思想家 
2143763, 37.4, 8.4, 563, 疯狂的意义 
3806060, 30.4, 9.3, 88, 爱比克泰德论说集 
25900379, 25.2, 8.7, 58, 导读利奥塔 
3803268, 38.8, 8.5, 645, 历史决定论的贫困 
2281398, 30.1, 8.6, 140, 海德格尔思想与中国天道 
1228654, 32.3, 8.6, 199, 物性论 
2338733, 33.5, 8.4, 292, 西方的智慧 
10485841, 34.1, 8.8, 223, 作为教育家的叔本华 
1065051, 36.2, 7.6, 1208, 西方哲学简史 
1506334, 32.6, 9.2, 129, 论反讽概念 
26850053, 13.7, 7.7, 14, 文德尔班哲学导论 
3075468, 30.6, 8.9, 119, 哲学史方法论十四讲 
2296820, 34.4, 8.8, 235, 现象学的观念 
1393386, 32.5, 8.7, 190, 主体解释学 
1851383, 25.4, 9.2, 44, 哲学与真理 
1799735, 32.7, 8.2, 310, 邓晓芒讲黑格尔 
6129143, 30.1, 8.4, 165, 现象学导论七讲 
1245505, 32.3, 8.5, 218, 自然宗教对话录 
24701792, 23.7, 8.7, 46, 在康德与黑格尔之间 
4230644, 28.1, 8.7, 93, 分道而行 
2997197, 32.8, 8.6, 215, 权利与意志 
1048712, 35.5, 8.4, 407, 柏拉图全集（第一卷） 
1880079, 24.1, 8.9, 43, 弗洛伊德 
3413840, 30.7, 8.7, 141, 思辨的张力 
1020182, 34.2, 8.5, 300, 尼采与柏拉图主义 
1512490, 33.0, 8.3, 294, 实用主义 
1292301, 27.4, 9.0, 68, 生活世界现象学 
1031720, 34.1, 7.8, 622, 现代西方哲学十五讲 
1226635, 25.6, 8.3, 83, 思维方式 
1809123, 29.9, 8.8, 115, 逻辑研究（第一卷） 
25810167, 24.5, 7.7, 112, 哲学百科 
1495244, 22.9, 8.7, 40, 犹太教神秘主义主流 
1288870, 38.5, 8.4, 688, 看哪这人 
5373892, 31.5, 8.2, 251, 宗教的本质 
2278697, 33.4, 8.6, 237, 赫拉克利特著作残篇 
1135048, 24.8, 8.5, 62, 人类理智新论 
1135056, 30.8, 8.4, 186, 道德原则研究 
1034534, 34.4, 8.0, 519, 人，诗意地安居 
26791792, 23.6, 9.5, 29, 敌基督者-对基督教的诅咒 
1450985, 31.2, 8.5, 181, 黑格尔辩证法讲演录 
2248141, 28.8, 8.7, 104, 胡塞尔现象学概念通释 
4882100, 28.9, 8.6, 115, 人类知识原理 
3349509, 29.9, 8.5, 146, 科学发现的逻辑 
1024677, 36.2, 8.2, 571, 上帝死了 
1267621, 27.1, 8.5, 91, 感觉的分析 
26354332, 24.1, 9.4, 33, 泰阿泰德 
26371104, 18.7, 7.2, 54, 哲学的快乐 
1216206, 22.6, 8.4, 46, 工具论(上下) 
3040511, 25.7, 9.0, 52, 主体性和自身性 
3336968, 26.6, 8.8, 68, 时间现象学的基本概念 
1444022, 32.3, 9.1, 133, 欧洲科学危机和超验现象学 
1245516, 31.7, 8.8, 152, 纯粹现象学通论 
1061195, 27.1, 8.8, 74, 启蒙哲学 
1085518, 33.8, 8.4, 309, 临床医学的诞生 
1010750, 31.1, 8.7, 152, 伦理学的两个基本问题 
2008074, 33.5, 8.6, 242, 希腊悲剧时代的哲学 
2259925, 27.1, 9.2, 57, 《逻辑哲学论》研究 
1075174, 32.1, 8.9, 150, 逻辑学（下卷） 
21233495, 27.6, 9.6, 49, 洛克与自由社会 
7056695, 31.0, 9.1, 110, 论我们教育机构的未来 
2051548, 30.2, 9.1, 97, 人的奴役与自由 
1067969, 33.3, 9.3, 134, 哲学史教程（下卷） 
1010615, 35.0, 8.6, 309, 自由之路 
1463876, 29.6, 8.4, 152, 存在主义 
1073103, 29.2, 8.5, 129, 笛卡尔哲学原理 
4814377, 28.6, 9.0, 81, 同一与差异 
26280127, 21.3, 9.3, 23, 哲学与宗教的永恒同盟 
1157323, 22.3, 8.0, 58, 政治论 
1018634, 28.5, 8.4, 126, 卢梭·康德·歌德 
24385452, 20.3, 8.8, 25, 中世纪哲学（上下） 
1536540, 31.2, 8.1, 262, 论宗教宽容 
1253523, 17.7, 8.3, 21, 现代文明与人的困境――马尔库塞文集 
4208019, 21.4, 8.1, 46, 激进哲学 
1016764, 28.1, 8.8, 87, 希腊哲学史 第一卷 
1157313, 29.5, 8.4, 149, 物理学 
1444027, 22.2, 8.6, 38, 确定性的寻求 
3313440, 25.9, 7.4, 197, 海德格尔 
1510740, 25.1, 8.1, 88, 全部知识学的基础 
1072932, 28.9, 8.3, 145, 哲学辞典 
4872491, 26.0, 8.0, 112, 叔本华 
4165362, 28.9, 7.4, 366, 尼采的锤子 
10540007, 21.9, 8.7, 34, 哲学之诗 
25866227, 19.1, 8.5, 24, 时间与存在 
6719963, 21.7, 9.0, 28, 存在与实体 
25839995, 21.3, 7.7, 60, 柏拉图的本原学说 
1276339, 28.6, 9.0, 81, 海德格尔选集（上下） 
1316284, 22.7, 8.1, 58, 休谟经典文存 
4220051, 24.5, 8.9, 46, 20世纪亚里士多德研究文选 
4140491, 23.4, 8.4, 53, 自我的超越性 
1252117, 29.5, 8.4, 149, 范畴篇 解释篇 
1023293, 32.5, 8.4, 246, 权力的眼睛 
1853165, 27.1, 9.1, 61, 弗雷格哲学论著选辑 
24699232, 19.9, 8.2, 33, 论存在者与本质 
4922508, 25.0, 8.2, 81, 简论上帝、人及其心灵健康 
25788706, 20.7, 8.2, 38, 沉默的世界 
3206314, 21.9, 8.3, 44, 理解自由意志 
1094879, 21.1, 8.7, 30, 牛津哲学词典 
1916705, 27.0, 7.7, 179, 牛津西方哲学史 
6784964, 38.8, 8.5, 643, 观点 
1878203, 26.9, 8.3, 103, 康德哲学诸问题 
5500884, 25.1, 8.4, 70, 哲学百科 
1426973, 35.3, 8.5, 362, 诗人哲学家 
1947565, 22.3, 7.8, 67, 苏格拉底的困惑 
1811506, 26.9, 9.3, 52, 精神哲学 
1443350, 30.8, 9.1, 107, 康德著作全集.第４卷 
3022640, 30.1, 8.0, 238, 逻辑学十五讲 
1051277, 22.2, 8.2, 49, 材料与记忆 
2256290, 24.8, 8.3, 72, 笛卡尔与《第一哲学的沉思》 
2125921, 28.3, 8.1, 156, 西方哲学与人生(第一卷) 
2165276, 24.9, 7.9, 101, 西方哲学经典讲演录 
1526790, 27.3, 8.8, 76, 德国古典哲学逻辑进程 
1315211, 32.6, 8.9, 163, 论三位一体 
6901618, 16.4, 7.9, 21, 现代性与后现代性 
2335441, 22.9, 8.2, 56, 西方哲学基础文献选读 
2978197, 21.5, 7.6, 68, 经过省察的人生 
25831732, 13.3, 7.7, 13, 灵长目与哲学家 
20276111, 27.5, 8.9, 73, 智者 
1275397, 23.4, 8.9, 39, 胡塞尔选集（上下） 
1030254, 33.8, 8.0, 466, 误入世界 
1019043, 27.4, 8.3, 113, 哲学寓言集 
1214270, 25.8, 7.5, 175, 维特根斯坦的拨火棍 
1252032, 21.4, 8.2, 43, 从开端到柏拉图 
2083742, 21.9, 8.4, 41, 胡塞尔与《笛卡尔式的沉思》 
3147099, 26.9, 8.5, 88, 论精神 
3300152, 22.5, 8.3, 48, 当代形而上学导论 
1228655, 24.4, 8.1, 78, 狄德罗哲学选集 
1226351, 27.4, 7.7, 195, 西方哲学笔记 
1000083, 20.7, 7.5, 63, 尼采、海德格尔与德里达 
1054859, 19.6, 8.6, 25, 对莱布尼茨哲学的叙述、分析和批判 
10736771, 21.3, 7.4, 77, 尼采随笔 
1001424, 21.3, 7.9, 52, 欧洲自由主义史 
1270576, 25.5, 8.2, 88, 西方哲学智慧 
1032400, 19.9, 7.9, 40, 隐蔽的上帝 
1228193, 39.3, 8.4, 775, 回忆苏格拉底 
1063369, 19.5, 8.5, 26, 胡塞尔思想的发展 
5321217, 20.3, 8.9, 24, 政治经济学批判 
1018390, 22.7, 8.3, 50, 苏格拉底及其哲学思想 
1253291, 22.6, 8.4, 46, 现代性与矛盾性 
6000089, 25.2, 7.3, 189, 尼采 
26425763, 14.7, 7.2, 23, 自然法则 
1812420, 31.2, 8.7, 154, 保卫马克思 
1013635, 20.9, 9.0, 25, 自然的体系（上下） 
25848949, 14.1, 7.6, 16, 作为一个他者的自身 
1427722, 19.5, 8.9, 21, 哲学逻辑引论 
26639105, 12.4, 7.2, 14, 伦理学是什么 
1839914, 18.5, 8.8, 19, Totality and Infinity 
1429828, 23.4, 7.3, 131, 莫伟民讲福柯 
1248122, 30.0, 8.5, 149, 数理哲学导论 
1040965, 24.7, 8.2, 76, 后形而上学思想 
1072124, 17.2, 7.6, 29, 多义的记忆 
1132934, 17.7, 8.0, 25, 是与真 
6425061, 52.9, 8.6, 5824, 哲学家们都干了些什么？ 
1265294, 18.2, 7.5, 38, 主体的退隐 
4115722, 15.2, 7.5, 21, 海德格尔的政治存在论 
3090933, 22.8, 8.5, 45, 宗教与哲学的相遇 
1010563, 17.2, 7.6, 29, 杜威 
5356227, 12.7, 7.2, 15, 心的秩序 
20497366, 13.9, 8.1, 12, 耶拿体系1804-1805 
1890557, 14.8, 8.1, 14, The Cambridge Companion to Kant 
6124203, 22.9, 8.8, 38, 胡塞尔思想概论 
26279443, 22.6, 8.9, 34, 圣保罗 
4213241, 19.9, 7.8, 43, 走进分析哲学 
5396636, 37.5, 9.2, 270, 资本主义与精神分裂 （卷二） 
1560019, 18.3, 7.2, 49, 古希腊罗马犬儒现象研究 
10568280, 20.7, 9.1, 23, 悲剧的诞生 
3605626, 17.4, 8.3, 20, 从绝对自我到绝对他者 
2219656, 20.4, 8.7, 27, 十力语要初续 
1015145, 22.6, 7.9, 66, 十八训导书 
1288402, 36.0, 9.3, 200, 马克思恩格斯选集（第一卷） 
1071019, 20.3, 8.2, 35, 西方哲学问题研究 
1255063, 15.9, 7.5, 24, 哲学主要趋向 
5411387, 17.0, 7.2, 37, 在康德的唤醒下 
2080776, 22.3, 8.1, 54, 海德格尔的根 
6062279, 27.1, 9.2, 57, 现象学运动 
4179680, 23.1, 8.5, 47, 热爱生命 
4248143, 14.7, 7.7, 17, 论黑格尔的逻辑学 
1216332, 21.1, 8.0, 46, 天才的激情与感悟 
2567391, 16.0, 7.6, 23, 海德格尔式的现代神学 
1039771, 37.6, 8.9, 356, 法哲学原理 
1075084, 17.2, 7.3, 36, 语言与哲学--当代英美与德法哲学传统比较研究 
1065576, 26.3, 8.4, 87, 萨特文学论文集 
5300084, 17.0, 8.0, 22, 《实践理性批判》通释 
2160665, 12.7, 7.2, 15, 结构主义时代 
1610399, 18.9, 7.9, 33, 亚里士多德全集（第三卷） 
1396732, 18.2, 7.8, 31, 自由主义、社会契约与政治辩护 
1013969, 21.0, 7.1, 96, 西方哲学史 下册 
1476953, 27.2, 7.9, 153, 生存空虚说 
1315193, 24.8, 7.8, 107, 哲学通信 
3025003, 16.5, 7.7, 24, 犹太哲学史（上、下卷） 
2061503, 17.6, 8.1, 23, 德意志社会主义 
