Tag: 设计 

ID, Score, Rating, Votes, Title 
26848051, 41.6, 8.8, 735, 造房子 
1941558, 60.7, 8.6, 20883, 设计中的设计 
3323633, 55.2, 8.6, 8557, 写给大家看的设计书（第3版） 
5394309, 48.9, 8.4, 3958, 简约至上 
26865865, 28.0, 8.7, 91, 深泽直人 
1288844, 46.0, 8.2, 3183, 设计心理学 
6028977, 46.3, 8.5, 2249, 零ZEЯRO 
2238320, 47.0, 8.4, 2865, 版式设计原理 
4251473, 46.6, 8.6, 2068, 手绘的奇思妙想 
4101013, 46.4, 8.2, 3406, 设计的觉醒 
26806997, 29.0, 8.5, 126, 平面设计中的网格系统 
26853572, 27.3, 8.0, 142, 理想家：2025 
5323008, 44.3, 8.8, 1139, 超越平凡的平面设计 
25811516, 38.9, 8.4, 733, 日本的八个审美意识 
25836269, 40.9, 9.0, 539, 西文字体 
6790599, 37.0, 8.3, 592, 色彩设计的原理 
25803556, 39.1, 7.8, 1586, 山本耀司：我投下一枚炸弹 
3682204, 45.5, 7.6, 7489, 佐藤可士和的超整理术 
26721550, 36.1, 8.4, 455, Lens·目客003：山本耀司 
26890247, 24.8, 8.6, 58, BEAMS AT HOME 2 
6792322, 43.5, 8.6, 1251, 认知与设计 
1291969, 35.3, 8.2, 488, 七日掌握设计配色基础 
1067710, 43.8, 9.0, 842, 造型的诞生 
5341225, 40.6, 8.3, 1099, MUJI 無印良品 
25903198, 39.2, 7.8, 1618, 做衣服 
4837333, 35.0, 8.2, 463, 写给大家看的设计书 
1314262, 42.0, 8.0, 2087, 情感化设计 
1827702, 51.9, 8.5, 5677, 点石成金 
3888039, 36.8, 8.7, 376, 中國字體設計人：一字一生 
19912141, 32.5, 8.6, 205, 为真实的世界设计 
26921427, 17.2, 7.9, 24, 迷你 
1603076, 31.3, 8.7, 156, 艺术·设计的平面构成 
25933206, 33.7, 8.7, 229, 企鹅75 
2230545, 36.1, 8.2, 559, 配色基础原理 
26834548, 28.5, 9.4, 62, 西文排版 
1043562, 35.4, 8.8, 275, 秩序感 
26745200, 26.6, 7.3, 253, 我的衣橱故事 
3287650, 39.6, 8.0, 1330, 白 
25732461, 35.5, 7.9, 720, 住宅设计解剖书 
6975925, 41.0, 7.6, 3121, 设计诗 
26429444, 32.6, 8.9, 163, 西文字体2 
4145428, 40.2, 8.2, 1152, 为什么设计 
3071208, 42.0, 9.0, 642, 一章木椅 
1894206, 38.9, 8.8, 479, Designing Interactions 
4746130, 41.4, 7.8, 2452, 家 
5951252, 38.9, 8.7, 530, 圆与方 
3998734, 36.4, 9.2, 230, Photoshop修色圣典 
3279105, 43.1, 8.6, 1171, About Face 3 交互设计精髓 
3141528, 30.4, 8.8, 125, 不為設計而設計=最好的設計 
25846777, 24.8, 8.6, 58, 真实的设计 
1068606, 42.3, 8.6, 1019, 艺术与视知觉 
26178736, 31.3, 8.6, 168, 字型散步 
6790598, 35.7, 8.1, 585, 文字设计的原理 
2348880, 32.2, 8.7, 181, 现代设计史 
25852784, 31.5, 8.5, 191, PPT炼成记 
26837959, 23.7, 8.4, 56, 设计冲刺 
26339422, 23.3, 8.9, 38, 社區設計 
6718283, 36.2, 8.3, 515, 版面设计的原理 
2201860, 32.1, 8.7, 177, 美国视觉传达完全教程 
26910213, 17.4, 8.4, 19, MONO 2017 日历盒子 
1316642, 31.0, 8.9, 127, The Visual Display of Quantitative Information 
26433665, 27.8, 7.7, 211, 古怪的身体 
1584977, 41.1, 8.0, 1761, 世界现代设计史 
26411095, 31.2, 7.6, 454, 当我们阅读时，我们看到了什么 
1491830, 37.5, 8.4, 575, 栅格系统与版式设计 
1011882, 41.7, 7.6, 3586, 两个人住 
20270741, 38.5, 8.6, 547, 消费森林×品牌再生 
25923079, 32.4, 8.1, 326, 设计师的自我修养 
1515170, 40.6, 8.9, 573, 室内设计资料集 
1340897, 28.8, 8.7, 104, Picture This 
4257259, 28.1, 8.1, 150, 设计是什么 
1001198, 27.6, 8.7, 86, 色彩艺术 
5408858, 49.9, 8.9, 2444, 建筑家安藤忠雄 
25736470, 33.3, 8.7, 214, 素材与身体 
7061613, 37.9, 8.5, 553, Steal Like an Artist 
24738953, 28.2, 7.1, 460, 疯狂的简洁 
24737655, 31.8, 8.4, 219, 字型之不思議 
25842572, 23.7, 8.7, 46, 字体设计的规则与艺术 
20387173, 34.5, 8.5, 315, 30天学会绘画 
1444838, 32.8, 8.4, 260, 最佳设计100细则 
10739339, 28.4, 7.9, 194, 北欧风格小屋 
6722886, 28.4, 7.1, 479, 设计准则 
6751045, 34.6, 8.2, 429, Wabi-Sabi 
1861189, 33.1, 9.0, 164, Envisioning Information 
4908905, 40.4, 8.4, 949, Re：没有代表作 
20507377, 28.3, 8.1, 156, 永恆如新的日常設計 
3675797, 40.3, 9.0, 496, 产品设计手绘技法 
24863442, 32.1, 7.4, 706, 无印良品生活研究所 
3886044, 41.6, 8.0, 1934, 瞬间之美 
24839474, 24.9, 8.9, 49, 色彩圣经 
24869618, 24.0, 8.5, 55, 通用设计方法 
1031262, 38.4, 8.0, 1082, 包豪斯 
19950884, 32.4, 9.1, 136, 视觉艺术用光 
25795270, 32.3, 8.2, 291, 形式感+：网页视觉设计创意拓展与快速表现 
20471302, 32.2, 7.2, 945, 在你身边，为你设计 
26647363, 23.7, 7.9, 80, 设计心理学4 
25997023, 29.8, 7.7, 309, 亚历山大·麦昆 
25732459, 28.5, 7.2, 431, 装修设计解剖书 
20395651, 36.3, 7.7, 1073, 我不是一本型录 
2248907, 21.3, 9.4, 22, Paul Rand: A Designer`s Art 
2327417, 38.0, 9.3, 269, 大师之路 
26841126, 19.5, 9.0, 20, Design by wangzhihong.com 
1396339, 45.4, 7.7, 6235, 创意市集 
25746680, 29.4, 8.3, 160, 随意搜寻 
1449168, 27.9, 9.1, 69, Photoshop设计师圣经 
25881206, 22.2, 8.3, 46, 欲求之物：1750年以来的设计与社会 
4732427, 42.1, 7.8, 2809, 十二味生活设计 
3215829, 36.3, 8.3, 520, 住宅读本 
1626948, 30.7, 8.7, 142, 视觉思维 
2206577, 26.0, 9.3, 46, 艺术.设计的平面构成 
3721275, 32.8, 8.9, 168, 書．設計 
1257564, 36.9, 8.0, 819, 世界平面设计史 
21323329, 25.6, 8.4, 76, 美国视觉设计学院用书 
4243771, 31.1, 7.9, 317, 创新的艺术 
1493316, 37.3, 7.9, 1002, 交互设计之路 
1025176, 42.9, 7.6, 4492, 设计私生活 
3054127, 40.4, 7.7, 2382, 十宅论 
19956847, 32.2, 7.6, 553, 请偷走海报！+3 
5275474, 38.3, 8.2, 831, 反造型 
26280776, 21.0, 8.2, 40, 设计修辞法 
2152546, 32.0, 8.0, 336, 书籍设计 
2348273, 23.4, 9.6, 27, Manufacturing Processes for Design Professionals 
5397784, 26.6, 8.9, 64, This is Service Design Thinking 
2365393, 37.6, 8.3, 658, Designing Interfaces中文版 
25817190, 30.0, 7.6, 361, 设计之下 
1608543, 31.7, 8.3, 235, 原研哉的设计世界 
3821157, 38.1, 8.5, 571, Web界面设计 
1814344, 25.9, 8.5, 75, 室内设计师专用配色色谱 
1115792, 25.8, 8.5, 74, 艺术·设计的立体构成 
25755879, 26.5, 7.5, 199, 最简单的图形与最复杂的信息 
1752687, 37.1, 7.9, 956, 白夜北欧 
3919668, 30.6, 8.3, 194, 产品的诞生 
3316828, 24.5, 9.1, 41, Photoshop CS3以假乱真的艺术 
6526468, 33.3, 8.1, 383, 引人兴趣的媒介 
6750510, 34.7, 7.9, 619, 设计心理学2 
6746174, 33.8, 7.7, 665, 佐藤可士和的创意思考术 
1037606, 30.3, 9.1, 98, 现代平面设计巨匠田中一光的设计世界 
3336895, 37.7, 8.5, 535, 完成设计 
6960889, 32.3, 8.2, 287, PPT,要你好看 
26580252, 21.9, 7.6, 73, 小而美的家 
4848858, 13.9, 7.9, 13, The Vignelli Canon 
10539159, 34.4, 8.0, 518, 欲望的教育 
1937756, 42.6, 8.8, 868, 疾风迅雷 
10565990, 24.4, 7.9, 92, 色彩构成 
24297988, 30.9, 7.8, 339, 西文字体的故事 
3792548, 36.0, 7.7, 1012, 像建筑师那样思考 
24536946, 20.3, 8.6, 28, Speculative Everything 
4201552, 33.8, 7.8, 586, 用户体验草图设计 
3711444, 27.1, 9.3, 54, Photoshop CS3/CS4 Wow! Book, The (8th Edition) 
3406206, 34.6, 7.9, 608, 日本的手感設計 
4709276, 26.1, 8.4, 84, 改造老房子 
1252151, 35.9, 8.2, 545, 康定斯基论点线面 
2144413, 33.1, 7.7, 586, 简单法则 
20561931, 36.2, 8.2, 577, 恋爱中的建筑 
6963965, 29.3, 8.1, 188, 大设计 
1165742, 24.2, 8.6, 53, 中国纹样史 
1441852, 33.7, 8.1, 412, 平面设计原理 
4837351, 37.8, 9.1, 306, 全景探秘游戏设计艺术 
25786645, 33.9, 7.3, 1157, 乔纳森传 
1833714, 28.4, 8.4, 124, 标志字体设计圣经 
26834528, 20.9, 7.8, 52, 佐藤大:用设计解决问题 
23058339, 24.2, 8.3, 65, 认知设计 
24527087, 33.7, 8.7, 229, 干净的错误 
4604592, 37.6, 7.5, 1827, 说服力 让你的PPT会说话 
1177968, 38.0, 8.5, 567, 建筑的永恒之道 
3399440, 33.5, 8.6, 242, 原研哉的設計 
4273386, 34.7, 7.8, 695, PPT演示之道 
1449661, 41.2, 7.8, 2396, 梦·想家 
25870117, 29.1, 8.8, 101, 木工全书 
1971713, 37.0, 8.7, 388, 设计结合自然 
1368208, 31.7, 8.1, 288, 世界时装史 
24753137, 32.5, 7.9, 413, 移动设计 
25779054, 21.8, 9.2, 26, 时尚 
25985178, 21.2, 8.5, 34, 设计的方法 
25737715, 23.6, 8.2, 63, COMME des GARÇONS 研究 
10355207, 23.9, 8.4, 57, Damn Good Advice 
3065652, 36.9, 8.0, 825, 像艺术家一样思考Ⅲ:贝蒂的色彩 
3094355, 42.4, 8.9, 753, 异规 
1024701, 43.4, 7.8, 3583, 回家真好 
25811057, 34.7, 8.1, 491, 在建筑中发现梦想 
2333711, 35.4, 8.8, 275, Things I have learned in my life so far 
20375121, 28.7, 7.9, 204, 设计并不重要 
26578184, 29.5, 7.6, 327, 家的模样 
25727687, 27.0, 8.2, 114, 日日之器 
4211022, 32.5, 8.1, 332, 神思陌路 
1962455, 27.6, 8.6, 92, 《造型与形式构成》 
3348282, 29.5, 7.6, 326, 设计沟通十器 
1916758, 24.6, 8.9, 47, Beautiful Evidence 
1436276, 49.2, 8.7, 2799, 建筑：形式、空间和秩序 
19977778, 30.8, 8.4, 186, 设计信仰 
10530232, 26.5, 6.9, 414, 至关重要的设计 
6789945, 29.4, 8.2, 174, 版式设计 
26905096, 13.7, 8.0, 12, 治字百方 
5290498, 41.8, 8.6, 951, 自然的建筑 
26277411, 24.8, 7.2, 195, 永续生活 
5363512, 32.6, 7.8, 466, 英伦风格小屋 
3182236, 34.6, 8.5, 322, 住宅巡礼 
4030702, 30.4, 8.3, 190, 為什麼設計--原研哉與阿部雅世的對話 
1114924, 24.5, 8.4, 64, 世界室内设计史 
19977973, 27.7, 8.8, 81, 空间·时间·建筑 
25977750, 23.7, 7.7, 96, 文字的力与美 
3070283, 29.7, 8.3, 168, 文字设计基础教程 
1683606, 34.0, 8.0, 480, 靳埭强 
4004817, 19.8, 8.2, 32, Innovation X 
2224412, 33.8, 8.5, 278, PHOTOSHOP CS/CS2 WOW!BOOK 
5248004, 27.1, 8.2, 116, 设计思维 
5399602, 32.9, 9.7, 97, Framed Ink 
26430398, 26.2, 9.0, 56, PPT要你好看（第2版） 
6392682, 31.3, 7.5, 523, 写给大家看的PPT设计书 
4149287, 42.5, 8.9, 770, 好绘本如何好 
3549062, 30.5, 9.3, 89, 毁烬蓝图 
6429635, 27.8, 7.7, 209, 克利与他的教学笔记 
6905341, 38.2, 9.1, 328, 贝聿铭全集 
26789221, 19.7, 8.4, 28, 汉字：汉字设计与应用 
11632965, 29.0, 8.1, 177, 鲸鱼在喷水 
3827749, 34.6, 7.9, 605, 红色范思哲 灰色阿玛尼 
1603078, 20.9, 8.3, 37, 艺术·设计的光构成 
21965490, 24.7, 7.5, 141, 设计师式认知 
3710672, 33.2, 7.7, 594, 内秀 
20456359, 32.6, 9.2, 130, 纸 
25842108, 23.3, 7.6, 97, 设计调研 
1061563, 39.2, 7.6, 2179, 放大意大利 
2152661, 25.1, 7.8, 115, 插画设计基础教程 
4241588, 30.0, 7.2, 596, 像设计师那样思考 
4886100, 37.5, 8.5, 519, Web表单设计 
24896848, 24.0, 7.7, 102, 精益设计 
26653173, 22.2, 8.9, 32, 游戏设计的236个技巧 
26409840, 26.7, 7.6, 187, 最美之物 
5948721, 27.8, 8.8, 82, 向大自然學設計 
10508651, 20.7, 7.9, 46, 室内设计师专用灯光设计手册 
26328416, 23.8, 7.9, 82, 自由&#34;字&#34;在:字体设计与创意 
24721616, 25.7, 8.7, 63, The Monocle Guide to Better Living 
24870504, 21.6, 6.9, 134, 精简 
1488867, 23.6, 7.7, 93, 字体设计指南 
4263899, 30.5, 7.6, 397, 设计之美 
2127768, 30.5, 9.3, 89, Naoto Fukasawa 
26792370, 22.2, 8.8, 34, KINFOLK家居 
5347817, 25.0, 6.9, 291, 设计师不读书 
26915865, 12.9, 7.7, 12, Designed by Apple in California 
26142616, 25.0, 8.2, 80, 用户体验多面手 
6864391, 40.4, 8.4, 941, 触动人心 
1444834, 35.0, 8.7, 283, 维维安·维斯特伍德 
26802566, 16.5, 8.1, 19, 椀一式 
3260224, 27.5, 8.7, 84, Design as Art 
6129756, 29.4, 9.1, 86, 生命的幻象 
2149669, 37.5, 7.4, 2095, 设计东京 
11594351, 24.6, 7.4, 153, 一线之间 
1496384, 42.4, 8.2, 1694, 图解思考 
26894801, 12.6, 7.4, 13, 游游游 
3786755, 43.6, 7.2, 10771, 每天懂一点色彩心理学 
2057864, 38.5, 8.9, 409, 风景园林设计要素 
26436676, 21.7, 7.9, 56, 设计，为更好的世界 
25812968, 30.4, 8.7, 135, 装订道场 
1578504, 46.6, 8.7, 1824, 建筑学教程：设计原理 
26359327, 21.3, 7.0, 113, 腾讯网UED体验设计之旅 
22163122, 25.3, 9.5, 37, How to Draw Drawing and Sketching Objects and Environments from Your Imagination 
26655782, 18.8, 7.4, 46, 迪奥的时尚笔记 
1488871, 26.8, 8.7, 75, 字体设计应用技术完全教程 
7063010, 27.4, 8.4, 104, WOW 不一样的插画设计 
1438332, 22.2, 8.7, 36, Visual Explanations 
26324467, 21.6, 7.6, 69, 以图代言 
1003414, 40.4, 9.3, 378, 魔镜 
4076216, 37.9, 8.0, 976, 锦绣蓝图 
26284399, 26.7, 7.8, 155, 世界最美的书店 
4251079, 33.9, 8.5, 285, WOW! Photoshop插画设计 
1028476, 27.4, 8.2, 123, 照相馆的故事 
21321682, 19.6, 8.0, 35, 抠图+修图+调色+合成+特效Photoshop核心应用5项修炼 
24859840, 20.1, 8.0, 39, 为自己工作 
26781039, 14.1, 7.7, 15, 设计的教室 
5257990, 32.5, 8.2, 302, 设计的品格 
11228565, 23.1, 8.8, 39, 101 Design Methods 
11516400, 25.5, 8.9, 54, 消費森林×品牌再生 
26107892, 22.6, 8.0, 61, 创新自信力 
1393903, 48.5, 8.7, 2486, 交往与空间 
1311857, 30.6, 8.7, 139, 从摇篮到摇篮 
5363500, 30.2, 7.7, 332, 柏林风格小屋 
26866156, 23.7, 9.4, 31, 幸绘京城守艺人 
25830479, 24.1, 8.6, 52, 平面排版基本的基本 
6985923, 29.4, 8.4, 147, idea+提升创意力的设计诀窍书 
26904512, 21.1, 8.1, 43, PPT设计思维 
2129306, 29.7, 8.1, 200, 怎样成为一名设计师 
2051004, 26.0, 8.2, 96, 创新的10个面孔 
3665205, 29.6, 7.6, 334, 应需而变 
6753011, 28.1, 7.3, 347, 让喜欢的事情成为工作 
26851260, 11.7, 7.4, 11, 极简设计 
26127475, 26.8, 7.6, 191, 住宅格局解剖图鉴 
3722051, 37.2, 8.1, 763, 设计芬兰 
20556231, 22.3, 7.6, 79, “日本收纳教主”近藤典子助你打造一个井井有条的家 
25859930, 22.1, 7.9, 60, 新视觉 
3186948, 29.8, 8.4, 157, 产品设计工艺经典案例解析 
5388015, 30.5, 8.0, 257, 亲爱的詹姆斯 
1417934, 35.0, 7.8, 742, 把你的草稿钉在墙上 
3160363, 22.9, 8.3, 52, 20世纪西方女装史经典图鉴 
2036345, 41.2, 7.6, 3229, 创意市集2·玩心大发 
6041651, 20.4, 9.3, 20, Dieter Rams 
1580498, 28.3, 8.3, 131, 现代设计的先驱者 
6523959, 34.6, 7.6, 879, 设计私语录 
6975775, 29.5, 8.0, 212, 巴黎风格小屋 
26763735, 18.7, 7.6, 39, 四季餐桌 
21339925, 21.9, 8.7, 34, 看不見的設計 
11636064, 21.6, 8.8, 31, 城和市的语言 
26529540, 17.2, 7.5, 31, 欧洲古典装帧工艺 
2230224, 32.7, 7.5, 696, 北欧瑞典的幸福设计 
25920100, 25.2, 7.9, 107, 大话设计师 
3338929, 36.9, 9.2, 247, パタンマジック vol.2 
26296886, 23.3, 7.4, 116, 设计的语言 
1889450, 41.1, 7.8, 2347, 赖声川的创意学 
26831077, 22.9, 7.6, 90, 符号中的历史 
25726525, 11.1, 7.3, 10, 裝釘考 
25761063, 33.3, 8.9, 181, 通关！游戏设计之道 
25818674, 28.3, 8.4, 122, 创意的生成 
25782487, 35.7, 7.9, 748, 象形5000 
25817261, 28.6, 7.8, 221, 方寸指间 
3567853, 44.2, 9.0, 899, Getting Real 
5988271, 29.3, 7.3, 446, 佐藤可士和的经营术 
26374952, 19.2, 7.7, 40, 街道文字 
26658608, 17.8, 8.1, 24, 服务设计微日记 
10434751, 21.1, 7.2, 89, 图像学 
3153347, 36.5, 7.6, 1286, 巴黎·家的私设计 
1320859, 31.5, 8.7, 160, 福田繁雄 
5247416, 30.5, 8.1, 232, 演说之禅设计篇 
1425721, 25.4, 8.5, 69, 色彩管理 
1114884, 40.7, 8.8, 644, 人性场所 
1785388, 23.3, 7.4, 115, 手工自創品牌 
26314171, 22.7, 8.5, 44, Hanzi • Kanji • Hanja 
2345964, 36.4, 8.5, 434, 超越CSS 
26774688, 22.0, 7.4, 90, 术与道 移动应用UI设计必修课 
1278482, 16.8, 8.1, 20, 机械设计实践 
5408902, 23.6, 7.2, 153, 三十四位顶尖设计师的思考术 
26331682, 16.5, 8.2, 18, 毫无PS痕迹 
11594126, 20.8, 7.6, 59, 20世纪的设计 
26818598, 19.9, 6.9, 92, 字书 
10580967, 24.4, 9.0, 43, 书籍设计基础 
2290846, 21.0, 9.2, 23, 艺术.设计的纸的构成 
3993065, 28.7, 7.9, 204, 设计品牌 
24869729, 22.7, 8.1, 58, 装修不上当，省心更省钱（新） 
25925858, 15.0, 7.7, 18, 平面设计中的绘画、构成、色彩与空间样式 
2295954, 35.3, 7.7, 882, 挑食的设计 
11620497, 37.9, 8.2, 775, 简单的艺术 
1452345, 25.9, 8.8, 61, 徒手绘画及速写 
6859758, 24.9, 7.7, 121, 颠覆性思维 
22404951, 35.4, 9.0, 231, 建筑：篠原一男 
3739656, 24.7, 7.8, 105, Fierce Style 
2298856, 33.9, 7.7, 674, 一目了然 
1493191, 29.0, 7.6, 297, 设计大师の对话 
5976115, 16.7, 8.4, 17, Vector Basic Training 
25848924, 21.3, 7.5, 71, 黑客与设计：剖析设计之美的秘密 
6815802, 27.2, 7.2, 329, Fw:永真急制 
5290563, 26.1, 7.9, 126, 网页设计创意书 
26795101, 12.0, 7.5, 11, 色彩的魔力 
10433731, 25.9, 8.0, 111, 视觉会议 
5385486, 24.2, 9.2, 37, 西方设计 
2107305, 21.2, 8.8, 29, 现代家具设计中的中国主义 
26718821, 21.7, 7.5, 76, 木之匙 
5408888, 26.2, 7.3, 234, 美学的经济 
2995429, 23.6, 7.6, 102, 頂尖設計師的自我經營學 
1463225, 33.6, 8.4, 299, 快乐之道-游戏设计的黄金法则 
1579843, 37.8, 8.5, 547, 景观设计学 
26567177, 13.5, 7.6, 14, 唐风流韵 
25748532, 23.2, 7.9, 74, 找到家的好感觉 
26680145, 18.2, 7.5, 38, 价值主张设计 
5477051, 31.2, 8.3, 216, 微建筑 
1393411, 26.5, 9.5, 44, 意匠文字(全二册) 
2369055, 27.2, 7.9, 154, 色彩心理探析 
1876455, 26.4, 8.2, 103, redwhiteblue - here/there/everywhere 
6393626, 27.5, 7.9, 163, 秩序之美 
7564417, 32.7, 7.7, 535, Linux/Unix设计思想 
26594029, 24.3, 8.0, 83, U一点·料 
10495001, 21.3, 8.9, 28, 250陶瓷创意设计秘籍 
4731560, 29.9, 7.4, 450, 巴黎个性工作空间 
25902451, 30.1, 7.4, 467, 不妥 
2155165, 22.0, 7.4, 90, 無印良品的改革 
1173659, 16.4, 7.6, 25, 服装设计师完全素质手册 
3858741, 21.3, 9.3, 23, 日本タイポグラフィ年鑑 2009 
25833225, 25.2, 7.6, 140, 数据之美 
2818959, 26.1, 8.3, 90, Extreme Beauty 
1783680, 26.1, 8.0, 116, 国际平面设计师一百单八将 
26714615, 14.3, 7.9, 14, 小侦探 
1732512, 30.8, 7.6, 419, 什么是平面设计？ 
3284614, 28.7, 8.2, 153, 观念越狱 
1465380, 26.7, 9.4, 48, Boundaries 
2992779, 22.3, 8.6, 39, 美国大学室内装饰设计教程 
3168355, 31.8, 8.8, 156, Data Flow 
1211802, 24.8, 8.8, 51, 住宅平面 
3792134, 20.1, 9.0, 22, Designing for the Digital Age 
1072606, 38.9, 8.9, 435, 艺术与错觉 
5338575, 28.6, 9.4, 63, Pattern Magic 
26464952, 16.9, 7.7, 26, 服务设计与创新实践 
25833194, 21.7, 6.8, 155, 無印良品的改革 
1909815, 18.4, 7.4, 43, 色彩搭配原理与技巧 
4919888, 28.4, 7.4, 330, 巴黎女生的房间 
1620331, 24.4, 8.1, 78, 工业产品设计秘诀 
21360226, 19.4, 9.1, 19, 超级图形创意 
1917477, 29.4, 7.8, 258, 国际平面设计基础教程 
4820694, 26.5, 7.3, 252, 写给大家看的Web设计书 
4225993, 27.8, 7.9, 172, 时装设计元素 
5063626, 15.9, 8.1, 17, 配色事典―大正・昭和の色彩ノート 
23018929, 22.9, 8.2, 56, 沟通 
3780222, 22.2, 9.4, 25, 玩金术 
3566473, 19.4, 8.4, 27, 《木工DIY傢具》 
26809302, 23.6, 7.7, 93, 食器之美 
26276717, 17.8, 5.7, 258, 工匠精神 
5906085, 28.0, 7.8, 196, 穿着minä去旅行 
10488177, 26.0, 8.0, 112, 创意工场 
25852821, 32.0, 9.4, 104, 暴雪的艺术 
26438744, 20.3, 8.0, 40, 超越Logo设计(第2版) 
2158247, 26.0, 8.2, 96, 设计让世界看见芬兰: Pure Finland 
2369212, 28.9, 8.1, 174, 时装设计元素 
3164993, 19.9, 7.8, 43, 室内设计师专用色彩与材质搭配手册 
3527783, 27.9, 8.3, 122, 时装设计元素 
6778880, 26.1, 7.9, 126, 设计学院的故事 
1826202, 31.8, 8.9, 143, In Vogue 
20365782, 24.2, 8.6, 53, 版式设计+ 
10779515, 22.3, 8.5, 41, 圖解設計思考 
26741283, 19.3, 7.5, 47, 日本版式设计原理 - 甲谷一 
3350770, 29.1, 8.7, 109, 导向系统设计 
11623718, 23.6, 7.5, 113, 给设计以灵魂 
26530670, 23.0, 8.0, 66, 视觉传达设计实践 
25707649, 20.9, 7.6, 60, 设计心法100+1 
26299472, 23.3, 7.4, 117, 恋上书 
2077192, 22.6, 8.9, 34, 机械设计实用机构与装置图册 
3621525, 23.4, 8.9, 39, Photoshop+Illustrator完美创意设计 
6011734, 33.3, 7.6, 686, 说服力 
5397340, 41.6, 9.6, 348, Alexander McQueen 
1164099, 27.3, 7.7, 192, 纸品创意设计 
11588872, 26.2, 8.2, 100, 与中国有关 
1290689, 19.4, 7.8, 39, 黑川雅之的产品设计 
11501739, 26.0, 8.3, 88, 时尚的诞生 
26289656, 18.0, 7.7, 32, 不只是美 
2170974, 20.1, 8.0, 39, 混搭我的梦想小窝 
4931685, 21.7, 7.1, 113, 50双改变世界的鞋子 
3128099, 18.2, 8.4, 22, Visual Thinking 
6309395, 23.1, 9.3, 30, mina perhonen ?／皆川明 
1580461, 40.3, 8.8, 602, 园林景观设计：从概念到形式 
25924939, 19.4, 8.6, 24, 伟大的建筑 
1737636, 21.5, 8.4, 38, 设计规则模块化的力量 
25776056, 13.9, 7.9, 13, Casa BRUTUS特集：柳宗理 
3894923, 16.5, 8.1, 19, 中国纹样全集 
4909176, 29.3, 7.7, 282, 社交网站界面设计 
3075592, 31.2, 8.1, 264, 安藤忠雄 
24849653, 26.1, 8.4, 84, 旋 
2363716, 45.5, 8.5, 1970, 破土 
1006069, 25.8, 7.9, 118, 器具的进化 
2058809, 21.7, 8.0, 52, 日式小庭院设计 
1923808, 27.5, 7.5, 246, 配色宝典 
1790288, 22.5, 8.3, 48, 中国美术字史图说 
6975777, 24.9, 7.5, 145, 色彩斑斓的风格小屋 
5936610, 35.0, 8.2, 467, 工艺之道 
26823740, 11.7, 7.6, 10, 班门 
3233400, 27.0, 7.9, 148, 如何成为创意人 
3010563, 17.2, 7.9, 24, 平面設計，就是這麼簡單！ 
1052003, 31.3, 8.4, 202, 造型原本（全二册） 
4932094, 27.2, 8.1, 128, 版式设计基础教程 
26473255, 17.8, 8.1, 24, 照明设计终极圣经 
23261868, 17.3, 7.6, 30, 为人的设计 
20382261, 24.4, 9.6, 31, 幻想的艺术 
26248487, 15.1, 6.7, 36, UI设计黄金法则 
26348041, 15.2, 7.5, 21, 梁景红谈色彩设计法则 
3742366, 28.0, 8.2, 135, 胜于言传 
1690205, 27.1, 8.5, 91, 城市设计的维度 
25962092, 13.5, 7.5, 15, 乐高搭建指南(第2版) 
2118032, 46.1, 8.2, 3282, 窥视工作间 
2009456, 22.6, 8.1, 57, 创新者 
25973285, 19.8, 7.8, 42, 这个设计好在哪 
3012503, 28.5, 7.2, 427, 手工自创品牌 
23008807, 21.5, 8.0, 50, 众妙之门 
5411311, 28.0, 8.7, 91, 游戏动画角色设计 
3359508, 26.8, 8.2, 110, 固态阅读 
1903073, 35.8, 7.9, 752, 安藤忠雄都市彷徨 
4898291, 30.5, 7.2, 662, 每天懂一点创意心理学 
6860888, 25.9, 7.6, 159, 设计的善意 
25905681, 16.9, 7.9, 23, 系统思维 
1346426, 24.7, 8.4, 66, Vinyl Will Kill 
5423180, 24.6, 8.0, 87, 住宅设计师笔记 
5906033, 26.1, 7.6, 166, 我们生活的风景 
5950669, 25.8, 7.2, 241, 好设计 
2981384, 30.9, 7.3, 629, 玩手工 
3263946, 28.4, 7.8, 212, GUI设计禁忌2.0 
2000561, 32.1, 8.0, 342, 叶雨书衣 
26265534, 19.1, 8.0, 32, 上下的美学 
1668807, 14.4, 8.3, 12, 美国透视基础简明教程 
3101909, 26.4, 7.2, 273, Ciao，客厅工场 
19965492, 17.7, 8.0, 25, 日本小住宅空間極致運用術 
4223271, 19.0, 7.8, 36, 室内设计师专用协调色搭配手册 
3717183, 36.4, 7.5, 1449, 餐巾纸的背面 
25912682, 22.2, 9.1, 29, 创造奇迹 
1353624, 23.1, 9.0, 35, Haptic 
2707826, 29.0, 9.0, 86, 500 Handmade Books 
1706730, 24.7, 9.2, 40, 保罗·鲁道夫设计作品集（上） 
25924023, 21.7, 8.3, 42, 信息之美 
26393802, 15.3, 7.9, 17, 廣告表示：╴╴╴。 
3110432, 22.5, 7.9, 65, 設計菜鳥奮鬥記 
1483509, 18.8, 7.8, 35, 製造風景 
1515489, 24.0, 8.0, 79, 顾大庆·设计与视知觉 
1173721, 24.5, 7.2, 184, 世界顶级时尚品牌&amp;平面设计 
4140504, 23.3, 8.3, 56, 西方女装百年图鉴 
1040244, 27.0, 7.9, 148, 美国时装画技法 
4898879, 22.5, 8.2, 52, 做個平面設計師 
26814222, 11.1, 7.3, 10, 设计问题 (第一辑) 
24720342, 20.5, 7.7, 52, 贴心设计 
10426914, 22.9, 9.3, 29, Examples of Chinese Ornament 
4145423, 32.0, 7.9, 377, 设计东京2.0 
25835278, 22.4, 7.5, 88, 来开店吧！令人憧憬的个性咖啡馆 
25840887, 12.2, 7.8, 10, 世界是設計 
5372266, 26.4, 9.0, 58, 梦想世界 
6822688, 22.1, 7.9, 60, 色彩设计 
25886333, 24.2, 8.1, 75, 依存与自立 
1083648, 24.2, 7.6, 115, 印刷的终结 
1033164, 22.5, 8.6, 40, 施德明平面设计师之设计历程 
26609071, 15.6, 7.9, 18, 重返Ｗabi-Sabi 
26647815, 18.1, 6.9, 61, 对话日本设计 
1410785, 27.4, 8.5, 96, Chinese Propaganda Posters 
25665238, 20.3, 7.7, 50, 视觉繁美 
1088805, 48.1, 9.1, 1456, 中国古典园林分析 
26415292, 22.9, 8.9, 36, 简笔画5000例，一本就够色铅笔卷 
25724967, 11.8, 7.1, 13, 手繪女生單人小房間100個布置祕密 
6975776, 24.2, 7.5, 126, 俄罗斯风格小屋 
4898788, 17.5, 7.6, 31, 感動70億人心，才是好設計：好品牌的吸引力法則 
20375675, 22.3, 8.3, 47, 就是喜歡！草間彌生。 
1812397, 19.6, 7.2, 65, Japan Style: 
20281463, 24.3, 7.7, 107, 众妙之门 
1166371, 29.7, 7.9, 243, 东京 
25704614, 25.0, 8.5, 64, 神行陌路 
1987001, 15.2, 8.1, 15, Typography 
4759147, 34.1, 8.7, 246, 与古为新 
1793535, 44.7, 8.6, 1517, 不只中国木建筑 
2031675, 19.0, 7.4, 48, 穿著Vivienne Westwood馬甲的灰姑娘：顏忠賢+30位HI-FASHION設計師的ATTITUDE的激進 
6080803, 24.9, 7.4, 160, 盖房记 
11499404, 19.1, 6.1, 201, 设计师的设计日记 
3768581, 25.2, 8.3, 77, 产品概念构思 
1957996, 30.7, 7.0, 926, 不裁 
4020885, 22.0, 7.7, 69, 设计中的视觉思维 
6889351, 37.7, 8.7, 436, 建筑的诗学 
1706840, 23.4, 8.8, 41, 世界图案1000例 
1393672, 24.7, 8.1, 82, 非物质社会 
2155225, 21.5, 7.7, 62, 世界雜貨散步 
4853234, 30.1, 7.9, 265, 日常设计经典100 
6579765, 25.3, 9.8, 32, Hussein Chalayan 
25828634, 19.7, 8.1, 34, 自由绘画：插画师要知道的84个创作技巧 
4225093, 28.8, 8.1, 172, 西方当代手绘图案 
10825552, 25.4, 7.7, 133, 创意之道 
1941560, 18.4, 9.0, 17, Swiss Graphic Design 
10580020, 12.7, 7.8, 11, Adobe Illustrator CS6 Classroom in a Book 
1969484, 22.5, 9.0, 32, 凯尔特装饰图案 
5290566, 29.0, 7.6, 296, 筑巢引凤 
1028003, 27.2, 8.8, 75, 立体看星星 
10494096, 17.7, 8.4, 20, 如何做个风格插画家 
1252239, 16.4, 8.3, 17, 室内设计图解 
2579849, 22.9, 8.3, 52, Letting Go of the Words 
3002809, 43.2, 9.6, 437, FREESTYLE 
1385200, 24.1, 8.7, 49, Tom Ford 
1460630, 33.4, 8.0, 430, 此时此地 
1913414, 17.8, 8.1, 24, 服装设计师创业指南 
10468349, 22.5, 7.9, 64, 和风自然家 
4133295, 29.8, 9.1, 92, GRAPHIC DESIGN IN JAPAN 2009 
26658587, 16.6, 7.3, 32, 征服世界的美学暴力：「电影级」幻灯片设计方法论（含U盘1个） 
5409526, 20.0, 8.8, 24, 李永铨与设计二十年 
25830400, 17.5, 7.8, 27, 前瞻设计 
1268619, 25.7, 7.3, 212, GUI设计禁忌 
2012923, 19.4, 7.9, 36, 服装艺术判断 
