Tag: 轻小说 

ID, Score, Rating, Votes, Title 
3920144, 44.3, 8.6, 1414, 春宵苦短，少女前進吧！ 
26926707, 21.4, 7.8, 57, 你的名字。 
4898551, 46.2, 8.2, 3308, 四叠半神话大系 
26314932, 36.9, 8.4, 520, 言叶之庭 
3908784, 49.2, 9.1, 1732, Fate/Zero Vol.1 [第四次圣杯战争秘话] 
4934551, 46.4, 8.5, 2271, 渴望死亡的小丑 
1357483, 50.8, 9.2, 1974, 空之境界（上） 
1438738, 46.6, 9.0, 1304, 奇诺之旅I 
24383185, 37.2, 8.0, 862, 冰菓 
2078401, 39.5, 8.5, 721, 狼與辛香料 
26819925, 30.8, 8.6, 156, 君の名は。 
1947653, 42.6, 8.4, 1363, 糖果子弹 
4098006, 23.2, 8.4, 51, 数学女孩 
6719081, 36.7, 8.0, 795, 刀剑神域 01 
24358626, 36.0, 8.0, 695, 古书堂事件手帖 01 
6793166, 37.8, 8.5, 543, 少女不十分 
1946063, 36.4, 8.5, 429, 雲之彼端. 約定的地方 
6852176, 22.9, 8.7, 40, 月の珊瑚 
1794287, 43.9, 8.5, 1508, 斬首循環 
3242948, 48.8, 9.1, 1625, 無頭騎士異聞錄 DuRaRaRa!! 01 
1357739, 50.3, 9.3, 1634, 空之境界（下） 
3189744, 37.9, 8.7, 452, 圖書館戰爭 
4263839, 35.7, 9.5, 163, 空之境界（下） 
1422079, 47.5, 9.0, 1484, 十二國記：月之影·影之海（上） 
6732543, 33.4, 7.6, 694, 如果高中棒球队女子经理读了彼得·德鲁克 
4263837, 37.6, 9.4, 234, 空之境界（中） 
1370144, 45.4, 8.6, 1718, 涼宮春日的憂鬱 
3276278, 30.3, 8.2, 203, 人類衰退之後 1 
25915106, 10.1, 6.9, 10, 有五個姊姊的我就註定要單身了啊 01 
25737796, 38.1, 8.9, 386, 库特利亚芙卡的排序 
2977158, 44.6, 8.9, 1062, 化物語 上 
5275430, 38.6, 8.6, 561, 夏日大作战 
1941571, 37.0, 8.5, 474, 欢迎加入NHK! 
2440159, 40.4, 8.9, 554, DDD 1 
3908795, 49.8, 9.3, 1518, Fate/Zero Vol.2 [王者们的狂宴] 
14278377, 34.2, 8.5, 300, 不堪抄 
26345629, 19.3, 8.3, 28, ロード・エルメロイII世の事件簿 1 
1858730, 34.7, 7.7, 786, 你我的崩壞世界 
2997267, 31.2, 7.7, 404, All You Need Is Kill 
3219415, 27.0, 9.2, 56, 精靈守護者 
11587620, 33.8, 8.6, 255, 果然我的青春戀愛喜劇搞錯了 01 
26696676, 21.9, 7.8, 62, 掟上今日子的備忘錄 
1967829, 38.2, 8.7, 472, 风住尘香 
1930701, 43.0, 8.7, 1035, 絞首浪漫派 
3877063, 30.6, 7.3, 592, 不適合少女的職業 
1779132, 45.9, 9.1, 1040, 涼宮春日的消失 
3238578, 39.7, 8.9, 491, 銀魂 3年Z班銀八老師 1 
4932789, 29.9, 8.0, 231, 第一辩手1·王牌庭辩队 
6006599, 27.6, 7.5, 250, 植物圖鑑 
3059294, 46.5, 8.6, 2043, 长安幻夜 
26383131, 27.4, 8.3, 113, 古书堂事件手帖 06 
4152806, 35.9, 9.1, 230, 水仙花 narcissu 
5275429, 35.7, 8.6, 347, 仰望半月的夜空 01 
3063301, 44.1, 9.0, 884, 傷物語 
1980670, 33.0, 8.5, 244, 殼中少女 
25808629, 33.8, 8.4, 308, 绕远路的雏人偶 
24853056, 34.8, 8.3, 405, 愚者的片尾 
19971869, 24.5, 9.1, 41, 勇者互助組合 交流型掲示板 
6042262, 43.5, 8.9, 893, 迈向神境的作家（上） 
26169462, 26.4, 7.9, 133, 三日間的幸福 
1057490, 44.1, 8.9, 986, 空之境界 未来福音 
4836874, 31.4, 7.4, 601, 刀语 第一话 
1098727, 31.7, 8.3, 236, Fate/strange fake 
5406925, 30.9, 9.2, 101, Fate／Zero（1） 第四次聖杯戦争秘話 
6391165, 32.6, 8.2, 305, 丹特丽安的书架 01 
3250054, 30.7, 8.4, 182, PSYCHE 
6120621, 40.9, 8.9, 600, 凉宫春日的惊愕（后） 
3908903, 49.6, 9.3, 1462, Fate/Zero Vol.4 [炼狱之炎] 
1370150, 47.1, 9.2, 1136, 十二國記·圖南之翼 
26598800, 19.0, 7.4, 48, 十字路口 
3242963, 41.0, 9.3, 418, BACCANO！01 
25817321, 21.8, 8.2, 46, 安達與島村 01 
3291518, 41.4, 9.0, 584, 未來都市NO.6 #01 
26674134, 18.2, 8.4, 22, 那年夏天，妳打來的電話 
25885612, 31.5, 7.9, 342, 两人距离的概算 
1811833, 36.7, 8.9, 309, 全金属狂潮 
3931796, 28.5, 7.7, 239, 加速世界 01 
2214137, 33.5, 8.3, 320, 鬼哭街 鬼眼麗人 
24358660, 26.0, 7.1, 283, 万能鉴定士Q的事件簿 01 
3242763, 32.8, 7.6, 626, 說謊的男孩與壞掉的女孩 1 
5921001, 42.8, 8.7, 995, 怀抱花月的水妖 
1344965, 46.2, 9.2, 983, 十二國記：風之萬里·黎明之空（上） 
6508619, 23.0, 9.4, 28, 煌夜祭 
5393734, 39.0, 9.0, 406, 凉宫春日系列 （套装共9册） 
1958982, 40.1, 8.8, 580, 索多玛的苹果 
4743953, 21.9, 8.4, 41, 罪人與龍共舞 (1) 
1363029, 31.8, 8.4, 220, 屍鬼1 
4247935, 33.1, 8.8, 190, AURA~魔龍院光牙最後的戰鬥~ 
3279031, 46.1, 9.0, 1210, 文學少女（05） 
7916240, 37.6, 8.9, 357, 无头骑士异闻录 DuRaRaRa!! ×7 
7052004, 23.7, 8.0, 74, 皇帝的学园 
6854991, 31.0, 8.3, 211, 青澀作家和文學少女編輯 
25713170, 24.5, 8.2, 74, 剧团！ 01 
2294944, 24.5, 9.4, 35, Fate/Zeroコミックアンソロジー VOL.2 (2) (IDコミックス DNAメディアコミックス) (IDコミックス DNAメディアコミックス) 
25985359, 31.4, 8.6, 173, 古书堂事件手帖 05 
5300400, 44.3, 8.7, 1271, 沉陷过往的愚者 
7916241, 22.9, 7.6, 90, 奋斗吧！系统工程师 01 
20365335, 24.9, 8.1, 85, K SIDE:BLUE 
26634706, 18.4, 7.8, 32, 天久鷹央的推理病歷表 
20431974, 27.3, 8.2, 120, NO GAME NO LIFE 遊戲人生 01 
4866987, 50.8, 8.6, 4129, 如果·宅 
6828271, 33.4, 7.9, 488, 刀剑神域 02 
5363315, 34.2, 8.8, 228, 文學少女 愛戀插話集 3 
5243461, 45.4, 8.7, 1525, 渴求真爱的幽灵 
20471985, 22.6, 7.9, 66, 第一辩手7·辩论王牌 
1821476, 46.8, 9.1, 1200, 十二國記：月之影·影之海（下） 
26279028, 31.3, 7.8, 364, 面包和汤和猫咪好天气 
25745723, 12.5, 7.0, 16, 下流梗不存在的灰暗世界 01 
5363717, 23.5, 9.1, 35, 超自然異象研究社 01 
6560421, 22.7, 8.1, 58, ショートストーリーズ 3分間のボーイ・ミーツ・ガール 
6508612, 32.3, 8.9, 155, 文學少女 愛戀插話集 4 
3989184, 45.6, 9.0, 1121, 無頭騎士異聞錄 DuRaRaRa!! 02 
5960460, 29.8, 9.4, 75, Fate／Zero（2） 英霊参集 
10442933, 17.5, 7.8, 27, 恬不知耻的紫烟 
10591692, 21.4, 8.2, 43, 坠入苍穹 
5905921, 24.1, 7.9, 87, 黑鱼美术馆 
5994458, 29.7, 8.4, 154, 尼洛亚特狂歌 
26602859, 24.5, 8.0, 86, 文学少女侦探 
6719092, 38.0, 9.2, 291, 未來都市NO.6 #07 
6810121, 16.2, 6.9, 40, 就算是哥哥，有愛就沒問題了，對吧 01 
3242975, 29.5, 8.2, 177, 神的記事本 02 
10824791, 24.4, 8.4, 62, 昨日也曾愛著他 
4711925, 24.9, 7.7, 119, 平行戀人 
5965780, 23.1, 8.9, 37, 狼と香辛料XVI 
3998775, 32.1, 8.3, 254, 彩云国物语：紫殿花开·茶都遥想 
26633039, 13.2, 7.5, 14, 消失吧，群青 
6803097, 25.9, 8.0, 111, 六花の勇者 
3877124, 30.4, 8.7, 134, 海之底 
7058564, 24.3, 7.8, 98, 第一辩手5·星河的泪痕 
6719080, 28.7, 8.1, 167, 角鸮与夜之王 
6860715, 37.0, 8.7, 389, 长安幻夜 
1863160, 40.2, 8.7, 657, 十二國記 - 前傳 - 魔性之子 
3242966, 34.5, 8.3, 380, 神的記事本 01 
6120620, 39.2, 8.8, 500, 凉宫春日的惊愕（前） 
4264565, 34.1, 9.0, 189, 別冊圖書館戰爭Ｉ 
3841649, 43.0, 8.8, 921, 长安幻夜 
6431042, 30.4, 9.6, 72, Fate／Zero（6）煉獄の炎 
1805027, 22.2, 9.3, 26, 星之声 
6838937, 13.8, 7.2, 19, 美少女死神 還我Ｈ之魂！ 1 
6116524, 30.1, 9.4, 78, Fate／Zero（5）闇の胎動 
26184134, 13.2, 7.8, 12, 誘 
2979027, 36.3, 9.3, 208, バッカーノ! 1931 钝行篇 The Grand Punk Railroad 
3243036, 35.5, 9.3, 184, 聖魔之血 Reborn on the Mars Ⅴ 
4193393, 30.0, 8.9, 108, 海がきこえる 
24852489, 31.4, 8.4, 206, 青春奇妙物语 
4834062, 16.5, 8.0, 20, 犬憑きさん 下巻 (スクウェア・エニックス・ノベルズ) 
10746268, 23.5, 7.9, 77, 第一辩手6·校园法庭革命 
3243008, 36.5, 9.3, 213, 奇諾之旅 XI 
4714517, 34.2, 8.3, 365, 為青年設立的讀書俱樂部 
3274966, 39.3, 8.8, 514, 涼宮春日的分裂 
6963536, 21.1, 7.9, 50, 三個歐吉桑 
4108247, 26.8, 7.8, 156, 加速世界 02 
20497379, 21.9, 7.3, 96, 偵探．日暮旅人尋覓之物 
26276936, 28.6, 9.3, 67, 我的青春恋爱喜剧果然有问题 09 
10762685, 22.3, 7.9, 62, 六百六十円的實情 
4862419, 35.7, 9.2, 206, デュラララ!!×8 
3564218, 29.4, 8.3, 158, 付喪堂骨董店1 
6428002, 17.3, 8.1, 22, 妖怪公寓05 
3006223, 30.6, 8.7, 140, 新干线·轻小说 
26169482, 17.3, 7.6, 30, 巷弄間的妖怪們 綾櫛小巷加納裱褙店 01 
4209216, 32.7, 8.5, 233, 糖果子彈 上 
3825012, 21.1, 7.4, 74, ＭＭ一族 01 
3394198, 32.2, 8.0, 347, 药师寺凉子之怪奇事件簿（共3册） 
3786660, 33.8, 9.0, 180, 圖書館危機 
6719089, 38.0, 9.1, 317, 未來都市NO.6 #05 
23765048, 16.7, 7.7, 25, K SIDE:BLACK&amp;WHITE 
3552588, 34.5, 9.1, 186, 銀魂: 3年Z班銀八老師 3 
11502031, 31.5, 8.2, 250, 刀剑神域 07 
4156082, 23.7, 7.5, 114, 便當 01 
6451021, 17.5, 6.7, 64, Ghost Hunt 惡靈系列 01 
19967461, 21.3, 7.2, 93, 狗与剪刀的正确用法 01 
4706794, 28.3, 8.4, 121, 零崎人識の人間関係 戯言遣いとの関係 (講談社ノベルス) 
6952187, 39.4, 8.2, 1011, 宵山万华镜 
4324985, 18.9, 8.8, 20, 犬憑きさん 上巻 
3710019, 37.6, 8.5, 531, 完全過激 下 
6719083, 39.1, 9.1, 373, 未來都市NO.6 #03 
3018023, 36.3, 8.4, 472, 電波系彼女 
3036488, 22.6, 8.1, 57, ブギーポップは笑わない 
25984572, 14.2, 7.1, 22, 海鷗食堂 
26393277, 24.4, 8.9, 45, 我的青春恋爱喜剧果然有问题 10 
3434162, 26.7, 8.2, 108, 人類衰退之後(02) 
5326157, 28.2, 9.0, 77, 彩雲國物語15─鄰家白百合 
26336308, 15.0, 6.2, 58, 櫻子小姐的腳下埋著屍體 
4941621, 22.6, 9.6, 24, 境界線上のホライゾン2〈下〉―GENESISシリーズ 
4002230, 22.7, 8.7, 39, CODE GEASS 反叛的魯路修 STAGE-0- ENTRANCE 
5355717, 18.3, 6.8, 71, 桦鬼 1 
10767979, 20.8, 7.3, 76, 毒吐姬与星之石 
5990090, 13.5, 7.6, 14, 少女禁区 
24700623, 23.1, 7.8, 78, 六花的勇者 3 
26424344, 20.9, 7.9, 48, Re: 從零開始的異世界生活 02 
25808632, 21.1, 7.3, 81, 万能鉴定士Q的事件簿 04 
4131649, 22.0, 7.8, 63, 吸血殲鬼ヴェドゴニア―MOON TEARS 
20514280, 11.6, 6.1, 25, 終焉ノ栞 
6719079, 11.3, 6.9, 13, 啊嘞！我的绿光使魔 
25757218, 19.3, 7.6, 44, ダンガンロンパ霧切 2 
3243034, 34.9, 9.4, 158, 聖魔之血Reborn on the Mars VI 荊棘寶冠 
4915566, 21.0, 7.8, 53, Angel Beats! -Track ZERO- 
10767980, 31.1, 7.9, 316, 刀剑神域 06 
11532833, 13.6, 7.2, 18, 替死鬼 
4895136, 38.6, 7.8, 1468, 鸭川小鬼 
