Tag: 道教 

ID, Score, Rating, Votes, Title 
2374070, 35.9, 9.0, 251, 夫妻双修功 
1853029, 28.1, 9.2, 66, 道藏（1-36册） 
26844217, 20.3, 8.2, 35, 仙与道:神仙信仰与道家修身 
3135250, 23.1, 9.1, 33, 陈撄宁仙学精要（上下） 
2143487, 44.8, 8.0, 3467, 茅山后裔1 
1255989, 34.3, 9.2, 168, 化书 
1151548, 29.6, 9.2, 83, 雲笈七籤（全五冊） 
1542594, 22.2, 8.7, 36, 道教与养生 
6020999, 20.9, 8.6, 31, 神格与地域 
6784027, 30.5, 8.4, 177, 金花的秘密 
20442309, 26.6, 9.5, 45, 炁體源流 
1069378, 28.1, 8.5, 109, 抱朴子内篇校释 
2062906, 27.3, 9.4, 52, 道藏源流考 
26785472, 21.9, 8.4, 41, 汉帝国的遗产 
25712490, 42.2, 8.6, 1009, 我当道士那些年1 
1593005, 26.5, 7.6, 181, 道教史 
1658249, 21.8, 8.5, 38, 中国道教史(修订本全4卷) 
20391339, 24.5, 9.2, 39, 道德经注释 
1784886, 23.2, 8.7, 42, 道藏提要 
1035302, 18.3, 8.0, 28, 黄庭经注译・太乙金华宗旨注译 
