Tag: 郭敬明 

ID, Score, Rating, Votes, Title 
1016300, 55.8, 7.2, 142816, 梦里花落知多少 
1049189, 54.4, 7.4, 66714, 1995-2005夏至未至 
1059406, 52.3, 7.1, 87338, 幻城 
2062200, 43.0, 6.3, 81201, 悲伤逆流成河 
3191328, 46.1, 6.7, 58272, 小时代1.0折纸时代 
4920037, 42.3, 7.1, 9902, 临界·爵迹 I 
4920036, 42.6, 7.3, 7117, 临界·爵迹 Ⅱ 
1006881, 44.2, 6.7, 37100, 左手倒影，右手年华。 
4038164, 41.7, 6.5, 33321, 小时代2.0虚铜时代 
1041550, 41.4, 6.7, 19248, 爱与痛的边缘 
5915713, 29.3, 6.4, 1837, 爵迹•燃魂书 
6828611, 37.3, 6.4, 14090, 小时代3.0：刺金时代 
1037589, 37.1, 6.7, 6791, 天亮说晚安 
25745152, 30.4, 6.7, 1382, 愿风裁尘 
4638931, 33.0, 6.8, 2173, 小时代1.5·青木时代VOL.1 
1066681, 35.9, 6.9, 3468, 刻下来的幸福时光 
4638933, 34.0, 6.9, 2293, 小时代1.5·青木时代VOL.2 
26359469, 24.2, 7.5, 127, 我只能短暂地陪你一辈子 
1291774, 27.7, 7.0, 473, 郭敬明作品集 
1185473, 26.0, 6.3, 929, 郭敬明成长日记 
1027832, 34.6, 6.6, 4603, 猜火车 
1902593, 38.2, 7.2, 3413, 最小说（第一辑） 
4119322, 33.6, 7.6, 728, 夏至未至 
3133952, 35.8, 7.2, 2015, 最小说（2008 07） 
2179956, 37.3, 7.0, 4007, 左手倒影.右手年华 
20304684, 15.4, 6.8, 36, 爵迹 
6428335, 26.3, 6.8, 456, 小时代2.5锋银时代 
1082845, 34.8, 7.1, 1948, 一梦三四年 
23217342, 27.2, 7.2, 324, 故乡,或者城市 
3662820, 36.0, 7.4, 1564, 最小说(2009.21) 
1671453, 35.4, 7.0, 2625, 郭敬明音乐小说迷藏(CD) 
1449981, 33.1, 6.3, 6112, 无极 
2311695, 37.7, 7.2, 3037, 岛（Vol.09） 
4864202, 32.2, 7.1, 1104, 小时代1.5·青木时代VOL.3 
26818782, 17.7, 6.8, 61, 爵迹：雾雪零尘 
3014715, 37.2, 7.1, 3281, 岛（Vol.10） 
1288529, 20.6, 6.2, 261, 爱是寂寞撒的谎 
1290139, 14.9, 5.9, 81, 初恋 
26824352, 15.7, 6.5, 51, 爵迹：永生之海 
1961690, 35.7, 7.2, 2009, 最小说（第四辑） 
1069071, 37.0, 6.9, 4510, 岛 
6891410, 25.4, 6.5, 573, 最后我们留给世界的 
1364204, 37.4, 7.8, 1159, 夢裡花落知多少. 
25862448, 17.5, 6.0, 148, 怀石逾沙 
25855964, 22.3, 6.7, 204, 守岁白驹 
4846147, 30.4, 7.2, 648, 王牌大助理 
6017131, 28.4, 6.5, 1227, 下一站·伦敦 
1683759, 19.8, 5.5, 736, 青春散场 
26825974, 10.8, 7.2, 10, 十年后,我不认识你(捂脸)...... 
2977174, 47.7, 7.8, 8133, N.世界 
1420358, 19.5, 6.4, 147, 春末夏初 
1983931, 35.9, 7.3, 1762, 最小说（第五辑） 
5915726, 26.5, 7.5, 201, 临界·爵迹限量版 豪华礼盒 
1034136, 29.4, 6.7, 1106, 天下 
5411085, 28.5, 7.0, 565, 小时代1.5·青木时代VOL.4 
2137700, 34.4, 7.3, 1306, 最小说第九辑 
1058943, 38.9, 7.4, 2791, 岛（Vol.4） 
5915714, 24.5, 6.3, 631, 我们约会吧（全2册） 
2298304, 33.2, 7.4, 884, 最小说 
1902601, 38.5, 7.3, 3033, 岛（Vol.8） 
1459494, 40.1, 7.5, 3065, 岛（Vol.6） 
2263931, 34.1, 7.3, 1216, 最小说.第12辑 
4050771, 28.4, 7.2, 422, 第一届“THE NEXT·文学之新”新人选拔赛作品集（下） 
1082844, 29.6, 6.9, 843, 猜火车 
21241208, 19.4, 7.0, 75, 小时代2.5锋银时代 
1068333, 17.0, 5.5, 287, 幻城漫画版 
24722730, 20.5, 6.4, 194, 小时代电影全记录 
11505943, 21.1, 6.2, 297, 下一站·吉隆坡 
10732858, 23.6, 6.3, 496, 少数派报告 
20276083, 23.5, 6.6, 309, 下一站·济州岛 
3064305, 17.9, 6.8, 65, 青春·扬花·念念不忘 
3822249, 32.2, 7.2, 942, 第一届『THE NEXT·文学之新』新人选拔赛作品集（上） 
11583781, 21.1, 7.0, 109, 锋银时代-小时代2.5-VOL.3 
1002278, 12.9, 4.9, 212, 痴鸟 
11505942, 27.5, 6.5, 958, 下一站台北 
7163004, 23.7, 7.3, 139, 小时代2.5锋银时代VOL.2 
7174550, 13.6, 6.5, 30, 最漫画·爵迹号 
1069911, 12.6, 5.2, 107, 幻城之恋 
2973013, 28.8, 7.7, 255, 周杰伦@大灌篮 
6017133, 33.2, 6.8, 2244, 下一站·神奈川 
20254538, 29.9, 7.6, 351, 文艺风象 
4746554, 49.1, 7.9, 8834, 年华是无效信 
6864893, 14.2, 7.1, 22, 最漫画·封神号 
3812797, 40.4, 7.7, 2366, 关于莉莉周的一切 
20427187, 73.0, 8.8, 108305, 看见 
25778605, 11.8, 5.9, 32, 最小说2008.12 
20411257, 22.4, 7.8, 69, 文艺风赏.流言 
25902007, 19.9, 6.4, 163, 南风知我意 
11505944, 37.1, 8.3, 603, 天鹅·余辉 
3825658, 48.3, 7.8, 9027, 全世爱Ⅱ·丝婚四年 
11505946, 37.7, 7.3, 2555, 剩者为王Ⅱ 
1806718, 25.3, 8.2, 85, 天亮说晚安 
24857335, 33.1, 8.3, 299, 天鹅·永夜 
4737152, 35.8, 7.0, 2859, 时光机 
3726739, 15.4, 6.8, 36, 刻在时光里的爱情 
11606760, 41.5, 8.2, 1444, 家住南塘路 
1440089, 57.8, 8.3, 21166, 那些生命中温暖而美好的事情 
1453210, 53.0, 7.4, 50278, 一座城池 
10436662, 11.9, 6.8, 16, 最漫画·仙缘号 
1774213, 35.0, 7.7, 834, 绝杀 
11505946, 37.7, 7.3, 2555, 剩者为王Ⅱ 
3825658, 48.3, 7.8, 9027, 全世爱Ⅱ·丝婚四年 
25778605, 11.8, 5.9, 32, 最小说2008.12 
7163003, 21.4, 6.6, 187, 八音盒 
25778303, 13.0, 6.4, 28, 最小说映刻2009.01 
1453210, 53.0, 7.4, 50278, 一座城池 
4737152, 35.8, 7.0, 2859, 时光机 
1440089, 57.8, 8.3, 21166, 那些生命中温暖而美好的事情 
25902007, 19.9, 6.4, 163, 南风知我意 
25981846, 29.0, 7.4, 369, 这世上的美好，唯你而已 
20427187, 73.0, 8.8, 108305, 看见 
6065570, 17.1, 6.9, 49, 最漫画·昔夏号 
26766301, 17.0, 7.4, 32, 北京人在北京•煮海 
2973589, 44.7, 7.5, 7674, 少年残像 
2911748, 22.1, 8.3, 45, 周杰伦@大灌篮 
3726739, 15.4, 6.8, 36, 刻在时光里的爱情 
2567698, 73.9, 8.8, 124888, 三体 
1334723, 12.5, 7.7, 11, 貓咪魔法學校03-最初的預言 
1382842, 49.0, 8.8, 2370, 夢裡花落知多少 
4746554, 49.1, 7.9, 8834, 年华是无效信 
1949338, 67.7, 8.9, 39129, 明朝那些事儿（贰） 
1918122, 36.7, 7.4, 1778, 门 
1914636, 54.3, 8.4, 10000, 蛤蟆的油 
1892491, 47.8, 7.8, 8222, 如果墙会说话 
1881099, 16.8, 6.4, 75, 男人眼中女人的身体 
1862115, 44.4, 7.2, 12539, 当时只道是寻常 
3012517, 57.7, 8.5, 15026, 小姨多鹤 
3026745, 25.8, 7.4, 195, 10年新概念 
3406518, 50.7, 8.5, 4670, 追随她的旅程 
3394338, 54.0, 7.5, 49184, 他的国 
3289609, 40.4, 7.1, 6587, 这么远，那么近 
3274851, 49.0, 8.0, 7349, 原谅我红尘颠倒 
3266968, 48.8, 7.3, 26291, 秘密 
3211779, 74.8, 8.9, 119006, 嫌疑人X的献身 
3162991, 60.8, 9.6, 5207, 艺术的故事 
3103080, 51.3, 7.6, 23191, 须臾 
3078848, 38.3, 7.7, 1575, 紫极舞 
3057333, 56.3, 9.0, 5767, 城南旧事 
3037902, 17.6, 7.4, 36, 蔷薇的泡沫 
3026984, 20.2, 7.2, 74, 可爱的苹果：新概念作文10年纪念版 
1614439, 40.7, 9.1, 476, 商店照明 
2359688, 40.7, 7.6, 2915, 镜之国 
1970604, 34.2, 7.4, 1065, 圈里圈外 
2042063, 53.0, 8.4, 7946, 伊斯坦布尔 
2056749, 58.5, 8.1, 34483, 时间旅行者的妻子 
4923624, 33.0, 7.2, 1129, 男友告急 
4862350, 46.4, 8.6, 2026, 我不是完美小孩 
4860641, 10.8, 7.0, 11, 中国传统图案设计 
1957692, 28.6, 6.4, 1546, 麻雀要革命Ⅲ 
1956018, 32.1, 8.8, 162, 世界哲学史 
1949338, 67.7, 8.9, 39129, 明朝那些事儿（贰） 
1796596, 47.0, 7.3, 17956, 左耳 
1820965, 29.7, 8.8, 111, 藏传佛教绘画史 
1821283, 27.4, 8.8, 78, 風華絕色複製畫集—綰青絲 
1862115, 44.4, 7.2, 12539, 当时只道是寻常 
1881099, 16.8, 6.4, 75, 男人眼中女人的身体 
1892491, 47.8, 7.8, 8222, 如果墙会说话 
1914636, 54.3, 8.4, 10000, 蛤蟆的油 
1918122, 36.7, 7.4, 1778, 门 
2359688, 40.7, 7.6, 2915, 镜之国 
6777935, 25.2, 7.2, 213, 东倾记·神启 
3037902, 17.6, 7.4, 36, 蔷薇的泡沫 
3057333, 56.3, 9.0, 5767, 城南旧事 
3078848, 38.3, 7.7, 1575, 紫极舞 
6730473, 25.9, 6.7, 477, 那时年少 
6728766, 16.5, 7.4, 29, 爱绘生活 
3103080, 51.3, 7.6, 23191, 须臾 
6709834, 51.1, 8.4, 5740, 爸爸爱喜禾 
3026984, 20.2, 7.2, 74, 可爱的苹果：新概念作文10年纪念版 
3026745, 25.8, 7.4, 195, 10年新概念 
3012517, 57.7, 8.5, 15026, 小姨多鹤 
6895313, 44.5, 7.8, 4437, 原来 
2374070, 35.9, 9.0, 251, 夫妻双修功 
6855851, 40.4, 8.3, 1054, 文艺风象·TA和TA的猫 
6845414, 34.6, 6.5, 5765, 去，你的旅行 
2973663, 21.8, 6.8, 159, 万劫 
6811712, 24.7, 7.4, 155, 骑誓·杀戮骑士的垂怜 
2973993, 29.6, 7.0, 711, 梦延年 
3001863, 36.4, 8.6, 392, Wolf Totem 
