Tag: 金融 

ID, Score, Rating, Votes, Title 
5243775, 49.9, 9.0, 2165, 聪明的投资者 
26756140, 39.3, 9.9, 202, 行动的勇气 
1220853, 53.4, 8.3, 9897, 伟大的博弈 
25844463, 36.2, 8.8, 314, 摩根财团 
10799082, 45.9, 8.7, 1643, 投资最重要的事 
1058131, 44.6, 8.4, 1925, 金融炼金术 
26163553, 45.7, 8.7, 1583, 投资中最简单的事 
1021346, 51.4, 8.7, 3959, 股票作手回忆录 
5297291, 44.8, 8.4, 1994, 大而不倒 
1861934, 21.8, 8.5, 38, 时运变迁 
2081876, 50.6, 7.3, 38046, 货币战争 
4953707, 40.3, 8.2, 1185, 门口的野蛮人 
2005726, 46.6, 8.7, 1825, 货币金融学 
1013378, 46.4, 8.8, 1579, 证券分析 
1082512, 49.1, 9.4, 1232, 公司理财 
5408886, 42.5, 8.3, 1525, 大空头 
2015368, 39.2, 9.1, 378, 价值评估 
1972412, 43.6, 8.1, 2399, 说谎者的扑克牌 
3891900, 47.0, 7.7, 8432, 金融的逻辑 
23760469, 30.7, 8.9, 121, 投资银行、对冲基金和私募股权投资 
4217139, 36.7, 7.5, 1543, 高盛帝国（上） 
3043970, 41.1, 8.4, 1063, 漫步华尔街 
25926542, 44.0, 8.8, 1085, 一本书读懂财报 
1089991, 48.9, 9.1, 1641, 期货市场技术分析 
1046164, 43.3, 8.3, 1760, 巴菲特致股东的信 
25717107, 36.4, 8.8, 325, 红色资本 
3427304, 40.2, 8.9, 535, 美国货币史 1867—1960 
2382899, 40.5, 8.4, 955, 通向财务自由之路 
5914480, 40.3, 8.6, 737, 富可敌国 
26314075, 27.2, 9.3, 55, 信用创造、货币供求与经济结构 
10568233, 36.1, 9.0, 258, 策略投资 
1085935, 38.3, 8.0, 1053, 非理性繁荣 
26237302, 35.4, 7.3, 1591, 金钱有术 
1776987, 43.4, 9.0, 794, 期权、期货和其他衍生品（第5版） 
10765392, 28.0, 8.7, 92, 货币、银行信贷与经济周期 
3027464, 42.4, 8.6, 1049, 专业投机原理 
6720539, 37.8, 8.3, 678, 断层线 
25912159, 32.3, 8.7, 184, 当音乐停止之后 
6736909, 34.7, 8.7, 268, 投资交易笔记 
4748753, 33.4, 8.7, 218, 机构投资的创新之路 
1511636, 30.8, 8.8, 133, 价值投资 
26327897, 27.0, 8.1, 125, 压力测试 
26765359, 24.8, 7.9, 98, 金融是本故事书 
10439662, 40.2, 8.9, 531, 货币的教训 
6967535, 35.8, 7.7, 972, 资本之王 
2335844, 39.6, 9.1, 406, Margin of Safety 
5271687, 30.2, 8.6, 141, 金融市场与金融机构基础 
26032227, 34.0, 7.5, 894, 金融的解释 
25890247, 34.5, 8.4, 347, 风吹江南之互联网金融 
3276034, 34.1, 8.2, 393, 大衰退 
25843334, 32.7, 8.1, 342, 金融的本质 
25751995, 38.9, 8.5, 655, 还原真实的美联储 
1017213, 39.3, 8.4, 777, 金融学 
26876349, 32.3, 9.1, 133, 金融求职宝典：玩转金融业的正确姿势 
1068793, 32.7, 9.0, 153, 从资本家手中拯救资本主义 
4137182, 41.7, 8.3, 1315, 荣辱二十年 
2189613, 43.6, 8.4, 1630, 战胜华尔街 
1087737, 50.1, 8.9, 2498, 日本蜡烛图技术 
25767203, 35.8, 7.9, 751, 同业鸦片 
25850045, 34.3, 8.2, 413, Flash Boys 
21331443, 30.9, 8.0, 276, 中国是部金融史 
26290085, 40.9, 8.8, 665, 手把手教你读财报 
11525290, 34.5, 8.5, 314, 走出幻觉走向成熟 
4882119, 32.9, 8.2, 321, 价值起源 
1141543, 36.7, 7.8, 1013, 金融心理学 
5314887, 37.8, 8.2, 753, 邓普顿教你逆向投资 
3233988, 34.9, 8.5, 337, 资本的游戏 
25984361, 24.0, 9.3, 34, 主动投资组合管理 
6712293, 36.7, 8.2, 631, 宽客 
2139493, 35.8, 8.0, 672, 宽客人生 
26324497, 39.0, 8.1, 1054, 支付战争 
3836277, 41.3, 7.3, 5473, 货币战争2:金权天下 
1923472, 37.9, 8.5, 558, 大投机家 
1010197, 31.0, 8.3, 210, 金融战败 
3776705, 30.7, 9.0, 113, 金融时间序列分析 
1891639, 37.2, 8.6, 445, 赌金者 
1443196, 39.4, 8.1, 1134, 诚信的背后 
25875806, 26.3, 8.2, 101, 并购之王 
3265599, 37.1, 8.2, 672, 逃不开的经济周期 
7051700, 25.0, 8.3, 75, 共同基金常识 
2171619, 26.9, 8.7, 76, 投资学基础 
1149697, 35.7, 8.4, 423, 货币银行学 
26853577, 21.3, 8.0, 48, 胡作非为：人性之本与金融暴行 
3931857, 33.4, 8.7, 218, 十年轮回 
25800850, 30.9, 8.0, 273, 动荡的世界 
3725211, 24.5, 7.7, 112, 不落俗套的成功 
26772766, 21.8, 8.1, 49, 货币简史 
1949390, 36.9, 8.2, 646, 投资者的未来 
26319391, 29.4, 8.1, 191, 金融的逻辑 
1131736, 42.0, 8.6, 970, 股票大作手操盘术 
5029372, 39.6, 7.8, 1750, 一个证券分析师的醒悟 
1417775, 38.3, 8.6, 533, 中国证券市场批判 
6148690, 33.2, 7.9, 469, 金融之王 
11509654, 32.0, 8.5, 207, 金融怪杰 
4720006, 35.7, 8.0, 665, 峭壁边缘 
2347627, 26.0, 9.3, 46, 公司金融理论（上下册） 
26576499, 26.0, 8.8, 62, 房债 
6080028, 32.8, 7.8, 491, 黑石的起点，我的顶点 
24153567, 27.0, 8.6, 83, 对冲基金奇才 
6743298, 45.6, 8.9, 1249, 经济为什么会崩溃 
3235606, 33.3, 8.0, 425, 半路出家的投资银行家 
24698948, 23.1, 8.4, 50, 量化投资策略 
4923147, 31.7, 8.0, 318, 史上最伟大的交易 
26883450, 12.7, 7.6, 12, 金融炼金术的终结 
6849713, 32.8, 8.7, 200, 银行的秘密 
1692957, 41.6, 8.3, 1303, 十年一梦 
26194949, 21.7, 8.7, 33, 财务模型与估值 
25975503, 25.2, 8.3, 77, 金融的哲学 
26670241, 18.7, 8.1, 28, Python金融大数据分析 
4724794, 27.9, 8.5, 105, 财务报表分析 
3027457, 35.0, 8.1, 521, 华尔街幽灵 
1038702, 33.4, 8.0, 431, 贼巢 
2031890, 39.7, 8.3, 936, 以交易为生 
1000425, 31.8, 8.0, 322, 花旗帝国 
20386252, 29.2, 7.7, 276, 金融与好的社会 
24741682, 28.6, 8.6, 108, 力挽狂澜：保罗•沃尔克和他改变的金融世界 
25987324, 22.4, 8.8, 35, 投资银行 
20419190, 27.0, 8.5, 90, 门口的野蛮人2 
1651750, 31.0, 9.1, 110, Stochastic Calculus for Finance I 
1763719, 29.1, 9.3, 72, Market Wizards 
3905263, 27.5, 7.6, 219, 罗斯柴尔德家族.第1部 
3291970, 41.8, 8.0, 2000, 滚雪球（上） 
25735039, 22.5, 8.4, 45, 金融数据分析导论：基于R语言 
1928404, 31.3, 7.5, 520, 1929年大崩盘 
26142366, 23.3, 7.9, 75, 中国巨债 
5976544, 34.5, 8.1, 471, 交易心理分析 
26659659, 26.7, 7.8, 154, 劳阿毛说并购 
26666438, 18.0, 8.4, 21, 癫狂与恐慌 
6793942, 21.1, 8.1, 43, 黄金、美元与权力 
1160483, 35.8, 8.1, 599, 克罗谈投资策略 
25742411, 32.1, 7.3, 807, 亲历投行 
1186753, 33.4, 8.1, 392, 在不确定的世界 
5447147, 39.5, 7.6, 2328, 货币战争3 
19977078, 35.0, 8.5, 344, 股权战争 
1547736, 23.3, 9.1, 34, 不确定条件下的投资 
25840005, 28.7, 8.3, 140, 中国是部金融史2 
4222014, 24.0, 8.4, 58, 稳定不稳定的经济 
10441758, 29.6, 8.2, 179, 证券分析师的最佳实践指南 
1441113, 33.5, 8.4, 290, Monkey Business 
1320298, 26.6, 7.9, 138, 超越恐惧和贪婪 
4884200, 25.1, 7.5, 150, 这次不一样？800年金融荒唐史 
6717799, 26.1, 8.9, 59, 估值建模 
3164123, 42.4, 8.2, 1705, 巴菲特传 
26362997, 28.4, 7.4, 330, 商业冒险 
5385688, 22.7, 8.5, 44, 财务金融建模 
26757535, 15.0, 7.6, 19, 资本的真相 
26737644, 21.3, 8.9, 28, 海外并购交易全程实务指南与案例评析 
26860153, 12.4, 7.5, 12, 汇率的本质 
1489146, 26.2, 8.8, 64, 固定收益证券手册 
1022739, 32.5, 8.0, 371, 从牛顿、达尔文到巴菲特 
4139254, 23.9, 7.7, 99, 利率史 
3845101, 39.7, 7.9, 1562, 24堂财富课 
2326852, 25.6, 8.4, 76, 技术革命与金融资本 
25777447, 33.9, 7.9, 529, 货币战争5 
10434287, 35.1, 8.0, 587, 搞懂金融的第一本书 
26383233, 16.2, 8.1, 18, 中央银行与货币供给 
1083161, 39.1, 8.4, 760, 风险投资家环球游记 
4244804, 36.9, 8.5, 465, 笑傲股市 
7052101, 25.2, 8.5, 67, 价值 
1179158, 25.1, 8.3, 76, 拯救日本 
1253945, 34.9, 8.6, 304, 金钱游戏 
2111085, 36.2, 9.2, 221, 财务报表分析 
3361807, 24.5, 8.0, 86, Quantitative Trading 
3351179, 30.5, 8.1, 231, 股市长线法宝 
26220124, 23.7, 8.4, 56, 货币野史 
10484710, 20.7, 9.1, 23, 鲍尔货币金融学 
3031727, 29.5, 9.0, 93, 中国货币史 
23009927, 28.3, 8.6, 104, 中国企业跨境并购 
3225659, 31.8, 8.3, 239, 金融帝国 
5992415, 26.6, 9.2, 53, 企业上市审核标准实证解析 
2013150, 24.8, 8.2, 78, 债券市场分析和策略 
1879127, 21.7, 8.1, 48, 基于Excel和VBA的高级金融建模 
1057378, 30.0, 7.8, 286, 非同寻常的大众幻想与群众性癫狂 
25784098, 27.7, 7.3, 323, 华尔街之狼 
5912230, 28.9, 7.3, 411, 世界是部金融史 
26421264, 29.7, 7.7, 305, 期货大作手风云录—初入期海 
21964791, 28.9, 8.6, 114, 两次全球大危机的比较研究 
1104482, 28.0, 8.2, 136, 投资学精要 
3575823, 31.2, 8.5, 182, 股权投资基金运作 
1029336, 21.7, 7.4, 84, 财务骗术 
26816965, 17.7, 8.0, 25, 股价为什么会上涨 
1860877, 32.7, 8.1, 341, 货币的祸害 
22741516, 26.0, 7.9, 123, 美联储 
21324988, 26.3, 8.4, 86, 有效资产管理 
25860723, 24.7, 9.4, 36, Economic Principles 
1908206, 29.5, 7.7, 289, 沸腾的岁月 
2151543, 31.2, 8.0, 291, 与天为敌 
1650656, 35.0, 9.3, 173, Stochastic Calculus for Finance II 
11519248, 29.2, 8.4, 141, 投资之道 
25837660, 22.7, 7.4, 102, 投资者的敌人 
25941373, 19.4, 8.1, 32, 令人惊艳的十年 
1977840, 26.9, 7.7, 175, 房间里最精明的人 
1024450, 23.7, 8.6, 49, 价值再发现 
26419787, 22.8, 9.5, 26, 公司价值分析 
26756689, 15.5, 8.1, 16, 货币数量、利率调控与政策转型 
24705392, 26.7, 6.9, 429, 金融可以颠覆历史 
3434087, 33.8, 8.4, 310, 钱商 
1727778, 23.4, 8.9, 39, Dynamic Hedging 
4146584, 18.3, 6.9, 64, 资产配置的艺术 
20413944, 24.7, 8.5, 61, 金融投机史 
3698555, 29.5, 7.3, 469, 货币崛起 
3398336, 26.7, 8.0, 128, 供应链金融 
4100680, 41.2, 8.6, 858, 巴菲特的护城河 
26582449, 22.0, 8.5, 39, 中国资产证券化操作手册 
2131777, 27.8, 7.6, 231, 财富的帝国 
25846145, 23.9, 7.8, 91, 布雷顿森林货币战 
4217138, 31.6, 7.6, 493, 高盛帝国（下） 
3292060, 41.0, 8.1, 1501, 滚雪球（下） 
3898010, 25.1, 8.3, 76, 市场的(错误)行为:风险、破产与收益的分形观点 
1019877, 30.6, 8.4, 179, 开放社会 
6977935, 35.2, 7.5, 1139, 货币战争4 
25882350, 29.3, 8.6, 122, Dealing with China 
10550572, 22.4, 7.8, 68, 金钱关系 
6526466, 18.7, 8.1, 28, 行为金融 
11641858, 23.6, 8.7, 45, 风险投资交易 
3729148, 20.7, 9.3, 21, 财务管理基础（上.下册） 
2341113, 37.4, 8.6, 462, 走进我的交易室 
10815976, 21.7, 9.0, 28, 股权资产估值 
25902226, 42.3, 8.3, 1471, 时寒冰说：未来二十年，经济大趋势（现实篇） 
26643579, 21.0, 7.5, 67, 图说金融史 
6967545, 29.3, 8.0, 207, 嚣张的特权 
2031077, 24.5, 7.4, 147, 疯狂的投资 
25730741, 21.7, 8.7, 33, 私募股权投资管理 
11614505, 33.2, 8.0, 419, 避开股市的地雷 
1786066, 25.3, 9.4, 39, Trading and Exchanges 
4009346, 31.1, 9.1, 112, Investment Banking 
3393534, 30.7, 8.2, 219, 在股市大崩溃前抛出的人 
1425600, 26.7, 7.9, 141, 戴维斯王朝 
4023402, 27.0, 8.0, 135, 经济指标解读 
26296578, 22.1, 6.9, 152, 我的钱：互联网金融，如何理财？ 
2977274, 27.6, 8.1, 138, 黄金屋 
1706274, 22.4, 9.1, 30, 现代投资组合理论和投资分析 
5367863, 20.9, 9.0, 25, 达摩达兰论估价 
26879229, 18.2, 7.9, 29, 读懂银行股 
26894260, 12.2, 7.8, 10, 投资交易笔记（续） 
4894568, 26.6, 8.2, 106, 个人理财 
6075190, 21.3, 8.5, 35, Pitch Anything 
23801526, 23.3, 6.8, 226, 私募帝国 
20471994, 23.7, 8.5, 52, 中国股市 
3265723, 24.9, 7.9, 101, 喧哗与骚动 
1146003, 30.4, 8.3, 189, 重塑证券交易心理 
6522164, 24.7, 8.1, 83, 外汇交易指南 
1812833, 43.2, 8.7, 1067, 穷人的银行家 
26394923, 20.7, 8.7, 28, 私募股权基金筹备、运营与管理 
25755771, 27.0, 8.1, 125, 清教徒的礼物 
6517366, 27.0, 7.7, 181, 我在高盛的经济预测法 
2075831, 27.5, 7.7, 198, 疯狂、惊恐和崩溃 
1695059, 21.0, 8.5, 33, Active Portfolio Management 
24738759, 25.5, 8.1, 95, 祖鲁法则 
25779423, 28.9, 7.3, 414, 老二非死不可 
5377802, 23.3, 8.1, 64, 不作不死 
26360411, 19.3, 7.6, 44, 亚洲财务黑洞 
25779411, 18.1, 8.2, 24, 从众危机 
20272111, 26.7, 8.1, 117, 债 
1193606, 24.7, 8.1, 82, 兼并、收购与公司重组 
25934012, 24.8, 8.4, 67, 定价未来 
1045597, 29.7, 8.0, 222, 巴菲特的投资组合 
26699908, 20.3, 7.1, 82, 刚性泡沫 
3121870, 28.1, 9.1, 71, A Practical Guide To Quantitative Finance Interviews 
25781918, 27.8, 7.2, 370, 比特币 
4904712, 35.2, 8.4, 387, 投机者的扑克 
1462498, 26.1, 9.2, 49, Monte Carlo Methods in Financial Engineering (Stochastic Modelling and Applied Probability) 
1082999, 23.6, 7.7, 93, 技术分析 
3056628, 24.3, 8.4, 61, 香港企业购并经典 
2567431, 20.9, 7.8, 52, 伦巴第街 
26318341, 26.7, 6.7, 571, 风口上的猪 
22704028, 22.4, 7.8, 69, 逆向投资策略 
21966354, 26.9, 7.6, 194, 基金长青 
26612357, 14.9, 8.0, 15, 人为制造的脆弱性 
3026395, 23.9, 6.7, 294, 华尔街操盘手日记 
21336693, 21.1, 7.9, 50, 世界是部金融史 
2011330, 24.5, 7.4, 147, 我是如何弄垮巴林银行的 
3905269, 27.1, 8.0, 137, 罗斯柴尔德家族.第2部 
5264604, 27.4, 7.7, 193, 我在摩根士丹利做高管 
24863293, 28.0, 8.5, 107, 欧元的悲剧 
26022791, 16.5, 7.4, 29, REITs：房地产投资信托基金（原书第4版） 
10739338, 29.6, 7.9, 239, 对冲基金风云录2 
25662386, 24.2, 8.1, 75, 大对决：即将爆发的中美货币战争 
10481001, 26.9, 8.2, 113, 大债 
25853790, 17.7, 8.0, 25, 投资策略实战分析 
26655811, 14.2, 7.5, 17, 估值的艺术：110个解读案例 
2052897, 27.2, 7.7, 188, 苏黎世投机定律 
1041539, 31.0, 8.1, 253, 格雷厄姆投资指南 
3167333, 30.2, 7.8, 300, 曾经德隆 
20480825, 26.5, 8.6, 77, 未来十年 
2182465, 26.0, 7.2, 252, 客户的游艇在哪里 
2216425, 19.8, 7.3, 62, 资本暗战 
5281775, 29.3, 8.1, 186, 奥马哈之雾 
1916270, 30.9, 7.6, 429, 华尔街的肉 
20279780, 19.6, 8.1, 33, 国际金融危机 
25858761, 23.8, 7.6, 106, 互联网金融手册 
4199482, 31.0, 7.9, 314, 我是布隆伯格 
1806489, 28.1, 9.0, 75, Heard on the Street 
6146438, 24.2, 7.7, 104, 企业上市解决之道 
24868873, 19.8, 7.4, 57, 垃圾债券之王 
3340424, 23.5, 7.5, 110, 闲不住的手 
10528527, 16.6, 7.3, 32, 中国资本市场二十年 
25917388, 25.8, 7.7, 144, 我为什么离开高盛 
2284696, 30.7, 9.2, 97, Seeking Wisdom 
25779081, 30.8, 8.8, 132, 教你炒股票 
26633750, 22.2, 7.6, 78, 金融的逻辑 2 
10566133, 21.0, 7.6, 62, 罗斯柴尔德家族（上） 
1182173, 48.3, 8.9, 1893, 炒股的智慧 
4001189, 27.6, 7.8, 183, 外汇短线交易的24堂精品课 
6536617, 21.6, 9.3, 24, Statistics and Data Analysis for Financial Engineering 
6110322, 22.4, 8.0, 59, 沃伯格家族 
3164293, 34.2, 8.8, 229, 七天读懂宏观经济 
1431096, 24.7, 8.0, 90, 财务报表分析与证券定价 
25841314, 20.2, 6.7, 123, 投行笔记 
4894684, 36.2, 8.7, 344, 创业之初你不可不知的融资知识 
6064948, 15.5, 7.3, 25, CFA考试核心词汇手册 
1396346, 24.2, 8.4, 60, 创造金钱  长期资本管理公司的传奇 
1023812, 24.1, 8.9, 43, 华尔街证券分析 
6021089, 17.2, 7.6, 29, 国债的历史 
1317115, 26.4, 8.4, 88, 金融市场与机构通论 
7060413, 27.4, 6.4, 1123, 看懂财经新闻的第一本书 
6976275, 24.9, 7.3, 179, 我的PE观 
3793874, 25.2, 7.7, 128, 白话金融投资 
26741126, 12.0, 7.7, 10, The End of Alchemy 
1084669, 25.2, 7.3, 189, 上市公司财务报表解读 
26177552, 15.0, 7.9, 16, 公司并购重组原理、实务及疑难问题诠释 
3669234, 22.0, 7.8, 63, 一路骗到底 
26302735, 24.5, 8.1, 80, 中国赌金者 
6309791, 29.7, 8.4, 153, Boomerang 
10566135, 20.8, 8.5, 32, 罗斯柴尔德家族（下） 
26766981, 20.8, 7.7, 55, 帝国之弧 
2326487, 28.6, 9.3, 67, 郎咸平学术文选（全二册） 
3376690, 43.5, 8.4, 1599, 中国怎么办 
2175109, 19.5, 8.8, 22, 金融工程原理 
20451565, 14.4, 8.1, 13, 货币政策 
1047898, 27.4, 8.2, 123, 操盘建议-全球顶尖交易员的成功实践和心路历程 
2269563, 21.9, 8.7, 34, Option Volatility &amp; Pricing 
2006592, 34.5, 8.3, 386, 资本的秘密 
23789345, 31.9, 8.9, 146, 渐行渐远的红利 
3574119, 36.6, 7.5, 1497, 郎咸平说：金融超限战 
3611560, 27.4, 7.4, 268, 索罗斯传 
24385064, 28.8, 8.3, 144, 一个农民的亿万传奇 
26664349, 17.5, 7.6, 31, 金融危机简史 
1018037, 20.7, 7.6, 58, 金融体系中的投资银行 
2004704, 28.6, 7.9, 199, 金融知识国民读本 
26692059, 15.4, 6.9, 33, 印钞者 
4888394, 26.5, 8.0, 124, 赢得输家的游戏 
10527305, 23.5, 7.1, 167, 房地产大周期的金融视角 
1464794, 23.5, 8.7, 44, Brownian Motion and Stochastic Calculus 
20387813, 24.2, 8.3, 65, China&#39;s Superbank 
10345303, 15.0, 7.6, 19, 第一排 
1060750, 27.5, 8.7, 84, 投资学（第五版·上） 
3404524, 30.2, 8.3, 183, 别了，雷曼兄弟 
26637083, 20.4, 7.6, 55, 中国式投行 
6801745, 27.1, 8.0, 139, 日本蜡烛图技术新解 
4928906, 29.3, 8.0, 207, 作局 
20272283, 23.9, 7.7, 100, 交易圣经 
5214779, 23.9, 7.7, 100, 日本蜡烛图教程 
4143532, 23.4, 7.6, 98, 金融简史 
25845610, 18.8, 8.5, 23, 一以贯之 
3198695, 26.3, 7.5, 191, 黄金简史 
1488504, 31.7, 7.8, 398, 我如何在股市赚了200万 
11578494, 17.7, 8.5, 19, 信用战 
1951540, 27.1, 8.0, 138, 至高无上 
3905271, 21.7, 7.9, 56, 罗斯柴尔德家族.第4部 
10595870, 21.8, 7.8, 61, 解读中国经济指标 
3802303, 17.8, 7.4, 38, 中国债券资本市场（中文版） 
4147028, 25.2, 7.5, 155, 迷失的盛宴 
3405179, 19.3, 7.7, 41, 别人的钱 
1126013, 21.7, 8.6, 35, 金融市场与公司战略（上下册） 
24758489, 27.7, 7.2, 359, 投资哲学 
10827534, 23.9, 6.8, 258, 证券市场基础知识 
10566134, 18.7, 8.0, 30, 罗斯柴尔德家族（中） 
26306021, 13.3, 7.3, 16, 缠中说禅选集 
26269056, 18.5, 8.0, 29, 银行3.0：移动互联时代的银行转型之道 
5261732, 33.8, 7.6, 761, 华尔街 
2973743, 22.0, 8.0, 55, BCG视野 
6078732, 22.1, 8.0, 56, 价值投资 
1035275, 25.9, 7.0, 314, 逆向思考的艺术 
26220243, 19.6, 8.0, 35, 钢贸风云 
26309440, 15.1, 7.3, 23, 狮子银行 
3425317, 24.5, 7.4, 149, 台湾股市大泡沫 
21966329, 21.1, 7.4, 74, 危机与变革 
4191818, 32.8, 7.7, 550, 彼得·林奇教你理财 
3043742, 28.3, 7.8, 210, 外汇交易进阶 
1491845, 26.9, 7.7, 175, 操纵金钱 
26396020, 21.5, 8.3, 41, 从零开始学炒股：股票入门与实战 
3716052, 29.9, 8.1, 207, 看懂股市新闻 
4888389, 14.2, 7.4, 18, 投资学:以EXCEL为分析工具(原书第3版) 
3872873, 25.8, 8.3, 86, 智者傲行 
1057847, 23.6, 8.1, 68, 投资革命 
1440229, 26.4, 7.5, 196, 下一个大泡泡 
2287680, 27.3, 7.3, 294, 魔鬼投资学 
1005496, 18.3, 8.5, 21, 沃尔特.瑞斯顿与花旗银行 
2133035, 25.8, 6.5, 640, 操盘手 
4789777, 28.9, 7.9, 212, 安东尼·波顿的成功投资 
3034092, 22.9, 7.7, 82, 长赢投资 
1419377, 32.4, 9.3, 117, 利息理论 
1024305, 22.2, 7.7, 72, 散户至上 
3172230, 19.4, 8.0, 34, 中国式私募股权投资 
1149565, 23.4, 8.4, 53, 金融工程学 
24845037, 27.0, 8.8, 73, 还有多久 
4119096, 28.8, 7.4, 354, 查理·芒格传 
6403593, 49.6, 8.6, 3382, 时寒冰说 
26745308, 19.9, 8.2, 33, 个人金融新格局 
5344589, 16.2, 7.9, 20, 疯狂的金钱 
3996306, 21.0, 8.5, 33, How to Make Money in Stocks 
1425749, 26.5, 7.8, 148, 投资心理学 
1965143, 27.3, 8.0, 144, 香港股史 
1511158, 22.5, 8.3, 48, 金融经济学基础 
26650867, 22.3, 7.9, 62, 大牛市·股殇 
6512313, 19.9, 7.5, 54, 财务报表阅读与信贷分析实务 
10572949, 24.8, 7.6, 130, 亚当理论 
5939418, 23.7, 8.2, 64, 中国金融战略2020 
10815975, 20.8, 8.4, 34, 定量投资分析 
6039989, 18.3, 8.7, 19, Confidence Game 
6100791, 22.5, 7.9, 64, 钱的历史 
3824134, 31.0, 7.4, 562, 动物精神 
26301859, 14.3, 6.0, 60, 投行十年 
1961169, 26.0, 9.1, 51, 期货与期权市场导论 
25808614, 20.0, 6.5, 149, 互联网金融 
1464690, 25.4, 9.0, 50, Financial Calculus 
10432196, 18.8, 8.2, 27, 從自由到壟斷 
25736115, 12.9, 7.4, 14, 成本冲击、通胀容忍度与宏观政策 
25963543, 13.0, 7.1, 17, 资产证券化导论 
4293742, 14.5, 8.0, 14, 资本投资与估值 
1085713, 13.8, 7.6, 15, 投资分析与组合管理（第六版） 
4133450, 24.9, 7.7, 121, 金手铐的救赎——一个投资银行家的海啸后自白 
4012315, 14.6, 6.8, 30, 财经论衡 
26362417, 22.1, 7.9, 60, 破坏式创新——从0到1 VS 从1到N 
1485468, 20.5, 8.8, 26, C++ Design Patterns and Derivatives Pricing 
26588279, 18.8, 7.0, 65, 估值就是讲故事：创业融资与投资 
1435840, 17.7, 7.0, 51, 保险是怎样骗人的和并不骗人的保险 
26335181, 32.9, 8.2, 321, 巴菲特之道 
3284320, 23.4, 8.0, 71, 我们自己制造的魔鬼 
1083869, 22.6, 8.3, 49, 资本经营论 
4035744, 20.4, 7.4, 64, 股票估值实用指南 
26371607, 14.6, 7.9, 15, Efficiently Inefficient 
4188908, 24.5, 7.2, 184, 一个交易者的资金管理系统 
4931687, 22.0, 8.5, 39, 巴菲特致股东的信 
11026291, 14.7, 7.0, 26, 高收益债券与杠杆收购 
3315483, 38.8, 7.8, 1505, 郎咸平说：谁都逃不掉的金融危机 
4909201, 32.0, 8.0, 334, 再危机 
5933765, 16.4, 7.9, 21, Best Practices for Equity Research Analysts 
4862511, 30.3, 7.6, 377, 被绑架的中国经济 
