Tag: 随笔 

ID, Score, Rating, Votes, Title 
26883447, 33.8, 9.4, 134, 在人群中消失的日子 
20427187, 73.0, 8.8, 108250, 看见 
4238362, 69.1, 8.6, 82617, 送你一颗子弹 
1054685, 68.3, 9.0, 36543, 沉默的大多数 
26698223, 39.5, 9.2, 366, 永恒的时光之旅 
3995526, 69.5, 8.7, 73471, 目送 
6388661, 66.9, 8.8, 40950, 这些人，那些事 
7060185, 64.7, 9.0, 21045, 江城 
26831788, 38.5, 8.0, 1088, 旅行与读书 
1088581, 60.8, 8.9, 13377, 浮生六记 
3813669, 66.2, 8.6, 51442, 民主的细节 
26889865, 34.4, 7.5, 980, 我不知道该如何像正常人那样生活 
26278687, 54.4, 7.8, 28692, 皮囊 
26890235, 39.1, 8.1, 1071, 白事会 
1361264, 70.7, 9.0, 53309, 撒哈拉的故事 
3369793, 67.1, 8.7, 50100, 亲爱的安德烈 
26899220, 30.6, 9.1, 103, 生活，是很好玩的 
1253310, 52.6, 8.9, 3714, 人间草木 
26791998, 37.0, 8.3, 585, 山中的糖果 
25747921, 52.3, 7.2, 67693, 从你的全世界路过 
1023045, 67.9, 8.6, 68280, 我们仨 
26733854, 40.4, 8.7, 675, 明天也是小春日和 
3369600, 59.6, 8.1, 41839, 当我谈跑步时我谈些什么 
4124727, 58.2, 8.1, 32523, 孤独六讲 
26264154, 43.1, 8.6, 1164, 悲伤与理智 
25920202, 51.0, 8.6, 4299, 泛若不系之舟 
3339812, 50.1, 9.3, 1593, 木心作品八种 
4207781, 63.7, 8.8, 24579, 孩子你慢慢来 
26587564, 41.1, 8.3, 1187, 我已与一万亿株白桦相逢 
26613052, 44.2, 8.7, 1249, 我的造梦之路 
26848051, 41.6, 8.8, 734, 造房子 
26698598, 41.0, 8.2, 1334, 有如走路的速度 
26791617, 36.8, 8.0, 800, 大好河山可骑驴 
1865089, 58.1, 8.4, 19067, 瓦尔登湖 
4884218, 58.8, 8.8, 11273, 我的阿勒泰 
26865082, 33.8, 7.7, 669, 就这样吧 
1003284, 54.8, 8.1, 17886, 退步集 
26363926, 36.6, 8.6, 402, 何为良好生活 
1056461, 55.7, 8.3, 14838, 旅行的艺术 
4881850, 56.4, 9.0, 5873, 阿勒泰的角落 
6397275, 59.7, 9.0, 9789, 此生未完成 
3344676, 58.4, 8.1, 34106, 常识 
10522856, 57.7, 9.0, 7110, 冬牧场 
26053771, 43.8, 8.6, 1315, 小于一 
1001885, 58.6, 8.5, 17459, 带一本书去巴黎 
20463108, 56.3, 8.3, 16382, 观念的水位 
22542435, 39.3, 7.6, 2234, 我是开豆腐店的，我只做豆腐 
26685539, 36.7, 8.1, 696, 有鹿来 
1015864, 51.3, 9.0, 2658, 惶然录 
4238144, 52.0, 9.1, 2649, 岁朝清供 
1949679, 53.5, 8.7, 5564, 素履之往 
26864237, 29.2, 8.6, 120, 爱欲与哀矜 
26692468, 41.7, 8.6, 931, 智识分子 
26801234, 31.8, 7.9, 363, 我二十九岁的夏天 
26802388, 34.3, 7.6, 835, 自在独行 
25984204, 52.3, 7.6, 28576, 乖，摸摸头 
26920390, 24.1, 9.4, 33, 自由的夜行 
26657573, 32.2, 8.3, 257, 眼前 
1014578, 63.4, 9.0, 17227, 我的精神家园 
1061242, 53.6, 8.8, 4967, 写在人生边上 
26841113, 31.0, 9.2, 102, 岁月沧桑 
1227844, 52.4, 8.8, 4094, 雅舍谈吃 
4151117, 47.8, 8.5, 2896, 阴翳礼赞 
4872671, 57.7, 8.2, 24855, 佛祖在一号线 
1073349, 55.5, 8.8, 6694, 写在人生边上 人生边上的边上 石语 
3642673, 55.3, 8.0, 23089, 我执 
25982254, 47.4, 8.1, 4701, 大萝卜和难挑的鳄梨 
1924318, 48.3, 8.9, 1909, 汪曾祺谈吃 
3014576, 62.6, 8.4, 40604, 陪安东尼度过漫长岁月 
1005358, 55.0, 9.2, 3653, 寻找家园 
1027191, 66.3, 9.0, 26831, 历史深处的忧虑 
1012401, 31.6, 8.5, 193, 蓝色笔记本 
1292412, 49.3, 9.1, 1760, 叔本华思想随笔 
26430928, 30.0, 7.4, 458, 如何独处 
26610864, 40.7, 8.2, 1260, 浮生六记 
1209899, 62.8, 9.0, 15714, 我与地坛 
2240482, 50.2, 8.0, 9248, 走到人生边上 
26877850, 32.2, 8.2, 283, 你就适可而止吧 
26272073, 40.1, 8.1, 1277, 一生里的某一刻 
25944034, 45.5, 8.6, 1744, 菊次郎与佐纪 
4240403, 40.6, 7.1, 6836, 最好的女子 
26335687, 34.4, 7.6, 853, 我在最温暖的地方等你 
6864307, 47.1, 7.4, 14960, 像我这样笨拙地生活 
5401989, 51.5, 8.1, 9778, 自由在高处 
5327697, 59.2, 8.3, 27103, 橙 
26883163, 24.0, 8.5, 55, 好一座浮岛 
10607710, 50.1, 8.0, 9053, 世间的盐 
4773224, 52.4, 8.3, 8421, 生活十讲 
26785701, 38.1, 7.5, 2056, 月童度河 
4113090, 51.0, 7.4, 33308, 我们台湾这些年 
1933931, 50.9, 8.7, 3675, 沿着塞纳河到翡冷翠 
26646456, 34.3, 8.1, 455, 无尽绿 
25735727, 48.8, 8.2, 5216, 站在两个世界的边缘 
26787813, 32.1, 8.4, 232, 纸上染了蓝 
1015767, 45.7, 8.0, 4094, 门萨的娼妓 
5336228, 45.0, 8.7, 1409, 作家笔记 
25846182, 42.2, 7.5, 4649, 鱼羊野史·第1卷 
1460313, 51.6, 8.4, 6307, 哥伦比亚的倒影 
26390229, 41.9, 8.0, 2048, 把生命浪费在美好的事物上 
10587562, 45.0, 8.2, 2686, 东京日和 
1492634, 47.1, 8.3, 3361, 生活的艺术 
25913058, 42.0, 7.9, 2366, 我爱这哭不出来的浪漫 
6126821, 43.8, 8.4, 1665, 远方的鼓声 
2156168, 42.2, 8.4, 1281, 书读完了 
1003986, 54.6, 8.8, 5830, 病隙碎笔 
26704405, 24.2, 8.3, 65, 树敌 
10607793, 46.3, 8.5, 2243, 刀与星辰 
24525766, 38.8, 8.7, 525, 记忆小屋 
26606389, 40.3, 7.4, 3768, 白说 
4246151, 46.8, 8.0, 4973, 厨房里的人类学家 
2301475, 41.6, 8.4, 1156, 人间食粮 
5333599, 51.6, 8.2, 8599, 春天责备 
4905854, 48.9, 8.9, 2089, 将饮茶 
25908110, 35.0, 8.5, 343, 诗人的迟缓 
20513012, 42.6, 7.6, 4259, 无比芜杂的心绪 
5290534, 48.3, 7.8, 8991, 为了报仇看电影 
26849731, 31.7, 8.1, 286, 看了高兴的爱情故事 
2216583, 51.2, 8.8, 3396, 沉重的肉身 
10770743, 36.0, 9.4, 184, 林达作品集（全九册) 
26873638, 35.3, 9.2, 194, 活着本来单纯 
25849892, 39.2, 8.8, 506, 人间滋味 
26253714, 30.7, 7.9, 297, 在西伯利亚森林中 
25639223, 48.9, 8.3, 4596, 身边的江湖 
25961455, 32.5, 8.4, 247, 重读 
1045201, 49.3, 8.2, 5713, 哲学的慰藉 
20425053, 50.6, 7.7, 16844, 我所理解的生活 
2988943, 52.8, 8.3, 9012, 青灯 
25912887, 35.3, 6.8, 3661, 练习一个人 
26929750, 27.3, 9.8, 42, 贪心的女人更好命 
4836601, 39.2, 8.3, 855, 扪虱谈鬼录 
3267934, 47.0, 8.4, 2883, 日本四季 
4212607, 46.6, 7.6, 9230, 有味 
25897333, 39.4, 7.5, 2630, 我讲个故事，你可别当真啊 
26575812, 45.1, 7.3, 12130, 阿弥陀佛么么哒 
10834769, 40.7, 7.7, 2501, 门外汉的京都 
1398441, 49.4, 9.1, 1770, 汪曾祺散文 
3740431, 48.9, 8.4, 3952, 灵魂只能独行 
3880832, 49.7, 8.2, 6145, 认得几个字 
2294993, 48.7, 8.2, 5132, 纽约琐记（修订版） 
25753361, 52.8, 8.7, 4975, 最好金龟换酒 
1288913, 45.4, 8.3, 2511, 半生为人 
26314606, 33.6, 8.6, 248, 打回原形 
25935074, 40.4, 8.1, 1365, 文·堺雅人：憧憬的日子 
3018322, 46.0, 7.6, 8299, 活着活着就老了 
1059040, 46.6, 8.6, 2092, 雅舍小品 
3566368, 52.1, 8.3, 7949, 空谷幽兰 
5252677, 54.1, 8.1, 15667, 幸福了吗? 
1907199, 53.0, 8.6, 5969, 扫起落叶好过冬 
26171593, 37.3, 7.5, 1724, 今天也要用心过生活 
4208780, 48.5, 8.1, 5775, 流浪集 
1035326, 50.5, 8.7, 3447, 一次・图片和故事 
25778837, 44.6, 8.3, 2188, 时差党 
25788697, 38.6, 7.6, 1932, 一切都是最好的安排 
1075538, 52.9, 8.2, 10723, 普罗旺斯的一年 
1053088, 51.7, 9.2, 2255, 陶庵梦忆 西湖梦寻 
3463292, 45.0, 9.2, 828, 叔本华美学随笔 
10537645, 38.3, 8.4, 661, 岛屿书 
2295324, 51.3, 8.6, 4483, 地下乡愁蓝调 
26830671, 25.8, 8.2, 92, 愿你出走半生，归来仍是少年 
1273759, 44.4, 8.2, 2412, 人在欧洲 
25985499, 34.9, 7.6, 942, 这一生，静待时光检验 
26919685, 18.9, 8.6, 22, 365日 
6440324, 38.9, 8.4, 733, 人各有异 
1022783, 46.3, 8.2, 3369, 用我一辈子去忘记 
21346636, 53.3, 9.4, 2279, 三毛典藏全集 
26325928, 41.4, 8.4, 1108, 人在纽约 
11588627, 43.8, 7.9, 3330, 无非求碗热汤喝 
26679240, 34.9, 7.6, 932, 槽边往事 
26420555, 38.0, 8.0, 1009, 何必等来生 
7064313, 50.4, 7.8, 13448, 突然就走到了西藏 
3311009, 47.6, 7.2, 24883, 原来你非不快乐 
1041414, 45.9, 8.6, 1868, 威尼斯日记 
2339950, 55.0, 7.8, 32333, 被窝是青春的坟墓 
25870967, 36.2, 8.3, 515, 时蔬小话 
26413835, 37.5, 8.2, 720, 匠人 
26686234, 33.9, 8.5, 286, 身為職業小說家 
20375515, 36.4, 8.2, 595, 重生：桑塔格日记与笔记1947～1963 
6438955, 27.0, 8.2, 114, 北京十年 
26480625, 34.2, 8.0, 505, 午夜降临前抵达 
26819278, 23.7, 8.8, 43, 一曲微茫 
26476959, 30.5, 8.3, 193, 我青春漫游的时代 
2070844, 63.8, 8.8, 25001, 梦里花落知多少 
5317075, 50.5, 7.2, 46225, 蔡康永的说话之道 
25818124, 34.1, 8.2, 395, 翡翠岛编年 
1491630, 43.8, 8.7, 1174, 小窗幽记 
26927806, 30.1, 9.7, 65, 你要相信，最好的总会到来 
26879486, 30.1, 7.8, 293, 最初不过你好 
1829614, 50.9, 8.6, 4220, 琼美卡随想录 
26862170, 21.8, 7.9, 57, 冰雪纪行 
26357269, 34.0, 7.2, 1376, 京都山居生活 
26775628, 28.2, 7.5, 279, 好好地吃一朵西蓝花 
1401795, 48.9, 8.6, 3042, 时间的玫瑰 
25935075, 39.5, 8.1, 1150, 文·堺雅人：健康的日子 
26578484, 31.8, 7.3, 756, 世界上有趣的事太多 
6794016, 43.5, 7.5, 6010, 如何成为一个怪物 
26841391, 30.1, 7.6, 368, 把你交给时间 
24527845, 40.8, 7.0, 8661, 我讲个笑话，你可别哭啊 
26786630, 24.2, 8.2, 70, 采葑小集 
25808222, 48.5, 8.2, 4958, 黄 
2209227, 43.6, 8.3, 1839, 一个孤独漫步者的遐想 
3410833, 48.1, 8.6, 2675, 给青年艺术家的信 
26451439, 38.8, 8.1, 1022, 木心谈木心 
1008732, 47.6, 8.4, 3213, 失败之书 
25898124, 42.0, 7.6, 3762, 得未曾有 
26794598, 33.3, 8.2, 347, 过去的痛 
26905604, 31.4, 9.7, 78, 此刻不爱的人，都有罪 
21770836, 40.8, 8.5, 898, 八九十枝花 
20413794, 45.8, 7.7, 6670, 眠空 
1056315, 60.2, 8.8, 14145, 总统是靠不住的 
6902639, 53.5, 7.9, 20114, 青春 
26849480, 22.2, 8.8, 34, 捕梦之乡 
25843055, 34.8, 9.1, 194, 花花朵朵坛坛罐罐 
26318808, 36.3, 7.5, 1430, 我的脖子让我很不爽 
3606804, 42.6, 8.2, 1771, 徒然草 
2143304, 52.5, 8.1, 11825, 我爱问连岳 
26862453, 22.0, 8.7, 35, 大地栖居 
26409799, 33.4, 7.4, 908, 独立日：用一间书房抵抗全世界 
1823058, 42.0, 8.3, 1403, 关于他人的痛苦 
1010888, 47.6, 8.4, 3208, 一路走来一路读 
25829051, 38.3, 8.1, 926, 与小泽征尔共度的午后音乐时光 
2377014, 41.9, 8.2, 1566, 阅读的故事 
1077196, 43.7, 8.6, 1288, 蒙田随笔全集（全三册） 
1760730, 44.4, 8.3, 2121, 伍尔夫读书随笔 
4059800, 44.8, 8.0, 3454, 私语书 
26303593, 33.7, 8.4, 302, 三个胡安在海边 
26840675, 21.6, 8.8, 31, 自然骨魄 
4160472, 41.2, 8.5, 967, 告诉我，你怎样去生活 
25900956, 36.4, 7.9, 851, 刻小说的人 
5289756, 51.0, 7.9, 12684, 爱的地下教育 
1049361, 47.2, 8.3, 3402, 比我老的老头 
26431217, 37.2, 8.6, 445, 在江湖 
5419801, 41.3, 8.4, 1095, 别样的色彩 
26898387, 21.4, 8.3, 40, 虚伪的真心话 
26416401, 39.1, 7.4, 2940, 我敢在你怀里孤独 
20278799, 48.4, 7.6, 13117, 三十六大 
4912688, 47.8, 8.5, 2889, 干校六记 
1014825, 60.2, 9.0, 10535, 我也有一个梦想 
26761291, 35.9, 9.0, 251, 人间草木 
3931106, 34.2, 8.8, 228, 宇宙秘密：阿西莫夫谈科学 
1856285, 51.0, 7.3, 41228, 人生若只如初见 
25858068, 40.6, 7.6, 2880, 100个基本 
26214729, 39.4, 8.4, 797, 如果我能说了算 
5908161, 43.0, 8.5, 1304, 雨天的书 
1073253, 46.9, 8.8, 1717, 闲话闲说 
26348734, 30.5, 8.4, 176, 听客溪的朝圣 
26782781, 30.4, 7.6, 387, 不必交谈的时刻 
1041616, 44.9, 7.4, 9555, 那些忧伤的年轻人 
4246990, 34.1, 8.0, 491, 吃透法兰西 
25961294, 37.8, 8.2, 757, 虫子旁 
1888215, 46.5, 8.4, 2650, 即兴判断 
26577701, 28.1, 8.0, 167, 我的美的世界 
26907029, 31.9, 9.1, 125, 天真人类 
26584734, 38.8, 8.4, 721, 乐之本事 
3391717, 44.5, 8.1, 2837, 中国好人 
1030052, 57.8, 7.9, 44434, 清醒纪 
1812843, 34.1, 7.7, 709, 在中国屏风上 
6709834, 51.1, 8.4, 5739, 爸爸爱喜禾 
26639786, 36.6, 8.1, 686, 舍得，舍不得 
26293675, 31.9, 7.2, 884, 晚安，我亲爱的人 
24714245, 35.5, 7.8, 807, 看得开,放得下,才是人生 
2136140, 59.1, 8.7, 13734, 雨季不再来 
1072189, 45.8, 8.8, 1438, 百年思索 
6844469, 42.4, 8.1, 1943, 走夜路请放声歌唱 
19899834, 38.9, 7.2, 3916, 只愿你曾被这世界温柔相待 
10519369, 45.5, 9.4, 726, 万物生光辉 
26282087, 33.2, 7.8, 527, 把所有失眠的夜都给你 
26313575, 35.0, 8.2, 465, 各自爱 
25975888, 34.3, 8.5, 303, 食事 
26253701, 30.0, 8.6, 137, 船夫日记 
26368561, 33.2, 8.3, 304, 薄薄的故乡 
10597973, 41.8, 8.1, 1745, 旧山河 
26808156, 25.3, 9.3, 41, 你可以活成自己喜欢的模样 
1949417, 42.0, 8.2, 1593, 这就是纽约 
26775392, 23.8, 7.8, 89, 星期一没有什么故事可说 
25849895, 39.4, 8.9, 475, 人间草木 
26278884, 27.9, 8.4, 114, 文化不是味精 
20433605, 39.2, 7.8, 1620, 因自由而美丽 
3401286, 39.3, 8.2, 982, 冷记忆1 
26667280, 21.3, 7.6, 65, 虽然没有遇到什么困难，但我就是要逃避 
26801831, 34.3, 7.3, 1269, 在宇宙间不易被风吹散 
26304071, 28.4, 8.1, 158, 京都人生 
25833450, 39.6, 7.6, 2378, 奇石 
26333850, 37.8, 7.5, 1935, 罗辑思维：成大事者不纠结 
26270390, 31.5, 8.7, 160, 亲爱的老爱尔兰 
6084703, 41.3, 7.3, 5462, 独立，从一个人旅行开始 
1004719, 41.4, 8.6, 892, 谈修养 
26857129, 23.5, 7.9, 77, 把日子过成诗 
25660015, 35.1, 6.9, 2891, 以自己喜欢的方式过一生 
26798155, 25.2, 8.0, 97, 古拉格气象学家 
4199685, 47.0, 7.6, 9986, 我读 
6872434, 42.7, 7.6, 4318, 最好的时光在路上 
26762263, 32.4, 8.1, 325, 我被封杀的抒情 
4031698, 46.3, 7.8, 6231, 读者 
26799357, 28.0, 8.6, 98, 情关西游 
10594802, 41.5, 8.0, 1898, 写给无神论者 
2034893, 50.2, 7.6, 18719, 那些男孩教我的事 
25889953, 27.1, 8.4, 99, 古道 
26338071, 33.4, 7.5, 801, 新闻的骚动 
3621542, 48.9, 8.4, 4007, 蓝房子 
1204398, 45.9, 8.8, 1455, 幽梦影 
25741244, 39.7, 7.1, 5640, 我承认我不曾历经沧桑 
2052596, 48.8, 8.2, 5200, 退步集续编 
26252929, 30.5, 8.0, 255, 我只想和你说说话 
24876477, 44.8, 7.4, 9403, 很高兴见到你 
25804649, 35.2, 7.4, 1323, 无知的游历 
26663951, 33.7, 7.8, 582, 唧唧复唧唧 
25883291, 30.1, 8.2, 195, 八百万零一种死法 
26237097, 38.2, 7.6, 1792, 尔本 
26639133, 29.8, 7.6, 344, 我有个好故事，就要你一碗酒 
1878708, 56.3, 8.3, 16473, LA流浪记 
4160794, 43.2, 8.4, 1519, 多余的话 
25837146, 35.7, 7.3, 1686, 倾我所有去生活 
26838657, 23.4, 7.1, 163, 传奇在路上 
25876750, 39.8, 9.0, 458, 看不见的森林 
4861485, 38.2, 7.2, 3400, 就算天空再深 
25797851, 26.7, 8.4, 92, 山家清供 
25945487, 36.8, 7.4, 1817, 鱼羊野史·第2卷 
3689094, 37.7, 8.4, 593, 最美的决定 
25774978, 37.4, 8.7, 418, 眼泪与圣徒 
25958461, 31.1, 6.5, 2391, 一人食 
1056968, 41.7, 8.2, 1503, 老饕漫笔 
3995798, 35.6, 8.4, 418, 讲故事的人 
4882023, 52.3, 9.2, 2449, 万物既聪慧又奇妙 
20267987, 41.1, 7.4, 4426, 孤独美食家 
26593903, 30.3, 8.5, 155, 洗牌年代 
21617698, 31.8, 7.1, 1011, 二十五岁的世界 
1438948, 41.8, 8.5, 1055, 卖桔者言 
26910001, 22.8, 8.9, 35, 这世界偷偷爱着你 
26263052, 33.4, 7.9, 487, 毫无必要的热情 
26827563, 24.0, 8.4, 58, 胡椒树上的鹦鹉 
26658429, 26.7, 7.6, 186, 没有人会因为心碎而绝望 
26367995, 33.4, 7.8, 548, 你心柔软，却有力量 
6826615, 39.8, 7.8, 1838, 台北小吃札记 
3698390, 52.3, 8.6, 5288, 送你一匹马 
26798331, 34.9, 8.9, 235, 醒来觉得甚是爱你 
3225748, 43.2, 7.9, 3001, 路上有惊慌 
20499702, 38.9, 7.7, 1782, 味道·第一宗罪 
1499645, 33.0, 9.5, 111, Essays of E. B. White 
26274801, 35.3, 7.5, 1171, 沉默也会歌唱 
26717937, 26.7, 7.6, 189, 女人的食指 
21360827, 45.8, 9.0, 1152, 朱生豪情书全集 
26661075, 28.8, 8.8, 96, 等鹿来 
6896040, 42.7, 8.2, 1784, 好小猫 
26388796, 34.7, 8.0, 547, 人间卧底 
26851707, 25.3, 7.9, 109, 等一朵花开 
26682087, 29.9, 7.2, 583, 借山而居 
1411023, 33.1, 8.3, 299, 独居日记 
25876615, 30.7, 8.4, 182, 信徒的国度 
25945941, 33.1, 7.1, 1346, 日和手帖001：我们终究是一个人 
3033668, 47.2, 7.8, 7327, 闪开，让我歌唱八十年代 
25820165, 33.1, 8.7, 209, 田园之秋 
26413830, 25.7, 7.2, 238, 这辈子活得热气腾腾 
5938219, 40.3, 7.8, 1992, 昨日书 
1489494, 48.3, 8.5, 3116, 人与永恒 
1939594, 39.7, 7.7, 2082, 京都一年 
20507419, 34.5, 7.0, 2121, 东野圭吾的最后致意 
3621252, 44.5, 7.4, 8816, 曾经 
26937532, 27.8, 9.6, 50, 在不确定的世界寻找确定的自己 
26293455, 31.2, 7.0, 1024, 我依然爱你，我只是不喜欢你了 
1438816, 50.9, 9.1, 2221, 给青年诗人的信 
25784438, 40.6, 8.2, 1230, 不留心，看不见 
5269117, 33.9, 8.8, 216, 现实即弯路 
4841640, 36.3, 8.9, 291, 地下 
1057601, 44.2, 7.8, 4193, 半饱 
6773642, 39.7, 7.7, 2069, 猛虎细嗅蔷薇 
3223719, 36.9, 8.2, 644, 围炉夜话 
4060877, 37.9, 8.6, 499, 约定 
5414391, 66.7, 9.0, 28828, 寻路中国 
1070246, 42.5, 8.6, 1053, 置身于苦难与阳光之间 
11602263, 47.0, 9.1, 1233, 羊道·深山夏牧场 
1963395, 46.8, 8.5, 2461, 鱼丽之宴 
25778829, 37.8, 9.0, 337, 明亮的对话 
11586903, 35.0, 7.9, 656, 夏目漱石的百合 
26838035, 29.3, 7.9, 229, “鬼子”来了 
26411560, 25.5, 7.2, 229, 不被理想束缚的生活 
3062449, 37.6, 9.2, 273, 唐鲁孙作品（六卷精华版） 
1014737, 40.1, 8.2, 1127, 政法笔记 
10437353, 39.9, 8.1, 1248, 我想遇见你的人生 
26696624, 33.9, 7.6, 769, 笑场 
25918820, 39.6, 7.8, 1762, 吴哥之美 
2360390, 42.4, 9.0, 676, 我知道你明天干了什么 
10527371, 40.1, 8.9, 525, 马雁散文集 
3866002, 40.6, 7.2, 5703, 我所爱的香港 
25751322, 32.5, 7.6, 586, 植物的记忆与藏书乐 
6121542, 43.8, 8.0, 2888, 当你途经我的盛放 
1059690, 36.8, 8.5, 460, 辛丰年音乐笔记 
6937888, 45.4, 8.5, 1927, 树犹如此 
26860716, 26.1, 8.4, 84, 视觉008：那就无所畏惧地老去 
26416549, 30.4, 8.3, 188, 兰屿之歌 清泉故事 
6784964, 38.8, 8.5, 643, 观点 
2375972, 46.9, 8.3, 3237, 今朝风日好 
26914330, 30.9, 9.7, 73, 西藏，一个人的浩浩荡荡 
6831222, 40.1, 8.4, 899, 随性而至 
3662421, 40.5, 8.1, 1379, 密涅瓦火柴盒 
3698217, 51.0, 8.6, 4253, 花田半亩 
25799286, 36.1, 8.2, 565, 博尔赫斯的面孔 
5321894, 35.5, 8.5, 374, 崩溃 
26323411, 31.3, 7.7, 409, 想象你是一颗飞翔的种子 
24845284, 40.1, 7.7, 2253, 掷地有声 
25859093, 33.2, 7.2, 1168, 自由的老虎 
5914555, 37.6, 8.0, 932, 暴食江湖 
25752046, 37.6, 8.1, 828, 心如钢铁地追求幸福 
20444403, 29.3, 8.3, 157, 知鱼之乐 
3604331, 47.1, 8.4, 2937, 午夜之门 
25847224, 34.6, 6.9, 2621, 世界与你无关 
26284233, 29.8, 6.6, 1440, 鬼水瓶录 
1137681, 40.8, 8.8, 646, 東坡志林 
23765239, 32.9, 8.2, 323, 世界停在我吻你的时候 
6844359, 33.3, 8.2, 346, 绿光往事 
2339264, 41.8, 8.6, 952, 人为什么活着 
25866817, 30.3, 6.8, 1145, 有些路，只能一个人走 
25921293, 36.3, 6.8, 4646, 愿有人陪你颠沛流离 
26925607, 26.5, 8.7, 72, 不如去闯 
25852665, 36.3, 7.6, 1232, 孤独的人都要吃饱 
3404727, 41.1, 8.4, 1055, 同时 
1055709, 22.2, 8.6, 38, 重读古典 
26667282, 30.3, 8.6, 144, 见信如晤 
26895627, 28.0, 8.7, 92, 很感谢你能来，不遗憾你离开 
25922761, 29.1, 7.1, 558, 我是如何一步步毁掉我的生活的 
26878042, 23.0, 9.2, 31, 等待电影的日子 
1427754, 39.6, 8.8, 534, 侏儒的话 
1970116, 41.9, 8.1, 1762, 这一代人的怕和爱 
5914556, 37.2, 7.6, 1470, 台湾味道 
26730678, 27.0, 7.9, 149, 我不过无比正确的生活 
20499673, 39.9, 7.9, 1620, 味道·人民公社 
6042374, 36.4, 8.9, 293, 政治与文学 
6783708, 39.2, 8.1, 1102, 怒河春醒 
24754142, 30.3, 7.6, 379, 柔软的距离 
10540308, 38.2, 8.4, 644, 走进生命的学问 
4917570, 39.0, 9.0, 403, 旧人旧事 
26944299, 26.9, 9.3, 52, 我们都是蒲公英，飘着飘着就散了 
3607117, 57.1, 8.9, 7535, 稻草人手记 
25871638, 35.7, 7.7, 960, 品味四讲 
1056868, 54.9, 8.5, 9452, 河童旅行素描本 
4323802, 31.4, 8.4, 206, 风流绝 
26108423, 31.6, 7.3, 722, 你看起来很美味 
24870163, 32.2, 7.6, 556, 万物皆有伤心处 
11587591, 38.1, 7.7, 1534, 想念你的陌生人 
20453024, 48.7, 8.6, 2934, 不要因为走得太远而忘记为什么出发 
26265843, 18.9, 8.8, 20, 我的疯狂世纪 
26800356, 23.4, 8.0, 70, 来自静默时刻的讯息 
4849378, 35.1, 8.6, 313, 世界 
23116260, 35.9, 8.2, 541, 其实，大家都想做菜 
26321442, 20.6, 8.3, 35, The Door 
26898505, 21.9, 9.0, 29, 奢侈的滋味 
26588107, 28.0, 7.4, 301, 只有大众,没有文化 
25876133, 28.4, 8.1, 159, 一平方英寸的寂静 
6904615, 35.8, 7.0, 2857, 再不相爱就软了 
25776456, 40.8, 8.7, 716, 老味道 
1032672, 45.5, 8.2, 2908, 拥抱逝水年华 
25986624, 25.9, 8.5, 75, 幽僻处可有人行？ 
25775069, 39.2, 7.2, 4159, 让我留在你身边 
25816576, 28.6, 7.6, 271, 流浪者的乡愁 
5389557, 47.0, 8.5, 2506, 姥姥语录 
3652211, 44.9, 8.6, 1574, 爱默生家的恶客 
6845414, 34.6, 6.5, 5765, 去，你的旅行 
26577699, 23.4, 8.5, 49, 序跋集 
26878102, 11.5, 7.0, 13, 试论疲倦 
1082305, 37.5, 8.9, 352, 沙郡年记 
1079838, 47.8, 8.7, 2218, 湘行散记 
1063190, 56.1, 8.0, 27050, 蔷薇岛屿 
7001042, 36.9, 8.5, 469, 无计花间住 
5914563, 41.0, 8.1, 1501, 边走边啃腌萝卜 
10563464, 40.0, 8.8, 574, 总结 
26315075, 31.8, 7.3, 760, 岛屿来信 
20458907, 29.9, 7.5, 399, 书淫艳异录（全二册） 
26340273, 27.4, 6.8, 581, 我们这个时代的怕和爱 
22264311, 35.8, 8.3, 482, 无声无光集 
1070899, 39.6, 8.6, 658, 浮生悠悠 
7007774, 34.5, 7.7, 764, 没有意义就没有摇摆 
25837032, 27.0, 8.7, 78, 音乐的容器 
20499677, 39.9, 8.0, 1420, 味道·味觉现象 
1070685, 48.9, 8.1, 6222, 永远的普罗旺斯 
6847760, 43.0, 7.2, 9395, 随遇而安 
24298657, 31.3, 6.7, 1709, 永远热泪盈眶 
7175432, 35.5, 8.9, 256, 张枣随笔选 
1322264, 40.7, 7.8, 2180, 陈丹青音乐笔记 
26349048, 32.8, 7.4, 804, 鱼羊野史·第3卷 
10815590, 35.2, 6.9, 3002, 优雅 
10438850, 32.6, 8.6, 210, 古典的回声 
1916929, 37.5, 8.6, 468, 梁实秋谈吃 
26270304, 34.3, 9.0, 195, 七夜 
26738158, 27.4, 9.0, 68, 人生只差好好静度时光 
26827530, 22.8, 7.9, 68, 书旅人 
3103080, 51.3, 7.6, 23191, 须臾 
1444558, 44.5, 8.7, 1300, 博尔赫斯谈艺录 
26331783, 32.3, 7.7, 495, 宋家客厅 
25828868, 33.9, 7.5, 881, 快活馋 
24754123, 38.2, 7.0, 4812, 所有人问所有人 
5502946, 39.5, 7.5, 2692, 元气糖 
10491606, 34.2, 7.1, 1703, 寂寞带我去散步 
1793990, 42.9, 8.9, 814, 早晨从中午开始 
26295983, 26.7, 8.1, 117, 苏珊·桑塔格谈话录 
3769019, 39.9, 8.5, 777, 闪亮的日子 
26647727, 39.7, 7.8, 1801, 手机里的男朋友 
20499070, 37.7, 8.1, 832, 这个社会会好吗 
1322445, 40.1, 8.4, 901, 林语堂散文 
3644791, 43.0, 7.4, 6518, 噪音太多 
2068249, 58.0, 9.0, 7459, 温柔的夜 
25887970, 28.0, 8.4, 116, 我们的普世文明 
24699085, 31.6, 7.7, 433, 不允许哭泣的场合 
1079739, 32.4, 8.7, 186, 夏日走过山间 
5380072, 39.1, 8.2, 946, 思想与乡愁 
26592869, 31.7, 7.5, 566, 鱼羊野史•第4卷 
26357209, 26.8, 7.9, 144, 生命的每一天都是奇遇 
2165057, 44.1, 8.7, 1228, 堤契诺之歌 
26843309, 24.7, 8.1, 82, 过去现在，一并深爱 
25804641, 37.1, 7.7, 1261, 草草集 
24743163, 33.7, 7.3, 1109, 世界将我包围 
4933087, 38.7, 7.3, 3204, 机场里的小旅行 
26832527, 25.0, 8.7, 56, 小王子的領悟 
26871303, 19.7, 8.1, 34, 寻人不遇 
25798977, 40.5, 7.4, 3863, 去你家玩好吗 
25874670, 33.8, 8.3, 339, 大地上的事情 
25713576, 37.0, 7.8, 1069, 玩儿 
1400717, 44.4, 8.0, 3223, 写作 
2382544, 39.7, 8.7, 607, 园圃之乐 
26416276, 32.8, 7.9, 431, 愿生命从容 
20499536, 35.9, 7.8, 867, 时代的稻草人 
26291216, 30.3, 6.5, 1930, 我们生活在巨大的差距里 
5921793, 38.4, 7.6, 1871, 我这一代东京人 
1460123, 37.8, 8.0, 959, 寒夜客来 
25909313, 28.3, 7.3, 361, 阳光猛烈，万物显形 
23780549, 36.5, 7.8, 977, 愿你的道路漫长 
24380058, 35.1, 7.6, 978, 读书年代 
10570587, 42.1, 7.4, 5381, 就想开间小小咖啡馆 
20387024, 36.7, 7.2, 2462, 晓说 
6557925, 20.4, 9.2, 21, 大家小书 
1036947, 38.2, 8.4, 648, 给青年小说家的信 
26546692, 27.1, 8.2, 116, 安然于行的幸福 
20424614, 43.4, 7.8, 3616, 红 
3538438, 36.7, 8.0, 793, 一切因你而值得 
26770916, 26.9, 7.2, 308, 毛茸茸 
6510522, 38.0, 7.0, 4660, 分开旅行 
1017238, 51.4, 8.8, 3499, 美学散步 
25886895, 32.7, 7.0, 1429, 如何成为一个妖孽 
6844364, 33.4, 8.2, 352, 人生一瞬 
26709057, 26.3, 7.9, 131, 那些被我们辜负的人 
26590147, 30.0, 7.7, 321, 正义的可能 
11602265, 47.0, 9.1, 1230, 羊道•前山夏牧场 
26022685, 30.6, 8.2, 215, 现象 
20414497, 32.2, 7.3, 825, 乱象丛生 
25981426, 27.3, 7.9, 157, 心为身役 
26803921, 19.6, 7.9, 38, 味言道（精装水墨版） 
4191577, 39.8, 7.9, 1575, 相遇 
25907098, 28.6, 8.0, 181, 采绿 
4252006, 41.3, 7.6, 3267, 祖国的陌生人 
6877598, 40.3, 8.7, 667, 士人风骨 
4766916, 34.5, 8.6, 284, 爱默生随笔 
5293030, 40.6, 7.1, 6871, 那些有伤的年轻人 
4711466, 37.1, 8.1, 750, 培根随笔 
25745691, 37.9, 7.2, 3175, 罗辑思维 
1960044, 37.5, 8.5, 522, 伊利亚随笔选 
20394952, 38.6, 8.1, 984, 九篇雪 
5409459, 37.4, 8.0, 902, 摩托日记 
24089617, 28.5, 6.6, 1044, 世界这么大，还是遇见你 
26914216, 18.4, 8.3, 24, 山是山水是水 
3826575, 39.4, 7.8, 1692, “小不列颠”札记 
25660221, 35.1, 7.6, 982, 代表作和被代表作 
25774694, 27.8, 8.3, 120, 梦书 
26928786, 16.7, 8.4, 17, 万物和你一样动人 
4067778, 40.9, 8.5, 915, 文字的故事 
10746325, 38.1, 8.2, 799, 犬的记忆 
26653460, 35.0, 8.3, 421, 烟雾弥漫你的眼 
3662230, 50.8, 8.5, 4781, 七十年代 
19956847, 32.2, 7.6, 553, 请偷走海报！+3 
26919061, 26.6, 7.5, 205, 晚安·夜风相伴 
25805781, 31.3, 7.9, 331, 建筑的意境 
26903963, 11.3, 7.2, 11, 遇见台湾：邂逅在岛屿的火车上 
26615297, 26.1, 9.2, 49, 道边狗 
10827882, 37.2, 7.9, 975, 悉尼！ 
10748702, 31.9, 8.7, 171, 宁静乐园 
22015881, 31.5, 7.4, 616, 7749 
1083333, 36.7, 8.4, 502, 积极生活 
26333102, 27.3, 7.7, 189, 我不愿让你一个人 
1460596, 39.8, 7.7, 2097, 山河岁月 
5299805, 30.8, 7.9, 302, 写意巴洛克 
1016806, 41.9, 8.2, 1565, 与安东尼奥尼一起的时光 
26779589, 29.2, 6.4, 1800, 我喜欢这个&#34;功利&#34;的世界 
1876333, 39.5, 7.7, 1984, 没有国家的人 
1034349, 43.1, 8.7, 1050, 从前 
1036490, 60.1, 8.8, 13989, 万水千山走遍 
3610492, 40.3, 7.9, 1736, 好色的哈姆莱特 
10554274, 30.6, 8.0, 259, 关于写作 
26393369, 23.8, 7.2, 159, 我书架上的神明 
25747597, 35.3, 7.5, 1155, 不能不去爱的两件事 
10536368, 37.4, 8.2, 704, 纸上卧游记 
26846157, 25.8, 8.7, 64, 我们都是赶路人 
3003471, 38.1, 8.4, 640, 私人藏书 
1223612, 37.4, 8.5, 506, 唐鲁孙谈吃 
26415165, 34.7, 7.9, 617, 沐猿而冠 
25699117, 37.0, 8.1, 743, 都是遗风在醉人 
24845767, 26.8, 7.0, 382, 总有一次哭泣，让人瞬间长大 
25976633, 32.5, 8.0, 370, 我自己的陌生人 
1082578, 52.7, 9.0, 3333, 理想国与哲人王 
1012221, 34.9, 8.2, 460, 浮生三记 
1937939, 47.3, 8.3, 3494, 河童杂记本 
26296081, 26.7, 7.2, 293, 孤独的反义词 
26701711, 21.0, 8.4, 35, 风下之乡 
26338006, 25.9, 8.4, 81, 意大利的黄昏 
1559728, 36.8, 8.3, 569, 方丈记 徒然草 
26697279, 27.5, 7.7, 198, 观复猫 
4154558, 40.1, 8.7, 645, 人间草木 
4710587, 36.9, 8.5, 472, 畜界，人界（修订版） 
19967508, 29.1, 6.7, 1011, 我开始轻视语言 
1903578, 34.0, 8.4, 320, 人生五大问题 
26613906, 33.8, 8.5, 281, 野生动物在长春·第壹辑 
20386247, 36.0, 7.4, 1549, 趁，此身未老 
20413880, 41.5, 8.1, 1660, 古书之美 
25803923, 39.2, 7.9, 1414, 你是我不及的梦 
1615235, 36.3, 8.2, 581, 蒙田随笔 
19995776, 30.2, 6.9, 952, 我和这个世界不熟 
1068907, 40.2, 7.8, 1956, 如果我们的语言是威士忌 
25978608, 34.2, 7.1, 1687, 再美也美不过想象 
26843088, 23.6, 9.0, 38, 懂，是对这个世界的温情告白 
26844057, 18.9, 8.6, 22, 华夏边城 
26857406, 22.4, 9.1, 30, 云游未满，微笑向前 
25746084, 31.2, 7.0, 1015, 这个世界上的一切都是瘦子的 
24718813, 28.3, 7.6, 258, 毫无目的去一次远方 
25798865, 27.8, 8.5, 103, 波斯札记 
1785502, 41.1, 7.9, 2032, 咖啡苦不苦 
20452319, 35.6, 8.0, 650, 让“死”活下去 
25904933, 36.3, 8.4, 470, 我的母亲手记 
10582351, 42.5, 7.5, 4906, 虚实之间 
25887839, 35.7, 8.1, 591, 历史在你我身边 
2125296, 35.8, 8.3, 478, 政治的人生 
26590273, 28.4, 7.8, 214, 你会想念你自己吗 
7174705, 35.4, 7.0, 2606, 老女孩 
2297234, 38.2, 7.7, 1559, 花事 
26077095, 26.5, 7.8, 148, 论家用电器 
24849840, 34.1, 8.0, 495, 静默有时，倾诉有时 
4841292, 36.2, 7.3, 1868, 十方一念 
26798193, 26.9, 8.2, 113, 不再独自旅行 
10875996, 38.9, 8.9, 435, 朝圣者之歌 
1915716, 40.4, 8.5, 836, 负暄琐话 
5982380, 37.0, 8.3, 591, 祸枣集 
20444861, 30.2, 8.4, 168, 始有集 
24714249, 32.1, 7.8, 428, 活,该快乐着 
26439450, 20.8, 7.0, 101, 爱我少一点，爱我久一点 
26559540, 26.2, 7.8, 140, 回锅肉和香菇菜心的语言等级 
26287355, 29.1, 6.8, 861, 除了爱，我们什么都不会 
26359009, 29.6, 6.5, 1651, 和喜欢的一切在一起 
26388373, 21.8, 8.2, 46, 荒野之境 
1033843, 48.7, 8.7, 2562, 张看（上下） 
19948593, 33.1, 8.0, 411, 表演与偷窥 
25876107, 25.8, 8.5, 74, 种子的故事 
1341035, 47.2, 8.2, 3952, 痛快日记 
20366457, 30.9, 6.0, 6822, 香蕉哲学 
26791612, 24.4, 7.8, 99, 有时 
26803916, 22.4, 7.8, 68, 苏州慢（精装水墨版） 
25924913, 22.9, 6.5, 305, 你这辈子就是吃了太严肃的亏 
26390011, 25.7, 8.2, 91, 伍尔夫读书笔记 
1483001, 35.3, 9.0, 227, 大自然的日历 
5401958, 33.2, 7.2, 1180, 九万字 
26269094, 27.6, 6.7, 720, 文艺女青年这种病，生个孩子就好了 
26268552, 29.0, 7.6, 296, 如何变得有思想 
1001204, 50.5, 7.9, 11557, 山居笔记 
1949418, 41.3, 8.5, 968, 重游缅湖 
20375477, 37.7, 8.6, 485, 这世间所有的白 
1437162, 39.4, 8.1, 1132, 随想录 
25924211, 30.9, 7.5, 482, 窃美记 
25804642, 34.5, 7.5, 996, 谈话的泥沼 
1004539, 45.6, 8.5, 2005, 爱与孤独 
7051393, 36.3, 7.6, 1233, 俗 
1114108, 35.9, 7.7, 1000, 西窗法雨 
1015403, 47.4, 7.7, 9019, 今生今世 
26662051, 33.9, 8.1, 429, 我说的不一定对 
20272103, 28.9, 7.3, 410, 旧时光的味道 
1484804, 34.7, 7.7, 790, 不文集 
1876746, 45.2, 8.3, 2434, 帷幕 
4904074, 43.3, 8.3, 1757, 塔莎奶奶的美好生活1－跟着感觉走就对了 
2975939, 36.8, 7.4, 1832, 论扯淡 
24720088, 33.3, 7.4, 893, 见好 
26597462, 27.8, 8.3, 121, 失书记•得书记 
10793304, 32.1, 8.1, 310, 读书的“风景” 
6711774, 34.6, 7.8, 684, 出神 
26434974, 31.6, 7.5, 558, 行云纪 
10466455, 35.3, 7.3, 1568, 不必读书目 
26847342, 21.4, 8.3, 40, 撒野 
1785512, 43.9, 8.3, 1941, 漫卷西风 
2368338, 34.5, 8.6, 285, 遥远的房屋 
6785994, 30.1, 8.0, 239, 流浪者旅店 
1483285, 39.1, 7.6, 2153, 有关品位 
1046276, 40.2, 8.1, 1301, 温暖和百感交集的旅程 
20396705, 34.3, 7.4, 1089, 女心 
26640794, 28.3, 7.5, 287, 没事别随便思考人生 
7055536, 38.1, 8.9, 386, 资中筠自选集（全五册） 
26383472, 31.3, 7.3, 685, 你我皆凡人 
23197834, 34.4, 7.0, 2093, 我们如何走到这一步 
6511745, 46.5, 8.0, 4671, 万象 
1028977, 35.9, 8.7, 329, 玻璃屋顶 
1064734, 44.2, 8.4, 1779, 疾病的隐喻 
26391996, 24.8, 7.6, 130, 二十八岁，我有点累 
26315736, 31.3, 7.7, 414, 树，不在了 
6781409, 35.9, 6.8, 4249, 窗里窗外 
26266672, 27.3, 7.3, 297, 你以为没有的，可能在来的路上 
26901177, 14.9, 8.0, 15, 流动的盛宴 
26674343, 31.8, 8.6, 184, 容忍与自由 
19976126, 30.6, 8.5, 165, 在意义天际的写作 
26463891, 23.1, 7.9, 72, 心碎是爱情最美的样子 
10282578, 39.3, 7.7, 1901, 村上广播 
3880846, 45.7, 8.7, 1578, 学飞的盟盟 
5947457, 32.4, 8.8, 172, 虚实之间 
3863494, 37.5, 8.0, 912, 季羡林读书与做人 
25727153, 34.0, 9.2, 159, 永玉六记·珍藏版 
26771781, 26.2, 8.8, 64, 我把四季用来等你 
24371403, 34.3, 6.8, 2911, 过得刚好 
10520050, 25.2, 8.7, 58, Tiny Beautiful Things 
26335158, 28.1, 7.0, 515, 不过，一场生活 
1469414, 38.2, 8.7, 474, 世界美如斯 
25697347, 36.1, 8.2, 559, 无畏 
26840481, 21.4, 6.9, 129, 除非我们虚构了爱 
10679501, 31.4, 7.1, 914, 为什么读书 
26825460, 30.4, 8.4, 173, 我的世界都是你 
10570257, 42.2, 7.9, 2474, 特别的一天 
1963660, 39.4, 7.8, 1682, 嗜书瘾君子 
25905654, 26.7, 6.9, 429, 山河小岁月 
26616591, 25.7, 7.1, 267, 不如任性过生活 
26640167, 27.1, 8.4, 99, 总有一段时光，虚度在江南 
1397549, 39.4, 7.9, 1474, 作文本 
1432443, 37.7, 8.5, 535, 存在之难 
25849381, 29.6, 7.8, 265, 世界是自己的，与他人无关 
6827451, 39.9, 8.3, 965, 美，看不见的竞争力 
6796987, 36.9, 7.8, 1049, 寡人 
19912140, 29.3, 7.0, 666, 读书毁了我 
3053868, 48.8, 7.9, 8390, 永不永不说再见 
19961797, 33.3, 7.5, 780, 少年台湾 
26714710, 24.8, 7.5, 143, 生命的热情何在 
1815627, 40.5, 8.6, 770, 书斋里的革命 
1117965, 34.0, 9.0, 187, 伍尔芙随笔全集（共四册） 
4828304, 30.8, 7.6, 417, 好莱坞的七宗罪 
26437752, 29.4, 6.8, 940, 灯下尘 
5336240, 44.4, 8.3, 2096, 异乡记 
1340986, 41.3, 7.5, 3862, 你睡不著我受不了 
26434054, 28.1, 8.3, 128, 先放一把火 
5993289, 32.3, 8.3, 263, 故事开始了 
3009033, 52.2, 7.8, 18790, 杂的文 
4934669, 36.7, 7.6, 1329, 老而不死是为贼 
26679171, 24.4, 8.9, 45, 晚饭花集 
26782682, 15.3, 7.7, 19, 世界之道 
26820356, 15.3, 7.6, 20, 小东西 
6730310, 43.0, 7.7, 3917, 我的不完美 
10529099, 37.4, 8.3, 630, 笑红尘 
25925198, 29.4, 7.5, 358, 现在开始，与自己和平相处吧 
20258506, 36.0, 7.8, 884, 怎样读书 
1000034, 38.0, 7.4, 2342, 生死遗言 
26298264, 21.6, 9.2, 25, 积存时间的生活 
4238941, 39.1, 8.0, 1233, 新卖桔者言 
25886896, 34.6, 7.4, 1156, 关键词 
1963058, 38.6, 7.9, 1274, 木腿正义 
1438669, 42.2, 8.6, 1012, 这个动荡的世界 
1010499, 32.8, 8.6, 217, 龙坡杂文 
25789689, 33.2, 7.7, 594, 人生对人生观开的玩笑 
26711266, 26.8, 8.1, 120, 我相信失败 
10867359, 30.8, 8.3, 203, 考工记 
26808266, 18.2, 8.1, 26, 我书架上的神明续编 
26456492, 22.2, 7.5, 85, 我不要在庸碌中老去 
3191866, 36.7, 8.1, 701, 杜甫的五城 
26300028, 20.2, 8.7, 26, 饥渴的想象 
4045081, 31.3, 7.7, 409, 美利坚物语 
25726537, 32.9, 7.8, 495, 小城故事 
10794793, 35.3, 9.1, 210, 彩云聚散 
26595964, 31.0, 7.2, 732, 当一切在我们周围暗下来 
25864840, 28.0, 7.7, 220, 且借纸遁 
26717285, 23.4, 8.8, 41, 时评中国 
1426971, 61.8, 8.8, 18278, 野火集 
6021091, 36.6, 8.8, 333, 反与正·婚礼集·夏天集 
26647328, 28.7, 8.2, 155, 我虚度的那部分世界 
5264468, 34.9, 7.7, 817, 东西莫辨逛欧洲 
26277384, 26.6, 6.9, 420, 让未来的你，感谢现在的自己 
2334592, 29.1, 9.0, 88, 萌萌文集 
25918656, 23.9, 8.1, 71, 我的花园、我的城市和我 
26767595, 27.9, 8.1, 146, 云物如故乡 
4199761, 51.3, 8.4, 5979, 重新发现社会 
19970056, 32.9, 8.1, 357, 江南 
25892661, 27.6, 6.9, 530, 就想开间自己的小店 
1466236, 41.5, 8.0, 1879, 风中的纸屑 
26301626, 29.9, 7.6, 352, 谢谢你 
1028201, 38.7, 8.8, 464, 文明的孩子 
3822989, 35.7, 8.1, 584, 旧时风物 
25909086, 25.1, 7.7, 124, 第一口啤酒 
26903805, 32.1, 9.8, 81, 交对人  做对事 
4118599, 48.9, 8.3, 4561, 武侠，从牛A到牛C 
10569245, 35.1, 7.1, 2059, 不愿说谢谢的人 
25937456, 27.4, 7.3, 301, 我的九十九次死亡 
26425946, 25.0, 7.5, 149, 用细节把日子过成诗 
26394467, 26.3, 7.0, 345, 就像没有明天那样去生活 
24869869, 35.7, 8.4, 423, 慢骑中国 
3711727, 38.4, 7.5, 2177, 等待香港 
25910582, 34.2, 8.0, 506, 成长，请带上这封信 
25944419, 27.0, 7.3, 280, 大地上所有的河流 
25774256, 29.0, 7.2, 475, 肥肉 
6109582, 35.3, 8.1, 547, 走不出的风景 
23134220, 36.1, 8.3, 509, 上课记2 
1794333, 38.5, 7.3, 3050, 再錯也要談戀愛 
6431957, 41.9, 7.8, 2714, 遇见一些人，流泪 
10795220, 36.8, 7.7, 1180, 喃喃 
1038703, 36.2, 7.7, 1046, 音乐影响了我的写作 
24838970, 30.3, 6.9, 985, 无聊的魅力 
2996680, 38.2, 7.8, 1344, 蔡澜食材字典 
1014310, 39.8, 7.3, 3980, 痛并快乐着 
26337354, 22.1, 8.0, 56, 像哲学家一样思考 
26378417, 30.0, 7.7, 319, 时间会证明一切 
6990248, 33.7, 7.5, 851, 失败者之歌 
10607712, 35.0, 8.0, 578, 迷人的谎言 
10804421, 29.5, 7.8, 263, 在荷兰过日子 
1270551, 44.4, 9.0, 924, 八十忆双亲 师友杂忆 
25712697, 35.0, 7.5, 1098, 一个自己的房间 
4247648, 31.7, 9.2, 113, 最后的浪漫主义者 
26278431, 24.9, 8.2, 79, 脱腔 
2118032, 46.1, 8.2, 3281, 窥视工作间 
14449069, 34.9, 8.0, 565, 春在绿芜中 
26864818, 15.3, 7.6, 20, 以蓄满泪水的双眼为耳 
25943103, 27.8, 7.1, 417, 温暖灵魂的味道 
20497889, 43.3, 7.4, 6932, 全世界人民都知道 
26873192, 21.3, 8.1, 45, 普通青年回答不了的，就问张公子吧 
1421803, 37.7, 7.7, 1416, 蔡澜谈吃 
1220904, 42.4, 8.9, 754, 春醪集 
23765279, 29.8, 7.8, 278, 爱的基本语法 
26747676, 27.9, 9.0, 73, 愿世上所有的孤单，都有温暖相伴 
20365139, 29.2, 8.0, 203, 父亲那场永不止息的战争 
5906080, 35.7, 7.6, 1088, 阿嬷，我回来了 
25895511, 26.2, 8.1, 108, 禅定荒野 
25734211, 33.6, 8.1, 400, 慢慢爱，不慌张 
10593881, 35.7, 7.5, 1254, 初见即别离 
26791113, 30.0, 7.6, 360, 男人相对论 
4732153, 38.7, 7.7, 1691, 过得去 
3627948, 33.7, 8.4, 303, 持灯的使者 
1198520, 35.7, 8.5, 383, 北方人的巴赫 
26582858, 24.6, 7.2, 187, 京都里山四季 
2250146, 36.1, 8.1, 625, 书时光 
3316185, 34.6, 8.0, 537, 失落的大陆 
6398075, 40.5, 8.0, 1585, 一转念 
26373145, 30.1, 7.4, 466, 耳朵借我 
2135140, 36.9, 8.0, 825, 英国式谋杀的衰落 
20393127, 32.0, 6.9, 1454, 请把我留在最好的时光里 
1262580, 37.8, 7.6, 1655, 像邦妮一样爱你 
19976775, 33.4, 7.5, 796, 死城漫游指南 
1968643, 40.4, 7.3, 4492, 无目的美好生活 
21965475, 31.9, 7.1, 1022, 爱上几个人渣 
1759001, 27.4, 8.9, 72, 老北京的生活 
2157181, 37.5, 8.0, 908, 荷兰牧歌 
25803500, 32.0, 7.8, 421, 古典音乐的巨匠时代（1685—1897） 
25904929, 30.2, 7.8, 300, 扯平 
1062608, 43.6, 8.3, 1841, 旧时月色 
26177823, 30.8, 6.6, 1827, 在这复杂世界里 
1065239, 53.4, 8.5, 7297, 我的宝贝 
1292448, 36.9, 8.1, 722, 女子与小人 
11531713, 23.2, 6.8, 220, 单人旅行 
10485696, 46.7, 7.6, 9426, 我就是想停下来，看看这个世界 
26808933, 14.4, 7.8, 15, 不平靜的江河 
6431238, 34.3, 6.9, 2420, 一个人私奔 
24845782, 22.9, 6.6, 268, 不忘初心，方得始终 
26148885, 20.7, 6.3, 234, 没有动力的时候，一个人发发呆也好（2） 
26593509, 27.4, 7.6, 215, 酒友 饭友 
2372034, 31.5, 8.3, 227, 福克纳随笔 
25923206, 28.6, 7.4, 344, 只要活着，就会有好事发生 
19977858, 36.6, 9.1, 258, 朱光潜谈美 
7916067, 34.5, 7.6, 865, 忘言书 
10779411, 35.1, 6.7, 4253, 男女内参 
6969706, 29.5, 8.9, 101, 朱光潜人生九论 
1270511, 38.2, 8.1, 920, 湖上闲思录 
3003475, 38.3, 8.8, 439, 探讨别集 
2998520, 33.6, 8.0, 446, 论小丑 
25718880, 29.6, 8.8, 109, 拥抱之书 
20375538, 27.7, 8.4, 109, 浪游之歌 
26263150, 23.7, 8.0, 75, 你和那些好时光，总有一天会相遇 
2287508, 43.2, 8.0, 2577, 多余的素材 
24875976, 40.3, 8.2, 1186, 失落的优雅 
6126817, 37.0, 7.8, 1077, 边境 近境 
10736312, 27.3, 7.8, 173, 白日做梦有理 
5935619, 36.7, 8.0, 785, 记得 
26359066, 24.6, 7.2, 187, 一瓢纽约 
24297906, 35.3, 6.7, 4430, 不畏将来 不念过去 
