Tag: 青春 

ID, Score, Rating, Votes, Title 
26872990, 37.8, 7.9, 1102, 余生，请多指教 
26890756, 33.2, 8.5, 252, 你是我的虚荣 
1046265, 66.5, 8.0, 178500, 挪威的森林 
24754316, 59.9, 8.7, 15697, 最好的我们 
25747921, 52.3, 7.2, 67758, 从你的全世界路过 
26414020, 54.5, 8.1, 16975, 我不喜欢这世界，我只喜欢你 
26884309, 33.2, 9.5, 115, 可我还是喜欢你 
1082518, 58.2, 7.9, 47926, 麦田里的守望者 
2250587, 56.7, 7.6, 67263, 一个人的好天气 
26865082, 33.9, 7.7, 678, 就这样吧 
26877850, 32.2, 8.2, 284, 你就适可而止吧 
26924863, 25.2, 8.8, 55, 没有办法一直努力的人生 
26911011, 28.8, 8.3, 144, 名丽场 
26889862, 28.7, 8.6, 110, 我还是很喜欢你 
26895400, 30.1, 9.2, 90, 镜像人之末世如你 
4231381, 61.0, 8.5, 25837, 那些回不去的年少时光 
1020459, 61.6, 8.4, 34349, 此间的少年 
3879301, 62.8, 8.1, 73797, 微微一笑很倾城 
3014576, 62.6, 8.4, 40607, 陪安东尼度过漫长岁月 
1461903, 64.0, 8.0, 114047, 何以笙箫默 
26822709, 22.4, 8.9, 33, 聋哑时代 
1143694, 55.4, 8.2, 16630, 动物凶猛 
3194071, 52.7, 8.6, 5616, 少年巴比伦 
2209098, 60.9, 7.9, 78735, 致我们终将逝去的青春 
26907263, 27.0, 9.5, 47, 全世界我只想和你在一起 
26335687, 34.4, 7.6, 853, 我在最温暖的地方等你 
26889498, 24.2, 8.9, 44, 小确幸不如大欢喜 
6773643, 51.3, 8.2, 8038, 橘生淮南·暗恋 
26924899, 20.8, 9.7, 18, 即使不完美,也要够精彩 
26921125, 32.2, 9.8, 82, 青春里那些隐秘而伟大的小事 
4881998, 48.1, 8.4, 3487, 猜火车 
25895442, 41.2, 6.9, 11558, 你的孤独，虽败犹荣 
26146992, 41.5, 7.4, 4792, 我们为什么会分手？ 
2376336, 50.2, 8.4, 4951, 未央歌 
26928786, 17.1, 8.4, 18, 万物和你一样动人 
1059419, 61.5, 8.1, 58586, 海边的卡夫卡 
26656779, 35.1, 7.5, 1117, 当你的才华还撑不起你的梦想时 
25917140, 39.8, 7.2, 4768, 不要让未来的你，讨厌现在的自己 
21460732, 46.1, 8.3, 2813, 秒速五厘米 
3805861, 33.9, 8.3, 343, 疯狂阅读（青春卷） 
26805297, 33.7, 7.5, 849, 我必须恋爱的理由 
1016300, 55.8, 7.2, 142809, 梦里花落知多少 
26925001, 15.0, 8.2, 14, 我的世界从此多了一个你 
1926700, 54.0, 7.7, 32171, 关于莉莉周的一切 
4714734, 62.9, 8.4, 42919, 这些都是你给我的爱 
2331434, 54.6, 7.7, 36482, 原来你还在这里 
26879246, 26.3, 8.8, 65, 飘二代 
1958227, 57.8, 8.2, 25298, 那些年，我们一起追的女孩 
3018339, 50.1, 7.7, 15299, 万物生长 
2567919, 59.0, 8.3, 26218, 匆匆那年（上下） 
26358169, 30.7, 7.3, 599, 那时，我们还不怕相爱 
26914156, 18.5, 8.1, 27, 你不努力，就别怪世界残酷 
3406518, 50.7, 8.5, 4670, 追随她的旅程 
2339950, 55.0, 7.8, 32339, 被窝是青春的坟墓 
3598313, 59.0, 8.0, 45453, 西决 
5366278, 51.5, 8.0, 11574, 走吧，张小砚 
1963310, 58.7, 8.2, 29792, 大地之灯 
26878059, 26.6, 9.5, 45, 人若犯我（全二册） 
26907595, 27.1, 8.7, 79, 孤独这种病，遇见你就好了 
3506871, 51.9, 7.6, 26485, 曾有一个人，爱我如生命 
5391766, 42.6, 7.5, 4969, 忽然七日 
26866300, 34.9, 9.1, 197, 光芒纪·微光 
4874131, 58.3, 8.2, 27900, 东霓 
3268399, 56.4, 8.5, 12058, 上海堡垒 
3061282, 49.8, 7.6, 17371, 山月不知心底事 
1221515, 71.3, 9.5, 26466, 灌篮高手31 
1026425, 56.1, 7.4, 92945, 三重门 
6902639, 53.5, 7.9, 20116, 青春 
1067293, 45.9, 8.5, 2091, 青春 
1039752, 56.1, 7.8, 39321, 且听风吟 
3394338, 54.0, 7.5, 49181, 他的国 
5363752, 55.3, 8.5, 10039, 哥斯拉不说话 
26652086, 30.6, 8.3, 195, 你的一切好与坏我都眷恋 
26656018, 36.8, 9.1, 264, 那些年，我们一起追的球星 
1041616, 44.9, 7.4, 9558, 那些忧伤的年轻人 
26925607, 26.8, 8.7, 75, 不如去闯 
6897140, 43.1, 8.3, 1693, The Fault in Our Stars 
4732378, 59.3, 8.7, 14162, 那些回不去的年少时光·终场 
1047138, 51.2, 7.7, 18972, 少年维特的烦恼 
26927994, 21.8, 8.5, 38, 走在有光的路上 
1455933, 45.0, 7.5, 8142, 你好，忧愁 
25921293, 36.3, 6.8, 4648, 愿有人陪你颠沛流离 
10476698, 44.8, 7.5, 7732, 因为痛，所以叫青春 
26808156, 25.3, 9.3, 41, 你可以活成自己喜欢的模样 
6732193, 50.5, 7.9, 11468, 十年一品温如言 
1049189, 54.4, 7.4, 66712, 1995-2005夏至未至 
10537640, 40.4, 6.9, 9807, 如丧 
1440089, 57.8, 8.3, 21166, 那些生命中温暖而美好的事情 
4241870, 51.4, 7.7, 19725, 我在回忆里等你 
4737329, 48.3, 7.8, 9031, 龙族Ⅰ 
23795254, 47.0, 8.0, 5172, 骄阳似我 
26609056, 34.4, 7.2, 1523, 年少荒唐 
26590271, 39.4, 8.6, 634, 我的鸵鸟先生 
25948155, 29.5, 7.3, 470, 每一个优秀的人，都有一段沉默的时光 
20424609, 45.9, 8.1, 3620, 妩媚航班 
2237621, 46.9, 8.4, 2817, 十八岁出门远行 
26925656, 31.0, 9.8, 70, 《我和你，那一场风花雪月的事》 
26739865, 34.6, 7.4, 1161, 向着光亮那方 
2297786, 46.3, 7.6, 8757, 北京，北京 
24754720, 38.2, 6.9, 5880, 我的朋友陈白露小姐 
1059406, 52.3, 7.1, 87336, 幻城 
24882309, 41.1, 7.7, 2690, 与我长跑十年的女友嫁人了 
10343062, 48.0, 8.3, 3912, 暗恋 
4898551, 46.2, 8.2, 3308, 四叠半神话大系 
25741244, 39.7, 7.1, 5642, 我承认我不曾历经沧桑 
26639133, 29.8, 7.6, 344, 我有个好故事，就要你一碗酒 
1453210, 53.0, 7.4, 50277, 一座城池 
26384746, 34.5, 8.0, 530, 再见，少年 
26561444, 34.7, 7.7, 790, 少女哪吒 
26581845, 34.3, 7.9, 577, 拼了命，尽了兴 
1427831, 42.0, 8.7, 870, The Perks of Being a Wallflower 
26920205, 15.3, 7.7, 19, 我把我的好朋友们都拉黑了 
1018153, 54.7, 7.8, 30395, 水仙已乘鲤鱼去 
3920144, 44.3, 8.6, 1414, 春宵苦短，少女前進吧！ 
2980812, 50.3, 7.8, 13333, 踮脚张望的时光 
4866987, 50.8, 8.6, 4129, 如果·宅 
10549863, 53.2, 8.6, 6182, 光明与磊落 
26658429, 26.7, 7.6, 186, 没有人会因为心碎而绝望 
26688714, 24.4, 8.0, 84, 记忆里，微笑的你 
26314932, 36.9, 8.4, 520, 言叶之庭 
5275500, 48.6, 7.7, 11515, 尘曲 
24876477, 44.8, 7.4, 9407, 很高兴见到你 
20278327, 33.1, 6.0, 12930, 谁的青春不迷茫 
1061977, 58.0, 8.7, 11645, 血色浪漫 
26293455, 31.2, 7.0, 1024, 我依然爱你，我只是不喜欢你了 
2382705, 51.8, 7.6, 25975, 不朽 
26413830, 25.7, 7.2, 239, 这辈子活得热气腾腾 
1227838, 53.9, 7.6, 38598, 年华是无效信 
2973270, 40.8, 7.7, 2542, 六弄咖啡馆 
26732962, 25.0, 8.2, 81, 姑娘，你是你自己，不同于任何 
26918960, 15.6, 8.0, 17, 《借我春风如少年》 
1418297, 59.3, 9.1, 8041, 蜂蜜與四葉草 1 
26436743, 34.1, 7.5, 913, 曾少年 
26307520, 29.3, 8.1, 187, 没有街道的城市 
25728092, 42.2, 9.1, 600, 小张和小丽 
25836825, 38.0, 7.3, 2742, 你是最好的自己 
25978608, 34.2, 7.1, 1687, 再美也美不过想象 
25830077, 39.1, 7.8, 1602, 阿尼玛 
4887524, 38.6, 7.0, 5258, 夏有乔木雅望天堂 
26866433, 18.5, 7.4, 44, 不期而遇的温暖 
2336093, 50.3, 7.8, 13150, 池袋西口公园 
1596305, 47.8, 7.0, 40852, 泡沫之夏 
24708303, 29.8, 7.5, 386, 横道世之介 
21346610, 39.0, 7.6, 2082, 莫失莫忘 
25748787, 44.8, 7.7, 5537, 平生欢 
4213445, 44.6, 8.0, 3322, 击壤歌 
2062200, 43.0, 6.3, 81199, 悲伤逆流成河 
3191328, 46.1, 6.7, 58267, 小时代1.0折纸时代 
5403007, 47.1, 7.6, 10155, 剩者为王 
2136140, 59.1, 8.7, 13735, 雨季不再来 
26931157, 29.9, 9.6, 67, 《不爱我，别伤我》 
26671435, 34.9, 7.2, 1673, 我们 
26210487, 50.2, 9.1, 1998, 强风吹拂 
3293231, 51.9, 7.8, 17893, 许我向你看 
6189764, 39.9, 7.9, 1629, 长发飞扬的日子 
25866817, 30.3, 6.8, 1145, 有些路，只能一个人走 
24699104, 35.8, 7.0, 2856, 你要去相信，没有到不了的明天 
26760898, 28.1, 7.8, 199, 花与爱丽丝 
5341084, 44.8, 8.1, 2957, 午时风 
1958872, 44.4, 7.6, 6088, 凉生，我们可不可以不忧伤 
26277384, 26.6, 6.9, 420, 让未来的你，感谢现在的自己 
4833920, 44.6, 7.4, 8979, 十八岁给我一个姑娘 
24298657, 31.3, 6.7, 1709, 永远热泪盈眶 
26266672, 27.3, 7.3, 297, 你以为没有的，可能在来的路上 
10771015, 38.3, 7.7, 1593, 姑娘，我们一起合租吧 
26428276, 30.9, 7.9, 305, 我们没有在一起 
26590273, 28.5, 7.8, 215, 你会想念你自己吗 
26747676, 27.9, 9.0, 73, 愿世上所有的孤单，都有温暖相伴 
1469051, 48.2, 7.1, 35444, 左耳 
1049070, 52.3, 8.4, 7051, 等一个人咖啡 
26688094, 22.8, 7.2, 127, 我在等，等风等你来 
1006881, 44.2, 6.7, 37099, 左手倒影，右手年华。 
10564563, 35.3, 7.1, 2161, 闺蜜 
3146656, 47.1, 8.4, 2924, 五月女王 
24699085, 31.6, 7.7, 433, 不允许哭泣的场合 
26688712, 21.4, 7.3, 86, 他站在夏花绚烂里 
26428516, 28.1, 6.7, 797, 我只是敢和别人不一样 
1291760, 45.8, 6.8, 41902, 会有天使替我爱你 
3103080, 51.3, 7.6, 23191, 须臾 
26666471, 32.5, 7.6, 585, 夜空最亮的星 
19995933, 43.4, 8.6, 1234, 蓝色大门 
24737118, 36.4, 8.0, 747, 不要等到毕业以后 
3864342, 45.0, 7.9, 4141, 69 
24089617, 28.5, 6.6, 1044, 世界这么大，还是遇见你 
26108423, 31.6, 7.3, 722, 你看起来很美味 
26689720, 25.7, 8.7, 63, 好姑娘向暖而生 
26676261, 26.8, 8.3, 101, 曾经，我爱过一个少年 
10739735, 38.9, 7.6, 2060, 鲤·变老 
21331464, 36.0, 7.8, 894, 那些荒谬的往事叫青春 
1748232, 50.2, 8.0, 9219, 忽而今夏 
26709057, 26.3, 7.9, 131, 那些被我们辜负的人 
25870331, 29.3, 6.8, 908, 所有年轻人都将在黎明前死去 
21321839, 44.1, 8.2, 2286, 十年一品温如言 
26847843, 22.7, 8.0, 62, 等待提拉米苏 
1007334, 48.3, 7.2, 29327, 草样年华 
1962078, 34.1, 8.6, 268, 校园秘史 
26610890, 11.7, 7.2, 12, 一不小心靠近你 
26287355, 29.1, 6.8, 861, 除了爱，我们什么都不会 
26599358, 14.0, 7.1, 21, 你未曾坠落星海 
26357479, 28.7, 6.0, 3665, 我与世界只差一个你 
26391996, 24.8, 7.6, 130, 二十八岁，我有点累 
26659614, 30.7, 7.3, 597, 谢谢自己够勇敢 
26333102, 27.3, 7.7, 189, 我不愿让你一个人 
26843173, 22.4, 8.8, 35, 我们还年轻，不够好又有什么关系 
2117062, 35.0, 7.8, 732, 麦田守望者 
25728480, 29.4, 9.1, 86, 給郁結的詩 
26728755, 24.6, 7.9, 95, 不喧哗，自有声 
20645163, 32.4, 7.2, 988, 停在新西兰刚刚好 
26301984, 37.2, 8.2, 684, 白色流淌一片 
19973695, 32.2, 6.9, 1495, 再不远行，就老了 
10508054, 40.6, 7.6, 2894, 云中人 
25788697, 38.6, 7.6, 1932, 一切都是最好的安排 
24745650, 30.4, 7.5, 438, 我怕没有机会，选择真正喜欢的生活 
25786283, 36.0, 6.8, 4283, 女王乔安 
3108829, 53.1, 7.8, 22448, 全世爱 
24845767, 26.8, 7.0, 382, 总有一次哭泣，让人瞬间长大 
26732446, 31.1, 6.9, 1164, 你丫上瘾了 
1468393, 37.6, 7.2, 2960, 无限近似于透明的蓝 
5912249, 37.3, 7.4, 2040, 生于一九九叉 
26298713, 25.0, 8.5, 64, 我还爱着你，比想象中更深 
26761277, 21.2, 7.9, 51, 困兽手记 
26394467, 26.3, 7.0, 345, 就像没有明天那样去生活 
1733250, 48.6, 8.4, 3804, 韩寒五年文集（上下） 
10527304, 43.6, 8.1, 2395, 好想回到小时候 
25977760, 26.1, 7.0, 331, 我们都是突然长大的 
3290010, 45.6, 7.0, 25280, 澜本嫁衣 
26817186, 21.0, 7.4, 73, 我们始终独自行走在这个世界 
20472730, 44.2, 7.8, 4179, 龙族Ⅲ 
26289077, 26.5, 7.6, 179, 这善变的世界，难得有你 
1009160, 50.2, 7.3, 34579, 像少年啦飞驰 
20434432, 33.9, 7.4, 1015, 趁年轻.折腾吧 
26847342, 21.2, 8.3, 39, 撒野 
6101125, 30.1, 7.9, 264, 想太多 
3183785, 48.6, 7.7, 11490, 爱你，是我做过最好的事 
4920175, 35.6, 7.4, 1419, 我喜欢你，你知道吗？ 
26755104, 22.3, 7.5, 87, 20几岁，你为什么害怕来不及 
3257857, 46.8, 8.0, 4990, 後青春期的詩 
6088152, 48.9, 8.0, 7213, 千秋 
26379007, 32.8, 8.5, 237, 过去的，最好的 
26868339, 20.6, 8.9, 25, 世界上有千百种喜欢 
26292727, 25.3, 7.7, 129, 就当一次路过 
3777123, 48.5, 7.8, 9435, 告别天堂 
1440345, 50.1, 7.8, 12639, 燕尾蝶 
5068504, 35.9, 7.4, 1513, 十五年等待候鸟 
1049219, 54.8, 7.4, 71655, 长安乱 
4712828, 29.1, 8.2, 166, 青春无羁 
25868407, 35.1, 8.6, 317, 聲之形 01 
2062430, 46.6, 7.2, 20167, 泡沫之夏Ⅲ 
7059909, 45.2, 7.5, 8422, 南音 （上） 
3091349, 43.7, 7.3, 9003, 鲤·孤独 
26924276, 16.2, 7.9, 20, 愿你的青春不负梦想 
26456492, 22.2, 7.5, 85, 我不要在庸碌中老去 
25913805, 30.8, 6.8, 1291, 对的时间对的人 
26281271, 27.8, 7.6, 234, 我不要一成不变的生活 
26636282, 26.3, 6.8, 448, 如果你想过1%的生活 
4727980, 43.4, 7.6, 4938, 鲤·上瘾 
1915536, 48.9, 7.3, 26401, 尘埃星球 
26236894, 24.9, 8.0, 93, 二十几岁决定你的人生主题 
25942442, 37.1, 8.4, 541, 那年夏天我还爱你 
26637849, 29.6, 8.1, 199, 名字和名字刻在一起 
3730731, 50.3, 8.0, 9419, 许我向你看（终结篇） 
4175252, 46.4, 7.9, 5370, 初恋爱 
25926869, 25.1, 7.5, 151, 那些再与你无关的幸福 
5340646, 39.3, 8.0, 1277, 十四岁 
6039397, 34.6, 8.0, 543, 哪啊哪啊神去村 
6800500, 45.3, 7.6, 7246, 南音 （下） 
26695296, 23.5, 8.5, 50, 因为是你，晚一点没关系 
1006004, 50.6, 7.5, 25002, 樱桃之远 
25927346, 23.5, 7.0, 184, 趁我们还年轻，趁我还爱你 
1029159, 53.8, 7.5, 47350, 八月未央 
2025999, 56.7, 9.8, 2371, 灌篮高手（全31卷） 
26771922, 27.3, 7.9, 157, 科比 
1047851, 45.5, 7.7, 6267, 晃晃悠悠 
26879547, 21.7, 8.3, 42, 一日男友 
2008972, 43.9, 6.9, 21335, 沙漏 
26854398, 20.8, 8.5, 32, 我不想做一个“通情达理”的好姑娘 
1034108, 49.2, 7.2, 35129, 零下一度 
25747192, 31.4, 7.7, 421, 原谅我一生不羁放纵爱自由 
25847700, 30.6, 7.9, 287, 青春是一件多么痛的礼物 
25789570, 37.9, 7.4, 2293, 满满都是我对你的爱 
24845782, 22.9, 6.6, 268, 不忘初心，方得始终 
26419609, 20.2, 7.0, 90, 总有一句歌词打湿你心 
26448151, 27.2, 6.6, 765, 离开前请叫醒我 
25929667, 36.7, 7.7, 1160, 你是我学生又怎样 
4117904, 30.6, 6.8, 1223, 绷带俱乐部 
1925218, 48.7, 7.4, 20926, 翻译官 
1855343, 46.7, 7.2, 20713, 泡沫之夏Ⅱ 
6539848, 31.5, 8.3, 229, 爱是一种病 
3729756, 44.4, 7.6, 6087, 鲤·最好的时光 
1962929, 57.6, 8.0, 35159, 佳期如梦 
25870251, 26.9, 7.3, 270, 我想你，前任 
1064862, 46.5, 8.1, 4017, 男生贾里  女生贾梅 
21335241, 27.6, 7.3, 316, 再见小时候 
20282798, 17.1, 5.6, 246, 季凉川，爱了你这么多年Ⅱ 
26346686, 28.3, 7.9, 188, 最初的相遇，最后的别离 
1085512, 36.6, 8.6, 405, 在我坟上起舞 
4874245, 36.0, 7.1, 2525, 后来我们都哭了 
2140496, 41.2, 8.5, 967, 幸福的拾荒者 
26269693, 27.6, 6.9, 529, 像狗一样奔跑 
6002030, 35.2, 7.6, 989, 最大的一场大火 
1041550, 41.4, 6.7, 19248, 爱与痛的边缘 
26692559, 21.8, 7.2, 104, 我的云端少年 
26873915, 19.9, 8.1, 35, 这个世界很美好，值得我们去奋斗 
25851002, 42.5, 8.1, 1973, 世界微尘里 
3246230, 45.8, 7.6, 7994, 鲤·嫉妒 
26426662, 36.4, 8.3, 535, 你看见我男朋友了吗？ 
3866397, 42.9, 7.7, 3792, 鹿男 
24838224, 37.1, 8.7, 400, 请回答 1997 
26708712, 28.8, 9.1, 79, 努力，是为了不辜负自己 
4309094, 36.6, 8.3, 552, 体育时期 
1194465, 43.9, 7.8, 3979, 我们无处安放的青春 
1478571, 28.6, 8.2, 150, 原來，我的時代現在才開始 
4709375, 37.7, 7.4, 2196, 我只是难过不能陪你一起老 
25733641, 26.1, 6.9, 378, 我爱你，时间没什么了不起 
26747730, 21.0, 9.3, 22, 我有预感，明日阳光灿烂 
25900190, 35.2, 6.9, 3008, 应许之日 
26439450, 20.8, 7.0, 101, 爱我少一点，爱我久一点 
26769896, 20.7, 7.2, 82, 刚刚好的你 
4289265, 50.9, 8.5, 4843, 如果声音不记得 
20277950, 24.9, 6.9, 286, 写给年少回不去的爱 
5363260, 37.7, 8.6, 486, MOON·映像 
26269976, 26.0, 8.0, 113, 混在美国名校 
25885179, 36.5, 9.3, 213, 我为青春狂 
25856322, 27.6, 6.5, 1003, 北京，你是我今夜不及的梦 
20453231, 28.4, 7.4, 331, 去年今日 
25919339, 27.9, 7.5, 266, 失业这件小事儿 
26866302, 27.5, 8.1, 136, 光芒纪•斑斓 
26272073, 40.1, 8.1, 1277, 一生里的某一刻 
10468951, 37.2, 7.9, 985, 她她 
1796596, 47.0, 7.3, 17955, 左耳 
2356871, 37.8, 7.2, 3088, 欢喜 
26640094, 30.3, 7.7, 342, 寂寞是毒，也是解药 
25731151, 28.1, 6.7, 803, 愿我的世界总有你二分之一 
26673003, 23.6, 8.6, 48, 谁不是一边受伤，一边学会成长 
4706499, 45.5, 7.8, 5339, 燃烧的男孩 
26658038, 25.8, 9.0, 53, 每一个故事的名字都叫晚安 
26664122, 28.1, 7.8, 199, 百濑,朝向这边 
26695289, 21.4, 7.7, 61, 愿你的生活，既有软肋又有盔甲 
25986353, 25.1, 8.1, 88, 人生不需要走直线 
21327874, 31.4, 8.0, 303, 倾慕 
25720876, 26.1, 8.8, 63, 十二因缘 
24852489, 31.4, 8.4, 206, 青春奇妙物语 
26943560, 18.7, 9.1, 17, 我曾悄无声息爱过你 
26702537, 20.7, 7.4, 69, 世界那么美，不如你好看 
24704186, 32.8, 7.6, 617, 荒芜城 
26589039, 23.5, 8.4, 54, 你只需努力，剩下的交给时光 
20398194, 33.2, 7.5, 766, 文子与浩森一起走 
25712697, 35.0, 7.5, 1098, 一个自己的房间 
25831464, 31.2, 6.9, 1192, 分歧者 
26832692, 21.4, 7.3, 86, 喜欢你是我做过最好的事 
26378417, 30.0, 7.7, 319, 时间会证明一切 
26598945, 34.8, 7.5, 1054, 请尊重一个姑娘的努力 
6120501, 41.8, 7.4, 5052, 中国式青春 
25835907, 38.3, 8.0, 1059, 天使坠落在哪里 
20255214, 41.4, 9.1, 527, KYLOOE 2·绿色隧道 
3610550, 44.1, 7.5, 6806, 鲤·暧昧 
3012712, 38.1, 8.0, 1026, 胖子 
26641015, 21.9, 8.2, 47, 医生与我，恋君已是第七年 
26858334, 29.8, 9.1, 91, A仔故事 
25817021, 34.9, 8.1, 513, 20岁，光阴不再来 
1914572, 50.2, 7.6, 18788, 誓鸟 
3364858, 45.8, 7.9, 4854, 再见，冥王星 
3097837, 36.6, 8.1, 689, 汪国真经典诗文 
3921405, 44.3, 7.7, 4992, 芙蓉如面柳如眉 
26295628, 23.3, 6.9, 201, 青春若有张不老的脸 
26268385, 26.4, 9.4, 46, 在路上，爱上从未有过的自己 
2973589, 44.7, 7.5, 7674, 少年残像 
10577536, 24.3, 7.1, 195, 回忆是眼睛里的海 
26890720, 24.1, 8.6, 52, 你所羡慕的一切，都是有备而来 
26924396, 14.4, 7.6, 17, 不做你的盖世英雄 
26581967, 23.5, 7.7, 91, 这就毕业了 
25920941, 37.4, 9.1, 288, 踮脚张望5 
5317129, 38.3, 7.9, 1200, 魔法师俱乐部 
26610794, 29.5, 8.4, 148, 你好，旧时光：漫画版1 
4737152, 35.8, 7.0, 2859, 时光机 
26207447, 23.9, 9.6, 29, 未生 
6828611, 37.3, 6.4, 14089, 小时代3.0：刺金时代 
20003684, 34.2, 7.5, 928, 那些女生该懂的事 
26284829, 25.1, 6.6, 453, 你有没有见过他 
26337889, 22.5, 5.8, 908, 我们都一样，年轻又彷徨 
20504749, 42.5, 8.6, 1069, 那些回不去的年少时光（套装上下册） 
26665494, 20.6, 8.2, 37, 如果你曾奋不顾身爱过一个人 
10862171, 37.8, 7.9, 1089, 云深处 
26584371, 23.8, 6.5, 385, 爱是一种微妙的滋养 
21966358, 29.3, 7.8, 253, 就在你所在的地方生根开花 
26729891, 24.1, 8.8, 46, 踮起脚尖，只为离世界更近一点 
2071122, 36.8, 8.4, 511, 与青春有关的日子 
6549536, 40.1, 8.1, 1299, 恋文的技术 
6393886, 32.9, 7.2, 1091, 夏有乔木 雅望天堂2 
25790743, 28.7, 8.3, 141, 总有一个人，爱你如生命 
26786049, 19.8, 6.9, 90, 爱你时有风 
1006073, 48.3, 7.6, 13006, 七月与安生 
1037589, 37.1, 6.7, 6791, 天亮说晚安 
1947357, 34.0, 7.3, 1204, 比如，单身 
25745152, 30.4, 6.7, 1382, 愿风裁尘 
1922182, 20.5, 6.4, 193, 少女之心 
25982407, 30.1, 8.6, 140, 睡在我上下前后左右铺的兄弟 
4895136, 38.6, 7.8, 1468, 鸭川小鬼 
1777173, 42.3, 8.0, 2170, 最寒冷的冬天是旧金山的夏季 
7015296, 38.9, 7.5, 2374, 最美遇见你 
26845389, 15.6, 8.0, 17, 鲜衣怒马少年心 
25753361, 52.8, 8.7, 4978, 最好金龟换酒 
3087896, 36.6, 7.0, 3391, 旋风少女 
4174098, 40.0, 8.2, 1120, 那一场呼啸而过的青春 
25865449, 25.2, 7.5, 156, 我只是不想和大多数一样 
3992737, 43.3, 7.7, 4156, 鲤·因爱之名 
10490854, 24.3, 6.0, 1032, 毕业了我们一无所有 
26844861, 22.2, 7.2, 112, 好想和你在一起 
1144826, 45.3, 8.2, 2842, 最有意义的生活 
26761267, 22.4, 8.8, 35, 我一直都想嫁给你 
25796204, 25.5, 6.8, 373, 想念，却不想见的人 
11505946, 37.7, 7.3, 2555, 剩者为王Ⅱ 
26858097, 28.2, 8.6, 101, 你男神凭什么喜欢你 
24696387, 22.8, 7.6, 88, 在路上,爱的飘移游荡 
4002363, 29.8, 7.2, 571, 拽丫头与校草同居 
26868030, 15.6, 7.4, 24, 做没做过的事，爱没爱过的人 
26256897, 18.6, 7.0, 63, 你总会路过这个世界的美好 
6390810, 40.5, 8.1, 1375, 记我们单纯的小美好 
4774018, 43.6, 7.7, 4417, 鲸鱼女孩 池塘男孩 
4894562, 44.5, 8.2, 2454, 微光世界 
3872378, 42.0, 8.0, 2080, 青城 
4269890, 46.0, 8.5, 2148, 这些年，二哥哥很想你 
25763508, 27.0, 7.6, 198, 青春之后 认输之前 
1800714, 43.3, 9.0, 785, 东京80年代 
25876709, 24.1, 7.4, 137, 中文系是治愈系 
26870311, 16.4, 8.3, 17, 向前走，不回头 
26043286, 31.9, 7.4, 678, 孤单星球 
25734499, 28.6, 7.8, 222, 这世界啊，随他去吧 
1001985, 43.6, 7.6, 5207, 在世界中心呼唤爱 
26745340, 19.2, 6.8, 87, 懂事之前，情动以后 
24877306, 31.0, 6.7, 1587, 被偷走的那五年 
26476185, 22.7, 7.8, 73, 小人物 
21792502, 30.0, 7.3, 515, 你可以爱我 
1417577, 46.9, 8.7, 1931, 庸才 1 
4220357, 40.2, 7.7, 2270, 沙漠 
2356641, 38.3, 7.7, 1573, 小牲口 
1072847, 38.6, 7.7, 1682, 鱼和它的自行车 
1012802, 45.7, 7.2, 16803, 十爱 
26314445, 19.5, 7.2, 63, 这世界教我的事 
25794743, 28.1, 8.3, 128, 再见了，单纯 
4161848, 44.7, 7.8, 4594, 鲤·逃避 
10789684, 30.7, 7.5, 461, 最美的徒劳无功 
1434525, 50.3, 8.2, 6814, 记得 
21458702, 27.9, 7.2, 378, 时光捕手 
1262171, 41.7, 8.7, 839, 西安1460 
3336465, 45.7, 7.3, 13710, 被时光掩埋的秘密 
3596323, 41.9, 8.4, 1222, 鲸鱼星之夏 
26851686, 17.3, 7.5, 32, 《 猎能者Ⅰ猎能学院》 
2042966, 37.8, 6.9, 5385, 双生水莽 
26437079, 33.8, 7.9, 522, 春江花月夜 
10441335, 31.3, 8.0, 294, 这不是旅行 
1005115, 45.0, 8.4, 2040, 十七岁不哭 
26275717, 27.2, 8.4, 101, 从八岁来 
26617302, 23.2, 8.2, 59, 你是我最晴朗的客人 
7000864, 34.1, 8.0, 491, 三个傻瓜 
24538694, 24.6, 6.4, 552, 夏天,十九岁的肖像 
3446452, 34.7, 7.7, 794, 人生就是不停的戰鬥 
26107066, 21.5, 6.6, 190, 孤独是你的必修课 
3024352, 40.1, 7.2, 5064, 离歌（Ⅰ） 
3295326, 45.7, 7.8, 5563, 回眸 
1151872, 40.9, 7.8, 2236, 玩的就是心跳 
3158734, 46.9, 8.0, 5008, 骨音 
25825717, 46.1, 8.2, 3257, 龙族Ⅲ 
25973609, 29.1, 8.1, 180, 时间海 
26262056, 33.1, 7.4, 864, 有生之年 
26840426, 26.1, 6.6, 578, 永无止尽的约会 
1764915, 50.4, 8.3, 5953, I&#34;s 
26384985, 34.0, 7.3, 1183, 我有个恋爱想和你谈下 
26844485, 20.0, 6.6, 132, 我想和你在一起 
6712214, 42.8, 7.9, 2773, 妳是我學生又怎樣 
26603151, 19.1, 7.7, 39, 用自己最喜欢的方式去生活 
26369208, 25.6, 6.0, 1510, 那片星空，那片海 
25907631, 25.6, 8.0, 106, 父子电影俱乐部 
26883479, 14.1, 7.7, 15, 《该不该在一起》 
25837989, 27.9, 6.8, 661, 别闹，少年 
26718234, 14.2, 6.9, 25, 最爱你的那座城，春暖花开 
26613709, 33.8, 8.2, 373, 快把我哥带走 
25885764, 23.8, 7.4, 128, 当我放过自己的时候 
3704893, 35.6, 7.8, 827, 锦瑟 
5264089, 42.3, 7.7, 3381, 痕记 
26756269, 13.6, 6.3, 36, 我想和你过好这人生 
1043201, 41.4, 6.8, 15030, 毕业那天我们一起失恋 
22763917, 23.6, 7.0, 188, 单身恋习题 
26420667, 29.4, 7.7, 287, 原来你还在这里·插图纪念版 
25887472, 20.5, 6.6, 147, 愿你的选择配得上你的苦 
10789216, 34.7, 7.3, 1376, 又冷又明亮 
3678694, 44.8, 7.4, 9294, 窗灯 
1475746, 39.0, 8.7, 536, 危险心灵 
26705850, 15.5, 7.1, 29, 同学别将就 
25808167, 28.7, 7.0, 594, 你就这样吧，挺好的 
26670820, 13.3, 7.4, 15, 凉风蓝海和你 
25831881, 22.9, 6.5, 306, 时光不老，我们不散 
3795720, 41.5, 7.2, 6765, 任凭这空虚沸腾 
3810672, 46.3, 7.8, 6216, 8分钟的温暖 
1002073, 41.6, 7.7, 2999, 维以不永伤 
20393130, 22.1, 7.1, 121, 爱情与其他发明 
10572074, 18.8, 8.4, 24, さすらいエマノン 
6828146, 25.0, 7.1, 227, 大学生的坟 
5340645, 35.2, 7.7, 867, 十六岁 
26170794, 23.1, 7.6, 93, 年轻可以一无所有 
10743137, 47.8, 7.7, 9765, 绿皮火车 
6960951, 38.2, 7.7, 1539, 笃定 
1444157, 30.4, 7.2, 645, 几乎成了英雄 
25697705, 30.6, 6.8, 1241, 我也会爱上别人的 
25934145, 25.3, 6.3, 771, 少年博物馆 
26611152, 17.9, 8.0, 26, 不曾爱过，怎会懂得 
1087758, 46.2, 7.2, 18502, 花季雨季 
26897494, 29.5, 9.4, 72, 香初上舞 
10482182, 35.5, 8.7, 308, 昨日青空（上） 
2081286, 42.7, 7.1, 10739, 沙漏II 
26107112, 25.7, 7.2, 237, 小小麦田 
26706748, 24.5, 8.0, 86, 无聊世界的正经事 
26652979, 18.9, 7.9, 33, 零日传说 第1部 
25981182, 28.3, 7.1, 472, 荆棘王冠 
2160037, 47.6, 8.2, 4198, 我是你儿子 
25928115, 22.9, 7.6, 90, 在所有的风景里，我最喜欢你 
26747706, 21.9, 9.6, 22, 总会有个你，温暖我世界 
2360485, 43.0, 7.2, 9455, 沙漏Ⅲ 
1917193, 39.9, 8.7, 620, 从此尽情飞翔 
24870857, 25.0, 7.6, 134, 其实没那么糟 
26579956, 19.7, 8.4, 28, 听从自己内心的安排 
10797678, 24.7, 7.3, 173, 听说我们不曾落泪 
1083906, 31.6, 8.9, 139, 青春的敌人 
26596151, 17.0, 7.5, 30, 爱错了，就是青春 
1097055, 34.2, 8.2, 406, 滴泪痣 
3812309, 36.1, 7.3, 1842, 穿越时空的少女 
2357275, 35.3, 8.7, 299, 时间总是在转圈圈的 
1074841, 47.5, 7.5, 13370, 葵花走失在1890 
1946382, 42.3, 9.0, 673, SOLANIN(01) 
26670784, 21.5, 7.7, 62, 体面的普通人 
2584971, 48.6, 8.1, 5922, 计数器少年 
26304535, 15.5, 5.4, 208, 好久不见，秦先生 
24877320, 42.2, 7.8, 2853, 龙族Ⅲ 
25847226, 28.2, 8.2, 140, 回首又见他 
26288798, 21.8, 7.5, 78, 你的温度，我的幸福 
4320805, 35.7, 7.4, 1461, 太阳之塔 
2119444, 41.1, 8.2, 1351, 当时已惘然 
26636442, 22.9, 7.2, 131, 人山人海里，你不必记得我 
24700921, 23.4, 6.3, 470, 关于这个世界，你不快乐什么 
26270736, 17.3, 6.1, 123, 像她那么有范儿 
10540669, 26.9, 6.9, 449, 不夏 
4255002, 38.9, 7.6, 2072, 日光微澜 
2271177, 47.9, 7.7, 10034, 青春酷语（第四辑） 
20276084, 34.5, 8.3, 386, 依存免疫变态 
23134220, 36.1, 8.3, 509, 上课记2 
2270239, 41.3, 8.4, 1091, 怀念小龙女 
6436639, 26.4, 8.0, 121, 纸镇 
1012203, 50.9, 7.6, 21600, 檞寄生 
26383578, 21.4, 7.3, 86, 时光会把最好的留在最后 
2161892, 51.8, 8.5, 5576, 九故事 
4638931, 33.0, 6.8, 2173, 小时代1.5·青木时代VOL.1 
25751571, 19.5, 7.4, 54, 处女座：完美年华初相见 
2150278, 40.9, 8.2, 1297, 切·格瓦拉语录 
6854620, 28.1, 7.3, 350, 你曾住在我心上（全2册） 
26169505, 16.3, 7.5, 26, 我得过最重的病，是想你 
4850486, 31.4, 7.1, 929, 童年是孤单的冒险 
4916719, 32.1, 9.6, 92, 辛夷坞暖伤青春合集-贺岁典藏版 
6806575, 30.7, 8.2, 219, 巧克力战争 
5333738, 39.8, 8.7, 615, 思春期 
26596340, 27.1, 7.4, 250, 只想和你好好的 
24716155, 29.6, 7.3, 473, 一个人流浪，不必去远方 
25810166, 19.0, 7.1, 62, 爱情公寓（漫画版） 
5299244, 26.6, 7.8, 152, 薄荷微光少年时 
20396705, 34.3, 7.4, 1090, 女心 
24722143, 14.2, 6.9, 25, 赶夫上轿 
25867688, 30.7, 6.8, 1252, 一粒红尘 
24714828, 24.1, 7.0, 213, 我知道没有人值得我羡慕 
26275048, 19.1, 7.1, 63, 没拼过的青春，不值一过 
5321791, 32.9, 7.3, 945, 中文系 
26107455, 25.4, 6.4, 672, 谢谢你曾来过我的世界 
1054899, 46.8, 8.3, 3177, 女生贾梅全传 
1752500, 27.5, 8.5, 98, 蝴蝶落在流泪手心 
5288326, 38.1, 7.3, 2776, 流经存在的邂逅 
26412718, 29.6, 7.2, 546, 我的漂亮朋友 
1494098, 38.1, 7.6, 1768, 往南方岁月去 
3800892, 43.0, 7.6, 4599, 草样年华3 
5379658, 37.0, 8.5, 479, 兄弟之上 
25839850, 25.9, 7.8, 132, 继续走，继续失去的青春 
26848140, 19.9, 7.9, 40, 孤独的你总有星辰作伴 
4196320, 34.8, 7.4, 1205, 一豆七蔻 
4243284, 41.5, 7.4, 4731, 直到最后一句 
6436284, 39.7, 7.5, 2835, 尘埃眠于光年 
5300296, 44.0, 8.0, 2963, 陪你到世界终结 
3287883, 36.0, 7.3, 1808, 糖 
2149626, 41.1, 8.6, 850, 恰同学少年 
26695285, 27.9, 6.7, 763, 和你在一起才是全世界 
21792504, 23.2, 7.2, 139, 我在你遥远的身旁 
25975558, 20.0, 7.0, 85, 一个人的义无反顾 
26780002, 19.2, 7.9, 35, 我和初恋结婚了 
2146035, 39.3, 7.6, 2215, 昼若夜房间 
4025916, 45.1, 8.6, 1615, 唇诺 
2068070, 36.0, 7.6, 1174, 启蒙时代 
24741417, 21.7, 7.5, 77, 不要吵醒青春的悲伤 
26241777, 22.3, 6.5, 267, 这世界唯一的你 
4766405, 44.6, 8.0, 3328, 三年K班 
21458699, 19.9, 6.2, 219, 我还爱着你，像过去一样 
1791789, 24.0, 8.5, 55, 青年文摘合订本 
3413211, 38.6, 7.3, 3086, 花开半夏 
3244051, 40.7, 7.6, 2909, 哈娜·宅 
10537121, 28.3, 6.9, 616, 凉生，我们可不可以不忧伤3 
6560283, 37.3, 8.5, 503, 这世上我最爱你 
1358367, 38.3, 8.6, 534, 花とアリス 
1331571, 46.4, 7.6, 8860, 地下室 
5259293, 41.7, 7.7, 3061, 蔷薇求救讯号 
1431397, 36.0, 8.3, 499, 谁的青春有我狂 
2086633, 40.9, 7.4, 4220, 盛夏光年 
26729403, 15.8, 7.6, 22, 有一种我爱你叫作某人 
25931505, 20.3, 7.0, 91, 昨夜星辰昨夜风 
2993977, 36.0, 7.9, 784, 天空晴朗晴朗 
26848844, 21.8, 9.1, 27, 你好，旧时光：漫画版2 
10539244, 16.3, 5.6, 193, 季凉川,爱了你这么多年 
26775747, 20.4, 7.5, 59, 我曾赤诚天真爱过你 
24524403, 31.5, 6.5, 2624, 晨昏 
4255001, 28.9, 7.1, 531, 再不相爱就老了 
11606761, 45.6, 9.0, 1112, 下垂眼VOL.2 
4837840, 27.6, 6.9, 530, 光年 
26219396, 22.0, 7.5, 81, 不打扰是我的温柔 
1999790, 36.2, 7.8, 931, 夜晚的远足 
26823741, 21.6, 8.8, 31, 怕什么前途未知，进一寸有进一寸的欢喜 
26107430, 20.4, 6.0, 336, 夏有乔木 雅望天堂3 
5300108, 38.6, 8.1, 990, 尾巴 
4159400, 28.2, 8.7, 95, 青春 - Madi Ju第一本自选摄影集 
26615541, 12.7, 7.0, 17, 从此余笙没有你 
21318646, 24.0, 8.1, 73, 迷冬 
26314362, 21.8, 6.7, 178, 时光会记得 
3714244, 51.3, 9.6, 1365, 十日后 
23715318, 36.0, 8.7, 330, 激素少年 
25973692, 20.9, 6.9, 116, 我若不曾爱过你 
6920823, 23.3, 7.0, 176, Paper Towns 
1515701, 30.8, 6.2, 4165, 天使街23号 Ⅰ 
3895158, 38.3, 7.5, 2128, 哪瓣洋葱不流泪 
7564240, 23.2, 6.7, 251, 直到四季都错过 
21792505, 26.4, 6.7, 534, 160 170 180 
26698785, 17.3, 7.5, 32, 遇见每一个有故事的你 
10440935, 23.1, 7.2, 137, 亲爱的，值得吗 
26148475, 33.8, 7.0, 1826, 你和我的倾城时光 
23289203, 30.4, 7.2, 638, 以你为名的光芒 
1083257, 47.4, 7.4, 16031, 烈火如歌 
1414742, 28.7, 6.2, 2343, 龙日一，你死定了 
26115710, 23.6, 6.9, 214, 最孤独的冰箱和有故事的远方 
25882649, 23.8, 7.5, 116, 有酒的地方 
25880916, 18.8, 6.5, 109, 每个女孩都是生活家 
25886285, 26.5, 7.5, 201, 残酷翻篇，即是温柔 
1082515, 40.3, 7.5, 3153, 理工大风流往事 
26582265, 20.7, 8.2, 38, 陪你到青春散场 
24815957, 30.2, 7.4, 479, 秒速5厘米 
26616450, 21.3, 9.4, 22, 时间庭院（散页版涂色书） 
3816859, 40.0, 7.4, 3474, 四重音 
1088472, 44.3, 8.1, 2725, 首届全国新概念作文大赛获奖作品选（全二册） 
3373490, 43.9, 7.6, 5504, 鲤·谎言 
1868896, 44.5, 7.7, 5209, 我们去哪儿 
26671076, 16.3, 7.7, 23, 让你的名字住进我的表白里 
6139734, 25.6, 7.0, 297, 初恋 
2976226, 24.2, 6.9, 242, 减肥天书 
2069604, 36.9, 7.4, 1860, 成全了自己的碧海蓝天 
26345248, 20.8, 6.9, 114, 最努力的时候运气最好 
4324975, 52.4, 8.7, 4650, 下垂眼 
21306303, 30.5, 7.9, 284, 猫饭 
6059063, 34.4, 7.5, 965, 时光若有张不老的脸 
26435137, 18.5, 6.2, 150, 来得及 
26285755, 19.0, 6.6, 104, 将来的你，会感谢现在不放弃的自己 
25703751, 25.9, 7.5, 179, 有些事，这些年我才懂 
21817846, 18.2, 6.3, 119, 每次告别都有一颗星熄灭 
25778837, 44.6, 8.3, 2189, 时差党 
20385070, 26.2, 7.2, 263, 只怕不再遇上 
4191470, 37.8, 7.5, 1917, 苍耳 
1022492, 39.3, 7.1, 5133, 是你来检阅我的忧伤了吗 
4895821, 35.8, 7.6, 1115, 旋风百草·虹之绽 
3420384, 39.6, 7.2, 4522, 告诉大雄我爱她 
26640118, 23.6, 8.3, 58, 蛀空 
26599744, 17.5, 6.8, 59, 我最亲爱的你 
26317486, 18.1, 6.1, 151, 后来我们都哭了II·废墟 
5038394, 50.7, 8.8, 3123, 踮脚张望1 
26388075, 21.6, 6.5, 221, 世界那么大，我想去看看 
1236122, 34.8, 8.1, 498, Been There, Done That 
26754086, 17.8, 7.9, 27, 你的每一个晚安,都那么意义非凡 
26356360, 27.2, 8.4, 100, 南风知我意2 
3858167, 32.5, 7.2, 1007, 要有多勇敢，才能念念不忘 
25900093, 26.7, 7.0, 379, 分歧者2·反叛者 
26910470, 13.9, 7.9, 13, 徒步进藏 
26359469, 24.2, 7.5, 127, 我只能短暂地陪你一辈子 
25841973, 28.7, 7.5, 308, 我们·逆行 
26791189, 26.6, 8.8, 68, 借我执拗如少年 
25909143, 17.1, 6.1, 115, 我还是相信爱情吧，万一遇见了呢？ 
2973991, 40.8, 7.9, 1917, 妄言之半 
5397152, 39.2, 8.4, 766, 边缘少年 
26826402, 21.0, 7.9, 49, 满满都是我对你的爱（典藏版） 
26745289, 17.1, 7.2, 38, 月光航线 
4166697, 34.9, 8.1, 505, 红旗下的果儿 
20387021, 25.7, 6.6, 525, 我站在蚂蚁这一边 
26754076, 18.7, 7.2, 53, 这个世界让我有一点不懂 
1036290, 38.4, 6.7, 9251, 校服的裙摆 
26787112, 19.9, 7.9, 40, 那些细碎却美好的时光 
25832685, 22.0, 6.2, 378, 如果你曾奋不顾身爱上一个人 
5263723, 27.5, 9.5, 51, 你是暹罗我是鱼 
26416036, 23.4, 7.4, 118, 你不必逞强，时间会为你疗伤 
4098989, 47.4, 8.2, 4117, 我的青春从爱你开始 
1824720, 33.9, 8.7, 237, 最美的夏天-阳光姐姐嘉年华 
26177823, 30.8, 6.6, 1827, 在这复杂世界里 
20389197, 35.3, 8.1, 548, 一念，半生 
1414622, 42.5, 8.1, 1986, 恋爱写真 
26857831, 17.0, 8.0, 22, 《愿你不被生活辜负》 
5952516, 32.5, 8.5, 225, 当时年少 
1291774, 27.7, 7.0, 473, 郭敬明作品集 
25982408, 28.2, 9.1, 72, 青春奇妙物语② 
2364215, 46.1, 8.5, 2184, 此地无人生还 
25796947, 24.3, 7.9, 90, 最好的告别，是将你遗忘在路上 
20283439, 19.2, 5.8, 339, 青春是一本仓促的书-我们流着泪一读再读 
10593894, 32.0, 7.4, 692, 有声默片 
10597971, 30.8, 7.5, 474, 趁一切还来得及 
6539691, 37.6, 7.6, 1603, 曾有你的天气 
2079726, 29.0, 7.8, 240, 独自和解 
26678727, 21.9, 8.3, 44, 那些浪费的时光和生动的爱 
4140431, 41.8, 8.0, 2005, 灰色的彼得潘 
26416928, 21.9, 8.1, 50, 1996黄金时代 
24754273, 27.3, 7.8, 174, 没有翅膀，所以努力奔跑 
25891467, 20.8, 7.4, 70, 你是我追不到的时光2 
5376876, 30.6, 8.6, 150, 半粒糖，甜到伤 
26429738, 14.6, 7.3, 21, 《别让梦想只停在开始》 
1292415, 41.2, 7.7, 2765, 蜜月旅行 
26292368, 21.2, 6.1, 364, 假面 
2376306, 52.5, 7.8, 20214, 第三种爱情 
25985738, 18.3, 7.3, 45, 何必珍珠慰寂寥Ⅱ 
1479100, 39.0, 8.9, 441, 无怨的青春 
11443998, 18.2, 7.5, 38, 青春是一纸微忧的遗书 
1256188, 21.2, 7.6, 64, 爱我就像没有明天 
3158757, 45.5, 8.1, 3395, 电子之星 
26394470, 21.6, 7.8, 59, 世界那么大，我想去看看 
26636314, 27.4, 7.3, 299, 别那么骄傲 
3055252, 38.7, 7.7, 1710, 梧桐那么伤 
25761385, 21.3, 6.3, 275, 凉生，我们可不可以不忧伤4 
26771604, 15.9, 5.3, 290, 穿越人海拥抱你 
10769845, 42.0, 8.6, 979, 猫蛊手记 
4178798, 24.0, 6.6, 347, 海是天倒过来的模样 
1083375, 40.4, 7.2, 5418, 活不明白 
2146042, 37.6, 7.6, 1595, 霓路 
3328191, 24.2, 8.0, 81, Looking for Alaska 
26599193, 24.3, 6.3, 604, 我们从未陌生过 
6811711, 33.1, 7.1, 1321, 桥声 
2265995, 44.2, 7.1, 14947, 大象的眼泪 
26762569, 21.1, 8.3, 38, 别让世界改变我 
26615768, 14.6, 7.1, 24, 时间会给你答案 
26276701, 28.1, 6.9, 594, 南极姑娘 
26721895, 21.6, 7.6, 69, 被嘲笑过的梦想，总有一天会让你闪闪发光 
24758531, 26.2, 7.0, 341, 世上没有人比你更重要 
25758203, 27.9, 7.9, 174, 青春，我们逃无可逃 
25776026, 29.4, 7.9, 233, 碎片与深情 
26658718, 21.3, 7.2, 92, 4天后，我爱了16年的姑娘就要结婚了 
5264090, 38.3, 8.0, 1048, 荣耀谱 
1185473, 26.0, 6.3, 929, 郭敬明成长日记 
3069730, 33.7, 7.5, 851, 乐小米.天已微凉 
1132978, 26.8, 7.1, 336, 青春万岁 
1046544, 37.9, 8.5, 557, 蒙面之城 
25966512, 24.1, 7.3, 153, 新东方·梦在青春在 
1027832, 34.6, 6.6, 4603, 猜火车 
1082821, 36.9, 6.7, 6515, 水晶般透明 
25848538, 41.0, 9.1, 499, 星空 
3852439, 42.4, 7.8, 3001, 反自杀俱乐部 
19989621, 36.5, 7.5, 1490, 面包树上的女人 
4119322, 33.6, 7.6, 728, 夏至未至 
1440992, 45.5, 8.2, 2917, 一天 
3389953, 34.7, 7.7, 794, 天长地久 
2977174, 47.7, 7.8, 8133, N.世界 
2283762, 41.8, 8.5, 1055, 钟形罩 
5364120, 29.2, 7.9, 225, 末世岛屿 
26277997, 26.3, 7.7, 157, 岛和我们 
3671352, 42.0, 7.4, 5244, 嗨，我的男人 
1042677, 40.6, 7.7, 2473, 47楼207 
5326148, 28.7, 7.3, 399, 堕落天使 
1290034, 35.4, 7.6, 1029, 世界在你不知道的地方运转 
26692715, 15.1, 7.4, 22, 纸鱼缸 
4113424, 31.1, 7.7, 392, 穿墙而过 
3056241, 40.5, 8.5, 849, 烈火青春Part1 
3337203, 33.4, 7.7, 617, 来自天国的交换日记 
5283661, 41.1, 8.2, 1345, 绘心·遇见 
10785919, 28.4, 8.0, 176, 余兴派对 
25932385, 24.7, 6.7, 354, 分歧者3·忠诚者 
3244647, 27.4, 7.0, 445, 会有天使替我爱你（漫画版） 
26285939, 29.6, 7.5, 369, 岁月忽已暮 
7161897, 18.1, 6.4, 103, 龙族4 
5291112, 29.5, 8.1, 194, 樱空之雪-1 
2266643, 36.3, 6.6, 6946, 甜酸 
25905982, 20.1, 6.9, 97, 我想和你好好在一起 
5912889, 40.3, 7.6, 2689, 鲤·来不及 
4063555, 30.4, 7.0, 863, 别笑，我是高考零分作文 
1430531, 29.5, 7.8, 259, 美好的美好的时光 
20507391, 29.7, 7.7, 302, 明天醒来，还有青春 
21712341, 20.6, 7.4, 67, 返城年代 
25758083, 29.9, 8.3, 172, 妮玛和王小明 
24744442, 33.5, 7.4, 940, 少女病 
5437396, 14.2, 7.4, 18, 2010-2011年疯狂阅读年度特辑 青春志 
1486116, 29.6, 6.2, 2946, 麻雀要革命Ⅰ 
25911611, 23.0, 7.4, 110, 就这样慢热地活着 
25836449, 19.6, 6.3, 173, 如果巴黎不快乐Ⅲ 
4138939, 40.3, 7.7, 2316, 是日夏茗 
26281381, 25.7, 7.6, 153, 初恋爱 
25957889, 18.2, 7.2, 48, 《分歧者》三部曲 
1026674, 41.8, 6.9, 13430, 狼的诱惑 
3015786, 37.9, 8.0, 983, 有一种爱情叫兄弟Ⅰ 
25766893, 30.5, 8.7, 138, 成为简•奥斯丁 
25882364, 20.4, 7.8, 47, 爱情公寓4全本小说 
24671178, 25.5, 7.8, 122, 蛰伏 
3205245, 43.4, 7.4, 7061, 落落清欢 
25850737, 36.8, 7.2, 2507, 想得美 
6401138, 28.4, 7.6, 261, 纯真及其所编造的 
24869702, 24.8, 7.1, 219, 千万次摇摆，才能长大成人 
26879974, 11.6, 6.9, 14, 谁知后来，我会那么爱你 
1023598, 37.7, 7.4, 2194, 支离破碎 
25931391, 31.7, 8.2, 261, 我们就是世界 
26470682, 28.4, 8.3, 133, 一生的笔 
25881652, 17.5, 7.7, 29, 年轻，就要对自己狠一点 
1262344, 38.6, 7.7, 1676, 盛夏的樱花树 
26697107, 20.1, 6.9, 96, 你都不配我毒舌 
1902593, 38.2, 7.2, 3413, 最小说（第一辑） 
10562386, 41.4, 8.2, 1417, 文艺风象·去看你的演唱会 
26378721, 18.3, 7.3, 45, 梦想这条路踏上了，跪着也要走完 
24857759, 27.6, 8.6, 92, 湘西往事：黑帮的童话2 
10867595, 28.6, 8.5, 117, 女朋友。男朋友 
25936306, 26.4, 8.3, 95, 傲慢与偏爱 
2179956, 37.3, 7.0, 4007, 左手倒影.右手年华 
1262446, 31.2, 7.4, 578, 复兴公园 
5290404, 25.1, 7.5, 152, 听说每颗星都会寂寞 
1022788, 41.8, 9.0, 619, 希望今天遇见你 
6431899, 24.8, 6.7, 370, 时光与少年都已沉旧 
25779437, 24.0, 7.4, 135, 岁月的童话 
1078244, 30.8, 7.0, 945, 青春之歌 
20382353, 39.0, 9.3, 310, 排球少年 1 
1288940, 19.0, 8.1, 30, 你好忧伤 
4158875, 37.7, 7.5, 1886, 爱如指间沙 
4880033, 36.4, 7.5, 1449, 馥鳞 
10571359, 36.2, 8.1, 647, 青城 2 
26668676, 15.5, 7.6, 21, 折腾吧，小青年 
1041111, 30.8, 6.4, 2725, 北京娃娃 
26640109, 18.7, 7.8, 34, 你曾是少年 
3115382, 21.8, 8.0, 53, 恋爱啪啪啪 
5327717, 32.3, 7.4, 723, 小祖宗1.0魔术师 
3420077, 39.1, 8.1, 1078, 我生命的速度 
6785551, 37.4, 7.7, 1324, 我在回忆里等你 
25849140, 22.0, 7.4, 89, 小寂寞 
25880335, 16.2, 7.1, 34, 来自星星的EXO 
1437105, 36.5, 6.7, 5876, 局外人 
1799942, 31.9, 7.2, 895, 那些事，那些人 
24743326, 25.0, 7.3, 182, 发现另一个你 
25825364, 26.2, 8.2, 99, 青春不应被浪费 
4159518, 36.8, 8.0, 806, 情人书 
1416964, 53.2, 9.2, 2799, H2 好逑雙物語 32 
6750490, 36.7, 7.8, 1023, 草样年华·肆 
2978491, 27.4, 6.9, 503, 没有如果的事 
10518015, 24.5, 7.2, 185, 等不到天亮等时光 
1337297, 65.4, 9.6, 9963, 篮球飞人 
19987539, 26.7, 7.5, 209, 楼上的女儿 
26430486, 24.1, 8.7, 49, 微花 
4327743, 27.5, 8.1, 136, 侧影天蝎转身摩羯 
3084287, 24.9, 9.4, 37, 中老年激情广场 
5338238, 37.5, 7.7, 1346, 跟谁较劲 
26389910, 16.4, 6.7, 50, 朔月 
1866516, 32.5, 8.3, 273, 罗亭 
2669319, 50.0, 9.0, 2205, Flipped 
1082820, 36.4, 6.7, 5849, 无往而不胜的童话 
26114897, 22.9, 7.0, 161, 你若懂我，该有多好 
4259131, 30.3, 8.6, 143, 爱至暮夏2 
2002866, 29.6, 6.4, 1953, 天使街23号. V5 
6013400, 29.6, 8.3, 165, 一起的记忆 
1431059, 35.4, 7.5, 1178, 良辰 
26326526, 33.4, 8.9, 184, 下垂眼 Vol.3 
25879587, 27.1, 8.5, 91, 山寨 
2998717, 32.1, 6.3, 4613, 午后薰衣茶 
7154793, 21.7, 6.9, 140, 你是温暖，逆光而来 
20453761, 22.0, 7.4, 90, 当我们的青春渐渐苍老 
1949195, 33.7, 8.3, 331, 有只鸽子叫红唇儿 
1432422, 42.7, 7.2, 8828, 草样年华Ⅱ 
3335951, 44.2, 7.6, 5779, 我的波塞冬 
26761867, 18.7, 7.8, 34, 也曾与全世界为敌 
1358405, 21.7, 8.5, 37, 偏見與傲慢 
26859919, 14.1, 7.0, 23, 阿弟，你慢慢跑 
4068125, 22.6, 7.1, 137, 我们不再纯真的年代 
5918836, 27.0, 8.1, 125, 七寻记1 
