Doulist, Page, Type 
36954142, 4, 2 
79909, 2, 2 
485463, 4, 2 
41855072, 3, 2 
41855072, 5, 2 
41855072, 15, 2 
41855072, 25, 2 
41855072, 29, 2 
41855072, 36, 2 
308927, 7, 2 
100487, 2, 2 
1185931, 4, 2 
919697, 2, 2 
919697, 3, 2 
919697, 4, 1 
919697, 5, 2 
919697, 6, 2 
919697, 7, 1 
919697, 8, 1 
919697, 9, 1 
919697, 10, 2 
4028570, 12, 2 
4028570, 14, 1 
4028570, 31, 2 
4028570, 39, 2 
4028570, 42, 2 
4028570, 43, 2 
4028570, 47, 2 
821278, 1, 1 
821278, 2, 1 
821278, 3, 1 
821278, 4, 1 
1757387, 9, 2 
258312, 8, 2 
3203347, 16, 2 
3203347, 18, 2 
3203347, 20, 2 
147748, 2, 2 
37912871, 3, 2 
37912871, 4, 2 
37828920, 2, 2 
12608, 4, 2 
12608, 5, 2 
43899203, 1, 2 
401740, 1, 2 
14090587, 2, 2 
14090587, 3, 2 
14090587, 6, 2 
14090587, 7, 2 
14090587, 8, 2 
14090587, 10, 2 
14090587, 14, 2 
14090587, 15, 2 
14090587, 16, 2 
14090587, 20, 2 
14090587, 21, 2 
14090587, 24, 2 
541024, 2, 2 
31086, 1, 2 
2627954, 7, 2 
2627954, 15, 2 
2627954, 19, 2 
2627954, 21, 2 
1763710, 4, 2 
481692, 1, 2 
481692, 2, 2 
481692, 3, 2 
1757597, 3, 2 
76201, 2, 2 
76201, 10, 2 
242077, 2, 2 
242077, 8, 2 
37749198, 4, 2 
37749198, 5, 2 
14833, 4, 1 
14833, 6, 2 
223732, 1, 2 
223732, 2, 2 
61941, 1, 2 
1456643, 4, 2 
561677, 6, 2 
3361299, 2, 2 
3361299, 5, 2 
3361299, 8, 2 
3361299, 9, 2 
3361299, 14, 2 
3361299, 17, 2 
3361299, 19, 2 
37325339, 1, 2 
113188, 1, 2 
13468216, 5, 2 
1643115, 10, 2 
43967104, 1, 1 
184968, 1, 1 
223889, 1, 2 
316869, 1, 2 
127649, 2, 1 
76469, 4, 2 
150200, 2, 2 
150200, 4, 2 
150200, 6, 1 
35519, 10, 2 
35519, 16, 2 
35519, 36, 2 
35519, 37, 2 
35519, 40, 2 
35519, 45, 2 
35519, 47, 2 
1651462, 1, 2 
1739529, 8, 2 
150286, 6, 2 
248592, 1, 2 
248592, 2, 2 
248592, 3, 2 
248592, 5, 2 
248592, 6, 2 
248592, 7, 2 
248592, 9, 2 
248592, 10, 2 
453664, 1, 1 
453664, 2, 1 
115496, 6, 2 
1479469, 4, 2 
43430373, 31, 2 
43430373, 58, 2 
43430373, 59, 2 
43430373, 60, 2 
43430373, 62, 2 
43430373, 63, 2 
43430373, 79, 2 
36912614, 1, 1 
19303, 3, 2 
207743, 1, 2 
1364866, 5, 2 
1364866, 7, 2 
1364866, 14, 2 
1298590, 1, 2 
1298590, 3, 2 
1298590, 5, 2 
1298590, 6, 2 
1298590, 9, 2 
182777, 10, 2 
37919722, 3, 1 
37919722, 18, 2 
43107333, 15, 1 
43107333, 16, 2 
43107333, 20, 2 
459787, 2, 2 
459787, 8, 2 
36805658, 2, 2 
36680731, 9, 2 
191516, 1, 2 
191516, 2, 2 
191516, 3, 2 
574493, 7, 2 
4031665, 6, 1 
144439, 8, 2 
144439, 10, 2 
48257, 6, 2 
437384, 1, 2 
437384, 6, 2 
203925, 4, 1 
189591, 2, 2 
42736792, 9, 2 
42736792, 12, 2 
42736792, 23, 2 
42736792, 29, 2 
42736792, 31, 2 
42736792, 36, 2 
42736792, 38, 2 
87204, 3, 2 
525499, 2, 2 
525499, 3, 2 
21091528, 5, 2 
13525, 3, 2 
13525, 4, 2 
41073897, 1, 1 
41073897, 2, 1 
41073897, 3, 1 
41073897, 4, 1 
41073897, 5, 1 
41073897, 6, 1 
41073897, 7, 1 
41073897, 8, 1 
41073897, 9, 1 
41073897, 10, 1 
41073897, 11, 1 
41073897, 12, 1 
41073897, 13, 1 
41073897, 14, 1 
41073897, 15, 1 
41073897, 16, 1 
41073897, 17, 1 
41073897, 18, 1 
41073897, 19, 1 
41073897, 20, 1 
41073897, 21, 1 
41073897, 22, 1 
41073897, 23, 1 
41073897, 24, 1 
41073897, 25, 1 
41073897, 26, 1 
41073897, 27, 1 
41073897, 28, 1 
41073897, 29, 1 
41073897, 30, 1 
41073897, 31, 1 
41073897, 32, 1 
41073897, 33, 1 
41073897, 34, 1 
41073897, 35, 1 
41073897, 36, 1 
41073897, 37, 1 
41073897, 38, 1 
41073897, 39, 1 
41073897, 40, 1 
41073897, 41, 1 
41073897, 42, 1 
41073897, 43, 1 
41073897, 44, 1 
41073897, 45, 1 
41073897, 46, 1 
41073897, 47, 1 
41073897, 48, 1 
41073897, 49, 1 
41073897, 50, 1 
41073897, 51, 1 
41073897, 52, 1 
41073897, 53, 1 
41073897, 54, 1 
41073897, 55, 1 
41073897, 56, 1 
41073897, 57, 1 
41073897, 58, 1 
41073897, 59, 1 
41073897, 60, 1 
41073897, 61, 1 
41073897, 62, 1 
41073897, 63, 1 
41073897, 64, 1 
41073897, 65, 1 
41073897, 66, 1 
41073897, 67, 1 
41073897, 68, 1 
41073897, 69, 1 
41073897, 70, 1 
41073897, 71, 1 
41073897, 72, 1 
41073897, 73, 1 
41073897, 74, 1 
41073897, 75, 1 
41073897, 76, 1 
41073897, 77, 1 
41073897, 78, 1 
41073897, 79, 1 
41073897, 80, 1 
41073897, 81, 1 
41073897, 82, 1 
41073897, 87, 1 
41073897, 88, 1 
41073897, 89, 1 
41073897, 90, 1 
41073897, 91, 1 
41073897, 92, 1 
41073897, 93, 1 
41073897, 94, 1 
41073897, 95, 1 
41073897, 96, 1 
41073897, 97, 1 
41073897, 98, 1 
41073897, 99, 1 
41073897, 100, 1 
41073897, 101, 1 
41073897, 102, 1 
41073897, 103, 1 
41073897, 104, 1 
41073897, 105, 1 
41073897, 106, 1 
41073897, 108, 1 
41073897, 116, 1 
41073897, 117, 1 
41073897, 118, 1 
41073897, 122, 1 
41073897, 123, 1 
41073897, 124, 1 
41073897, 125, 1 
41073897, 126, 1 
41073897, 127, 1 
41073897, 128, 1 
41073897, 129, 1 
41073897, 130, 1 
41073897, 131, 1 
41073897, 133, 1 
41073897, 134, 1 
41073897, 135, 1 
41073897, 136, 1 
41073897, 137, 1 
41073897, 138, 1 
41073897, 139, 1 
41073897, 140, 1 
41073897, 141, 1 
41073897, 142, 1 
41073897, 143, 1 
41073897, 144, 1 
41073897, 145, 1 
41073897, 146, 1 
41073897, 147, 1 
41073897, 148, 1 
41073897, 149, 1 
41073897, 150, 1 
41073897, 151, 1 
41073897, 152, 1 
41073897, 153, 1 
41073897, 154, 1 
41073897, 155, 1 
41073897, 156, 1 
41073897, 157, 1 
41073897, 158, 1 
41073897, 159, 1 
41073897, 160, 1 
41073897, 161, 1 
41073897, 162, 1 
41073897, 163, 1 
41073897, 164, 1 
41073897, 165, 1 
41073897, 166, 1 
41073897, 167, 1 
41073897, 168, 1 
41073897, 169, 1 
41073897, 170, 1 
41073897, 171, 1 
41073897, 172, 1 
41073897, 173, 1 
41073897, 174, 1 
41073897, 175, 1 
41073897, 176, 1 
41073897, 177, 1 
41073897, 178, 1 
41073897, 179, 1 
41073897, 180, 1 
41073897, 181, 1 
41073897, 182, 1 
41073897, 183, 1 
41073897, 184, 1 
41073897, 185, 1 
41073897, 186, 1 
41073897, 187, 1 
234733, 2, 2 
40569385, 8, 1 
40569385, 10, 2 
40569385, 15, 2 
40569385, 21, 2 
43474176, 3, 1 
43474176, 4, 1 
43474176, 8, 2 
43474176, 11, 1 
43474176, 15, 1 
232710, 1, 1 
535845, 8, 2 
36502836, 1, 1 
36502836, 2, 1 
36502836, 4, 1 
36502836, 5, 1 
36502836, 6, 1 
36502836, 7, 1 
36502836, 8, 1 
36502836, 9, 1 
36502836, 10, 1 
36502836, 11, 1 
36502836, 12, 1 
36502836, 13, 1 
36502836, 14, 1 
36502836, 15, 1 
36502836, 16, 1 
36502836, 17, 1 
36502836, 18, 1 
161084, 2, 2 
20172127, 3, 2 
20172127, 6, 2 
20172127, 27, 2 
20172127, 29, 2 
20172127, 50, 2 
20172127, 51, 2 
20172127, 52, 2 
20172127, 53, 2 
20172127, 62, 2 
20172127, 67, 2 
20172127, 69, 2 
20172127, 75, 2 
20172127, 76, 2 
20172127, 84, 2 
20172127, 87, 2 
20172127, 89, 2 
20172127, 96, 2 
20172127, 107, 2 
20172127, 115, 2 
20172127, 117, 2 
20172127, 118, 2 
20172127, 129, 2 
20172127, 131, 2 
20172127, 139, 2 
20172127, 140, 2 
20172127, 143, 2 
20172127, 144, 2 
20172127, 161, 2 
20172127, 162, 2 
20172127, 172, 2 
20172127, 175, 2 
20172127, 178, 2 
20172127, 179, 2 
20172127, 182, 2 
20172127, 183, 2 
20172127, 187, 2 
20172127, 190, 2 
20172127, 192, 2 
20172127, 193, 2 
20172127, 194, 2 
20172127, 195, 2 
20172127, 198, 2 
20172127, 202, 2 
20172127, 205, 2 
20172127, 206, 2 
20172127, 209, 2 
20172127, 211, 2 
20172127, 225, 2 
20172127, 227, 2 
20172127, 229, 1 
20172127, 232, 1 
20172127, 233, 2 
20172127, 236, 2 
20172127, 237, 2 
20172127, 241, 1 
20172127, 243, 2 
20172127, 244, 1 
20172127, 247, 2 
20172127, 250, 2 
20172127, 251, 2 
20172127, 252, 1 
20172127, 254, 2 
20172127, 257, 2 
20172127, 270, 2 
20172127, 271, 2 
20172127, 275, 2 
20172127, 276, 2 
20172127, 280, 2 
20172127, 281, 1 
20172127, 282, 2 
20172127, 283, 2 
20172127, 284, 2 
20172127, 285, 2 
20172127, 288, 2 
20172127, 292, 2 
20172127, 293, 2 
20172127, 297, 2 
20172127, 298, 2 
20172127, 299, 2 
20172127, 301, 2 
20172127, 303, 1 
20172127, 304, 1 
20172127, 311, 2 
20172127, 319, 2 
20172127, 327, 2 
20172127, 352, 2 
20172127, 353, 2 
20172127, 370, 2 
20172127, 402, 2 
20172127, 404, 2 
20172127, 412, 2 
20172127, 417, 2 
20172127, 426, 2 
20172127, 430, 2 
20172127, 436, 2 
20172127, 439, 2 
20172127, 441, 2 
20172127, 442, 1 
20172127, 443, 2 
20172127, 447, 2 
20172127, 454, 2 
20172127, 455, 2 
20172127, 457, 2 
20172127, 465, 2 
20172127, 466, 2 
20172127, 470, 2 
20172127, 472, 2 
20172127, 474, 2 
20172127, 475, 2 
20172127, 480, 2 
20172127, 482, 1 
20172127, 483, 2 
20172127, 495, 2 
20172127, 496, 2 
578921, 9, 2 
212335, 2, 2 
212335, 4, 2 
226728, 8, 2 
253360, 2, 2 
253360, 3, 2 
11700, 3, 2 
251325, 1, 2 
251325, 2, 2 
251325, 3, 2 
251325, 4, 2 
69107, 1, 1 
69107, 2, 1 
1197610, 1, 2 
1197610, 4, 1 
1197610, 5, 2 
1197610, 9, 2 
235055, 2, 2 
235055, 3, 2 
235055, 5, 2 
257630, 1, 2 
513669, 9, 2 
513669, 10, 2 
202378, 1, 1 
202378, 5, 1 
327359, 3, 2 
327359, 4, 2 
327359, 8, 2 
1277652, 3, 2 
138965, 2, 2 
138965, 9, 2 
138965, 10, 2 
1235237, 1, 2 
1235237, 2, 2 
38391562, 6, 2 
38391562, 14, 2 
38391562, 16, 2 
38391562, 18, 2 
38391562, 19, 2 
38391562, 20, 2 
38391562, 22, 2 
38391562, 27, 2 
243468, 2, 2 
493336, 1, 2 
141125, 1, 2 
141125, 3, 2 
141125, 4, 1 
186198, 1, 2 
446325, 4, 2 
913288, 1, 2 
176014, 5, 2 
176014, 10, 1 
989078, 1, 2 
989078, 4, 1 
34754, 3, 2 
34754, 9, 2 
125601, 8, 1 
612307, 1, 2 
34772, 1, 2 
37900246, 8, 2 
37900246, 11, 2 
37900246, 12, 2 
40611824, 20, 2 
21121017, 10, 2 
