2017-1-9 13:21:41 

Books with rating >= 9.0 and votes >= 100. 
Total number: 3181 

ID, Rating, Votes, Title
1007305, 9.5, 112402, 红楼梦 
1084336, 9.0, 210939, 小王子 
3259440, 9.1, 172336, 白夜行 
1082154, 9.1, 119538, 活着 
6082808, 9.2, 93487, 百年孤独 
1068920, 9.3, 73133, 飘（上下） 
3066477, 9.2, 74142, 三体Ⅱ 
5363767, 9.2, 73606, 三体Ⅲ 
1200840, 9.0, 93619, 平凡的世界（全三部） 
1061118, 9.1, 73508, 活着 
1041007, 9.0, 82288, 哈利　波特与魔法石 
4913064, 9.3, 48749, 活着 
10554308, 9.2, 57076, 白夜行 
1019568, 9.2, 52510, 三国演义（全二册） 
1040211, 9.2, 46802, 福尔摩斯探案全集（上中下） 
1255625, 9.1, 53295, 天龙八部 
1221515, 9.5, 26462, 灌篮高手31 
1474773, 9.5, 25222, 海贼王 
1361264, 9.0, 53245, 撒哈拉的故事 
1204889, 9.4, 27529, 机器猫哆啦A梦23 
1060068, 9.2, 36288, 撒哈拉的故事 
4820710, 9.3, 27930, 1984 
6710437, 9.3, 26638, 撒哈拉的故事 
1829226, 9.1, 35222, 肖申克的救赎 
1046209, 9.1, 34398, 安徒生童话故事集 
2035179, 9.2, 28010, 动物农场 
1054685, 9.0, 36511, 沉默的大多数 
3674537, 9.1, 30647, 明朝那些事儿（1-9） 
1858576, 9.3, 22465, 一九八四 
1336330, 9.3, 21538, 冰与火之歌（卷一） 
1082387, 9.2, 23965, 一九八四　动物农场 
4117922, 9.0, 32526, 嫌疑人X的献身 
1827374, 9.0, 32350, 东方快车谋杀案 
1389960, 9.2, 22035, 七　珠 34 
5414391, 9.0, 28811, 寻路中国 
4123116, 9.2, 19862, 月亮和六便士 
25985021, 9.3, 17123, 人类简史 
1027191, 9.0, 26821, 历史深处的忧虑 
5299764, 9.4, 14144, 1984 
1077847, 9.5, 12163, 史记（全十册） 
1003479, 9.1, 21157, 中国历代政治得失 
5350303, 9.3, 15392, 活着 
1337297, 9.6, 9962, 篮球飞人 
3554154, 9.0, 23066, 阿狸　梦之城堡 
3626924, 9.0, 22699, 明朝那些事儿（柒）：大结局 
1401841, 9.0, 22411, 傲慢与偏见 
2035162, 9.0, 22335, 刀锋 
1102403, 9.6, 9223, 机器猫哆啦A梦（共45册） 
1464203, 9.4, 11854, 冰与火之歌（卷二） 
7060185, 9.0, 21030, 江城 
3523041, 9.2, 15542, 平凡的世界（全三册） 
1986291, 9.5, 10260, 冰与火之歌（卷三） 
7163250, 9.2, 15414, 明朝那些事儿 
1069848, 9.0, 20604, 围城 
3604517, 9.3, 13248, 撒哈拉的故事 
20440644, 9.2, 15203, 文学回忆录（全2册） 
3808982, 9.3, 12824, 动物庄园 
4908885, 9.0, 19775, 局外人 
6709783, 9.1, 16664, 浪潮之巅 
1855364, 9.1, 16625, 围城 
4188697, 9.1, 16400, 子不语(1
1474842, 9.1, 16281, NANA（1-13） 
1213945, 9.5, 8993, 红楼梦 
1002898, 9.1, 15599, 父与子全集 
1883245, 9.4, 10223, 诗经 
11622283, 9.2, 12997, 滚蛋吧!肿瘤君 
1014578, 9.0, 17221, 我的精神家园 
1018136, 9.1, 14780, 动物庄园 
1059258, 9.4, 9719, 道德经 
4934332, 9.2, 12678, 子不语3 
1467022, 9.2, 12440, 上帝掷骰子吗 
1028409, 9.4, 9001, 中国少年儿童百科全书（全四册） 
1209899, 9.0, 15701, 我与地坛 
1003078, 9.2, 11076, 小王子 
3665874, 9.0, 14613, 星空 
25924253, 9.0, 14579, 嫌疑人X的献身 
1203426, 9.0, 14236, 人间词话 
20470917, 9.0, 13953, 深夜食堂 01 
1046492, 9.3, 8992, 　史大　（上下） 
1258490, 9.2, 10229, 基地 
1433640, 9.3, 8871, 猜猜我有多爱你 
24380577, 9.2, 9947, 平凡的世界 
1013267, 9.3, 8678, 唐诗三百首 
3239549, 9.1, 11229, 夹边沟记事 
3815131, 9.4, 7416, 一九八四 
1803022, 9.0, 12717, 圣经 
1119839, 9.1, 11007, 王尔德童话 
10517238, 9.1, 10754, 平凡的世界 
1474688, 9.1, 10735, 　器娃娃(1) 
1021615, 9.1, 10562, 小王子（中英文对照本） 
1475477, 9.3, 7924, 　魂 
2361768, 9.3, 7906, 爷爷变成了幽灵 
1858410, 9.0, 11880, 万历十五年 
1922216, 9.2, 8728, 全球通史(上) 
1789837, 9.0, 11473, 射雕英雄传 
3162991, 9.6, 5193, 艺术的故事 
1937357, 9.4, 6601, 萤火之森 
3719533, 9.4, 6532, 经济学原理 
3210843, 9.2, 8396, 冰与火之歌　卷四　群鸦的盛宴（全两册） 
3406401, 9.0, 10965, 悉达多 
26698660, 9.0, 10759, 巨人的陨落 
1028842, 9.0, 10749, 经济学原理（上下） 
2035171, 9.0, 10663, 人生的枷锁 
1981042, 9.0, 10652, 万历十五年（增订本） 
1941301, 9.2, 8030, 365夜故事（上下） 
1014825, 9.0, 10532, 我也有一个梦想 
2158463, 9.2, 7904, 小王子 
1765512, 9.1, 9053, 海的女儿 
1483894, 9.4, 6035, 三国演义 
1880831, 9.2, 7824, 基督山伯爵（上下册） 
20381804, 9.4, 5998, 冰与火之歌　卷五　魔龙的狂舞（全三册） 
1007928, 9.1, 8893, 美国纽约摄影学院摄影教材（上） 
1795079, 9.2, 7704, 乡土中国 
1776683, 9.0, 9933, 沉默的大多数 
1084165, 9.0, 9896, 平凡的世界 
1083474, 9.2, 7488, 飘（全二册） 
6397275, 9.0, 9783, 此生未完成 
1014561, 9.0, 9754, 古文观止 
3883991, 9.3, 6477, 动物农场 
5910656, 9.2, 7348, 我与地坛 
1036684, 9.3, 6352, 现代汉语词典（修订本） 
1856494, 9.3, 6315, 卡拉马佐夫兄弟 
25829693, 9.0, 9371, 永恒的终结 
1476651, 9.0, 9345, 社会心理学 
20470916, 9.1, 8079, 深夜食堂 02 
3673671, 9.1, 8073, 梦里花落知多少 
1418297, 9.1, 8040, 蜂蜜　四　草 1 
6781808, 9.2, 6886, 杀死一只知更鸟 
23008971, 9.0, 8944, 平如美棠 
19958089, 9.0, 8927, 我们仨 
2160556, 9.0, 8923, 十万个为什么 
5038409, 9.0, 8883, 金色梦乡 
10488620, 9.5, 4591, 冰与火之歌　卷二　列王的纷争（全三册） 
3054821, 9.2, 6654, 渴望生活 
6789605, 9.0, 8655, 树上的男爵 
3693974, 9.4, 5059, 小王子 
2218216, 9.5, 4440, 金庸作品集 
1440972, 9.1, 7385, 博尔赫斯小说集 
1001896, 9.2, 6458, 新华字典（1998年修订本） 
1452610, 9.2, 6439, 　　 (1)  アフタヌ恁KC (255) 
6964050, 9.4, 4930, 冰与火之歌　卷一　权力的游戏（全三册） 
1258489, 9.3, 5571, 第二基地 
1263399, 9.0, 8280, 无人生还 
1791390, 9.2, 6325, Hunter X Hunter 
3261600, 9.3, 5554, 人生的智慧 
2160226, 9.2, 6308, 快乐王子 
3610681, 9.2, 6152, 海子诗全集 
3151596, 9.2, 6142, 活着 
1459623, 9.4, 4768, 20世　少年01 
1017749, 9.3, 5315, 乱世佳人(上、下) 
3128104, 9.0, 7892, 游园惊梦 
1922246, 9.2, 5996, 全球通史(下) 
20470913, 9.1, 6730, 深夜食堂 03 
6861664, 9.0, 7644, 白鹿原 
1885170, 9.4, 4546, 算法导论（原书第2版） 
10608468, 9.6, 3584, 冰与火之歌　卷三　冰雨的风暴（全三册） 
1419736, 9.4, 4527, MONSTER-怪物-02 
2068249, 9.0, 7456, 温柔的夜 
1062343, 9.2, 5695, 昨日的世界 
6539859, 9.3, 4946, 甲骨文 
1258491, 9.2, 5599, 基地与帝国 
1464989, 9.1, 6370, 围城 
1760548, 9.2, 5519, 三毛作品集 
1026035, 9.1, 6262, 你看起来好像很好吃 
1088711, 9.1, 6260, 霸王别姬 
26576861, 9.0, 7108, 最好的告别 
10522856, 9.0, 7100, 冬牧场 
6428468, 9.1, 6170, 我　最幸福 
25762009, 9.1, 6155, 教父 
1180108, 9.0, 6979, 恐怖宠物店1 
1370274, 9.2, 5348, Level E 
1949420, 9.3, 4693, 孙子兵法 
2046236, 9.3, 4690, 庄子 
1964774, 9.0, 6899, 论语 
2043313, 9.2, 5242, 妖怪　　簿 1 
1559310, 9.0, 6774, 鹿鼎记 
20470914, 9.1, 5918, 深夜食堂 04 
1424314, 9.4, 4040, 1984 
3410718, 9.2, 5145, 美的历程 
1059112, 9.0, 6632, 百年孤独 
1102715, 9.1, 5747, 从一到无穷大 
5437113, 9.0, 6558, 窗边的小豆豆 
6964047, 9.3, 4425, 冰与火之歌（卷一） 
1369777, 9.0, 6476, NANA 12 
1291204, 9.4, 3870, 哥德尔、艾舍尔、巴赫 
1082582, 9.0, 6360, 天龙八部（全五册） 
2039931, 9.0, 6305, 小王子 
1784153, 9.4, 3745, 安徒生童话 
3091368, 9.1, 5439, 白鹿原 
1255500, 9.2, 4773, 动物农场 
4237548, 9.3, 4208, 平凡的世界（全三册） 
3673672, 9.0, 6165, 温柔的夜 
2025999, 9.8, 2364, 灌篮高手（全31卷） 
6009029, 9.3, 4166, 三　 Ⅱ 
1476213, 9.4, 3669, 中　近代史（上　） 
4809777, 9.1, 5306, 尘世　挽歌 
1139336, 9.4, 3627, C程序设计语言 
2360269, 9.3, 4087, タッチ 完全版（1） 
1418999, 9.2, 4601, 银河英雄传说 
4071859, 9.3, 4055, 我在伊朗长大 
1483522, 9.2, 4586, 365夜 
1115748, 9.2, 4581, 故事 
3311253, 9.0, 5929, 额尔古纳河右岸 
2042982, 9.5, 3180, 七龙珠 
3465080, 9.0, 5908, 好妈妈胜过好老师 
1066165, 9.3, 4019, 卡尔维诺文集（第三卷） 
1675478, 9.0, 5872, 天朝的崩溃 
4881850, 9.0, 5866, 阿勒泰的角落 
1041385, 9.2, 4490, 论美国的民主 
3578470, 9.0, 5766, 德米安 
3057333, 9.0, 5747, 城南旧事 
1261560, 9.0, 5708, 国富论 
2334065, 9.4, 3444, 塔希里亚故事集 
4230237, 9.0, 5663, 设计中的设计 | 全本 
1073708, 9.0, 5601, 牡丹亭 
6878068, 9.2, 4317, 深夜食堂 01 
2251434, 9.0, 5558, 被爱路过 
1084080, 9.2, 4294, 平凡的世界（全三册） 
3228668, 9.3, 3781, 上帝掷骰子吗 
10601616, 9.3, 3775, 我爱摇滚乐 
2076623, 9.5, 2975, 金刚经 
1950809, 9.5, 2967, 红楼梦 
1000534, 9.2, 4211, 中国少年儿童百科全书--自然.环境 
3057556, 9.0, 5439, 狂热分子 
1836555, 9.7, 2349, 史记 
1915958, 9.2, 4142, 野草 
2046807, 9.4, 3249, 飘 
7065521, 9.0, 5334, 银河帝国：基地 
1482200, 9.0, 5304, 我的精神家园 
1004088, 9.0, 5290, 长袜子皮皮 
11589032, 9.1, 4630, 你好，旧时光（三周年纪念版） 
3719531, 9.3, 3600, 经济学原理 
10564071, 9.0, 5249, 白鹿原 
1767741, 9.2, 4050, C++ Primer 中文版（第 4 版） 
1144185, 9.1, 4577, 美国宪政历程 
3698398, 9.0, 5176, 万水千山走遍 
2376570, 9.3, 3532, 浪漫的逃亡 
6518605, 9.3, 3515, 三体全集 
1431870, 9.1, 4457, 源泉 
3025618, 9.4, 3092, 我们的祖先 
1883991, 9.3, 3455, 王小波全集 
6531656, 9.4, 3034, 麒麟之与子同袍 
1072295, 9.3, 3381, 　治通　（全二十　） 
6558707, 9.0, 4914, 梦里花落知多少 
1424313, 9.3, 3359, Animal Farm 
4908879, 9.3, 3358, 动物农场 
1061803, 9.2, 3782, 西游记 
1187842, 9.0, 4869, 你一生的故事 
3901880, 9.0, 4845, 沉默的大多数 
1815640, 9.1, 4252, 王小波全集（第一卷 杂文） 
3270617, 9.3, 3314, 我与地坛 
1823349, 9.0, 4808, Happy Birth Day 
1442720, 9.4, 2939, 鲁迅全集（2005最新修订版） 
3183775, 9.2, 3724, 四世同堂 
1006639, 9.2, 3716, 蜡笔小新（全32册） 
1427538, 9.4, 2918, 《父与子》全集 
10529412, 9.2, 3677, 深夜食堂 06 
2158684, 9.0, 4722, 象棋的故事 
1005358, 9.2, 3653, 寻找家园 
3111270, 9.4, 2866, 一九八四 
1477390, 9.3, 3199, 代码大全（第2版） 
10549934, 9.1, 4008, 悉达多 
6434486, 9.3, 3137, 上帝掷骰子吗？ 
11628196, 9.4, 2785, 冰与火之歌　卷四　群鸦的盛宴（全三册） 
5408882, 9.1, 3983, 公正 
3757732, 9.0, 4523, 人类的群星闪耀时（增订版） 
4881639, 9.0, 4519, 傲慢与偏见 
2065597, 9.3, 3110, 浪客行 1 
1476218, 9.3, 3100, 中　近代史（下　） 
2328458, 9.1, 3912, 社会性动物 
1021990, 9.2, 3454, 唐诗鉴赏辞典 
1230413, 9.5, 2435, 深入理解计算机系统 
2263077, 9.3, 3042, 福尔摩斯探案集（一） 
2278402, 9.3, 3037, 小王子 
10774752, 9.1, 3857, 毛姆短篇小说精选集 
5337254, 9.0, 4330, 孽子 
6313461, 9.1, 3788, 月亮和六便士 
1760432, 9.2, 3349, 受戒 
1455812, 9.2, 3344, Pride and Prejudice 
1858568, 9.0, 4280, 罪与罚 
1014763, 9.2, 3332, 三国志（全五册） 
1470625, 9.1, 3742, 西游记（全三册） 
1310228, 9.2, 3306, 乡土中国 生育制度 
1214416, 9.3, 2921, 福尔摩斯探案全集 
1467519, 9.8, 1689, 世界童话名著连环画 
1039427, 9.0, 4212, 围城 
23780875, 9.1, 3679, 深夜食堂 05 
1484655, 9.2, 3254, Happy.Birth.Day 
3544376, 9.1, 3664, 顾城的诗顾城的画 
2067269, 9.4, 2551, MONSTER-怪物-01 
4714015, 9.0, 4124, 万物既伟大又渺小 
1312997, 9.0, 4091, 香初上舞　终上 
1340758, 9.2, 3176, Harry Potter and the Sorcerer&#39;s Stone 
1361263, 9.0, 4064, 哭泣的　　 
1136881, 9.3, 2811, 悲惨世界 
1793807, 9.0, 4035, 火　的考　 
10604915, 9.2, 3146, 银河帝国3：第二基地 
4038673, 9.0, 3979, 络新妇之理（下） 
1418058, 9.1, 3500, 小径分岔的花园 
1073744, 9.0, 3968, 四世同堂（上下） 
5332948, 9.0, 3951, 　些人，那些事 
10759773, 9.2, 3075, 深夜食堂 07 
24745649, 9.1, 3462, 围城 
1473895, 9.2, 3060, 白夜行 
2213272, 9.4, 2423, 1984 
1337171, 9.6, 1942, 五月天之素人自拍 
1212910, 9.3, 2698, 笑傲江湖（全四册） 
2129427, 9.0, 3867, 三毛从军记全集 
5040220, 9.0, 3847, 蒋勋说红楼梦（第一辑） 
5363538, 9.0, 3835, 你好，旧时光 
5333562, 9.7, 1715, 深入理解计算机系统（原书第2版） 
1468602, 9.1, 3338, 围城 
1595910, 9.5, 2099, 机器猫哆啦A梦1 
1005660, 9.0, 3778, 雕刻时光 
1276930, 9.0, 3755, 香初上舞　再上 
2258034, 9.3, 2595, 乡土中国 
24153048, 9.0, 3724, 东方快车谋杀案 
1122105, 9.4, 2308, 飘（上下） 
1851955, 9.3, 2573, 孙子兵法 
21346636, 9.4, 2274, 三毛典藏全集 
1017149, 9.4, 2273, 红楼梦（上下） 
4012128, 9.0, 3657, 星空 
5993310, 9.0, 3637, 直捣蜂窝的女孩 
3532347, 9.5, 2018, 金庸全集 
1234963, 9.1, 3194, 傲慢与偏见（英文本） 
1883992, 9.0, 3613, 黄金时代 
2213061, 9.0, 3601, My Way 2 
3297466, 9.2, 2819, 我的团长我的团（上部） 
6114392, 9.1, 3175, 奈良美智横滨手稿 
1416964, 9.2, 2799, H2 好逑　物　 32 
1536907, 9.1, 3140, 金刚葫芦娃 
2213059, 9.0, 3554, My Way 1 
3597031, 9.1, 3127, 杀死一只反舌鸟 
2340609, 9.0, 3528, 2001太空漫游 
4049269, 9.5, 1968, 狐狸的窗户 
6152040, 9.1, 3107, 维特根斯坦传 
3034480, 9.4, 2182, 圣经 
1818426, 9.3, 2434, 教父 
3511129, 9.4, 2168, 我的团长我的团（下部） 
1996678, 9.4, 2154, 乱世佳人 
1869144, 9.1, 3053, 经济学原理（第4版） 
3673771, 9.0, 3448, 项塔兰 
2052049, 9.0, 3444, 海伯利安 
4099464, 9.3, 2393, 一九八四 
1121460, 9.3, 2392, 基督山伯爵(上下) 
3697494, 9.1, 3025, 洞穴奇案 
6534897, 9.5, 1911, 寻找家园（增订版） 
3131626, 9.0, 3414, 荒原狼 
10439064, 9.0, 3394, 发现之旅 
1012307, 9.1, 2998, 规训与惩罚 
4878745, 9.3, 2367, 动物农场 
6018916, 9.0, 3378, 许三观卖血记 
1064841, 9.0, 3348, 绿山墙的安妮 
1082578, 9.0, 3331, 理想国与哲人王 
20507206, 9.1, 2944, 众病之王 
1059503, 9.1, 2943, 爱心树 
1292409, 9.2, 2606, 人生的智慧 
1212908, 9.1, 2933, 神雕侠侣（全四册） 
1270150, 9.3, 2315, 风与树的歌 
4201317, 9.6, 1660, 美语音标 
1039460, 9.0, 3264, 美国纽约摄影学院摄影教材（下） 
2046909, 9.1, 2887, 故事新编 
1108762, 9.3, 2278, 诗经 
1788421, 9.4, 2035, UNIX环境高级编程 
1320282, 9.1, 2856, 什么是数学 
26362836, 9.0, 3223, 献给阿尔吉侬的花束 
1774227, 9.6, 1620, 脂砚斋重评石头记庚辰校本 
5346110, 9.0, 3203, 穷查理宝典 
1006967, 9.3, 2241, 宋词三百首 
6964051, 9.5, 1781, 冰与火之歌（卷一） 
1769765, 9.2, 2485, 我在伊朗长大1 
1433477, 9.4, 1980, 史记 
1393218, 9.1, 2791, 大明宫词 
4826530, 9.1, 2791, 我亲爱的甜橙树 
3990022, 9.3, 2205, 美国纽约摄影学院摄影教材（上册） 
1123663, 9.1, 2764, 傲慢与偏见 
1830445, 9.0, 3116, 阿城精选集 
6973805, 9.4, 1954, 冰与火之歌（卷一） 
3043562, 9.4, 1953, 飘 
4882023, 9.2, 2446, 万物既聪慧又奇妙 
21349346, 9.1, 2752, 坂本ですが? 1 
2215160, 9.2, 2427, 神秘岛（全三册） 
10434849, 9.3, 2164, 中国历代政治得失 
1812215, 9.1, 2708, 银河英雄传说VOL.1 黎明篇 
11229072, 9.4, 1919, 中国历代政治得失 
1608298, 9.6, 1545, 灌篮高手 1 
1287865, 9.4, 1909, 老子 
1370897, 9.2, 2381, The Little Prince 
2212371, 9.0, 3018, 先知 
1922977, 9.3, 2117, 父与子 
1878265, 9.1, 2654, 安徒生童话 
4238144, 9.1, 2647, 岁朝清供 
25826936, 9.5, 1687, 冰与火之歌 
1822857, 9.0, 2983, 王小波全集（第二卷 杂文） 
1135537, 9.1, 2632, 福尔摩斯探案集 
2008724, 9.1, 2616, 百年孤独 
1810785, 9.4, 1856, 唐诗三百首 
1148282, 9.5, 1659, 计算机程序的构造和解释 
1467239, 9.1, 2597, 铳梦 
1287864, 9.4, 1837, 庄子 
2130190, 9.1, 2585, Java编程思想 （第4版） 
3774884, 9.1, 2584, 子猫絮语 
1045466, 9.2, 2298, 一九八四 
1032431, 9.0, 2898, 卡尔维诺文集（第五卷） 
1071227, 9.0, 2895, 大问题 
4759840, 9.6, 1476, Merriam-Webster&#39;s Vocabulary Builder 
20428302, 9.1, 2553, 失明症漫记 
6730832, 9.5, 1621, 麒麟之快意人生 
1053088, 9.2, 2254, 陶庵梦忆 西湖梦寻 
1059969, 9.4, 1799, 艺术的故事 
25976544, 9.2, 2246, 故事 
2165063, 9.2, 2242, 纳尔齐斯与歌尔德蒙 
1351678, 9.0, 2837, 夏宇　集／Salsa 
3054373, 9.2, 2237, 荷西 我爱你 
3003477, 9.2, 2234, 虚构集 
1083433, 9.2, 2233, 悲惨世界（全三册） 
1036397, 9.0, 2812, 全本新注聊斋志异（全三册） 
1542939, 9.6, 1436, 哈尔罗杰历险记(全套共14册) 
25752955, 9.0, 2807, 来自新世界 （上下） 
1047751, 9.3, 1975, 牛津高阶英汉双解词典(第四版) 
2243615, 9.2, 2211, Head First 设计模式（中文版） 
1052241, 9.1, 2465, 设计模式 
1963325, 9.2, 2193, 教父 
6558706, 9.0, 2771, 温柔的夜 
1436716, 9.1, 2417, 黄金时代白银时代 
2379322, 9.4, 1722, 福尔摩斯探案集（三） 
1007952, 9.4, 1717, 蓝熊船长的13条半命 
1068337, 9.7, 1258, 红楼梦 
1001924, 9.3, 1910, 三国演义 
23780881, 9.1, 2398, 深夜食堂 08 
4315361, 9.1, 2397, 最後的　族 
3283983, 9.2, 2133, 乡土中国 
1485731, 9.6, 1382, 原动画基础教程 
3714244, 9.6, 1365, 十日后 
3215305, 9.1, 2357, どうしても触れたくない 
1015864, 9.0, 2656, 惶然录 
1102876, 9.0, 2648, 草房子 
3108835, 9.0, 2646, 让爱点亮 
1014914, 9.5, 1504, 英语魔法师之语法俱乐部 
1082271, 9.1, 2341, 射雕英雄传（全四册） 
1880986, 9.2, 2081, 悲惨世界（上下） 
1428691, 9.1, 2332, GON 
2253381, 9.3, 1852, 战争与和平（全四册） 
1311280, 9.0, 2616, 灵魂的事 
1181379, 9.5, 1488, 牛津高阶英汉双解词典 （第六版） 
1461583, 9.3, 1836, 火　燎原 1 
1009273, 9.1, 2305, 三毛流浪记（全集） 
1147193, 9.0, 2588, 世说新语 
3202110, 9.0, 2586, 世界一初恋    ~小野寺律の　合~ 
1055128, 9.0, 2584, 传奇(上下) 
10583099, 9.2, 2028, 全球通史 
1410555, 9.4, 1620, 20世　少年18 
1008729, 9.0, 2542, 朋友刀刀 
3114975, 9.0, 2542, 人　　球 
1139980, 9.3, 1797, 四　章句集注 
1092168, 9.1, 2253, 追忆似水年华（上下册） 
21979017, 9.5, 1442, 魔戒 
1851058, 9.1, 2237, 约翰　克利斯朵夫（共四册） 
3013624, 9.1, 2236, 棋王.　王.孩子王 
5327690, 9.1, 2236, 浮生六记 
21371175, 9.1, 2234, 罗杰疑案 
6952036, 9.2, 1986, 对伪心理学说不 
3930318, 9.0, 2507, 超越时空 
1255326, 9.0, 2506, 新月集　飞鸟集 
1438816, 9.1, 2219, 给青年诗人的信 
20390101, 9.1, 2219, 深夜食堂 10 
11639625, 9.1, 2216, 深夜食堂 09 
1357483, 9.2, 1973, 空之境界（上） 
2161700, 9.4, 1580, 乱世佳人 
6896252, 9.5, 1420, 麒麟之兵天血地 
1437852, 9.5, 1404, 费恩曼物理学讲义（第1卷） 
1083089, 9.3, 1737, 博尔赫斯全集 
2253380, 9.1, 2177, 安娜　卡列尼娜 
5332713, 9.0, 2448, 人间是剧场 
4843456, 9.4, 1557, 金刚经　心经 
26647054, 9.2, 1937, 小王子（纯美珍藏绘本） 
4238162, 9.3, 1732, 昨日的世界 
1082233, 9.2, 1932, 平凡的世界 
1420734, 9.2, 1930, 　水　　校 
2381748, 9.1, 2154, 金刚经 心经 坛经 
1077492, 9.0, 2422, 大师和玛格丽特 
1777678, 9.4, 1535, 笑傲江湖 
24738302, 9.2, 1909, 浪潮之巅（第2版）（套装上下册） 
3154624, 9.3, 1707, 一九八四 动物农场 
1132550, 9.4, 1529, 宋词鉴赏辞典 
4120475, 9.3, 1684, 加缪全集 （小说卷） 
1937228, 9.3, 1683, 百年孤独 
1258488, 9.0, 2371, 基地前传2　迈向基地（上下） 
3024282, 9.1, 2100, 傲慢与偏见 
4889838, 9.1, 2098, 鸟哥的Linux私房菜 
1319910, 9.2, 1870, 华夏意匠 
1818583, 9.1, 2095, 斯　茨威格中短篇小说选 
1441326, 9.5, 1353, A Game of Thrones 
1848193, 9.3, 1672, PLUTO 001 
1949485, 9.0, 2351, 消失中的江城 
2084893, 9.1, 2085, 舒克和贝塔历险记 
1393724, 9.0, 2345, 楚辞 
1769767, 9.3, 1663, 我在伊朗长大2 
2042633, 9.0, 2334, 金蔷薇 
2146279, 9.0, 2303, 心灵的焦灼 
1357739, 9.3, 1633, 空之境界（下） 
1863010, 9.2, 1822, 银河英雄传说VOL.2 野望篇 
6313524, 9.1, 2037, 人生的枷锁 
1082182, 9.0, 2288, 魔戒（第三部） 
4908883, 9.0, 2287, 荒原狼 
2334419, 9.0, 2281, 葫芦兄弟 
2015357, 9.1, 2020, 王小波全集（第六卷） 
2025235, 9.1, 2020, 顾准文集 
1540211, 9.4, 1444, 丁丁历险记（共22本） 
2379314, 9.4, 1440, 福尔摩斯探案集（二） 
1436586, 9.1, 2003, 你真好 
3339812, 9.3, 1590, 木心作品八种 
26210487, 9.1, 1987, 强风吹拂 
1919644, 9.3, 1587, Ｊの　て　１ 
3089661, 9.1, 1978, 永远永远爱你 
2791877, 9.1, 1977, 2005
6890451, 9.2, 1763, 外天楼 
2042338, 9.4, 1417, 银河英雄传说VOL.5 风云篇 
1000888, 9.0, 2214, 　　　　 
1072316, 9.1, 1965, 古代汉语（第一册） 
1088054, 9.2, 1754, TCP/IP详解 卷1：协议 
7064370, 9.2, 1753, 罗马人的故事2 
3717819, 9.0, 2204, 明朝那些事　 肆 
20501147, 9.3, 1569, 中国哲学简史 
2669319, 9.0, 2201, Flipped 
1262979, 9.2, 1747, 基度山伯爵（上下） 
5336428, 9.1, 1953, 吉祥纹莲花楼终篇之青龙　白虎 
1310673, 9.3, 1559, 遥远的野玫瑰村 
2245468, 9.2, 1735, 南京浩劫 
3227098, 9.2, 1734, 编程珠玑 
1474343, 9.1, 1938, 手绢上的花田 
3410709, 9.2, 1729, 中国哲学简史 
25737043, 9.2, 1721, 霸王别姬 
5243775, 9.0, 2163, 聪明的投资者 
3260831, 9.0, 2157, 上学记 
25941890, 9.2, 1712, 海伯利安 
3337017, 9.4, 1379, 塔希里亚故事集Ⅱ 
10781730, 9.1, 1915, 深夜食堂 08 
2137767, 9.2, 1710, 霸王别姬 
2377310, 9.2, 1707, C专家编程 
1082147, 9.0, 2145, 热爱生命 
1582541, 9.2, 1705, 樱桃小丸子（全20册） 
6003067, 9.5, 1238, 未来ちゃん 
4132801, 9.1, 1906, 城南旧事 
1767310, 9.0, 2121, 黄金时代 黑铁时代 
1076378, 9.1, 1887, 传统十论 
1840859, 9.6, 1108, 心经 
11525217, 9.0, 2115, 银河帝国4：基地前奏 
1877969, 9.1, 1883, 经济学原理（第4版） 
1769769, 9.2, 1679, 我在伊朗长大3 
3448867, 9.0, 2101, 采桑子 
1139360, 9.1, 1870, 毛泽东选集 第一卷 
4127574, 9.1, 1870, 受戒 
1424693, 9.5, 1215, 下　後，怪　家　名 
1236999, 9.6, 1099, The  C Programming Language 
3015357, 9.1, 1865, 美しいこと 上 
3432304, 9.1, 1859, 大江东去（共三部） 
11528306, 9.1, 1859, 银河帝国5：迈向基地 
3717833, 9.0, 2087, 明朝那些事　（　） 
1344161, 9.3, 1486, Harry Potter and the Goblet of Fire 
2002914, 9.2, 1645, 皮皮鲁和鲁西西全传 
2045811, 9.0, 2065, 张国荣的时光 
1762527, 9.1, 1829, 飞鸟集 
1091224, 9.3, 1466, 基度山恩仇记 
3908903, 9.3, 1461, Fate/Zero Vol.4 [炼狱之炎] 
1003694, 9.1, 1822, 中国少年儿童百科全书 
4737478, 9.3, 1455, 银河英雄传说-全十册 
1812011, 9.0, 2026, 佛教的见地与修道 
4240543, 9.5, 1176, 一九八四 
2069606, 9.2, 1612, 皮皮鲁和鲁西西 
1034066, 9.1, 1801, 加缪文集 
4097161, 9.1, 1798, 肖申克的救赎 
2043828, 9.4, 1296, 银河英雄传说 
1769773, 9.2, 1605, 我在伊朗长大4 
5952488, 9.1, 1792, 亲密关系（第5版） 
1967817, 9.3, 1435, 银河英雄传说VOL.4：策谋篇 
25891318, 9.0, 2002, 1453 
25902942, 9.0, 2002, 文明之光（第一册） 
1081144, 9.3, 1430, 古　源 
1436862, 9.3, 1429, バガボンド (20) 
1271510, 9.4, 1280, 棒球英豪（21-26） 
5355492, 9.1, 1770, 蒋勋说红楼梦（第二辑） 
1917417, 9.2, 1581, 银河英雄传说VOL.3 雌伏篇 
1398441, 9.1, 1764, 汪曾祺散文 
1044994, 9.3, 1413, 鲁迅全集(1) 
1873569, 9.3, 1413, 郑渊洁童话全集(33卷) 
1292412, 9.1, 1758, 叔本华思想随笔 
2076886, 9.1, 1755, 甲骨文 
2267648, 9.1, 1754, 天堂之吻 
2973081, 9.2, 1568, 浪漫的逃亡 
1393447, 9.1, 1751, 忧郁的热带 
1014903, 9.5, 1137, 脂砚斋重评石头记甲戌校本 
1467587, 9.0, 1951, UNIX编程艺术 
2379319, 9.4, 1255, 福尔摩斯探案集（四） 
3908784, 9.1, 1731, Fate/Zero Vol.1 [第四次圣杯战争秘话] 
2003111, 9.1, 1727, 格林童话 
1064223, 9.1, 1725, 夹边沟记事 
3719342, 9.2, 1540, 乡土中国 
1033163, 9.2, 1539, 老子注译及评介 
1039079, 9.0, 1928, 写在人生边上 写在人生边上的边上 石语 
23780878, 9.1, 1716, 深夜食堂 06 
1229923, 9.0, 1924, 重构 
1451270, 9.2, 1525, 纪伯伦诗集 
1315213, 9.0, 1904, 中国文化要义 
23780880, 9.1, 1695, 深夜食堂 07 
3643270, 9.1, 1693, 新千年文学备忘录 
1926289, 9.2, 1511, 三国志 
1433572, 9.2, 1508, 随风而来的玛丽阿姨 
1002375, 9.5, 1102, 红楼梦 
2986026, 9.0, 1888, 沉默的大多数 
1048930, 9.0, 1884, 联邦党人文集 
1762096, 9.4, 1210, 百年孤独 
2080914, 9.4, 1210, 银河英雄传说VOL.8 乱离篇 
1152745, 9.1, 1661, 花香小镇 
1089049, 9.3, 1335, 莎士比亚全集（全8册） 
1016845, 9.1, 1658, 史努比黄金50年 
1277275, 9.2, 1483, 学术与政治 
1003079, 9.5, 1084, 红楼梦 
4822685, 9.2, 1478, 编码 
1051919, 9.3, 1327, 庄子今注今译（全三册） 
6310946, 9.1, 1649, 公正 
24257486, 9.0, 1847, 局外人 
1433835, 9.1, 1647, The Elements of Style
25709685, 9.6, 977, 守望者 上 
3003258, 9.2, 1470, 阿莱夫 
1089991, 9.1, 1641, 期货市场技术分析 
2005705, 9.1, 1639, 唐宋词十七讲 
3395865, 9.1, 1638, 北　熊 café 
11528307, 9.0, 1833, 银河帝国6：基地边缘 
1418053, 9.1, 1632, 思考少年1 
26704403, 9.1, 1631, 二手时间 
10757938, 9.0, 1827, 半生缘 
10945834, 9.4, 1182, 蝙蝠侠：黑暗骑士归来 
1099975, 9.3, 1305, 小王子 
2066374, 9.1, 1621, 返璞归真 
2073521, 9.2, 1451, 三毛全集 
1082593, 9.1, 1619, 经济学 
10758290, 9.4, 1171, 东晋门阀政治 
1970845, 9.3, 1285, 野草 
1454687, 9.0, 1783, 政府论（下篇） 
1030503, 9.2, 1423, 东晋门阀政治 
1240002, 9.2, 1422, C Primer Plus 
3143537, 9.3, 1274, 津巴多普通心理学 
1066558, 9.4, 1148, 卡拉马佐夫兄弟（上下） 
2054916, 9.3, 1273, 银河英雄传说VOL.6 飞翔篇 
1317857, 9.2, 1416, 牡丹亭 
1152495, 9.2, 1412, 白鹦鹉的森林 
1849409, 9.1, 1565, 易经 
5253759, 9.3, 1258, 中国哲学简史 
2165076, 9.0, 1743, 玻璃球游戏 
3830557, 9.3, 1251, 恐怖　物店(01) 
3399073, 9.1, 1552, 　造　明的思路 
1961808, 9.2, 1387, 呐喊 
4060362, 9.1, 1546, 猫城小事 
4016689, 9.1, 1539, 王小波全集（第一卷 杂文） 
20279673, 9.4, 1116, 福尔摩斯探案全集（全七册） 
2266490, 9.2, 1376, 白夜行（上） 
4237837, 9.0, 1714, 月亮忘记了 
1322358, 9.0, 1706, 费马大定理 
6391328, 9.0, 1704, 踮脚张望2 
5410174, 9.1, 1519, 万物刹那又永恒 
26672693, 9.0, 1700, 一个叫欧维的男人决定去死 
3289274, 9.1, 1515, 万历十五年 
26616226, 9.2, 1358, 小王子 
5913472, 9.4, 1101, 蒋勋细说红楼梦 
1444077, 9.2, 1357, 汪曾祺小说经典 
1054760, 9.0, 1691, 枪炮、病菌与钢铁 
3132477, 9.0, 1677, 城南旧事 
10546125, 9.3, 1206, JavaScript高级程序设计（第3版） 
1215310, 9.1, 1490, 罗杰?艾克罗伊德谋杀案 
1828090, 9.2, 1333, River Town 
2070068, 9.3, 1198, 银河英雄传说VOL.7 怒涛篇 
1014385, 9.0, 1661, 新概念英语（4） 
1005354, 9.1, 1484, 逻辑哲学论 
1082446, 9.2, 1325, 南怀瑾选集（第一卷） 
1772158, 9.0, 1651, The Kite Runner 
1457226, 9.2, 1322, ROUGH 
1842426, 9.5, 971, Effective C++ 
1013457, 9.1, 1469, 给一个青年诗人的十封信 
4745950, 9.2, 1316, 第二性Ⅱ 
1072126, 9.1, 1462, 我是霸王龙 
6079389, 9.2, 1311, 我与地坛 
26641665, 9.0, 1635, 切尔诺贝利的悲鸣 
4734066, 9.1, 1457, 枕头人 
1088805, 9.1, 1456, 中国古典园林分析 
2365418, 9.0, 1619, 小　?秒速5センチメ恁去 
3007268, 9.3, 1168, 传习录 
1024062, 9.5, 950, 卡拉马佐夫兄弟 
1643566, 9.2, 1291, 基督山伯爵 
2969420, 9.5, 949, 抵岸 
3124386, 9.0, 1607, 大唐狄公案 
2143016, 9.1, 1436, 我，机器人 
1015104, 9.3, 1158, 陶渊明集 
1474736, 9.0, 1603, 鲁迅杂文全集 
1785397, 9.3, 1156, 基度山伯爵（全四册） 
1224279, 9.2, 1284, 中国法律与中国社会 
6003716, 9.1, 1427, 蒋勋说红楼梦（第三辑） 
4075203, 9.1, 1425, 鼠族（一、二部） 
3003032, 9.2, 1278, 浪漫主义的根源 
2142602, 9.3, 1148, 银河英雄传说VOL.10 落日篇 
4903265, 9.1, 1421, 亲爱的提奥 
2148363, 9.4, 1034, 烙印　士 1 
20376604, 9.2, 1272, 源泉 
1231590, 9.2, 1270, Effective C++中文版 
11530078, 9.5, 931, 经济学原理 
1009739, 9.3, 1135, 海子诗全编 
1009789, 9.5, 926, 道德经 
6397522, 9.4, 1022, 论自由 
2135416, 9.3, 1131, 银河英雄传说VOL.9 回天篇 
1441931, 9.3, 1128, 福尔摩斯探案集(五) 
3590768, 9.1, 1392, JavaScript语言精粹 
1894695, 9.0, 1554, 营销管理 
4066045, 9.3, 1123, 超合金社团5 
10794792, 9.2, 1247, 受戒 
5248516, 9.3, 1122, 改变心理学的40项研究 
1187107, 9.5, 912, Gone with the Wind 
25717151, 9.2, 1236, 基督山伯爵（上下） 
26886310, 9.1, 1372, 有匪1 
1032967, 9.1, 1364, 说文解字 
1036787, 9.2, 1224, 昨日的世界 
1920550, 9.2, 1223, 圣经 
1839492, 9.2, 1221, 傲慢与偏见 
25907864, 9.6, 817, 守望者 下 
2255873, 9.0, 1512, 局外人 鼠疫 
1152564, 9.2, 1215, 黄昏海的故事 
1449957, 9.1, 1351, 烙印勇士1 
2983683, 9.3, 1091, 经济学 
1489401, 9.2, 1209, 安徒生童话 
1050465, 9.0, 1501, 浮生六记 
1091086, 9.1, 1334, 深度探索C++对象模型 
3178741, 9.2, 1197, 来自民间的叛逆 
1422079, 9.0, 1484, 十二　　：月之影　影之海（上） 
1899006, 9.1, 1325, 我想去看海 
26697350, 9.2, 1185, 极简宇宙史 
1891015, 9.4, 963, 三国演义（共两册） 
26695174, 9.0, 1469, 灯塔 
3334382, 9.0, 1469, 世界第一的初恋 
6125543, 9.2, 1180, 北方的空地 
1017795, 9.5, 871, 隋唐制度渊源略论稿 唐代政治史述论稿 
26469245, 9.6, 790, 松风 
10488617, 9.3, 1057, 冰与火之歌　卷二　列王的纷争（上） 
11601199, 9.1, 1302, 人间词话 
2029680, 9.4, 953, 资治通鉴 
1024846, 9.2, 1167, 所罗门王的指环 
1096469, 9.4, 950, 飘 
2032964, 9.1, 1297, 正红旗下 
1756614, 9.4, 948, Word Power Made Easy 
1396491, 9.1, 1293, 第三帝国的兴亡（全三册） 
3717799, 9.1, 1289, 明朝那些事　 　 
1490045, 9.1, 1288, 小王子 
3163104, 9.3, 1043, 变化社会中的政治秩序 
1152912, 9.5, 855, 算法导论 
20503529, 9.2, 1156, 古拉格：一部历史 
1136074, 9.0, 1435, 呼兰河传 
2266498, 9.2, 1155, 白夜行（下） 
25818441, 9.3, 1041, 1984 
4098263, 9.2, 1146, 论语译注 
1457542, 9.2, 1143, 芥川龙之介全集 
1315844, 9.1, 1267, 古拉格群岛（上中下） 
1146536, 9.5, 842, 唐诗三百首 
1024570, 9.2, 1138, 编码的奥秘 
10605859, 9.2, 1137, 精灵宝钻 
1315199, 9.1, 1264, 历史研究 
1370150, 9.2, 1136, 十二　　　　南之翼 
1409305, 9.4, 923, 唐诗鉴赏辞典 
1394534, 9.2, 1130, 勒　柯布西耶全集 
6784859, 9.3, 1018, KYLOOE　忧郁的蜻蜓 
1852700, 9.0, 1401, 神经外科的黑色喜剧 
1029940, 9.2, 1128, 锦灰堆 
1041366, 9.3, 1014, 管锥编（全五册） 
1449421, 9.2, 1124, 古文观止 
1129216, 9.0, 1395, 天真的人类学家 
1223505, 9.7, 690, 灌篮高手30 
1055304, 9.5, 831, 中国历史地图集（全八册） 
1470742, 9.2, 1122, 撒哈拉的故事 
4247111, 9.2, 1121, Nothing to Envy 
1203523, 9.4, 913, 唐宋词鉴赏辞典(唐五代北宋) 
1027280, 9.2, 1118, 柏拉图的《会饮》 
4714156, 9.2, 1111, 夜莺与玫瑰 
1051943, 9.1, 1235, 尼各马可伦理学 
1024468, 9.0, 1375, 金锁记 
1192706, 9.1, 1232, 大盗贼 
11602263, 9.1, 1232, 羊道　深山夏牧场 
1351677, 9.0, 1374, 夏宇　集／腹　　 
11602265, 9.1, 1227, 羊道?前山夏牧场 
3002857, 9.2, 1103, 寄生　 (完全版) (Vol. 8) 
1150503, 9.0, 1360, 资本论（第一卷） 
1146537, 9.5, 811, 古文观止（上下） 
3787127, 9.2, 1094, 人间词话 
1507170, 9.0, 1356, 外部空间设计 
2063579, 9.3, 986, 古拉格群岛（上中下） 
1467368, 9.0, 1351, 霍乱时期的爱情 
1924903, 9.1, 1207, 老子 
3206771, 9.1, 1205, 一百个人的十年 
1821476, 9.1, 1200, 十二　　：月之影　影之海（下） 
4189980, 9.5, 796, 　找家　 
3545614, 9.1, 1192, 爆漫王。(01) 
1748848, 9.5, 791, 飘 
10608470, 9.5, 791, 冰与火之歌　卷三　冰雨的风暴（上） 
1844794, 9.6, 720, 红楼梦（上下册） 
1825593, 9.3, 962, 小学生十万个为什么 
1254942, 9.2, 1064, 黄帝内经 
1140457, 9.1, 1182, 敏捷软件开发 
5030405, 9.0, 1317, 子不　 1 
10488618, 9.4, 868, 冰与火之歌　卷二　列王的纷争（下） 
1219090, 9.2, 1062, 沙与沫 
6073019, 9.1, 1180, 斐多 
1819816, 9.3, 954, 风的旱冰鞋 
1231910, 9.5, 781, 具体数学（英文版第2版） 
1091904, 9.1, 1168, 丰饶之海（上下） 
6398002, 9.1, 1168, 蒋勋说红楼梦（第四辑） 
1438738, 9.0, 1302, 奇诺之旅I 
3200760, 9.5, 778, 悲惨世界 
1391510, 9.2, 1048, 机器人短篇全集（上下） 
5395162, 9.0, 1297, 天人五衰 
10759466, 9.0, 1297, 地下室手记 
2026870, 9.4, 856, 阿尔丰斯　穆夏 
1768642, 9.2, 1046, 博尔赫斯短篇小说集 
1003650, 9.1, 1158, 罪与罚 
26864984, 9.1, 1158, 金色梦乡 
20390695, 9.0, 1288, 银河帝国8：我，机器人 
10608473, 9.6, 702, 冰与火之歌　卷三　冰雨的风暴（下） 
3266617, 9.0, 1282, 电影是什么？ 
1002513, 9.2, 1033, 　　注析（全二　） 
25902222, 9.0, 1278, 文明之光（第二册） 
1019817, 9.1, 1146, 战争与和平（上下） 
2970121, 9.0, 1276, 　米　作10年精　 
3717825, 9.0, 1275, 明朝那些事　 伍 
1790547, 9.2, 1029, Oracle Bones 
1439706, 9.1, 1143, 和合本　字版　　 
1123740, 9.5, 763, 科学革命的结构 
1500149, 9.4, 840, UNIX网络编程 
3824491, 9.0, 1270, 父亲的战场 
3829245, 9.0, 1270, 城南旧事 
1436656, 9.1, 1139, 寄生　 (完全版) (Vol. 2) 
3904329, 9.3, 925, 基督山伯爵 
1006406, 9.0, 1264, 渴望生活-凡高的故事 
3059083, 9.0, 1261, LIAR.GAMEⅠ 
4082434, 9.3, 920, 穿墙透壁 
1337302, 9.1, 1131, 天　八部 
1439246, 9.2, 1018, 寄生　 (完全版) (Vol. 6) 
5908654, 9.1, 1130, 给青年诗人的信 
1863619, 9.3, 918, 与他共度61世 
1084169, 9.1, 1128, 城南旧事 
3124589, 9.1, 1127, 人间词话 
2128416, 9.4, 830, 父与子全集 
26357614, 9.0, 1254, 海风中失落的血色馈赠 
1107841, 9.0, 1253, 战国策 
6558202, 9.0, 1239, 容忍与自由 
25746578, 9.2, 1001, 大英博物馆世界简史（全3册） 
1152971, 9.0, 1237, DOOM启世录 
10488616, 9.3, 903, 冰与火之歌　卷二　列王的纷争（中） 
1257217, 9.1, 1108, 时间简史 
3032690, 9.3, 900, 被人遗忘的人：中国精神病人生存状况 
3332661, 9.2, 996, 中国景色 
1494940, 9.1, 1101, 围城 
1493350, 9.3, 893, 哈农钢琴练指法 
1794403, 9.2, 988, 百年孤独 
11505704, 9.1, 1096, The Ph.D. Grind 
5332932, 9.2, 987, 佛教的见地与修道 
10608472, 9.5, 733, 冰与火之歌　卷三　冰雨的风暴（中） 
1344965, 9.2, 983, 十二　　：　之　里　黎明之空（上） 
4736014, 9.1, 1091, 快乐王子 
2027043, 9.1, 1090, 君に届け 1 
10529543, 9.1, 1089, 蝙蝠侠：第一年 
4041998, 9.0, 1210, 孤城闭 
2156992, 9.1, 1086, 课时达标练与测:数学(1年级)(下)(配北师) 
1018925, 9.2, 978, 玫瑰圣经 
1041893, 9.1, 1085, 南京大屠杀 
10555399, 9.0, 1208, 踮脚张望3 
20441569, 9.1, 1084, 被淹没和被拯救的 
3360807, 9.1, 1081, Effective java 中文版（第2版） 
1436655, 9.1, 1078, 寄生　 (完全版) (Vol. 3) 
3707886, 9.0, 1200, 中国通史 
3898484, 9.3, 877, 哈利　波特与阿兹卡班囚徒 
4097264, 9.0, 1198, 小兔彼得和他的朋友们（全3册） 
1181370, 9.3, 876, 文心雕龙注(上下) 
1210057, 9.2, 969, 一九八四 上来透口气 
1608873, 9.2, 968, 山海　 
1008459, 9.0, 1194, 毛毛 
1489164, 9.1, 1071, 直到花豆煮熟 
1029723, 9.2, 965, 汉书（全十二册） 
6313496, 9.5, 717, 卡拉马佐夫兄弟 
1436653, 9.0, 1188, 寄生　 (完全版) (Vol. 5) 
25891321, 9.0, 1187, 海洋帝国 
1422882, 9.5, 714, Merriam-Webster&#39;s Vocabulary Builder 
10541074, 9.2, 958, 罗马人的故事5 
2247913, 9.2, 957, 建构文化研究 
3224929, 9.1, 1060, 百年中国经济史笔记 
1029370, 9.1, 1051, 记忆与印象 
1003419, 9.1, 1049, 动物农庄 
3095037, 9.0, 1166, 听音乐（插图第6版） 
3213367, 9.0, 1165, 昨日的美食 01 
3288908, 9.0, 1163, 集体智慧编程 
23774518, 9.3, 851, 1984 
2122992, 9.0, 1160, 故道白云 
20381805, 9.3, 848, 冰与火之歌　卷五　魔龙的狂舞（上） 
2150432, 9.1, 1040, 韦伯作品集Ⅻ:新教伦理与资本主义精神 
10779650, 9.1, 1039, 追忆似水年华 
1965464, 9.1, 1037, 毛毛 
20440053, 9.3, 845, 南京大屠杀 
1408193, 9.1, 1034, To Kill a Mockingbird 
2281861, 9.0, 1150, 世说新语 
5344534, 9.0, 1148, 额尔古纳河右岸 
21360827, 9.0, 1147, 朱生豪情书全集 
21570668, 9.2, 929, 会饮篇 
1055347, 9.0, 1145, 中国史纲 
1290911, 9.1, 1027, 银孔雀 
1436654, 9.1, 1026, 寄生　 (完全版) (Vol. 4) 
26657570, 9.0, 1141, 活着为了讲述 
3410759, 9.0, 1140, 隔江山色 
1734830, 9.2, 922, 汪曾祺精选集 
1082573, 9.1, 1022, 英雄志　第二部（全三册） 
2377241, 9.6, 627, 世　新　　疏（全三　） 
25883305, 9.1, 1021, 阿拉伯的劳伦斯 
1441922, 9.5, 687, 从一到无穷大 
3204645, 9.5, 687, 明式家具研究 
6533042, 9.3, 832, 南明史 
1736652, 9.1, 1015, 哈利?波特(共6册) (精装) 
1008094, 9.3, 828, 春秋左　注（全四　） 
10764363, 9.2, 913, 是，大臣 
1755336, 9.5, 681, American Accent Training 
10877051, 9.0, 1122, 顾城哲思录 
1257294, 9.2, 908, 传奇 
4265526, 9.4, 745, 珍藏布列松 
1985973, 9.1, 1005, 　忘　 
3812771, 9.1, 1005, 新月集　飞鸟集 
20499504, 9.5, 676, 麒麟　　　之王　浴血南珈 
2274697, 9.0, 1115, 江村经济 
1462523, 9.2, 904, 生命的肖像 
3272411, 9.1, 1000, 追忆似水年华（全三册） 
1115397, 9.0, 1108, 我要做好孩子 
1315184, 9.0, 1106, 哲学研究 
4262627, 9.0, 1104, 重构 
1807562, 9.2, 895, 加西亚　马尔克斯中短篇小说集 
20435633, 9.2, 895, 小艾，爸爸特别特别地想你！ 
3420144, 9.1, 990, Pro Git 
26627837, 9.1, 988, 罗生门 
3016270, 9.0, 1095, 黄金时代 
25798623, 9.2, 888, 1984 
1424955, 9.0, 1093, 卓有成效的管理者 （中英文双语典藏版） 
3794633, 9.1, 983, 明朝那些事　 柒 
2101774, 9.0, 1092, 金枝 
1053009, 9.2, 885, 游叙弗伦 苏格拉底的申辩 克力同 
10519369, 9.4, 726, 万物生光辉 
1448796, 9.2, 882, 鲁西西全传 
1042011, 9.0, 1086, 古代汉语（第二册） 
1929825, 9.3, 797, 农民进城防骗手册 
6511362, 9.0, 1084, 我们时代的神经症人格 
4832584, 9.2, 873, 笑傲江湖 
2217788, 9.5, 652, 三鹿人成功之路 
5406563, 9.3, 788, 一九八四 
2159393, 9.4, 715, ONE PIECE~航海王~01 
1088418, 9.0, 1071, 死屋手记 
4811917, 9.5, 650, 一九八四 
1036095, 9.1, 961, 张爱玲文集 
3990023, 9.1, 961, 美国纽约摄影学院摄影教材（下册） 
20499500, 9.5, 649, 麒麟　　　之王　劫後重生 
1410359, 9.2, 867, 乡土中国 
3025619, 9.0, 1067, 美国讲稿 
3313342, 9.0, 1066, 3月的　子(01) 
3012360, 9.0, 1063, C和指针 
20494401, 9.2, 861, 费马大定理 
1818722, 9.3, 778, 飘（下） 
1116338, 9.0, 1057, 叔本华论说文集 
26253699, 9.1, 951, 台北人 
26275177, 9.1, 951, 文明之光 （第三册） 
4247000, 9.0, 1056, 欲望号街车 
2052713, 9.5, 642, 般若波罗蜜多心经 
2221115, 9.0, 1055, 庄子　　（下） 
1193101, 9.4, 704, 飘 
10590165, 9.5, 639, 聆听音乐 
1221511, 9.7, 533, 灌篮高手28 
1034470, 9.0, 1047, 柳如是别传（全三册） 
1788132, 9.0, 1047, ノアの宇宙船―清水玲子　作集 
1438124, 9.4, 695, The Merriam-Webster Dictionary (Merriam-Webster Dictionary) 
6800763, 9.1, 935, 蒋勋说红楼梦（第五辑） 
1016930, 9.0, 1038, 论法的精神（上） 
2003189, 9.2, 843, 皮皮鲁全传 
3464389, 9.1, 933, 大淖记事 
1456203, 9.0, 1034, 　河　道999 （1） 
1457778, 9.0, 1034, 人性的枷锁 
1178089, 9.0, 1033, 给心理治疗师的礼物 
3181270, 9.5, 629, 飘 
6533041, 9.2, 837, 纳尔齐斯和歌尔德蒙 
1221516, 9.7, 524, 灌篮高手27 
6432399, 9.6, 572, 英文魔法　之文法俱　部 
1814118, 9.1, 923, 月亮和六便士 
1668197, 9.7, 521, 灌篮高手4 
4036180, 9.1, 917, 营销管理 
3463292, 9.2, 827, 叔本华美学随笔 
5038752, 9.1, 912, 谈美 
25961458, 9.3, 745, 大问题 
1433192, 9.0, 1010, 普通语言学教程 
1784790, 9.0, 1009, 傅山的世界 
4860448, 9.0, 1006, 经济解释卷一： 科学说需求 （神州增订版） 
1221509, 9.7, 512, 灌篮高手25 
1443887, 9.0, 1002, 中国哲学简史 
5382213, 9.0, 1000, 股票大作手回忆录 
20499503, 9.5, 610, 麒麟　　　之王　海外　航 
1961810, 9.1, 899, 故事新编 
3245212, 9.3, 734, 叔本华思想随笔 
1321696, 9.4, 667, 小布头奇遇记 
1510451, 9.4, 667, 脂砚斋全评石头记(上下册) 
10867759, 9.0, 995, 全职高手3　副本风云 
1428018, 9.1, 896, The Picture of Dorian Gray 
1093078, 9.1, 895, 古龙作品全集（全53卷） 
1770652, 9.2, 804, 顾随诗词讲记 
25897707, 9.0, 987, 沈从文的后半生 
1221512, 9.7, 504, 灌篮高手26 
2062557, 9.1, 885, 地狱变 
10571368, 9.1, 885, 空と原 
2382326, 9.0, 981, the Kite Runner 
6969074, 9.4, 657, 天龙八部 
1221514, 9.7, 501, 灌篮高手23 
1655362, 9.1, 881, 小王子 
1982427, 9.0, 977, 大明王朝1566 
10808988, 9.1, 880, 重返狼群 
1448820, 9.7, 500, 大佛顶首楞严经 
3002838, 9.1, 877, 寄生　 (完全版) (Vol. 7) 
5299857, 9.0, 973, 国家记忆 
1043252, 9.0, 969, 未来千年文学备忘录 
1047957, 9.2, 789, 比亚兹莱大师图典 
25941905, 9.0, 968, 海伯利安的陨落 
1258136, 9.7, 496, 灌篮高手24 
6953459, 9.2, 787, 动物农庄 
5062697, 9.2, 786, 基督山伯爵（上、下） 
6060476, 9.1, 867, 迈向神境的作家（下） 
1541322, 9.3, 710, 黑镜头 9、10 
7053242, 9.1, 866, 蒋勋说红楼梦（第六辑） 
6797919, 9.3, 704, 人生的智慧 
1394285, 9.1, 858, Fingersmith 
1065069, 9.3, 703, 追寻逝去的时光（第一卷） 
3137585, 9.3, 700, 　魂01 
3522118, 9.5, 580, 资治通鉴（全四册） 
2058479, 9.1, 852, 史铁生散文 
26757680, 9.0, 945, 面纱 
1345845, 9.2, 769, 往事　不如　 
1961670, 9.2, 769, 叶嘉莹说汉魏六朝诗 
1066133, 9.0, 940, 怪老头儿 
1014867, 9.2, 766, 约翰.克利斯朵夫(上、下) 
1033327, 9.4, 631, 唐宋词鉴赏辞典 
25708312, 9.4, 629, C++ Primer 中文版（第 5 版） 
1162773, 9.0, 933, 地狱一季 
1040631, 9.1, 841, 美的历程 
1536776, 9.1, 841, 拜厄钢琴基本教程 
1870320, 9.1, 841, 霍乱时期的爱情 
2076765, 9.5, 571, バガボンド画集 WATER 
1488794, 9.0, 929, 荒野的呼唤 
1115529, 9.9, 403, 智障儿童学写字 
1270551, 9.0, 923, 八十忆双亲 师友杂忆 
3418938, 9.0, 918, 被遗忘的士兵 
20433554, 9.2, 748, 关山夺路 
1057900, 9.2, 746, 安徒生童话故事集 
25733467, 9.1, 823, V字仇杀队 
1804960, 9.3, 675, 社会与政治运动讲义 
1276297, 9.0, 909, 顾城诗全编 
20379254, 9.0, 909, 霍比特人 
1466741, 9.4, 610, Nana
1022914, 9.1, 815, 谈艺录 
25810506, 9.1, 815, 史蒂夫　乔布斯传（修订版） 
2170983, 9.0, 903, 苏格拉底的申辩 
25769962, 9.1, 812, 春雪 
3284547, 9.0, 900, 文心 
25960141, 9.2, 734, 地图（人文版） 
3431988, 9.1, 811, 人的境况 
3567853, 9.0, 899, Getting Real 
2274454, 9.1, 810, 我的爸爸叫焦尼 
1451622, 9.6, 505, Structure and Interpretation of Computer Programs - 2nd Edition (MIT) 
1258135, 9.7, 463, 灌篮高手29 
1195902, 9.7, 462, 灌篮高手 7 
1137244, 9.1, 807, 判断力批判 
1174703, 9.4, 603, 西游记 
1441327, 9.6, 501, A Clash of Kings 
2139684, 9.2, 725, 南唐二主　校　 
1016911, 9.0, 887, 大师与玛格丽特 
1042150, 9.3, 656, 艺术发展史 
1961815, 9.1, 798, 彷徨 
25968115, 9.0, 884, 激荡三十年：中国企业1978~2008. 上 
1467506, 9.0, 883, 怪医秦博士 
25918895, 9.2, 721, 大江东去 
2301377, 9.2, 720, 玛法达 
1253292, 9.1, 792, 老子今注今译 
1195903, 9.7, 454, 灌篮高手8 
3540588, 9.1, 786, 月亮和六便士 
3395241, 9.1, 785, 豆汁记 
1438147, 9.0, 869, 让数字说话 
2146277, 9.1, 783, 一个政治性人物的肖像 
1625659, 9.7, 449, 灌篮高手19 
3499317, 9.3, 643, 芥川龙之介精选集 
1082175, 9.2, 708, 经济学原理（上下） 
6110110, 9.1, 782, 社会契约论 
24749379, 9.1, 782, 全职高手8　赏金猎人 
4820029, 9.0, 865, 顾城诗全集 
1625660, 9.7, 447, 灌篮高手20 
1203363, 9.0, 861, 中国小说史略 
1195905, 9.7, 446, 灌篮高手10 
20381803, 9.4, 580, 冰与火之歌　卷五　魔龙的狂舞（下） 
4146127, 9.6, 484, 春秋左传注（全四册） 
1032369, 9.1, 773, 花卉圣经 
1005813, 9.0, 855, 自由秩序原理 
2259198, 9.0, 854, 合作的进化 
1221513, 9.7, 443, 灌篮高手22 
10563025, 9.1, 770, 蒋勋说红楼梦（第七辑） 
1769237, 9.6, 482, Verbal Advantage 
2070186, 9.5, 526, 打飞机英雄集 
3122422, 9.3, 632, 五星物　(01) 
1625657, 9.7, 441, 灌篮高手17 
1608301, 9.7, 440, 灌篮高手5 
1195904, 9.7, 439, 灌篮高手9 
2226178, 9.0, 845, 城南旧事 
1021409, 9.2, 691, 白痴 
1962205, 9.3, 627, 舒克和贝塔历险记全集 
1608300, 9.6, 477, 灌篮高手3 
4733014, 9.3, 626, 围城 
1067710, 9.0, 842, 造型的诞生 
1856927, 9.3, 625, 经济学原理 
1900490, 9.4, 569, 博尔赫斯全集 
1010779, 9.2, 686, 安徒生童话选集 
1485625, 9.1, 756, 瑜伽之光 
1608299, 9.6, 474, 灌篮高手2 
10564097, 9.1, 754, 蒋勋说红楼梦（第八辑） 
1439746, 9.2, 683, 奇诺之旅II 
1621418, 9.7, 434, 灌篮高手15 
6529759, 9.4, 565, 水蛇腰 
1265440, 9.3, 620, 昨日的世界 
5406568, 9.0, 834, 道连　葛雷的画像 
11524927, 9.1, 750, 月亮和六便士 
26126183, 9.2, 678, 哈利　波特与魔法石（纪念版） 
1621414, 9.7, 430, 灌篮高手11 
1621415, 9.7, 430, 灌篮高手12 
1221510, 9.7, 429, 灌篮高手21 
1621416, 9.7, 429, 灌篮高手13 
1621417, 9.7, 428, 灌篮高手14 
1430657, 9.3, 611, 卡夫卡全集（全10卷） 
1482609, 9.1, 739, 理解国际冲突 
1124895, 9.0, 818, 中国古代建筑史 
3151603, 9.2, 666, 先知 
1195901, 9.7, 424, 灌篮高手 6 
1061004, 9.2, 662, 埃舍尔大师图典 
1017788, 9.1, 730, 古代汉语（第四册） 
1828307, 9.2, 660, The Miraculous Journey of Edward Tulane 
1203631, 9.0, 805, 城南旧事 
20279665, 9.2, 652, “太空漫游”四部曲 
20435411, 9.1, 719, 上学记 
1013488, 9.0, 795, 论犯罪与刑罚 
3279028, 9.3, 590, 标准美语发音的13个秘诀 
1373706, 9.2, 646, 魔戒三部曲 
1420423, 9.3, 587, 古汉语常用字字典 
1024785, 9.1, 712, 西方现代思想史 
3135677, 9.1, 712, 寄生　01 
25777432, 9.1, 711, 罗马人的故事（礼品装，全15册） 
2226264, 9.4, 534, 圣经 Holy Bible 
7007241, 9.1, 710, 2001：太空漫游 
1625658, 9.6, 447, 灌篮高手18 
2125973, 9.3, 585, 心理学导论 
4061279, 9.5, 483, 怪物特　篇：　有名字的怪物 
1080758, 9.3, 579, 史努比全集（全25册） 
2036835, 9.1, 702, 意大利童话 
1400833, 9.6, 442, The Story of Art 
25957852, 9.2, 634, 精灵宝钻（精装插图本） 
3321449, 9.1, 698, 韦帅望的江湖之大刃无锋 
1070380, 9.0, 771, 古代汉语（第三册） 
26413154, 9.0, 770, 李光耀观天下 
26598807, 9.0, 766, 人鼠之间 
3002809, 9.6, 437, FREESTYLE 
1025931, 9.2, 628, 南明史 
25756725, 9.0, 764, 月亮　六便士 
6510519, 9.0, 763, 正见 
26685994, 9.0, 762, 给青年诗人的信 
1035165, 9.2, 625, 忧郁的热带 
1436997, 9.1, 688, 17青春遁走 (Vol. 6) (完) 
1707050, 9.1, 688, 狭义与广义相对论浅说 
11628194, 9.2, 623, 冰与火之歌　卷四　群鸦的盛宴（上） 
5214656, 9.3, 566, 1984 
20381801, 9.3, 566, 冰与火之歌　卷五　魔龙的狂舞（中） 
2146557, 9.3, 566, NANA (Vol. 11) 
1227986, 9.2, 622, 护生画集 
1707158, 9.4, 516, 微积分学教程（第一卷） 
1065335, 9.1, 685, 朱熹的历史世界(上下) 
4039903, 9.2, 618, 王小波全集（第六卷 中篇小说） 
1082323, 9.0, 753, 昆虫记（全10册） 
1625656, 9.7, 395, 灌篮高手16 
6749832, 9.0, 752, 复杂 
25711628, 9.0, 752, 棋王 树王 孩子王 
1444252, 9.3, 560, 城市发展史 
6100919, 9.1, 678, 治史三书 
3689168, 9.1, 677, 社会学 
3577800, 9.1, 676, 韦帅望的江湖(Ⅲ众望所归) 
1277169, 9.0, 747, 古今数学思想（一） 
1683152, 9.6, 427, 费恩曼物理学讲义 第3卷 
4903692, 9.0, 741, 东京梦华录 
2208569, 9.4, 505, The Godfather 
1921413, 9.5, 461, Nana
7056800, 9.5, 461, Ruby元编程 
26603439, 9.1, 666, 黑猫侦探 II：极寒之国 
3002766, 9.4, 500, 英语词根与单词的说文解字 
1684863, 9.5, 457, 费恩曼物理学讲义（第2卷） 
4243276, 9.3, 547, 田园诗与狂想曲 
1830621, 9.1, 662, 呐喊 
26285194, 9.1, 659, 故事新编 
10796035, 9.2, 598, 中国古典诗词感发 
4732040, 9.3, 543, 凉宫春日的消失 
1810557, 9.1, 656, 鹿鼎记（1-5） 
1824613, 9.3, 542, 约翰　克利斯朵夫(两册) 
1852228, 9.1, 655, 全新法语语法 
20428702, 9.0, 723, 踮脚张望4 
2042638, 9.0, 720, 大师和玛加丽塔 
5939751, 9.2, 591, 货币金融学 
2823823, 9.2, 590, Marva Collins&#39; Way 
4120485, 9.3, 537, 加缪全集（散文卷Ⅰ） 
1145254, 9.1, 649, 梁实秋雅舍小品 
26376049, 9.2, 589, 阿兰的战争 
4718026, 9.0, 716, 燃　者 
4843462, 9.5, 447, 楞严经 
3340939, 9.1, 645, 建筑：形式、空间和秩序 
3869809, 9.0, 712, 务虚笔记 
1000251, 9.0, 711, 王尔德全集 
1047325, 9.2, 583, 老妇还乡 
1393233, 9.2, 582, 古典时代疯狂史 
1100783, 9.0, 706, 约翰　克里斯托夫 
25757313, 9.8, 344, 红楼梦脂评汇校本 
1029009, 9.3, 527, 学术与政治 
4827134, 9.1, 635, 灵魂的事 
1254280, 9.3, 525, 论美国的民主（上下） 
25796061, 9.3, 525, 杜撰集 
1329973, 9.2, 576, 顾准文集 
1082187, 9.0, 700, 人类的天性 
5505258, 9.3, 524, Q版大明衣冠图志 
11628195, 9.3, 522, 冰与火之歌　卷四　群鸦的盛宴（下） 
2984402, 9.4, 475, 奥菲利娅的影子剧院 
26275572, 9.1, 628, 奥克诺斯 
1794078, 9.0, 693, 东方快车上的谋杀案 
1982120, 9.0, 692, 向着明亮那方 
1272844, 9.3, 518, 平凡的世界(全3册)路遥全集 
4934845, 9.0, 691, 西方哲学史（上卷） 
1411139, 9.0, 690, 车尔尼钢琴初步教程作品599 
1083054, 9.0, 688, 现代性与大屠杀 
4294353, 9.2, 566, 净空法师讲《了凡四训》 
4832194, 9.4, 471, 莎士比亚全集 
26602467, 9.0, 686, 我是女兵
6436972, 9.1, 621, 中国文化要义 
3594078, 9.2, 562, 傲慢与偏见 
1077428, 9.1, 618, 自然权利与历史 
1236194, 9.2, 560, 余光中谈翻译 
4011322, 9.0, 680, 重屏 
2257333, 9.2, 559, 松鼠先生和月亮 
6004630, 9.4, 465, 国史大纲（上下册） 
4898553, 9.1, 614, 阿加西自传 
3790989, 9.0, 677, 知我者　我心　 
1732995, 9.1, 613, 海子 
1441980, 9.0, 676, 特朗斯特罗姆诗全集 
6021092, 9.0, 676, 局外人　西绪福斯神话 
2360390, 9.0, 676, 我知道你明天干了什么 
2364742, 9.0, 675, 王小波散文 
26888402, 9.3, 506, 城南旧事 
5906321, 9.1, 611, 开放中的变迁 
2979694, 9.2, 555, 赫尔佐格谈赫尔佐格 
3076984, 9.2, 555, 战争与和平 
2971663, 9.4, 461, 庄子 
1245537, 9.1, 609, 苏鲁支语录 
26418475, 9.3, 504, 逃避自由 
1437488, 9.2, 552, 群魔 
3300145, 9.2, 549, 论犯罪与刑罚 
1450035, 9.4, 457, 比亚兹莱插画集 
2353663, 9.3, 500, 四季 
11160551, 9.1, 603, 查拉图斯特拉如是说 
1439750, 9.2, 548, 奇诺之旅III 
1427023, 9.0, 664, 希罗多德历史（上下） 
25873415, 9.1, 600, 月亮和六便士 
25728092, 9.1, 599, 小张和小丽 
1963685, 9.0, 658, 流浪狗之歌 
3410762, 9.0, 658, 气势撼人 
11628197, 9.2, 542, 冰与火之歌　卷四　群鸦的盛宴（中） 
1889321, 9.2, 542, Harry Potter and the Chamber of Secrets 
3726316, 9.8, 323, 郎雀 
1109350, 9.1, 596, 国民财富的性质和原因的研究（上卷） 
1051314, 9.0, 656, 钢琴师 
3610090, 9.0, 655, 第二次世界大战战史 
4124970, 9.1, 593, 生死线 
1276199, 9.0, 654, 采桑子 
1769524, 9.3, 491, 我们的祖先 
2066931, 9.4, 448, 火之　-文　版(01) 
1456628, 9.3, 490, 长袜子皮皮的冒险故事 
3117247, 9.0, 652, 中国古代思想史论 
4238875, 9.0, 651, 中国建筑史 
5989373, 9.0, 651, 失控 
1030575, 9.1, 590, 理想丈夫与不可儿戏 
2078355, 9.3, 488, 莎士比亚全集 
11629131, 9.2, 535, 李鸿章传 
5372471, 9.1, 587, 党员、党权与党争 
26427703, 9.0, 646, 三体2 
3024802, 9.3, 485, 在路上　　中国的天主教 
2775787, 9.1, 584, 叶嘉莹说杜甫诗 
3794107, 9.2, 531, 中国史纲 
1125026, 9.0, 642, 毛泽东选集 第二卷 
3071208, 9.0, 642, 一章木椅 
1469028, 9.4, 441, 文　（全六　） 
1401730, 9.0, 641, 棋王 　王 孩子王 
1467509, 9.0, 641, 务虚笔记 
1072767, 9.1, 581, 宇宙 
3877113, 9.1, 581, 　　人 
1476304, 9.1, 580, 夏洛的网 
1489165, 9.2, 527, 风的旱冰鞋 
4047674, 9.1, 578, 如　　作祟之物 
1367802, 9.0, 636, 中　　代小　史 
4824844, 9.5, 400, 去斯万家那边 
1324621, 9.3, 477, 宪法学导论 
20283570, 9.3, 477, 所罗门王的指环 
2196957, 9.2, 522, 孙子兵法 
2127498, 9.5, 398, 罗念生全集：第二卷：埃斯库罗斯悲剧三种、索福克勒斯悲剧四种 
25900696, 9.1, 572, 银河英雄传说（全10册） 
1449418, 9.3, 474, 铸雪斋抄本聊斋志异 
3629286, 9.3, 474, Golden Slumber：宅配男　披　四　　曲 
1139065, 9.0, 629, 党员、党权与党争 
4843454, 9.2, 518, 坛经 
1062611, 9.4, 432, 庄子集释（全三册） 
1837876, 9.6, 364, ぼくの靴音 
1076509, 9.0, 627, 变化社会中的政治秩序 
6736428, 9.2, 517, 西线无战事 
4843444, 9.3, 471, 维摩诘经 
4740002, 9.1, 567, On Writing Well 
1083030, 9.0, 624, 双重人格 地下室手记 
1081778, 9.5, 394, 李太白全集（全三册） 
3699420, 9.0, 623, 查拉图斯特拉如是说 
1012560, 9.3, 469, 　府　集（全四　） 
1099523, 9.4, 429, 飘 
1915094, 9.2, 514, 近乎佛教徒 
1223897, 9.1, 562, 实践理性批判 
1022788, 9.0, 619, 希望今天遇见你 
25796049, 9.0, 617, 沙之书 
3663124, 9.2, 509, 韦洛克拉丁语教程 
1315258, 9.0, 616, 中国古代服饰研究 
2056814, 9.0, 616, 傲慢与偏见 
4161118, 9.4, 424, Justice: What&#39;s the Right Thing to Do? 
26848740, 9.4, 424, 认识电影 （全彩插图第12版） 
2040650, 9.3, 463, 窗边的小姑娘 
10956248, 9.1, 557, 蒋勋说红楼梦 
1084434, 9.0, 612, 以自由看待发展 
1038291, 9.1, 553, 纪伯伦散文诗全集 
3283762, 9.1, 553, 柏拉图文艺对话集 
24371382, 9.2, 501, 动物庄园 
1255006, 9.0, 606, 爱伦　坡集 
10485026, 9.0, 606, 特朗斯特罗姆诗歌全集 
1400656, 9.1, 549, Head First Design Patterns 
1242605, 9.1, 548, 完全掌握2级日本语能力考试语法问题对策 
3776682, 9.1, 548, 公司理财 
6510733, 9.1, 548, 局外人/鼠疫 
24882289, 9.1, 547, 机器人短篇全集 
26892080, 9.0, 602, 猎豹 
4619176, 9.0, 601, 喧哗与骚动 
20425489, 9.3, 453, 是，首相 
1134620, 9.2, 496, 席勒油画.水彩 
2988970, 9.5, 380, 谈艺录 
26819477, 9.0, 600, 东京本屋 
3902733, 9.0, 599, 红色骑兵军 
2134559, 9.4, 413, ダカフェ日　 
3166511, 9.1, 543, Instant Light 塔可夫斯基拍立得　影集 
5397340, 9.6, 348, Alexander McQueen 
1829747, 9.0, 597, Asking the Right Questions 
1995655, 9.2, 493, 演员自我修养(第一部) 
1234683, 9.6, 347, 日本语句型辞典 
1921699, 9.5, 377, 汪曾祺小说 
1760134, 9.1, 538, 茨威格小说集 
10466059, 9.1, 538, 射雕英雄传 
2349498, 9.4, 409, 古诗十九首集释 
6436046, 9.2, 489, 新教伦理与资本主义精神 
4908886, 9.0, 590, 金蔷薇 
1005801, 9.1, 535, 静静的顿河（全四册） 
4742954, 9.2, 487, 基度山恩仇记 
1077568, 9.0, 589, 自由论 
2340082, 9.0, 589, 亲爱的小鱼 
4137173, 9.0, 589, 股市真规则 
1144865, 9.1, 533, 见证 
1053752, 9.4, 405, 玛法达的世界  全集A 
4137276, 9.4, 405, 结起点亦是终点 
1192700, 9.0, 586, 永远讲不完的故事 
3183002, 9.0, 586, 一百个人的十年 
25754589, 9.1, 532, 革命之路 
2059409, 9.0, 585, 庸才 4 
1461686, 9.4, 404, Nana 03 
3449341, 9.0, 584, 向着明亮那方 
1880306, 9.1, 529, 刀锋 
20255214, 9.1, 527, KYLOOE 2　绿色隧道 
1675113, 9.0, 580, 礼仪中的美术 
1357843, 9.1, 526, Cui cui 
24863163, 9.1, 526, 恩宠与勇气：超越死亡 
1001605, 9.0, 579, 呐喊 
6870500, 9.0, 579, 　法　碰的　 
2040646, 9.0, 578, 银河铁道999 
26666533, 9.2, 478, 梵高手稿 
1216715, 9.1, 524, 光荣与梦想 
1787562, 9.1, 524, 东方奇观 
6750347, 9.2, 477, 演化 
2178315, 9.2, 476, A Thousand Splendid Suns 
2070128, 9.2, 474, 　科　　　2之　出香港 
1218321, 9.1, 519, 个人形成论 
3215997, 9.1, 519, 饥饿艺术家 
22988752, 9.4, 395, 1984 动物农场 
1881747, 9.1, 518, 长袜子皮皮 
1394399, 9.0, 570, 经济解释（卷一） 
1401821, 9.1, 516, 顾城文选　卷一：别有天地 
1824714, 9.1, 516, 拥抱幸福的小熊-阳光姐姐嘉年华 
1130500, 9.3, 429, 计算机程序设计艺术（第1卷） 
20273057, 9.0, 567, 象棋的故事 
3092897, 9.1, 515, 政治学说史（上卷） 
1965025, 9.1, 514, 艺术：让人成为人 
5998988, 9.2, 468, 　路中　 
1971678, 9.3, 427, 国家间政治 
1015396, 9.1, 513, 快乐王子 
3098671, 9.2, 467, 士兵突击完全版 
25912873, 9.1, 512, The Little World of Liz Climo 
1483086, 9.1, 511, Diane Arbus 
1032570, 9.1, 510, 哈耶克文选 
1118783, 9.1, 510, Of Human Bondage 
4002326, 9.0, 561, 目送 
5326123, 9.1, 509, Just Kids 
1322336, 9.0, 560, 控制论与科学方法论 
6509468, 9.0, 560, 荒原狼 
1010189, 9.6, 328, 金明馆丛稿初编 
2994925, 9.2, 463, JavaScript: The Good Parts 
19952400, 9.4, 387, 算法（第4版） 
2044592, 9.6, 327, 英汉大词典 
25878880, 9.0, 558, 认识艺术（全彩插图第8版） 
20395185, 9.1, 507, 一九八四 
26435630, 9.4, 385, 经济学原理(第7版):微观经济学分册+宏观经济学分册(套装共2册) 
25935941, 9.3, 420, 天朝的崩溃（修订版） 
1086660, 9.1, 504, 小王子 
1792474, 9.1, 504, 易卜生戏剧集（三卷） 
1385809, 9.2, 458, 百年孤寂 
4871467, 9.0, 552, 京华烟云（套装上下册） 
1057879, 9.1, 501, 荒漠甘泉(附黑门山路) 
4830263, 9.1, 501, 追忆似水年华（第一卷） 
2077187, 9.1, 501, 交　情人　 
3391999, 9.2, 455, 扎拉图斯特拉如是说 
25848538, 9.1, 498, 星空 
1205303, 9.5, 348, 汪曾祺全集(2) 
1017242, 9.1, 496, TIME单挑1000 
1056867, 9.0, 545, 政治学 
1114862, 9.4, 378, 江南园林志 
3007708, 9.2, 451, 六祖坛经 
22994632, 9.0, 544, 成功，动机与目标 
1757759, 9.5, 346, 琴学备要（上下） 
4628394, 9.1, 493, 热爱生命 
1213744, 9.0, 542, 法语词汇渐进 
1777630, 9.0, 542, The Selfish Gene 
2049866, 9.0, 542, 山海经校注 
2122274, 9.2, 449, 福尔摩斯探案集 
1398463, 9.1, 492, 萨特文集（全八卷） 
4252093, 9.2, 448, 浮生六记 
1041622, 9.0, 540, 后汉书（全十二册） 
3117249, 9.0, 540, 华夏美学　美学四讲 
6879356, 9.4, 374, 孙子兵法 
25836269, 9.0, 538, 西文字体 
1441487, 9.4, 373, 中国鸟类野外手册 
3213781, 9.1, 488, 启迪 
1050658, 9.3, 406, 宋诗鉴赏辞典 
26671188, 9.1, 487, 定西.孤儿院纪事 
5063131, 9.2, 443, 亮剑 
26602756, 9.2, 443, 读Reading 
1230095, 9.5, 341, 数学分析原理 
3646976, 9.0, 534, 菜根谭 
1949237, 9.3, 404, 柳树下的梦 
2048650, 9.1, 484, 先知.沙与沫 
1028843, 9.6, 313, 王力古汉语字典 
7000672, 9.4, 369, 约翰　克利斯朵夫（全二册） 
3993392, 9.3, 402, 苏轼词集 
3631926, 9.0, 530, The Help 
5311593, 9.3, 401, 顾随诗词讲记 
1857295, 9.0, 528, 荣格心理学入门 
25712811, 9.4, 367, 世界电影史（第二版） 
1044499, 9.3, 399, 菲利普二世时代的地中海和地中海世界（上下卷） 
2309204, 9.0, 526, 小淘气尼古拉绝版故事 
2006151, 9.1, 478, 二十世纪西方文论述评 
4812799, 9.1, 476, 认识佛教 
1791383, 9.3, 397, 365夜科幻故事（上、下册） 
1010550, 9.2, 434, 庄子说 
1119471, 9.0, 523, 罪与罚 
25881958, 9.0, 523, 人间词话七讲 
1592800, 9.6, 308, 三国演义 
3297636, 9.5, 334, Harry Potter Hardcover Box Set 
1355643, 9.0, 522, Norwegian Wood 
1082469, 9.3, 396, 加缪全集（全四册） 
1092450, 9.3, 396, 飘 
1933845, 9.3, 396, 俺爹俺娘 
1085366, 9.1, 473, 组织社会学十讲 
10439392, 9.0, 519, 风沙星辰 
25893465, 9.1, 472, 万历十五年 
3662567, 9.2, 430, 近代中国史纲 
1939608, 9.1, 471, 两个意达 
26394018, 9.1, 470, 生活与命运 
1003502, 9.3, 392, 安徒生童话故事全集（全四册） 
2377488, 9.2, 425, 老妇还乡 
4231732, 9.1, 465, 历史研究（上下卷） 
24862771, 9.0, 511, 熔炉 
1079962, 9.0, 509, 论法的精神（下） 
1232029, 9.1, 462, C专家编程 
1036032, 9.0, 507, 一个人的村庄 
4201728, 9.0, 506, 给青年的十二封信 
26435510, 9.3, 384, 雕刻时光 
1056883, 9.2, 419, 读通鉴论（上中下册） 
3016983, 9.2, 419, 人性的，太人性的（二卷） 
1769212, 9.1, 459, 骑鹅旅行记（上） 
1951372, 9.0, 503, 创新与企业家精神 
3065341, 9.1, 457, 葫芦娃大战变形金刚 
2271222, 9.1, 456, 鬼谷子（第二版） 
2130743, 9.0, 501, 离散数学及其应用（原书第5版） 
6781791, 9.0, 501, 我曾侍候过英国国王 
6311230, 9.2, 415, 秦汉魏晋史探微 
1439737, 9.6, 295, 法国童话精选 
3798420, 9.0, 496, The Road Less Traveled (少有人走的路) 
1003414, 9.3, 377, 魔镜 
1042006, 9.3, 377, 十九世纪文学主流（共六册） 
1528482, 9.3, 377, 声律启蒙 
1073535, 9.1, 451, 人与自我 
1080350, 9.1, 450, 春秋来信 
1264253, 9.1, 450, 少女安妮 
4720475, 9.0, 494, 英语阅读参考手册 
1830600, 9.2, 410, 彷徨 
1425950, 9.1, 449, 线性代数及其应用 
4917220, 9.3, 375, 楚辞 
2201479, 9.4, 344, 概率论与数理统计 
2115906, 9.1, 448, 周易译注（全二册） 
1964168, 9.5, 316, 卡拉马佐夫兄弟（共两册） 
10560097, 9.3, 374, 不一样的卡梅拉（1-10册） 
6004479, 9.4, 343, 诗经（上下册） 
3222829, 9.2, 407, 快乐王子 
2252905, 9.2, 406, 刑法学 
4218686, 9.0, 488, 中国美术史讲座 
1072777, 9.3, 371, 告别夹边沟 
2328178, 9.0, 487, 态度改变与社会影响 
10466761, 9.0, 487, 倚天屠龙记 
3235486, 9.4, 340, 陶哲轩实分析 
3593300, 9.1, 443, 民主新论 
1876799, 9.3, 370, 百年孤独 
7047202, 9.3, 369, 一九八四 
3029210, 9.2, 403, 哥德尔证明 
24872210, 9.2, 402, 无愁河的浪荡汉子　朱雀城 
1451453, 9.1, 436, 女大学生安妮 
6534991, 9.2, 398, 福尔摩斯探案全集（图注本 精装收藏版） 
1142794, 9.0, 476, 太平广记（全十册） 
1011051, 9.1, 433, 时代广场的蟋蟀 
1807798, 9.0, 475, 洛阳伽蓝记校笺 
25808738, 9.1, 432, 阴阳师典藏合集 
1039400, 9.0, 474, 叔本华美学随笔 
1578881, 9.0, 474, 车的颜色是天空的颜色 
3410761, 9.0, 472, 山外山 
1672586, 9.3, 359, 基础有机化学（第三版）上册 
3171735, 9.3, 359, 行为科学统计 
3205398, 9.3, 359, 　治通　（全二十册） 
2226332, 9.4, 329, 稼轩词编年笺注(增订本) 
3427162, 9.2, 391, 文心雕龙 
2124577, 9.2, 390, 我　的存在 11 
1530822, 9.4, 328, 巴赫初级钢琴曲集 
1313443, 9.3, 357, 鲁迅精选集 
3882806, 9.2, 389, Magnum Magnum 
1755398, 9.5, 301, 小飞人三部曲 
4253554, 9.1, 425, 我们的幸福时光 
2080922, 9.3, 355, 自珍集 
1953785, 9.4, 326, 古文观止译注（上中下） 
1416876, 9.1, 424, 1997
1995171, 9.1, 424, 　染 1 
2209798, 9.5, 300, 竹光侍 2 
1134199, 9.1, 423, 语法讲义 
1093809, 9.3, 354, 罪与罚 
3013649, 9.0, 464, 　　千　 
25879527, 9.0, 464, 平如美棠 
1005455, 9.3, 353, 淘气包埃米尔 
1427450, 9.0, 462, 白话本国史 
1888111, 9.5, 298, Convex Optimization 
4893069, 9.2, 384, 莎士比亚喜剧悲剧集 
10604495, 9.2, 384, 小王子 
3016574, 9.0, 460, 青铜时代 
3810699, 9.1, 419, 水浒传 
5406578, 9.1, 419, 罪与罚 
26353666, 9.4, 322, 量子物理史　 
1910326, 9.2, 382, 编程珠玑 
3176758, 9.5, 296, 夏目友人　 4 
6429781, 9.0, 458, 诡辩与真相 
25876750, 9.0, 458, 看不见的森林 
26287453, 9.1, 416, 这才是心理学 
1417574, 9.2, 380, 老子 
19964969, 9.2, 380, 你往何处去 
1082798, 9.0, 456, 美国新闻摄影教程 
1242927, 9.7, 251, 英国文学名篇选注 
1046483, 9.0, 455, 超越爱情的永恒之死 
1085848, 9.0, 455, 静静的顿河 
21363162, 9.4, 319, 詹森艺术史（插图第7版） 
25900284, 9.2, 378, 天人五衰 
2028128, 9.6, 270, 淘气包艾米尔 
1232571, 9.1, 412, 哲学研究 
6006287, 9.0, 451, 诗艺 
1211033, 9.1, 411, 古今数学思想（二） 
26425832, 9.3, 344, 纸上中洲 
1441919, 9.2, 375, 物理世界奇遇记 
4201707, 9.2, 375, 中国近代史 
1507315, 9.0, 450, 自然哲学之数学原理 
4199421, 9.3, 343, 在少女花影下 
1438098, 9.4, 315, 说文解字注 
1058889, 9.1, 408, 西洋世界军事史（全三卷） 
7043452, 9.0, 447, The Willpower Instinct 
7051384, 9.5, 289, 罪与罚 
1197950, 9.1, 406, 希腊罗马名人传 
2335844, 9.1, 406, Margin of Safety 
1017334, 9.0, 445, 没有个性的人 
4116115, 9.0, 445, 神雕侠侣 
1205283, 9.4, 312, 汪曾祺全集(1) 
4869591, 9.1, 405, 沙与沫 
1768001, 9.2, 370, 是，大臣 
2122483, 9.0, 443, 大猩猩 
3296585, 9.3, 338, The Elements of Style 
1443638, 9.0, 442, 自由宪章 
25756955, 9.0, 442, 爱与黑暗的故事 
6533037, 9.1, 403, 玻璃球游戏 
1091964, 9.0, 441, 路易　波拿巴的雾月十八日 
1105150, 9.0, 440, 菲雅尔塔的春天 
5975978, 9.1, 401, 正　: 一　思辨之旅 
6534951, 9.3, 336, 爆漫王。 01 
1446867, 9.2, 366, 　　南北朝史（上下） 
2221898, 9.3, 335, 快乐王子集 
4827219, 9.0, 438, 彼得　林奇的成功投资 
4773507, 9.2, 364, 晚安，大猩猩 
1210495, 9.1, 398, 百年孤独 
1467393, 9.3, 333, The Intelligent Investor 
4721109, 9.4, 306, 　口可南子?　　な　　 
2079351, 9.2, 363, 　理想主　到　　主　 
1550704, 9.2, 362, 法律思维与民法实例 
1512230, 9.2, 361, 神秘岛 
26698223, 9.2, 361, 永恒的时光之旅 
1958068, 9.1, 394, 喧哗与骚动 
1974029, 9.1, 394, 坟 
2195980, 9.0, 431, 圆运动的古中医学 
20258504, 9.0, 431, 疯癫与文明 
10808841, 9.4, 303, 夜观星空 
6885726, 9.1, 392, 疑惑 
1474171, 9.0, 429, To Kill a Mockingbird 
1626707, 9.1, 391, 心理学与生活 
1265468, 9.3, 328, 廿二史札记校证（上下册） 
1012256, 9.0, 428, 电影书写札记 
1748477, 9.2, 357, 纳尔齐斯与歌尔德蒙 
1931769, 9.1, 390, 心理学 
1173548, 9.0, 427, 程序设计实践 
1130381, 9.1, 389, 数学分析新讲（第一册） 
3499285, 9.1, 389, 王尔德精选集 
3409620, 9.1, 389, 东周列国志 
1170052, 9.4, 300, 罗念生全集：第五卷：荷马史诗《伊利亚特》 
1116315, 9.3, 326, 国民财富的性质和原因的研究（下卷） 
5038750, 9.1, 388, 读书指南 
4202352, 9.3, 325, 基督教要义 
1924904, 9.1, 387, 孙子兵法 孙膑兵法 
1002262, 9.1, 387, 宋元戏曲史 
4908877, 9.0, 424, 静静的顿河 
1418276, 9.4, 298, Microeconomic Theory 
26758080, 9.4, 298, 父与子 
1046202, 9.0, 423, 自由选择 
1340702, 9.0, 423, The Hobbit 
25844774, 9.5, 274, 山海经校注（最终修订版） 
1455362, 9.3, 323, 历史理性批判文集 
5383804, 9.0, 421, 酒吧长谈 
1315172, 9.1, 384, 道德形而上学原理 
24722098, 9.2, 351, 少年H 
2064632, 9.0, 420, 开　闭　开 
6428078, 9.2, 350, 罗马帝国衰亡史（套装共6册） 
26756140, 9.9, 201, 行动的勇气 
1507657, 9.2, 349, 小山词 
2143466, 9.1, 381, 我　的存在 2 
2191536, 9.1, 381, 资治通鉴-(柏杨白话版)(全九辑三十六册)(双盒装) 
1509898, 9.5, 271, 神经科学 
1453129, 9.2, 348, 惊世比亚兹莱 
1517400, 9.2, 348, 清代地方政府 
19982771, 9.2, 348, 白鹿原 
25796122, 9.1, 380, 阿莱夫 
3016901, 9.2, 347, X战记画集 
3840429, 9.0, 415, 花牌情　 1 
2015368, 9.1, 378, 价值评估 
24700640, 9.0, 414, 象棋的故事 
1774062, 9.0, 414, 宋词选 
4898554, 9.3, 317, 木心画集 
20258505, 9.3, 317, 规训与惩罚(修订译本)(第4版) 
24846072, 9.3, 317, 隐藏的现实 
1452927, 9.1, 377, 百年孤独 
2076853, 9.1, 377, 奥尼尔剧作选 
25923985, 9.0, 412, 我心中的美好世界 
25763527, 9.5, 267, 城南旧事（插图珍藏版） 
10796986, 9.1, 374, 魏晋之际的政治权力与家族网络 
3893280, 9.4, 289, 牛津高阶英汉双解词典（第7版） 
25752357, 9.3, 314, Head First HTML与CSS（第2版） 
1269972, 9.0, 409, 火 一弹解千愁 
25866532, 9.0, 409, 额尔古纳河右岸 
1907655, 9.4, 288, 东京梦华录笺注（上下） 
2131426, 9.0, 408, 涅朵奇卡　涅茨瓦诺娃 
19963287, 9.0, 408, 诸神的面具 
4917251, 9.3, 312, 庄子 
3759379, 9.1, 371, 父母效能训练手册 
1315167, 9.0, 406, 历史的用途与滥用 
1945938, 9.0, 406, 海子诗集 
1046619, 9.1, 370, 风吹白杨的安妮 
25661779, 9.1, 370, 我也有一个梦想(第3版) 
1440378, 9.1, 370, 秀逗方程式 
5282139, 9.4, 286, 维摩诘的花雨满天（上） 
3908344, 9.0, 405, 图像中国建筑史 
1234604, 9.0, 405, 翻译研究 
1438836, 9.1, 369, 平凡的世界 
5958737, 9.0, 404, 尤利西斯 
1806694, 9.0, 403, 中国史纲 
5254318, 9.0, 403, 缝不起来的伤痕童年 
1394420, 9.3, 309, 古诗文名物新证（全二册） 
6525582, 9.2, 336, 城南旧事 
20382353, 9.3, 308, 排球少年 1 
1800113, 9.1, 366, 图画书阅读与经典 
1982553, 9.1, 366, 古本山海经图说（上下） 
4692016, 9.1, 366, 西式糕点制作大全 
3867627, 9.3, 307, 松鼠先生和第一场雪 
1941280, 9.3, 307, 地下城主指南 
1902303, 9.1, 365, Man&#39;s Search for Meaning 
6879501, 9.1, 365, 明朝那些事儿 第1部（图文精印版） 
6126822, 9.1, 364, 心灵的焦灼 
1220517, 9.3, 306, 安徒生童话全集 
1859876, 9.3, 306, 智擒大猩猩 
2359470, 9.3, 306, 飘 
1009105, 9.0, 398, 战争论 
1056324, 9.1, 363, 鲁迅小说全编 
1316652, 9.1, 363, 王尔德作品集 
1017340, 9.6, 239, 　　文集（全六　） 
10435653, 9.0, 396, 第三帝国的兴亡（上下册） 
24935031, 9.3, 303, 战争与和平 
1078165, 9.1, 360, 治史三书 
1006933, 9.1, 359, 雷梦拉8岁 
2209702, 9.0, 393, Programming Collective Intelligence 
6822342, 9.5, 256, 王阳明全集 
1891441, 9.2, 328, 汉魏六朝诗选 
10532783, 9.1, 358, 深夜食堂 9 
1037121, 9.3, 301, 寒柳堂集 
2983898, 9.0, 391, 神曲 
1013762, 9.1, 357, 怎样解题 
4051249, 9.1, 356, 杨绛文集　散文卷（上） 
21267489, 9.2, 326, 加德纳艺术通史 
1838127, 9.4, 275, 数学分析（第一卷） 
2136303, 9.0, 387, 章太炎国学讲义 
1283644, 9.1, 353, 小尼古拉 
24092345, 9.1, 353, 证券分析 
26120130, 9.0, 386, 天才的编辑 
1084120, 9.0, 385, 瞬间永恒 
6313522, 9.0, 385, 野性的呼唤 
10548515, 9.0, 385, 消失中的江城 
3014162, 9.1, 351, 叔本华的治疗 
11599490, 9.1, 351, 护生画集 
26783041, 9.3, 295, 睡魔1：前奏与夜曲 
1145593, 9.1, 350, 哥本哈根 
1789833, 9.0, 383, 希腊城邦制度 
3076985, 9.0, 383, 安娜　卡列尼娜 
1462081, 9.4, 271, 丁丁历险记-蓝莲花(下) 
26657740, 9.0, 382, 再度觉醒 
1448800, 9.1, 349, Catch-22 
25887924, 9.7, 214, 卡拉马佐夫兄弟（上下册）（陀思妥耶夫斯基文集） 
4189215, 9.2, 319, 灵之舞 
2043873, 9.1, 348, 天边外 
1849632, 9.2, 318, 世说新语校笺 
1706181, 9.4, 269, 基础有机化学（第三版）下册 
1005619, 9.5, 248, 王维集校注（全四册） 
6790302, 9.6, 229, 资治通鉴 
1926728, 9.3, 291, 往事与随想 
2065175, 9.7, 212, 　家女孩 1 
1826772, 9.2, 316, 哈扎尔辞典（阴本） 
1135548, 9.1, 343, E.席勒速写/大师经典速写新选系列 
1203233, 9.4, 266, 安徒生童话精选 
1080223, 9.2, 314, 人与国家 
1208741, 9.1, 342, 约翰　汤普森简易钢琴教程(1) 
1782312, 9.1, 342, 发现社会之旅 
2285530, 9.1, 342, 弗洛伊德及其后继者 
4086800, 9.2, 312, 陈寅恪集 
1008180, 9.1, 340, 天使雕像 
1072015, 9.1, 340, 人间喜剧 第一卷 
10530396, 9.7, 209, 圣经 
25697249, 9.7, 209, 哈利.波特电影魔法书 
1462079, 9.5, 243, 丁丁历险记-蓝莲花(上) 
1939242, 9.5, 243, 1984 
1015144, 9.3, 285, 元白诗笺证稿 
1400657, 9.1, 338, 　　如此 
25912106, 9.1, 338, 万尼亚舅舅　三姊妹　樱桃园 
2989572, 9.5, 242, 圣经 
1863497, 9.0, 369, Beyond Feelings 
1652617, 9.3, 284, 任何一种能够作为科学出现的未来形而上学导论 
1119829, 9.1, 337, 汪曾祺小说 
1489166, 9.1, 336, 狼王梦 
1013334, 9.2, 308, 从文自传 
24871631, 9.3, 283, 哈扎尔辞典（阴本） 
3795033, 9.0, 367, 数学天书中的证明 
1731081, 9.1, 335, 叔本华论道德与自由 
2328539, 9.4, 260, 契诃夫戏剧集 
5938307, 9.4, 260, 学术与政治 
2047093, 9.4, 260, 长袜子皮皮的故事 
1071187, 9.0, 366, 老舍幽默诗文集 
1088540, 9.3, 280, 玻璃球游戏 
3045320, 9.1, 332, 失落的一角遇见大圆满 
1056164, 9.0, 363, 慈禧全传(六卷八册) 
1784589, 9.5, 238, 百年孤独 
1038360, 9.5, 238, 脂本汇校石头记（上中下） 
1316585, 9.2, 304, 城市发展史 
1394400, 9.0, 362, 经济解释（卷二） 
26775078, 9.0, 362, 非人哉 
1019232, 9.1, 331, 五灯会元（全三册） 
6810086, 9.1, 331, 朱熹的历史世界 
10559578, 9.3, 279, 基督山伯爵 
26774038, 9.2, 303, 1984 
2216803, 9.6, 219, ワイド版 　の谷のナウシカ7　セット「トルメキア　役バ恁弗绁蟆 
10546888, 9.4, 256, 苦炼 
1065258, 9.2, 302, 唐宋词选释 
4046058, 9.0, 359, 神曲1 
1231399, 9.2, 301, 托马斯微积分 
1211041, 9.1, 328, 古今数学思想（三） 
10567230, 9.1, 328, 威尼斯日　 
3117143, 9.0, 358, 我们的内心冲突 
4895788, 9.0, 358, 道连?格雷的画像 
2332766, 9.1, 327, 第三帝国的兴亡（共三册） 
6905341, 9.1, 327, 贝聿铭全集 
1253974, 9.1, 326, 纯粹理性批判 
3565628, 9.1, 326, 大紫禁城 
21319412, 9.2, 299, 仙剑奇侠传五前传 
26708119, 9.0, 356, 机器学习 
1728600, 9.4, 253, 微积分学教程（第2卷） 
1367245, 9.1, 325, 人子 
2981480, 9.1, 325, 美国人民：创建一个国家和一种社会（上卷） 
1253835, 9.2, 298, 哲学史教程（上卷） 
4120483, 9.2, 298, 加缪全集（戏剧卷） 
1007733, 9.3, 274, 世说新语 
25771025, 9.3, 274, 动物农场 
1005237, 9.1, 324, 雷梦拉与爸爸 
1148437, 9.1, 324, 传习录 
1958791, 9.1, 324, 朝霞 
3151850, 9.1, 324, 英语语法新思维初级教程 
2122352, 9.0, 354, 万物简史 
2248875, 9.2, 297, The Moon And Sixpence 
3829908, 9.5, 232, 格林童话 
24751077, 9.3, 272, 飓光志第一卷：王者之路（全三册） 
1189957, 9.1, 322, 改变心理学的40项研究 
1439413, 9.1, 322, 《圣经Holy Bible》（中英\NRSV\皮面金边\索引) 
2382542, 9.2, 295, 毕希纳全集 
1092865, 9.6, 214, 肖邦夜曲集 
26384735, 9.0, 351, 致未来的诗人 
3071976, 9.1, 321, 大明王朝1566（上下） 
6784663, 9.0, 350, 1984 
1032777, 9.1, 320, 喜乐与我 
2984652, 9.3, 270, 汪曾祺集 
1449261, 9.3, 269, 龙珠39 
2327417, 9.3, 269, 大师之路 
1227414, 9.1, 318, 古今数学思想（四） 
1958069, 9.3, 268, 光荣与梦想（全四册） 
3276880, 9.1, 317, 光耀生命 
1129683, 9.0, 346, 写在人生边上 
1974044, 9.0, 346, 中国小说史略 
26390189, 9.0, 346, 如何看懂印象派 
3210501, 9.0, 346, 远大前程 
1456426, 9.3, 267, 局外人　鼠疫 
3023897, 9.2, 290, 希腊三部曲Ⅰ 追逐阳光之岛 
3529625, 9.2, 290, 爷爷的天使 
3651087, 9.1, 316, 噼里啪啦系列（共7册） 
26451505, 9.1, 316, 伯罗奔尼撒战争 
21371502, 9.0, 345, 局外人　鼠疫 
1309943, 9.3, 266, 庄子 
2143474, 9.3, 266, 我　的存在 9 
2247109, 9.0, 344, 社会学入门 
4843463, 9.0, 343, 圆觉经 
1054845, 9.7, 194, 怎样养好母猪 
1203122, 9.0, 342, 呼啸山庄 
1902060, 9.1, 313, 死屋手记 
23243142, 9.1, 313, 大师和玛格丽特 
5419233, 9.2, 287, 叔本华论道德与自由 
3843957, 9.1, 312, 黄帝内经 
2362352, 9.3, 263, 莫奈 
2184056, 9.1, 310, 庄子今注今译 
25819810, 9.1, 310, 罪恶之城：艰难告别 
1040398, 9.5, 223, 心电图图解速成讲授 
1067261, 9.4, 241, 亚马孙探险 
2261243, 9.0, 337, 汉书 
1018554, 9.2, 283, 山中岁月 
20386243, 9.1, 308, 复眼的影像 
3810698, 9.4, 240, 三国演义 
1083090, 9.3, 260, 杨绛文集（共8卷） 
2143473, 9.3, 260, 我　的存在 8 
3012903, 9.0, 336, 关于这颗心 
25778829, 9.0, 336, 明亮的对话 
1057881, 9.5, 221, 金明馆丛稿二编 
1326838, 9.3, 259, 纪伯伦散文诗经典 
4837351, 9.1, 305, 全景探秘游戏设计艺术 
4216680, 9.0, 333, 心理类型 
3072479, 9.7, 189, 镜子里的幽灵 
1886374, 9.0, 332, 老子　庄子 
4214003, 9.2, 279, 密室 
25751763, 9.1, 303, 语言与沉默 
1271862, 9.2, 278, 偶然、反讽与团结 
3843960, 9.2, 278, 古文观止 
1926195, 9.0, 330, 地下　愁　　 
1370078, 9.3, 255, Foundation 
2266022, 9.0, 329, The Art of Loving 
10441759, 9.3, 254, 公司理财 
2216106, 9.1, 300, 霍乱时期的爱情 
4238217, 9.1, 299, 游艺黑白（上下） 
1442789, 9.0, 326, 小女巫 
2998727, 9.4, 233, 恶战杀人鲸 
3393295, 9.2, 274, 改革历程 
26845199, 9.2, 273, 大都会艺术博物馆指南 
24257192, 9.1, 297, 卡利古拉 
1065950, 9.3, 251, 猎场剿匪 
1440701, 9.2, 272, One Billion Customers 
1449641, 9.2, 272, 胡安　鲁尔福全集 
1891221, 9.1, 296, 金瓶梅词话（全六册） 
1794125, 9.0, 323, 中国近代史大纲 
5394453, 9.0, 323, 历史是造物主写的小说 第一部 
26779251, 9.0, 322, 黑猫侦探 III：红色灵魂 
2280161, 9.1, 295, 小镇喧嚣 
26419408, 9.3, 249, 清代旅蒙商述略 
1034396, 9.1, 294, 荀子集解 
2377020, 9.1, 294, 治史三书 
2282347, 9.2, 270, 　　玲典藏全集 
5396636, 9.2, 270, 资本主义与精神分裂 （卷二） 
1901745, 9.1, 293, 人性的枷锁 
1435793, 9.2, 269, 世界园林植物与花卉百科全书 
1260295, 9.6, 196, 可怕的科学（共57册） 
1932095, 9.0, 319, 　　的小　（上） 
1493574, 9.3, 247, 边城集 
1963728, 9.4, 228, 斯　茨威格小说选 
1925865, 9.1, 291, 摩西五　 
1966443, 9.1, 291, 冒　少年 (ビッグコミックススペシャル) 
26061406, 9.0, 317, 小狗钱钱 
3015060, 9.4, 227, 闯入食人国 
6727796, 9.5, 210, 现代汉语词典（第6版） 
2143475, 9.2, 266, 我　的存在 10 
5038844, 9.6, 194, 英语常用词疑难用法手册 
25920941, 9.1, 288, 踮脚张望5 
7051391, 9.4, 225, 莎士比亚四大悲剧 
3757981, 9.0, 314, 黄金时代 
6559347, 9.0, 314, 翻译的技巧 
6720777, 9.0, 314, 海明威短篇小说全集（上） 
2143467, 9.1, 287, 我　的存在 3 
6773583, 9.0, 313, 意识光谱 
20480834, 9.0, 313, 雨林精灵 
1030882, 9.2, 263, 汉魏六朝诗鉴赏辞典 
4887814, 9.2, 263, 张充和诗书画选 
5383582, 9.2, 263, 奢华之色 
1882239, 9.1, 286, 时间简史 
2255277, 9.1, 286, 魏晋南北朝史札记 
10456130, 9.5, 207, 社会与政治运动讲义（第二版） 
4721429, 9.7, 178, 脂　　重　石　　：庚辰本 
4834737, 9.2, 262, 最後的　　 : 西方短篇科幻小　精　 
1016827, 9.1, 285, 阿西莫夫最新科学指南（上下册） 
26351021, 9.5, 206, 你不知道的JavaScript（上卷） 
1202184, 9.0, 310, 蝉为谁鸣 
2116497, 9.1, 284, 名家精译古文观止 
2143469, 9.1, 284, 我　的存在 4 
1042814, 9.2, 261, 人与世界 
1762178, 9.2, 261, 百年孤独 
4850826, 9.2, 261, 傲慢与偏见 
20389595, 9.4, 222, 间隔的秩序与事物的区分 
1013032, 9.3, 240, 风中的院门 
11232671, 9.1, 283, 悲剧的诞生 
1417200, 9.0, 308, 苹果地里的特别列车 
1254354, 9.3, 239, 庄子集解　庄子集解内篇补正 
1400647, 9.0, 307, 佩德罗　巴拉莫 
20376550, 9.0, 307, 科学革命的结构 
1925067, 9.4, 220, 圣经 
3919409, 9.1, 281, 汪曾祺散文 
5366471, 9.2, 258, 佛教十三经 
6771942, 9.2, 258, 1984 
3881360, 9.0, 306, L.I.F.E. 
1017830, 9.5, 203, 英汉对照安徒生童话全集（全三册） 
25867570, 9.5, 203, 人生的智慧 
2024548, 9.1, 280, Animal Farm 
1322853, 9.0, 305, 狄仁杰断案全集 
1437853, 9.0, 305, 月亮和六便士 
6859959, 9.0, 305, 健全的社会 
2143472, 9.2, 257, 我　的存在 7 
4887720, 9.2, 257, 追忆似水年华（第二卷） 
26889848, 9.1, 279, 山海经全译 
1047929, 9.1, 278, 伍德龙一家 
2219098, 9.1, 278, 古希腊悲剧喜剧全集（全8册） 
7060938, 9.1, 278, 谈修养 
1001356, 9.2, 255, 世界文明史(全24册) 
1768002, 9.3, 235, 是，首相 
1001872, 9.1, 277, 黄色童话 
26819342, 9.1, 277, 波丽娜 
4853094, 9.0, 302, 探索现代社会的起源 
19961140, 9.0, 302, 古希腊戏剧选 
26305373, 9.6, 186, 慈禧全传 
1444141, 9.1, 276, 演讲与论文集 
1843508, 9.1, 276, 管理：使命、责任、实务（实务篇） 
10355149, 9.1, 276, 建筑十书 
5403725, 9.4, 216, 四书章句集注 
24869701, 9.5, 200, 无畏之海 
1727587, 9.0, 300, 门背后的秘密 
10532927, 9.0, 300, 一辈古人 
10798822, 9.0, 300, 芥川龙之介短篇小说选 
3236762, 9.0, 300, 事事本无碍 
24853135, 9.0, 300, 悉达多 
4120488, 9.2, 253, 加缪全集（散文卷Ⅱ） 
1578501, 9.1, 275, 苏州古典园林 
26176538, 9.1, 275, 被　　的勇　 
26389895, 9.4, 215, 银河帝国：基地七部曲 
1057508, 9.0, 299, 图像中国建筑史 
1003322, 9.2, 252, 黑镜头 
1017993, 9.2, 252, 少年小树之歌 
3141514, 9.1, 274, 　科　　　3 - 心上人 
1465825, 9.1, 273, 玛格南 
1930626, 9.1, 273, The English Patient 
6895949, 9.0, 297, 联合政府与一党训政 
1275735, 9.3, 231, 英国散文的流变 
1025434, 9.1, 272, 周作人丰子恺儿童杂事诗图笺释 
21649772, 9.2, 250, 白鱼解字 
25841131, 9.2, 250, The Three-Body Problem 
1060470, 9.4, 213, 牛津高阶英汉双解词典 
1707156, 9.6, 183, 微积分学教程（第3卷） 
1195054, 9.0, 296, 欧　亨利小说全集（全四卷） 
25786012, 9.5, 197, 艺术的故事 (袖珍本) 
25660928, 9.7, 170, 史记（点校本二十四史修订本） 
2032772, 9.1, 271, 罪与罚 
3072498, 9.1, 271, 孩子你慢慢　 
6001368, 9.1, 271, 经济解释卷二：收入与成本（神州增订版） 
3065777, 9.2, 249, 西洋骨董洋果子店 4 
2266772, 9.1, 270, 绿色童话 
1053109, 9.0, 294, 封建社会（上、下卷） 
10539147, 9.2, 248, 宇宙的结构 
1052629, 9.0, 293, 魔法师的帽子 
26586889, 9.0, 293, 阿城精选集 
1062229, 9.0, 293, 六祖坛经 禅说 菜根谭 
1315186, 9.2, 247, 国民经济学原理 
3151852, 9.1, 268, 英语语法新思维中级教程 
1017227, 9.0, 292, 温迪嬷嬷讲述绘画的故事 
3464499, 9.2, 246, 癌症楼 
10559282, 9.2, 246, 存在与时间 
5385877, 9.0, 291, 中国近代思想与学术的系谱 
1920678, 9.4, 209, Season’s Album―あだち充イラスト集 
1251842, 9.3, 226, 巴曼尼得斯篇 
1532535, 9.3, 226, 三国志（上下） 
1477442, 9.0, 290, 为自己的人 
23788376, 9.0, 290, 门将之死 
1042928, 9.1, 266, 战争风云 
2143470, 9.1, 266, 我　的存在 5 
3260366, 9.1, 266, 社会主义 
20382355, 9.5, 193, 排球少年 2 
1314467, 9.4, 208, 读史方舆纪要 
3144300, 9.2, 243, 通向实在之路 
1063868, 9.1, 264, 破损的耳朵 
6425901, 9.0, 287, 务虚笔记 
25708708, 9.0, 287, 如彗星划过夜空 
2143471, 9.1, 263, 我　的存在 6 
25839610, 9.0, 286, 春雪 
26792804, 9.1, 262, 魔兽世界编年史 
1476494, 9.2, 241, 怎样学历史 
3449541, 9.0, 285, 安塞尔　亚当斯：传世佳作400 
1084730, 9.4, 205, 辩论：美国制宪会议记录（上下） 
26656018, 9.1, 261, 那些年，我们一起追的球星 
1054816, 9.2, 240, 法律与革命 
3813417, 9.0, 284, 可可西里的哭泣 
1031244, 9.3, 221, 鬼 
4010083, 9.0, 283, 尘埃落定 
6853265, 9.5, 189, 曾文正公家书 
6893862, 9.0, 282, 包法利夫人 
2972805, 9.2, 238, 金瓶梅　　 
26755914, 9.3, 219, 先生们（《环球人物》10周年典藏书系） 
1070872, 9.2, 237, 实践理性批判 
2213524, 9.2, 237, To Kill a Mockingbird 
4106854, 9.2, 237, 四圣心源 
1464988, 9.0, 280, 四世同堂(上、下) 
26747700, 9.0, 280, 撒马尔罕的金桃 
1421558, 9.1, 257, 城南旧事 
1055340, 9.0, 279, 唐宋词十七讲 
1436987, 9.4, 201, 绿野仙踪全集之二 
2110638, 9.4, 201, 计算机组成与设计硬件/软件接口 
4246032, 9.3, 217, 西方哲学史讲演录 
10550784, 9.2, 235, “匀质”的秩序与“清晰的建造” 
25707600, 9.2, 235, 返璞归真：纯粹的基督教 
2027666, 9.1, 255, 杜甫诗歌讲演录 
1291599, 9.1, 255, 人类的大地 
4864832, 9.4, 200, 为什么学生不喜欢上学? 
3300402, 9.0, 277, 制度、制度变迁与经济绩效 
4619135, 9.0, 277, 押沙龙，押沙龙！ 
1394352, 9.3, 216, 纳尔齐斯与歌尔德蒙 
1067603, 9.0, 276, 暗淡蓝点 
2129210, 9.8, 149, The Complete Yes Minister 
1150414, 9.4, 199, 篆刻学 
2054034, 9.4, 199, 金瓶梅词话（全三册） 
25763525, 9.3, 215, 城南旧事（三册套装版） 
1161592, 9.3, 215, 全唐诗（全二十五册） 
1004063, 9.0, 275, 永不安宁的心 
1022023, 9.0, 275, 小巫婆求仙记 
1026628, 9.0, 275, 原则与妥协（修订本） 
4848633, 9.2, 232, 顾准文集 
1367126, 9.4, 198, 　神　　III 
3499315, 9.0, 274, 欧亨利精选集 
6969080, 9.0, 274, 鹿鼎记 
4156488, 9.1, 251, 再　、我的　 
3625964, 9.2, 231, 逃避自由 
1215241, 9.1, 250, 晴天下猪 
1000135, 9.0, 272, 黑色棉花田 
1134230, 9.0, 272, 数学与猜想（第一卷） 
25819842, 9.0, 272, 佛陀传 
1832492, 9.2, 230, 管理的实践 （中英文双语典藏版） 
3998734, 9.2, 230, Photoshop修色圣典 
4843446, 9.2, 230, 法华经 
5407295, 9.2, 230, 悲惨世界（上下） 
26896859, 9.2, 230, 当呼吸化为空气 
5423861, 9.3, 212, 中国哲学简史 
1076343, 9.1, 249, 世说新语译注 
3074246, 9.1, 249, 无政府、国家和乌托邦 
1012268, 9.3, 211, 战争与回忆 
25746689, 9.3, 211, 一九八四 （精装插图典藏版） 
1039750, 9.0, 270, 政治的概念 
1842211, 9.0, 270, 古籍整理概论 
1950407, 9.0, 270, 客体关系心理治疗 
25748848, 9.0, 270, 华夏边缘：历史记忆与族群认同（增订本） 
25853069, 9.0, 270, 切尔诺贝利之花 
4887607, 9.1, 248, 芥川龙之介读本 
1038279, 9.4, 195, 15至18世纪的物质文明、经济和资本主义（全三卷） 
4747426, 9.8, 146, 脂砚斋重评石头记庚辰校本（全四册） 
1762738, 9.6, 168, 小淘气尼古拉和他的死党们 
3183724, 9.2, 228, 小王子 堡垒 
1033816, 9.0, 269, 莫迪洛漫画 
4200121, 9.1, 247, 青衣张火丁 
20382358, 9.5, 180, 排球少年 3 
1060104, 9.0, 268, 五四运动史 
2093212, 9.0, 268, 青铜骑士 
1962201, 9.1, 246, 舒克和贝塔历险记全集 
26642650, 9.3, 209, 蝙蝠侠：漫长的万圣节 
1085199, 9.0, 267, 法语词汇渐进.中级 
3880502, 9.0, 267, 鲁迅小说全集 
1292350, 9.4, 193, 乱世佳人（上下） 
3065772, 9.1, 245, 西洋骨董洋果子店 2 
3541506, 9.1, 244, 素数之恋 
3826301, 9.0, 265, 地藏经?药师经 
10539989, 9.0, 265, 玻璃球游戏 
2696119, 9.2, 224, Effective Java: Second Edition 
1456422, 9.1, 243, 群魔（上下） 
3200759, 9.1, 243, 静静的顿河 
2003299, 9.0, 264, 尼罗河上的惨案 
1447162, 9.4, 191, 黄帝内经素问 
1736919, 9.3, 206, 印度古代史诗摩诃婆罗多.全译本(1-6卷) 
1130384, 9.2, 223, 数学分析新讲（第二册） 
2123092, 9.2, 223, Web开发敏捷之道 
1033829, 9.0, 263, 法律、立法与自由(第一卷) 
1074822, 9.0, 263, 法学方法论 
3664221, 9.0, 263, 里尔克集 
1886348, 9.4, 190, 淘气包埃米尔 
4190173, 9.1, 241, 人应该如何生活 
20375356, 9.1, 241, 论美国的民主 
1027880, 9.3, 205, 全宋词（共5册） 
1769726, 9.5, 176, The Complete Maus 
1011731, 9.0, 261, 信息规则 
2008436, 9.0, 261, 毛泽东选集（第一卷） 
1125969, 9.2, 221, 嘭嘭嘭 
2111085, 9.2, 221, 财务报表分析 
6779988, 9.6, 163, A Song of Ice and Fire - A Game of Thrones 
1797510, 9.2, 220, 飘 
1376301, 9.4, 188, 1991
25736982, 9.4, 188, 菲利普　迪克作品集（全5册） 
3746915, 9.6, 162, 资治通鉴 
1044347, 9.0, 259, 走向共和（上中下） 
1959124, 9.0, 259, 生活之路 
2098853, 9.0, 259, 务虚笔记 
25904521, 9.1, 238, Sapiens 
1017907, 9.2, 219, 沈从文小说选(上下) 
1040579, 9.2, 219, 哈扎尔辞典 
1577653, 9.3, 202, 　　正　（全二　） 
25854767, 9.4, 187, 动物庄园（插图纪念版） 
10568233, 9.0, 258, 策略投资 
26354318, 9.1, 237, 梵高传 
1012929, 9.2, 218, 二十四史 
3851791, 9.2, 218, 大鼻子情圣 
1084229, 9.0, 257, 明初以降人口及其相关问题 
1223811, 9.0, 257, 苏轼诗词选 
1273587, 9.0, 257, 大地上的事情 
3131458, 9.0, 257, 天使禁　　13 
3173035, 9.1, 236, 呼啸山庄 
1061126, 9.1, 236, 顽童时代 
3407873, 9.4, 186, 撒哈拉的故事 
1035822, 9.0, 256, 黛西之歌 
1170187, 9.1, 235, 史记 
1288402, 9.3, 200, 马克思恩格斯选集（第一卷） 
1026824, 9.4, 185, 南海奇遇 
3519722, 9.1, 234, 四书五经 
3069178, 9.0, 254, 林中路 
5939303, 9.0, 254, 自己的颜色 
2247098, 9.5, 171, 安徒生童话全集　之一 
1483021, 9.1, 233, Out of Control 
3283550, 9.1, 233, 西方政治思想史 
4606351, 9.1, 233, 傅雷谈艺录 
4270633, 9.0, 253, 沈从文家书 
5030463, 9.2, 214, 深夜食堂 6 
21357072, 9.2, 214, 裴洞篇 
3142383, 9.1, 232, 　　的小　（下） 
4721428, 9.7, 147, 脂　　重　石　　：甲戌本 
25886360, 9.2, 213, 春雪 
26607254, 9.2, 213, 故宫日历（2016年） 
6152975, 9.1, 231, 一个女人一生中的二十四小时 
2374070, 9.0, 251, 夫妻双修功 
7050907, 9.0, 251, 济慈诗选 
26386370, 9.0, 251, 胡金铨武侠电影作法 
10770743, 9.4, 182, 林达作品集（全九册) 
1070853, 9.1, 230, 重返艳阳下 
1467511, 9.1, 230, 舒克和贝塔历险记 
3825687, 9.1, 230, 企业、市场与法律 
3333020, 9.3, 196, 通志堂集（附纳兰容若手简） 
26038326, 9.3, 196, 故宫日历（2015年） 
1675500, 9.0, 250, 后现代主义与文化理论 
1585474, 9.7, 146, 花舞大唐春 
4151204, 9.1, 229, 心理学导论 
1760082, 9.1, 229, 丹东之死 
2285465, 9.3, 195, 曼弗雷德 该隐：拜伦诗剧两部 
25737804, 9.0, 248, 孤独与团结：阿尔贝　加缪影像集 
3065767, 9.0, 248, 西洋骨董洋果子店(01) 
3451159, 9.1, 228, 泰戈尔经典诗集 
3852840, 9.1, 228, 思维的乐趣 
5391974, 9.3, 194, 地下室手记 
1916820, 9.0, 247, 狐狸列那的故事 
2121856, 9.0, 247, Influence 
19962341, 9.0, 247, 非理性的人 
25831306, 9.0, 247, 极致之美 
1076730, 9.2, 209, 语法答问 
3447140, 9.3, 193, 废名集（全六册） 
4903439, 9.0, 246, 高空走索人 
26304740, 9.0, 246, 木麻黄树 
1229901, 9.1, 226, 重构（影印版） 
1825044, 9.1, 226, 清史讲义 
3168449, 9.6, 154, 唐代政治史略稿 
3333491, 9.6, 154, 飘 
2189616, 9.6, 154, The Complete Harry Potter Collection Box Set 
1424568, 9.2, 208, One Hundred Years of Solitude 
1082945, 9.0, 245, 押沙龙，押沙龙！ 
10582341, 9.0, 245, 红色骑兵军 
5994671, 9.4, 178, 1984 
1366878, 9.3, 192, 与神对话 
1608314, 9.3, 192, 沈从文别集 
7051380, 9.1, 225, 白痴 
1091628, 9.0, 244, 汪曾祺散文 
1937449, 9.2, 207, 陀思妥耶夫斯基诗学问题 
1083862, 9.2, 207, 加菲猫全集10本（世界头号胖猫首次登陆中国） 
1008949, 9.1, 224, 分裂的自我 
2081341, 9.1, 224, Neil French 
3781776, 9.2, 206, 纳博科夫传（上下册） 
4246971, 9.2, 206, 联邦论 
10566787, 9.1, 223, 良知对抗暴力 
1983275, 9.0, 242, Excel实战技巧精粹 
3890089, 9.1, 222, 守夜 
3065763, 9.1, 222, 西洋骨董洋果子店 3 
3374613, 9.0, 241, 神秘的宇宙 
3787198, 9.0, 241, 明史讲义 
1823835, 9.2, 204, 中国小说史略 
1475186, 9.1, 221, 白夹竹桃 
1076136, 9.0, 240, 狮心兄弟 
1231175, 9.3, 188, 微积分五讲 
20516442, 9.4, 174, 中国青铜时代 
25869080, 9.4, 174, 魔戒（插图本） 
2069663, 9.0, 239, 雨滴项链 
1281343, 9.3, 187, 微积分和数学分析引论（第一卷） 
1434499, 9.3, 187, 混血豺王 
1137745, 9.1, 219, 唐诗三百首 
1444552, 9.1, 219, 四书集注 
3391648, 9.4, 173, 基督山伯爵(套装上下册) 
3835355, 9.4, 173, 文学术语词典（中英对照） 
1023495, 9.0, 237, 战争论（全三卷） 
1836950, 9.0, 237, 法律的概念 
1907820, 9.0, 237, 荒原 
2131434, 9.0, 237, 电影是什么 
1029440, 9.1, 218, 苏轼诗选 
1062363, 9.1, 218, 元曲鉴赏辞典 
1040681, 9.3, 186, 先秦　魏　南北朝　（全三　） 
10568352, 9.2, 201, 营销管理（第14版　全球版） 
1466231, 9.5, 160, 茨威格小说集:全3册 
1654433, 9.5, 160, 东京爱情故事 日本经典电视连续剧系列11集(VCD) 
1981371, 9.4, 172, 拍脑袋的发明 
24257448, 9.4, 172, 反抗者 
1320412, 9.0, 236, 银河铁道之夜 
1927370, 9.0, 236, 人　昆　　(1) 
2221899, 9.0, 236, 先知 
1065772, 9.2, 200, 古文鉴赏辞典（上） 
1254597, 9.2, 200, 15至18世纪的物质文明、经济和资本主义（第一卷） 
1481156, 9.3, 185, 孤筏重洋 
1449430, 9.0, 235, 1939
1423254, 9.6, 148, 文选 
10443423, 9.4, 171, 大明宫词 
11509009, 9.1, 216, 人的大地 
25713815, 9.1, 216, 经典电影理论导论 
1442230, 9.2, 199, 人间词话 
3176860, 9.3, 184, Secrets of the JavaScript Ninja 
1008757, 9.0, 234, 致死的疾病 
1766308, 9.1, 215, 明夷待访录 
1074178, 9.0, 233, 经济分析史（第一卷） 
1034955, 9.0, 233, 作为意志和表象的世界 
1862008, 9.3, 183, 天国花园 
4178476, 9.3, 183, 中国神怪大辞典 
25891258, 9.3, 183, 美丽新世界 重返美丽新世界 
3788399, 9.7, 137, 复分析 
1014723, 9.1, 214, 小淘气 
1146989, 9.0, 232, 与孩子的天性合作 
1288895, 9.0, 232, 在乌苏里的莽林中 
4000736, 9.0, 232, 正义论（修订版） 
3023898, 9.2, 197, 希腊三部曲Ⅱ 桃金娘森林宝藏 
4189984, 9.5, 157, 周　蝶　文集 
25912108, 9.3, 182, 伊凡诺夫　海鸥 
4020858, 9.0, 231, 卓有成效的管理者 
1940642, 9.2, 196, 迪伦马特小说集 
1948799, 9.1, 212, 传习录 
20562415, 9.5, 156, 排球少年 4 
3125458, 9.2, 195, 美国人 
1069590, 9.0, 229, 韩非子集解 
4177582, 9.3, 180, 大淖记事 
2034673, 9.8, 126, 农村中学毕业生进城务工指南 
1122660, 9.2, 194, 数学分析新讲（第三册） 
26801361, 9.2, 194, 鹿苑长春 
3236336, 9.1, 210, 四个四重奏 
1275842, 9.0, 228, 充足理由律的四重根 
1949266, 9.3, 179, 幸运的贝儿 
25903644, 9.4, 166, 罪恶之城：黄皮恶棍 
1483001, 9.0, 227, 大自然的日历 
1873802, 9.2, 193, 人的行　 
4735702, 9.1, 209, DNA：生命的秘密 
10794793, 9.1, 209, 彩云聚散 
25924609, 9.5, 154, 发现社会 
3260228, 9.3, 178, 1984 
4780211, 9.3, 178, 世界葡萄酒地图 
1003140, 9.4, 165, 沈从文全集.1-17 
1231162, 9.1, 208, 高等代数简明教程（上册） 
1239791, 9.1, 208, 重温微积分 
3312323, 9.1, 208, 艺术与观念（上册） 
2382895, 9.2, 192, 木偶奇遇记 
10559261, 9.2, 192, 启迪 
1737318, 9.0, 225, 小王子 
1000570, 9.1, 207, 论语集释(全四册) 
2974194, 9.1, 207, 加德纳世界艺术史 
6800122, 9.1, 207, 泰晤士世界历史 
24744381, 9.1, 207, 荒原狼 
5937126, 9.2, 191, 认知神经科学 
6518053, 9.0, 224, 脆弱的崛起 
6799474, 9.0, 224, 文化与社会 
6528087, 9.2, 190, 我的高邮 
1678478, 9.0, 223, 纳兰词 
1046813, 9.1, 205, 先秦诗鉴赏辞典 
1443964, 9.1, 205, 新编中国哲学史（全四册） 
2995499, 9.1, 205, 太空步 
3079165, 9.1, 205, 飘 
1283645, 9.3, 175, 小尼古拉的烦恼 
21453395, 9.3, 175, 与他共度六十一世 
26292675, 9.3, 175, 绘本窗边的小豆豆（全2册） 
4917249, 9.2, 189, 韩非子 
5333081, 9.0, 222, 妈妈，买绿豆！ 
5352734, 9.4, 162, 维摩诘的花雨满天（下册） 
1488497, 9.1, 204, 中国政治思想史 
1481898, 9.1, 204, A Brief History of Time 
1484616, 9.0, 221, 鱼王 
1837204, 9.0, 221, 老舍精选集 
1085211, 9.3, 174, 法语词汇渐进.高级 
1075952, 9.5, 150, 饮冰室合集（全十二册） 
1480858, 9.1, 203, 吕思勉读史札记 
1030831, 9.4, 161, 智擒大猩猩 
3262703, 9.0, 220, 英国诗史 
1482975, 9.0, 219, 普希金童话诗 
10559288, 9.0, 219, 艺术与错觉 
11520765, 9.0, 219, 酉阳杂俎 
4825571, 9.2, 186, 数学分析八讲 
6754140, 9.2, 186, Vivian Maier 
1074037, 9.3, 172, 法律、立法与自由(第二、三卷) 
1077234, 9.3, 172, 巧捕白象 
1013568, 9.1, 201, 古希腊戏剧选 
1381036, 9.1, 201, And Then There Were None 
5954602, 9.1, 201, 罗马帝国衰亡史（全6册） 
4132844, 9.0, 218, 心的经典 
20500583, 9.7, 129, Genesis 
1679149, 9.5, 148, 王　　《人　　》《人　　　》手稿 
6440640, 9.5, 148, 清代地方政府 
4812797, 9.2, 185, 改造命运 心想事成 
22229354, 9.4, 159, 木心作品一辑八种 
3680839, 9.0, 217, 文艺心理学 
22062214, 9.0, 217, Humans of New York 
1807997, 9.3, 171, 陶庵梦忆 
1136853, 9.0, 216, 南怀瑾选集（第六卷） 
6711398, 9.0, 216, 一个女人一生中的二十四小时 
3031072, 9.1, 199, 历史 
6754589, 9.1, 199, 我的奋斗 
6080085, 9.4, 158, 辛波　卡 
1006203, 9.3, 170, 工商巨子 
2067381, 9.4, 157, 快乐王子 
2347287, 9.5, 146, 史记 
1077688, 9.0, 214, 逻辑新引?怎样判别是非 
1850407, 9.1, 197, 数学的发现 
1484272, 9.1, 197, 世界经典名著文库 第三辑 
1498819, 9.2, 182, 战争与和平（第一卷） 
1714832, 9.5, 145, 安徒生童话全集（全4册） 
21357932, 9.5, 145, 排球少年 5 
1051928, 9.1, 196, 跨越边界的社区 
5913340, 9.1, 196, 中苏关系史纲 
20375525, 9.1, 196, 易卜生戏剧选 
1358395, 9.2, 181, 杜可　春光乍　　影手　 
1367052, 9.2, 181, 　神　　II 
5399597, 9.0, 212, 鲁迅杂文全集（上下） 
3620504, 9.1, 195, 玛蒂尔达 
1368387, 9.4, 155, 古　十九首 
1085807, 9.2, 180, 飘 
1029056, 9.0, 211, 高僧传 
26631867, 9.0, 211, 现实与欲望 
25843055, 9.1, 194, 花花朵朵坛坛罐罐 
1436719, 9.7, 125, Josef Koudelka: the Exiles 
1015059, 9.3, 166, 观堂集林（附别集）（全二卷） 
10458506, 9.0, 210, 一　人的每一天 
2076928, 9.5, 143, 捣蛋鬼的日记 
24153660, 9.5, 143, 排球少年 6 
2848329, 9.1, 193, Making up the Mind 
3654016, 9.1, 193, 永远讲不完的故事 
1022230, 9.0, 209, 人生的智慧 
26649304, 9.0, 209, 一个无政府主义者的意外死亡 
3886583, 9.3, 165, Hokkaido Daido Moriyama 
26184644, 9.8, 116, Criterion Designs 
1958738, 9.1, 192, 亨利 卡蒂埃 布勒松摄影作品 
2348347, 9.1, 192, The Catcher in the Rye 
1383049, 9.5, 142, 一百年的孤寂 
1176241, 9.2, 177, 宗教思想史 
6729711, 9.2, 177, 基耶斯洛夫斯基谈基耶斯洛夫斯基 
1002025, 9.3, 164, 　　　　年校注（全三　） 
1485960, 9.3, 164, 契诃夫小说选（上下） 
25766497, 9.3, 164, 城市化转型与土地陷阱 
1002766, 9.1, 191, 鲁迅作品全编：小说卷 
6847648, 9.1, 191, 宏观经济学 
3007652, 9.4, 152, 老子 
1284973, 9.0, 207, 说园（中英文对照版） 
1852144, 9.0, 207, 法语交际口语渐进 
1052091, 9.5, 141, 大师和玛格丽特 
1685299, 9.0, 206, 琦君散文 
2972538, 9.0, 206, 民主转型与巩固的问题 
4267093, 9.1, 190, 梁遇春散文 
6858624, 9.1, 190, 爸爸，我要月亮 
26577096, 9.1, 190, 吉米　科瑞根 
2284549, 9.4, 151, 花镜 
1443662, 9.2, 175, 拒斥死亡 
4260799, 9.2, 175, 灵魂幸存者 
25788139, 9.2, 175, 北平历史地理 
10449401, 9.3, 162, 现代性的神学起源 
11542550, 9.3, 162, 论语新解 
6431982, 9.1, 189, 说理 
20269358, 9.1, 189, 青铜骑士 
1875715, 9.5, 140, 奥尼尔文集（全六册） 
1025238, 9.4, 150, 苏轼诗词文选评 
6721231, 9.0, 204, 一九八四 
24845006, 9.0, 204, 有生之年非听不可的1001张唱片 
1234605, 9.0, 204, 翻译新究 
2055222, 9.1, 188, 人生的枷锁 
1049464, 9.3, 161, 唐诗百话 
1883254, 9.3, 161, 纪伯伦散文诗精选 
3263790, 9.5, 139, 鲁迅全集 
3665980, 9.0, 203, 从甲午到戊戌 
4011303, 9.0, 203, 历史学与社会理论 
26307399, 9.0, 203, 吉尔莫　德尔　托罗的奇思妙想 
1536629, 9.2, 173, 陶　明集　注 
6714961, 9.2, 173, 中国现代思想的起源 
2283961, 9.1, 187, 相对论 
1862430, 9.6, 129, 红楼梦（全三册） 
1364774, 9.0, 202, 　在瘟疫蔓延　 
7052073, 9.0, 202, 大外交 
1131845, 9.1, 186, 南怀瑾选集（第七卷） 
1418119, 9.1, 186, 闲话闲说 
3127396, 9.1, 186, 中　人民共和　史 第三卷 思考　　　 
2073009, 9.2, 172, 聊斋志异 
1045375, 9.4, 148, 神秘海底城 
7057187, 9.4, 148, 陶庵梦忆 
1082457, 9.0, 201, 美学（第一卷） 
1357593, 9.0, 201, 焚舟　 
2003441, 9.0, 201, 西藏生死　（修　版） 
1186425, 9.1, 185, 中短篇小说选 
1391672, 9.1, 185, 罗马书释义 
1482894, 9.1, 185, 隐藏的和谐 
20423475, 9.1, 185, 从理想主义到经验主义 
4149229, 9.2, 171, 托尔斯泰与陀思妥耶夫斯基（上下） 
1773084, 9.2, 171, 沈从文文集 
3125077, 9.2, 171, The Last Lecture 
1884591, 9.5, 137, 牛津英语搭配词典 
4264066, 9.0, 200, 权威与个人 
26603137, 9.0, 200, 危机与重构 
1843808, 9.4, 147, 蒲宁文集（全五册） 
6048921, 9.3, 158, 卡拉马佐夫兄弟（上下） 
25773660, 9.1, 184, 动物农场 
1105712, 9.0, 199, 传奇 
26584746, 9.0, 199, 天谴行动 
2033123, 9.4, 146, 玛法达与伙伴们 
1045219, 9.1, 183, 菜根潭 
25752284, 9.1, 183, 艽野尘梦 
1202339, 9.3, 157, 湘行集 
1205282, 9.3, 157, 汪曾祺全集(3) 
1382324, 9.0, 198, 毛　　的中　及其後 
10793817, 9.0, 198, 现代建筑 
25872643, 9.1, 182, 不可思议的旅程 
4912808, 9.0, 197, 新　 
1052626, 9.3, 156, 非洲历险 
1546037, 9.3, 156, 唐宋词鉴赏辞典 
1929832, 9.6, 126, 农民进城赚钱秘诀 
1245344, 9.2, 168, 统计推断 
1283643, 9.2, 168, 小尼古拉的暑假 
1169104, 9.1, 181, 产权的经济分析 
2039613, 9.0, 196, 日瓦戈医生 
3074160, 9.0, 196, 普鲁斯特与符号 
1760489, 9.0, 196, 杰克伦敦短篇小说选 
3058531, 9.2, 167, 法律与革命 
1121424, 9.1, 180, 安徒生童话 
1759408, 9.1, 180, 外国当代剧作选3 
24738206, 9.1, 180, 曼德施塔姆夫人回忆录 
1116305, 9.1, 180, 论钢琴表演艺术 
2054019, 9.2, 166, 听听那冷雨 
3234195, 9.2, 166, 神经症与人性的成长 
1038282, 9.0, 194, 陈寅恪魏晋南北朝史讲演录 
10827620, 9.0, 194, 存在与虚无 
23859126, 9.6, 124, 排球少年 7 
6854327, 9.0, 193, 月亮忘记了 
26270304, 9.0, 193, 七夜 
1436914, 9.2, 164, Chaos 
1067576, 9.2, 164, 旧制度与大革命 
1024513, 9.1, 177, 新版小灵通漫游未来 
1232201, 9.1, 177, 剑桥中级英语语法(英文版)(英语在用) 
3023900, 9.1, 177, 希腊三部曲Ⅲ 众神的花园 
1322449, 9.4, 141, 安徒生童话故事集 
1023088, 9.2, 163, 精神现象学（下卷） 
1389925, 9.0, 190, 世界摄影大师经典作品集5种 
4881692, 9.0, 190, 了凡四训讲记 
7564221, 9.0, 190, 谈美 
1606374, 9.4, 140, 金刚经 心经 
26840568, 9.2, 162, 草疯长 
1450915, 9.3, 150, 胡安　鲁尔弗中短篇小说集 
2028991, 9.3, 150, 日知　集　全校本（全三　） 
1340649, 9.3, 150, Different Seasons 
25803006, 9.3, 150, 这不是我的帽子 
4712697, 9.0, 189, 康德《纯粹理性批判》句读 
1939933, 9.6, 121, 费曼物理学讲义 第三卷 
2080462, 9.1, 174, 红蜡烛和人鱼姑娘 
3069267, 9.1, 174, 陀思妥耶夫斯基的世界观 
1034150, 9.4, 139, 讲不完的故事 
1948874, 9.4, 139, 祖母 
1288420, 9.0, 188, 小王子 
1765620, 9.0, 188, 成长 
2363654, 9.0, 188, 与爱同在 
6967829, 9.0, 188, 电影理论读本 
1789108, 9.3, 149, 发现心中的日月 
3928815, 9.3, 149, 理解国际冲突 
4086938, 9.3, 149, Metaprogramming Ruby 
10559285, 9.3, 149, 特朗斯特罗姆诗歌全集 
24753011, 9.3, 149, 葛传　英语写作 
15076866, 9.5, 129, 护生画集（全七册） 
1928154, 9.2, 160, 汪曾祺散文 
3875520, 9.2, 160, 红色童话 
1117965, 9.0, 187, 伍尔芙随笔全集（共四册） 
1368715, 9.0, 187, 威尼斯日　 
2132082, 9.0, 187, 唐璜(上、下册) 
25881376, 9.0, 187, 人生的枷锁（插图本　上下册） 
1340617, 9.3, 148, 失落的一角　　大　　 
6062348, 9.3, 148, 前往伊斯特兰的旅程 
1033226, 9.1, 172, 大侦探小卡莱 
1086447, 9.0, 186, 湘行散记 
1949240, 9.2, 159, 老栎树的梦 
2121677, 9.2, 159, 外国现代派作品选 （第一册 上下） 
5259789, 9.2, 159, 悲惨世界（上、下） 
6862061, 9.2, 159, 计算机科学概论（第11版） 
25727153, 9.2, 159, 永玉六记　珍藏版 
1484451, 9.4, 137, Programming Pearls 
1421646, 9.1, 171, 2003
2155338, 9.1, 171, 货币、方法与市场过程 
1077668, 9.3, 147, 朱子语类（全八册） 
25966785, 9.3, 147, 与社会学同游 
3113337, 9.3, 147, Wall and Piece 
11506872, 9.0, 185, 黎曼猜想漫谈 
20453475, 9.0, 185, 摩西五经 
3126669, 9.4, 136, 　　　士Gundam The Origin(01) 
26905360, 9.4, 136, 夜莺 
1085216, 9.0, 184, 马丁　伊登 
6892422, 9.0, 184, 认识电影（影印第12版） 
1446869, 9.1, 170, 隋唐五代史（上下） 
1066739, 9.2, 157, 勇探火山口 
1063806, 9.1, 169, 野草 
1418383, 9.1, 169, 　魂永生（　斯　） 
1852515, 9.1, 169, 计算理论导引 
1093818, 9.5, 126, 莎士比亚全集（五） 
1585417, 9.5, 126, 白沙宋墓 
1088478, 9.4, 135, 莎士比亚全集(五) 
4214086, 9.4, 135, 汪曾祺经典散文选 
25885103, 9.4, 135, 哈扎尔辞典（阳本?仿古压花染边本） 
1636704, 9.3, 145, 外国当代剧作选1 
10529087, 9.3, 145, 银魂 01 
26679862, 9.3, 145, 生命的跃升 
1027276, 9.3, 145, 朗文当代高级英语辞典 
3034552, 9.3, 145, 情歌　荒原　四重奏 
5255702, 9.3, 145, 　性　金　 
1031345, 9.2, 156, 哲学史讲演录（第二卷） 
1230328, 9.0, 182, 数学（第一卷） 
5245233, 9.1, 168, 乱世佳人（上、下） 
25831442, 9.1, 168, 呼兰河传 
25853203, 9.6, 117, 美语音标 
4735768, 9.4, 134, 蔡志忠经典漫画 
1768556, 9.3, 144, 巴比伦彩票 
4259311, 9.3, 144, 章太炎说文解字授课笔记 
3171267, 9.2, 155, 阿黛拉和西蒙在巴黎 
1017392, 9.0, 181, 钱钟书选集　散文卷，小说诗歌卷 
3794113, 9.0, 181, 唐诗杂论 
1678412, 9.1, 167, 名老中医之路 
6434426, 9.1, 167, 中国国家地理自然百科系列：海洋 
6390999, 9.6, 116, 世说新语笺疏 
2130354, 9.2, 154, 登山圣经 
1205285, 9.4, 133, 汪曾祺全集(5) 
1418450, 9.4, 133, 　　之海四部曲 
3982722, 9.5, 124, 怎样做保安 
1760721, 9.1, 166, 不管何　何地 　之小城故事 
1842181, 9.0, 179, 塔克的郊外 
3654011, 9.0, 179, 毛毛-时间窃贼和一个小女孩的不可思议的故事 
1283642, 9.2, 153, 小尼古拉的课间休息 
1650993, 9.2, 153, Lehninger生物化学原理（第3版） 
1798552, 9.1, 165, Banana Fish
1816714, 9.4, 132, 国民财富的性质和原因的研究 
1951131, 9.4, 132, 卡里古拉 
26805083, 9.5, 123, 心理治疗之路 
1011256, 9.0, 178, 汉魏两晋南北朝佛教史 
1950434, 9.2, 152, 追　　的孩子 
1891934, 9.1, 164, 唐诗选（上下） 
6794362, 9.1, 164, 伯罗奔尼撒战争史 
1963038, 9.3, 141, 小银和我 
1058031, 9.0, 177, 中国思想传统及其现代变迁 
2969648, 9.0, 177, 隐形的城市 
5391780, 9.0, 177, 纳博科夫传 （上下册） 
1934266, 9.7, 107, 农民进城打工指南 
25795301, 9.7, 107, 排球少年 9 
1205302, 9.4, 131, 汪曾祺全集(4) 
1267883, 9.1, 163, 当代政治哲学（上下） 
3791339, 9.1, 163, 论法的精神（上下） 
1068437, 9.3, 140, 玛法达的世界：娃娃看天下(B卷3册) 
4197707, 9.4, 130, 康德三大批判合集（上下） 
1387178, 9.1, 162, 我的野生　物朋友 
4241783, 9.1, 162, 历史的观念 
1441959, 9.2, 150, The Martian Chronicles 
1125216, 9.5, 121, 庄子 
2977637, 9.5, 121, 赖世雄美语从头学美式音标 
4167565, 9.5, 121, 惊天大阴谋 
3202073, 9.3, 139, 慈禧全传（六卷八册） 
10452103, 9.3, 139, 近代中国史纲 
26826605, 9.3, 139, 加缪手记 
1317930, 9.1, 161, 长昼的安魂曲 
2186804, 9.4, 129, 怎样养猪赚钱多 
1737440, 9.2, 149, 鲁迅小说全编 
4732144, 9.5, 120, 脂砚斋批评本红楼梦 
2268837, 9.5, 120, 东周列国故事新编（全二册） 
3986188, 9.3, 138, 小逻辑 
1339273, 9.6, 112, 如何在KTV出人　地 
1017288, 9.1, 160, 尚书今古文注疏 
1146290, 9.2, 148, 小王子 
4016869, 9.2, 148, 到奴役之路 
6585090, 9.2, 148, HTML and CSS 
1219557, 9.0, 172, 创世纪的第八天 
1527307, 9.0, 172, 欧　亨利短篇小说选 
3027027, 9.0, 172, 索德格朗诗选 
3235149, 9.0, 172, 六祖坛经讲话 
4145391, 9.0, 172, 第三共和国的崩溃 
1949245, 9.3, 137, 沙丘的故事 
3025596, 9.1, 159, 美国现代诗选 
1522839, 9.2, 147, 数理统计学简史 
19941577, 9.2, 147, 叩响命运的门 
1032498, 9.2, 147, 艺术哲学 
2567273, 9.0, 171, 道连　葛雷的画像 
1283641, 9.1, 158, 小尼古拉和他的伙伴们 
1483907, 9.1, 158, 社会心理学 
3038656, 9.1, 158, 20世纪世界时装绘画图典 
2148543, 9.3, 136, 语言引论 
25375313, 9.3, 136, 蒋勋说红楼梦有声书:第1-80回 
1786011, 9.2, 146, 茨威格小说全集 
26418529, 9.2, 146, 拥抱战败 
1960038, 9.0, 170, 诸神的复活 
25797539, 9.6, 110, 排球少年 8 
1461987, 9.1, 157, 桤木王 
6431962, 9.1, 157, 我们的存在 14 
20283571, 9.1, 157, 灰雁的四季 
1887677, 9.4, 126, 大侦探小卡莱 
5296489, 9.3, 135, 奥威尔文集 
25766592, 9.3, 135, 精神现象学 
1414289, 9.0, 169, 欧　亨利短篇小说精选 
1056631, 9.2, 145, 北极探险 
1851670, 9.5, 117, 野草 
4252060, 9.1, 156, 中国哲学十九讲 
3859882, 9.0, 168, 成为家中一员的麻雀小珠 
4894342, 9.0, 168, 青铜时代 
1067969, 9.3, 134, 哲学史教程（下卷） 
1034274, 9.2, 144, 5月35日 
1053565, 9.2, 144, 海底寻宝 
1419359, 9.1, 155, Refactoring 
1462426, 9.5, 116, 长大不容易 
19967335, 9.0, 167, 生命之歌 
6126331, 9.0, 167, R in Action 
1230085, 9.4, 124, 实分析与复分析 
6856772, 9.3, 133, 哈利　波特精装全集（套装全7册） 
1075786, 9.2, 143, 生日快乐-译林少儿文库 
1479703, 9.2, 143, 赫尔曼　黑塞小说散文选 
3598279, 9.2, 143, 价格理论及其应用 
1772580, 9.2, 143, 　　雨 
2073947, 9.1, 154, 韩非子译注 
3994842, 9.1, 154, 完全掌握3级日本语能力考试语法问题对策 
1195181, 9.0, 166, 心理与教育研究中的多因素实验设计 
1999088, 9.0, 166, 俄罗斯童话精选 
10740350, 9.5, 115, 去斯万家那边 
25921218, 9.4, 123, 2014年新版赖世雄美语：美语音标便携版 
3151851, 9.2, 142, 英语语法新思维高级教程 
1279926, 9.3, 132, 苏轼词 
3248706, 9.1, 153, 分析性写作 
26278433, 9.0, 165, 遍地风流 
24527652, 9.1, 152, 科学哲学 
1326445, 9.7, 100, 绿帽子 
1027384, 9.2, 141, 海德格尔选集（上下） 
2373749, 9.3, 131, The Americans 
26323105, 9.3, 131, 艺术的力量 
1288902, 9.0, 164, 在乌苏里的莽林中 
2273650, 9.0, 164, 后汉书 
3697234, 9.0, 164, 小牛的春天 
1253267, 9.4, 122, 15至18世纪的物质文明、经济和资本主义（第二卷） 
10834699, 9.1, 151, 熔　 
1096037, 9.6, 106, 肖邦夜曲 
1155419, 9.0, 163, 现代汉语语法研究教程 
20477116, 9.0, 163, 对权威的服从 
26710671, 9.0, 163, 彷徨 
1120991, 9.5, 113, 布莱克维尔政治学百科全书 
1205284, 9.4, 121, 汪曾祺全集(6) 
4934524, 9.4, 121, 泰晤士世界历史地图集 
25887912, 9.4, 121, 罪与罚 
1367116, 9.1, 150, 奇　　程 
1876807, 9.1, 150, 中国的西北角 
3120844, 9.1, 150, 世界上最快乐的人 
1937189, 9.0, 162, 白痴 
1016936, 9.2, 139, 语言问题 
1085014, 9.2, 139, 卡夫卡文集.第4卷.书简 
25373398, 9.2, 139, 蒋勋说红楼梦 
26377063, 9.3, 129, 魏晋之际的政治权力与家族网络 
5946842, 9.4, 120, AKB48 友撮 THE RED ALBUM 
1954037, 9.5, 112, 计算机体系结构 
3243017, 9.1, 149, 仰望半月的夜空 03 
5953575, 9.1, 149, 心理学与生活 
2036531, 9.3, 128, 代数学引论（第1卷） 
2037610, 9.3, 128, 大学 
1119513, 9.0, 160, 卡夫卡小说选 
1783021, 9.0, 160, 公园深处 
1949248, 9.0, 160, 冰姑娘 
5903915, 9.0, 160, 曾文正公全集 
1419838, 9.1, 148, 人生中不可不想的事 
1950146, 9.1, 148, 陀思妥耶夫斯基中篇小说选 
24855915, 9.1, 148, 格伦　古尔德谈话录 
25950191, 9.1, 148, 西方政治思想史（上下册） 
2969656, 9.4, 119, 地狱一季 
4926707, 9.2, 137, 普林斯顿微积分读本 
10521525, 9.0, 159, 罗生门 
3629804, 9.3, 127, 概率论沉思录 
1084838, 9.1, 147, 金玫瑰 
1134231, 9.1, 147, 数学与猜想（第二卷） 
1366787, 9.1, 147, Murder on the Orient Express 
10560279, 9.1, 147, 没有疆界 
1000607, 9.4, 118, 丰子恺漫画全集（全九卷） 
1825588, 9.4, 118, 斯蒂芬　茨威格小说四篇 
10532831, 9.4, 118, 中国近百年政治史 
1114551, 9.2, 136, 欧几里得　几何原本 
2280547, 9.2, 136, C语言程序设计现代方法 
1072989, 9.0, 158, 薄伽梵歌论 
25870783, 9.1, 146, 荣耀与丑闻 
26900889, 9.1, 146, 佛罗伦萨的神女 
2180696, 9.0, 157, 德鲁克管理思想精要 
2221903, 9.0, 157, 飞鸟集 新月集 
1417091, 9.2, 135, The Structure of Scientific Revolutions 
1498788, 9.4, 117, Diane Arbus Revelations 
1848578, 9.4, 117, 尤瑟娜 
1881438, 9.4, 117, 经学抉原 
2057229, 9.4, 117, 大方广佛华严经 
2872398, 9.4, 117, In Search of Memory 
1062960, 9.1, 145, 美洲三书 
1064205, 9.1, 145, 李清照集校注 
25777433, 9.1, 145, Creativity
6507601, 9.3, 125, 生命喜悦的祈祷 
1949235, 9.0, 156, 　口一叶选集 
25762288, 9.2, 134, 风景与记忆 
1073778, 9.1, 144, 战争与和平（全四册） 
10830085, 9.1, 144, 我们的家　我们的房子　我们的农庄 
5340523, 9.0, 155, 席慕蓉诗集（套装共6册） 
1664838, 9.3, 124, 靳　柯布西耶全集(第2卷1929-1934年) 
1878490, 9.3, 124, 母亲的故事 
3878668, 9.5, 108, 怎么抓特务 
23774527, 9.2, 133, 时代的精神状况 
1000247, 9.1, 143, 爱的教育 
2362808, 9.1, 143, 史蒂文斯诗集 
3278377, 9.1, 143, 淮海居士长短句笺注 
25753386, 9.1, 143, 程序员面试金典（第5版） 
1547465, 9.3, 123, 李　李煜词 
1775629, 9.3, 123, City of Darkness 
2029937, 9.3, 123, Noé 
1084233, 9.1, 142, 论书绝句 
4885065, 9.1, 142, 拍翻御史大夫 三?青衫卷 
1053313, 9.0, 153, 巨人与侏儒 
1068793, 9.0, 153, 从资本家手中拯救资本主义 
1080389, 9.0, 153, 顾准笔记 
26570629, 9.0, 153, 生存与命运 
2377166, 9.6, 100, 四库提要辨证（全四册） 
1233484, 9.4, 114, 你往何处去 
3327588, 9.4, 114, The Road Less Travelled 
4201319, 9.2, 131, 常春藤赖世雄英语?美语从头学?赖世雄中级美语（上） 
1381728, 9.1, 141, Fashion 
1729675, 9.1, 141, 雷蒙德卡弗短篇小说集 
6431959, 9.1, 141, 我们的存在 12 
1000093, 9.0, 152, 民族国家与经济政策 
1007492, 9.0, 152, 在约伯的天平上 
1423466, 9.0, 152, 单纯的品质 
1476068, 9.0, 152, 论僭政 
4924297, 9.4, 113, 编程珠玑（英文版?第2版） 
19970664, 9.4, 113, 柏拉图对话中的神 
1013814, 9.1, 140, 西顿野生动物故事集 
3117984, 9.1, 140, 康德《判断力批判》释义 
26710042, 9.1, 140, 多莱尔的希腊神话书 
26265544, 9.1, 140, 图解密码技术 
20456359, 9.2, 130, 纸 
1169157, 9.0, 151, 大乘起信论校释 
1362693, 9.0, 151, 午夜之子 
2343314, 9.0, 151, 枕草子 
25763679, 9.0, 151, 不确定世界的理性选择 
1144300, 9.0, 151, 易卜生精选集 
4262612, 9.3, 121, 风与树的歌 
1277896, 9.0, 150, 宫泽理惠写真集 
1456890, 9.0, 150, How to Solve It 
4270905, 9.0, 150, 人生舞台 
2292532, 9.0, 150, 新仙剑奇侠传 
1005424, 9.1, 139, 沙郡岁月 
1101260, 9.1, 139, 福楼拜小说全集（上中下） 
2067435, 9.1, 139, 英文写作指南 
2274446, 9.1, 139, 橡树上的逃亡（共两部） 
6431960, 9.1, 139, 我们的存在 13 
1506334, 9.2, 129, 论反讽概念 
7000811, 9.4, 112, 国史大纲（上下新校本） 
1495763, 9.3, 120, High Performance MySQL 
2285269, 9.3, 120, 随风而来的玛丽　波平斯阿姨 
3271685, 9.3, 120, 洛尔伽诗钞 
1347937, 9.1, 138, 怒目少年 
10831381, 9.1, 138, 伊利亚特 
24527091, 9.1, 138, ggplot2：数据分析与图形艺术 
1281775, 9.2, 128, 哲学与政治 
1813941, 9.2, 128, 罗素快乐智慧书 
6431983, 9.2, 128, 宗教生活的基本形式 
10355298, 9.2, 128, 论柏拉图的《会饮》 
3223670, 9.3, 119, 牡丹亭 
1515659, 9.0, 148, 外国造园艺术 
1801389, 9.0, 148, 拓扑学 
2005555, 9.1, 137, 茨威格中短篇小说选 
2981519, 9.1, 137, 西雅图酋长的宣言 
4738654, 9.2, 127, 红太阳 
22001180, 9.5, 103, The Wes Anderson Collection 
1042938, 9.3, 118, 礼记集解（全三册） 
2158408, 9.3, 118, The Count of Monte Cristo 
10491609, 9.3, 118, 西方现代思想史 
2092807, 9.0, 147, 怎样唱好周杰伦歌曲（标准级） 
25726725, 9.0, 147, 奥赛罗 
1743390, 9.4, 110, 三国志 
1040053, 9.1, 136, 中午的黑暗 
26288194, 9.1, 136, 权力与领导（第5版） 
1007277, 9.2, 126, 没有宽恕就没有未来 
25748615, 9.2, 126, 木心1989-1994 文　回　　套　 
1803968, 9.0, 146, 你的误区 
1810070, 9.0, 146, 书于竹帛 
25833271, 9.0, 146, 萧红全集（精装　全5册　插图本） 
20435404, 9.0, 146, 　了你我可赴天涯海角 
1419377, 9.3, 117, 利息理论 
3241695, 9.3, 117, 欧根　奥涅金 
2173528, 9.1, 135, 　　　民 
19950884, 9.1, 135, 视觉艺术用光 
1682639, 9.5, 102, 勒　柯布西耶全集 
1003913, 9.4, 109, 众生皆灵且美 
1059884, 9.4, 109, 民主新论 
5946843, 9.4, 109, AKB48 友撮 THE BLUE ALBUM 
1862012, 9.2, 125, 聪明人的宝石 
2074852, 9.0, 145, 世界摄影大师维利　罗尼眼中的巴黎75年 
3007504, 9.0, 145, 幽梦影 
3713001, 9.0, 145, 小银和我 
1229301, 9.3, 116, 外研社日汉双解学习词典 
1750687, 9.3, 116, Nobuyoshi Araki 
1245497, 9.5, 101, 周　正　（全十四　） 
1949579, 9.0, 144, 康拉德小说选 
6451549, 9.0, 144, 辛德勒名单 
1199068, 9.2, 124, 中国通史故事（上.中.下） 
1042292, 9.1, 133, 哲学史讲演录(第四卷) 
1266211, 9.1, 133, 论意识操纵（上下） 
1444022, 9.1, 133, 欧洲科学危机和超验现象学 
2598497, 9.1, 133, 仰望半月的夜空 05 
6723590, 9.1, 133, 古希腊悲剧喜剧集（上下） 
1028864, 9.0, 143, 古文鉴赏辞典（下） 
1964164, 9.0, 143, 群魔 
4730209, 9.0, 143, 经济与社会（第二卷 上下） 
6953288, 9.0, 143, 什么是政治哲学 
1089122, 9.2, 123, 悲惨世界(上中下)/名著名译丛书 
1384416, 9.2, 123, 2003
6990221, 9.1, 132, 纪伯伦诗选（英汉对照） 
1839508, 9.1, 132, 石川啄木诗歌集 
1061684, 9.0, 142, 罗马史（下卷） 
1157539, 9.0, 142, 公司财务原理 
26315615, 9.0, 142, 春秋大义 
20509141, 9.3, 114, 发现之旅 
1069915, 9.3, 114, 科学养猪 
5937120, 9.2, 122, 叔本华及哲学的狂野年代 
25867057, 9.2, 122, 安娜　卡列尼娜 
25894316, 9.2, 122, 有求 
1597272, 9.4, 106, 巴赫金全集（全7卷） 
2038027, 9.4, 106, 没有风的扇子 
1951011, 9.1, 131, 那年的夏天很笛子 
2010619, 9.1, 131, 演员自我修养（第2部） 
4122414, 9.1, 131, 经济与社会（第一卷） 
21331448, 9.1, 131, 小王子 
24716011, 9.0, 141, 人论 
3290859, 9.3, 113, 　　坡　悚小　全集 
2256921, 9.2, 121, 外国现代派作品选（第二册 上下） 
1707162, 9.1, 130, 函数论与泛函分析初步 
1829794, 9.1, 130, 美国摄影图片制作工艺专业教程 
3750813, 9.1, 130, 紫色童话 
10532684, 9.1, 130, 赶往火星 
11597356, 9.1, 130, 1984 
3838032, 9.1, 130, 给孩子们的信 
3083264, 9.0, 140, 5月35日 
6710686, 9.0, 140, 生命政治的诞生 
1443561, 9.4, 105, 穆旦译文集(8卷本) 
2027891, 9.4, 105, 狼王洛波 
26352569, 9.3, 112, 茨威格文集 
1876136, 9.2, 120, 变革社会中的政治秩序 
3243019, 9.1, 129, 仰望半月的夜空 06 
1084206, 9.0, 139, 巨人三传 
1925129, 9.0, 139, 茨威格文学代表作 
3271484, 9.0, 139, 全注全译黄帝内经(上下) 
5291316, 9.0, 138, 异域1945 
1785487, 9.3, 111, 小鬼和太太 
1015208, 9.3, 111, 蜡笔小新?第三辑（共5册） 
1949264, 9.2, 119, 园丁和主人 
26171466, 9.2, 119, 筚路维艰:中国社会主义路径的五次选择 
25957477, 9.2, 119, 李光耀　天下 
1027977, 9.0, 137, 新科学 
6395218, 9.4, 103, 陶渊明集笺注 
2377211, 9.4, 103, 明儒　案（上下） 
1066911, 9.1, 127, 大森林里的小木屋 
1769828, 9.1, 127, 骑鹅旅行记（下） 
10417500, 9.1, 127, Head First HTML and CSS 
1026384, 9.2, 118, 杨柳风 
20537674, 9.2, 118, 先知三部曲（全新插图修订本） 
1254932, 9.3, 110, 十五至十八世纪的物质文明、经济与资本主义--第三卷--世界的时间 
20458135, 9.3, 110, 瑜伽师地论 声闻地讲录 
2105397, 9.0, 136, 在北大听讲座-(1-16辑) 
25751315, 9.0, 136, 艾丽丝　门罗作品 
1084813, 9.1, 126, 喧哗与骚动 
26662549, 9.4, 102, 汪曾祺自选集 
1340007, 9.2, 117, 伊凡．伊里奇之死 
6732223, 9.2, 117, 壹玖壹壹 
3242931, 9.2, 117, 　爆危　 07 
7065491, 9.3, 109, 江湖丛谈 
1229633, 9.3, 109, 朗文当代高级英语辞典 
1911799, 9.1, 125, 酒吧圣经-调酒师宝典 
1352318, 9.2, 116, 知　的考掘 
24153675, 9.2, 116, 中国哲学简史 
6520485, 9.3, 108, 心经的力量 
1701954, 9.3, 108, 电视剧场 创世纪 地产风云 7片装(DVD) 
1105951, 9.0, 134, 汪曾祺短篇小说选 
1205002, 9.0, 134, 四世同堂 
1758115, 9.1, 124, Sagmeister 
1994618, 9.1, 124, 倒长的树 
1147680, 9.2, 115, 余光中集（全九卷） 
6004480, 9.2, 115, 周易 
1264138, 9.0, 133, 德国民法总论 
26286364, 9.0, 133, 剪辑之道 
2379376, 9.0, 133, 圣经 
1949258, 9.3, 107, 曾祖父 
2127491, 9.1, 123, 罗念生全集：补卷：埃斯库罗斯悲剧三种、索福克勒斯悲剧一种、古希腊碑铭体诗歌选 
2076962, 9.0, 132, 长短经（上下） 
4839748, 9.0, 132, 沈从文的湘西世界 
20395920, 9.0, 132, 九三年 
1085026, 9.2, 114, 乱世佳人 
1810496, 9.1, 122, 外国当代剧作选4 
2066490, 9.1, 122, 多余的话 
3243023, 9.1, 122, 仰望半月的夜空 08 
6001356, 9.1, 122, 俄国思想家 
6794499, 9.0, 131, 我家有狼初长成 
10867816, 9.0, 131, 海上花落 
2272507, 9.2, 113, 仰望半月的夜空4 /grabbing at the half-moon 
4247648, 9.2, 113, 最后的浪漫主义者 
1348716, 9.2, 113, Persepolis 
1076446, 9.1, 121, 财产　法律与政府 
24708188, 9.1, 121, 哪怕两手空空
1162416, 9.3, 105, 毛　　　通　（全三　） 
1426172, 9.3, 105, 宋词三百首笺注 
1916811, 9.3, 105, 随风而来的玛丽阿姨 
4618955, 9.0, 130, 去吧，摩西 
1042748, 9.2, 112, 看不见的小妞 
1467138, 9.2, 112, 寄在信封里的灵魂 
25803388, 9.2, 112, Haskell趣学指南 
26739966, 9.2, 112, 棋王　树王　孩子王 
1790119, 9.1, 120, 政治哲人施特　斯 
24753669, 9.1, 120, 柏拉图文艺对话集 
1952696, 9.0, 129, 楚辞译注 
26298597, 9.0, 129, 我们赖以生存的隐喻 
25760119, 9.0, 129, 《霍比特人》的艺术 
1077588, 9.3, 104, 元素的故事 
3880500, 9.3, 104, 鲁迅散文诗歌全集 
25719659, 9.3, 104, 忧伤的驯鹿国 
1351217, 9.2, 111, 　醒的勇　《阿底　之修心七要》 
1885163, 9.2, 111, The Catcher In The Rye 
2127499, 9.2, 111, 罗念生全集 第三卷 
21679115, 9.2, 111, 社会分工论 
26591902, 9.2, 111, 中国思想史十讲（上卷） 
1920037, 9.1, 119, 珍妮的肖像 
1949256, 9.1, 119, 干爸爸的画册 
3598751, 9.1, 119, 梦里花落知多少 
3638625, 9.1, 119, 英文书法的艺术 Art.Of.Calligraphy 
26817963, 9.1, 119, 聊斋志异 
1728598, 9.0, 128, 经典力学的数学方法 
25822104, 9.3, 103, 第二性（合卷本） 
26111057, 9.3, 103, 一九八四 
2055664, 9.0, 127, One Hundred Years of Solitude（百年孤独/英文原版） 
25826747, 9.0, 127, 神经外科的黑色喜剧 
1089023, 9.1, 118, 经济学原理 
1205346, 9.1, 118, 向大师学绘画 
11530367, 9.1, 118, 梦书 
1546608, 9.0, 126, 1948 
3243021, 9.0, 126, 仰望半月的夜空 07 
1041524, 9.2, 109, 疯丫头马迪根 
1785927, 9.2, 109, 娃娃看天下 1 (40　年珍藏版) 
1848882, 9.2, 109, 冰　火之歌四部曲　群　盛宴（上） 
3360359, 9.1, 117, Ways of Seeing 
1394113, 9.0, 125, 陶庵梦忆 
6429778, 9.0, 125, 三民主义 
1051099, 9.3, 101, 南　真　注疏（上下） 
1444079, 9.3, 101, 席勒文集（全六卷） 
4174183, 9.3, 101, 食物　　　 
1961842, 9.1, 116, 陀思妥耶夫斯基中短篇小说选 
1066113, 9.2, 108, 法律之门 
2025549, 9.2, 108, 简明微积分 
22626002, 9.0, 124, 　力的毛　管作用 
1438943, 9.3, 100, Econometric Analysis of Cross Section and Panel Data 
2118188, 9.3, 100, 窗边的阿彻 
1876856, 9.3, 100, The Road to Serfdom 
1463544, 9.2, 107, The Road to Serfdom 
1759689, 9.2, 107, 傅立叶分析导论 
25757304, 9.2, 107, 西线无战事 
1351961, 9.0, 123, 怎　　造一　核子　 
1659189, 9.0, 123, 一千零一夜(全八册) 
1427633, 9.1, 114, 文学讲稿 
6430062, 9.1, 114, 自传集 
6802416, 9.1, 114, 世界图画书阅读与经典 
1277757, 9.2, 106, 史记选 
1531569, 9.2, 106, 二月河文集 
25891574, 9.2, 106, 甲午海战 
4922496, 9.2, 106, 安娜　卡列尼娜（上、下） 
5290301, 9.0, 122, 不正常的人 
23012689, 9.0, 122, 37 
1036823, 9.2, 105, 汉语诗律学 
1962053, 9.2, 105, X画集 
11650038, 9.2, 105, To Kill a Mocking Bird 
1116342, 9.0, 121, 斯宾诺莎书信集 
1800685, 9.0, 121, Frida Kahlo 1907-1954 
3324038, 9.0, 121, 大师与玛格丽特 
26686803, 9.0, 121, 葬礼竞技会 
2033054, 9.0, 120, 埃斯库罗斯悲剧二种 
2033339, 9.0, 120, 癌病房 
4905966, 9.0, 120, 　空之外 
26825522, 9.0, 120, 生活三部曲：生活的样子 
1482661, 9.2, 104, 王弼集校释（上下） 
2074265, 9.2, 104, 诺贝尔文学奖金获奖作家作品选 
2362359, 9.2, 104, 常玉 
3810700, 9.2, 104, 西游记 
4621224, 9.2, 104, 英国散文精选 
1019246, 9.0, 119, 骑鹅旅行记（上下） 
1535594, 9.0, 119, 穆旦诗集(1939-1945) 
6127984, 9.2, 103, 常　　通　 
20326946, 9.2, 103, 理解全球冲突与合作 
3245411, 9.2, 103, 福星小子 
3781988, 9.2, 103, 多情　客　情　（下）　　古　精品集 
1063057, 9.1, 110, 跟随你的心 
1950044, 9.1, 110, 生命、爱与欢笑 
7056695, 9.1, 110, 论我们教育机构的未来 
10785587, 9.1, 110, 经济解释卷三：受价与觅价（神州增订版） 
3795384, 9.0, 118, 美国新闻摄影教程 
4320858, 9.1, 109, 外国中短篇小说藏本　契诃夫 
5994591, 9.1, 109, 中国士绅 
6090958, 9.1, 109, 战争改变历史 
26373220, 9.1, 109, 西尔斯健康育儿百科 
1064622, 9.1, 109, 短篇小说全集(下册) 
2301075, 9.1, 109, 灰掐 
1007159, 9.0, 117, 橙色童话 
1075582, 9.0, 117, 人类的声音.1 
2969222, 9.0, 117, 现象学之基本问题 
3219109, 9.0, 117, 中国震撼世界 
3560233, 9.0, 117, 徐霞客游记 
2275558, 9.0, 117, 中庸 
4127226, 9.0, 117, 午夜的缪斯 
1291520, 9.2, 101, 前往依斯特兰的旅程 
2086099, 9.2, 101, 福楼拜评传 
26791215, 9.2, 101, 牡丹亭 
5406925, 9.2, 101, Fate／Zero（1） 第四次　杯　争秘　 
5915258, 9.2, 101, Harry Potter and the Philosopher&#39;s Stone 
1013805, 9.1, 108, 中国中古文学史讲义 
5905901, 9.1, 108, 78度的智慧 
4202381, 9.0, 116, 逻辑学讲义 
10453927, 9.0, 116, 吴晓波中国企业史三部曲完整典藏版 
24530454, 9.0, 116, 巴黎，19世纪的首都 
1239663, 9.0, 116, 选择的艺术 
1253558, 9.2, 100, 历史文化的全息图像 
10603541, 9.0, 115, 洛克菲勒留给儿子的38封信 
25910235, 9.0, 115, 奔马 
1063704, 9.0, 115, 墨子　　(上下) 
1999868, 9.1, 107, 要开学喽 
25893995, 9.1, 107, 亚洲大趋势 
2134786, 9.1, 107, 觉悟之道 
1463195, 9.0, 114, Chronicles 
3226085, 9.0, 114, 论真理的本质 
2125034, 9.1, 106, 古诗十九首初探 
20259527, 9.1, 106, 低俗小说 
26892803, 9.1, 106, 希腊人左巴 
1003482, 9.0, 113, 南怀瑾著作珍藏本(第一卷 论语别裁) 
1019076, 9.0, 113, 旷野呼告 无根据颂 
3199160, 9.0, 113, 传播研究导论 
6800930, 9.0, 113, 人格心理学 
20269004, 9.0, 113, 电影美学与心理学 
20379682, 9.0, 113, 最美最美的中国童话 
3776705, 9.0, 113, 金融时间序列分析 
3263793, 9.1, 105, 埃涅阿斯纪 
1058033, 9.0, 112, 卡夫卡日记 
3237482, 9.0, 112, 天平之甍 
26742636, 9.0, 112, 鸟人 
1944650, 9.0, 112, 选择的艺术PhotoshopCS图层通道深度剖析 
1053707, 9.1, 104, 经济分析史（第二卷） 
11527197, 9.1, 104, 谦卑 
3101525, 9.0, 111, I
4114611, 9.1, 103, 凡尔纳科幻经典 4 部曲（全四册 ） 
5920388, 9.1, 103, 李光耀：新加坡赖以生存的硬道理 
26883775, 9.1, 103, 重说中国近代史 
1005788, 9.0, 110, 哗变 
10564062, 9.0, 110, 李尔王 
20487300, 9.0, 110, 世界摄影史 
1433002, 9.1, 102, 寂静的知识 
1476351, 9.1, 102, 蒲桥集 
1912232, 9.1, 102, 金陵古迹名胜影集 
4289511, 9.1, 102, 鬼谷子集校集注 
26264146, 9.1, 102, 探讨别集 
1042663, 9.0, 109, 战争与和平（上下卷） 
1316672, 9.0, 109, 童年与故乡 
1910573, 9.0, 109, 金田一少年事件薄　33 
4209073, 9.0, 109, 清史讲义 
25723773, 9.0, 109, 柏拉图对话录 
1208069, 9.1, 101, 归有光文选 
1421895, 9.1, 101, 驳圣伯夫 
1771712, 9.1, 101, 夏目漱石小说选(上) 
24383301, 9.1, 101, 昨日的世界 
26126497, 9.1, 101, 哈利　波特与密室（纪念版） 
1057227, 9.1, 101, 草原上的小木屋（上下） 
1058375, 9.0, 108, 奥尼尔集（上下） 
1312716, 9.0, 108, 话说中国(全15册?含索引、DVD) 
25769088, 9.0, 108, 我用微笑，为你赶走阴霾 
26253662, 9.0, 108, The Science of Interstellar 
1431776, 9.1, 100, The Alchemy of Finance 
3021779, 9.1, 100, 　　　士　　桑(01) 
3074779, 9.1, 100, 杜甫秋兴八首集说 
1050645, 9.0, 107, 沃特希普荒原 
10830082, 9.0, 107, 好安静的书 
25851264, 9.0, 107, 从文自传 
1048075, 9.0, 106, 百年摄影经典 
1423467, 9.0, 106, 浩渺无垠 
2227747, 9.0, 106, The Art of Learning 
24697645, 9.0, 106, 项目管理知识体系指南 
26818183, 9.0, 106, 失忆的爱丽丝 
1512668, 9.0, 104, 马克　吐温中短篇小说选 
3932085, 9.0, 104, 身份和差　 
26284463, 9.0, 104, 皮特猫 
1084256, 9.0, 103, 爱默生集（上） 
1689035, 9.0, 103, 汉语语法分析问题 
1790854, 9.0, 103, 发现者 
1874508, 9.0, 103, 厌恶及其他 
6858576, 9.0, 103, 古拉格群岛 
26712428, 9.0, 103, 中国近代史 
1016976, 9.0, 102, 汉语音韵 
1106466, 9.0, 102, 水仙月四日 
2975877, 9.0, 102, 辉夜姬 清水玲子画集 
1085481, 9.0, 101, 萨迦 
1314765, 9.0, 101, 墓畔回忆录 
1813779, 9.0, 101, 辛格短篇小说集 
20472494, 9.0, 101, 漫长的革命 
24855168, 9.0, 101, 琴道 
1017632, 9.0, 100, 木民谷的彗星 
1047477, 9.0, 100, 道德形而上学原理 
1783075, 9.0, 100, 天使，望故乡 
2996993, 9.0, 100, 雷斯林　奇(上)：　魂熔　 
3274502, 9.0, 100, 白痴 
25831172, 9.0, 100, 我们的夏天比利时 

