ID, Score, Rating, Votes, Title
1007305, 9.5, 112402, 红楼梦 
1084336, 9.0, 210939, 小王子 
3259440, 9.1, 172336, 白夜行 
1770782, 8.8, 247129, 追风筝的人 
1008145, 8.9, 179241, 围城 
1082154, 9.1, 119538, 活着 
6082808, 9.2, 93487, 百年孤独 
1068920, 9.3, 73133, 飘（上下） 
3066477, 9.2, 74142, 三体Ⅱ 
5363767, 9.2, 73606, 三体Ⅲ 
3211779, 8.9, 118836, 嫌疑人X的献身 
1200840, 9.0, 93619, 平凡的世界（全三部） 
1061118, 9.1, 73508, 活着 
2567698, 8.8, 124616, 三体 
1041007, 9.0, 82288, 哈利　波特与魔法石 
4913064, 9.3, 48749, 活着 
10554308, 9.2, 57076, 白夜行 
25862578, 8.6, 166553, 解忧杂货店 
20427187, 8.8, 108148, 看见 
1019568, 9.2, 52510, 三国演义（全二册） 
1040211, 9.2, 46802, 福尔摩斯探案全集（上中下） 
1255625, 9.1, 53295, 天龙八部 
1071241, 8.9, 70005, 哈利　波特与阿兹卡班的囚徒 
1221515, 9.5, 26462, 灌篮高手31 
1009257, 8.9, 67917, 哈利　波特与火焰杯 
1083428, 8.8, 80103, 傲慢与偏见 
1474773, 9.5, 25222, 海贼王 
1873231, 8.8, 77364, 明朝那些事儿（壹） 
1361264, 9.0, 53245, 撒哈拉的故事 
1017143, 8.5, 129779, 不能承受的生命之轻 
1858513, 8.9, 61258, 月亮和六便士 
1204889, 9.4, 27529, 机器猫哆啦A梦23 
1060068, 9.2, 36288, 撒哈拉的故事 
1039487, 8.8, 67737, 哈利　波特与密室 
1041482, 8.9, 54579, 万历十五年 
2295163, 8.9, 53354, 哈利　波特与死亡圣器 
4820710, 9.3, 27930, 1984 
3995526, 8.7, 73403, 目送 
6710437, 9.3, 26638, 撒哈拉的故事 
1432596, 8.8, 59471, 哈利　波特与混血王子 
10594787, 8.9, 49808, 霍乱时期的爱情 
1141406, 8.5, 101469, 简爱 
1829226, 9.1, 35222, 肖申克的救赎 
4238362, 8.6, 82548, 送你一颗子弹 
1085860, 8.9, 48322, 基督山伯爵 
1002299, 8.9, 47705, 笑傲江湖（全四册） 
1046209, 9.1, 34398, 安徒生童话故事集 
1786670, 8.9, 46442, 百年孤独 
2035179, 9.2, 28010, 动物农场 
1089243, 8.8, 52275, 黄金时代 
1054685, 9.0, 36511, 沉默的大多数 
3674537, 9.1, 30647, 明朝那些事儿（1-9） 
1858576, 9.3, 22465, 一九八四 
1090043, 8.5, 82899, 倾城之恋 
1023045, 8.6, 68184, 我们仨 
1336330, 9.3, 21538, 冰与火之歌（卷一） 
1029791, 8.7, 56153, 许三观卖血记 
1949338, 8.9, 39086, 明朝那些事儿（贰） 
1007914, 8.7, 54345, 窗边的小豆豆 
1082387, 9.2, 23965, 一九八四　动物农场 
4117922, 9.0, 32526, 嫌疑人X的献身 
1827374, 9.0, 32350, 东方快车谋杀案 
1057244, 8.6, 63700, 边城 
1255624, 8.8, 43361, 神雕侠侣 
3369793, 8.7, 50068, 亲爱的安德烈 
1389960, 9.2, 22035, 七　珠 34 
6388661, 8.8, 40935, 这些人，那些事 
2143732, 8.7, 48297, 灿烂千阳 
1040771, 8.2, 123167, 达　芬奇密码 
5414391, 9.0, 28811, 寻路中国 
1013129, 8.6, 56065, 哈利　波特与凤凰社 
1046265, 8.0, 178388, 挪威的森林 
2052448, 8.9, 32557, 明朝那些事儿（叁） 
4123116, 9.2, 19862, 月亮和六便士 
25985021, 9.3, 17123, 人类简史 
1027191, 9.0, 26821, 历史深处的忧虑 
1044547, 8.9, 31176, 射雕英雄传（全四册） 
3813669, 8.6, 51420, 民主的细节 
3006581, 8.9, 30600, 无人生还 
5299764, 9.4, 14144, 1984 
1045818, 8.5, 59029, 苏菲的世界 
1077847, 9.5, 12163, 史记（全十册） 
1449351, 8.8, 34480, 呐喊 
4242172, 8.3, 84301, 天才在左 疯子在右 
1029111, 8.9, 28969, 哭泣的骆驼 
1066462, 8.4, 69159, 向左走　向右走 
1003479, 9.1, 21157, 中国历代政治得失 
5350303, 9.3, 15392, 活着 
1043008, 8.9, 27837, 格林童话全集 
2154960, 8.7, 38483, 一个陌生女人的来信 
3608208, 8.6, 45179, 牧羊少年奇幻之旅 
1337297, 9.6, 9962, 篮球飞人 
1080370, 8.6, 44974, 情书 
3554154, 9.0, 23066, 阿狸　梦之城堡 
3626924, 9.0, 22699, 明朝那些事儿（柒）：大结局 
1401841, 9.0, 22411, 傲慢与偏见 
2035162, 9.0, 22335, 刀锋 
4742918, 8.3, 73646, 1Q84 BOOK 1 
1205054, 8.9, 25696, 悲惨世界（上中下） 
2253642, 8.8, 30070, 明朝那些事儿（肆） 
1022060, 8.3, 72772, 狼图腾 
3071717, 8.8, 29557, 爱你就像爱生命 
1102403, 9.6, 9223, 机器猫哆啦A梦（共45册） 
3646172, 8.4, 58452, 恶意 
1464203, 9.4, 11854, 冰与火之歌（卷二） 
7060185, 9.0, 21030, 江城 
3523041, 9.2, 15542, 平凡的世界（全三册） 
1986291, 9.5, 10260, 冰与火之歌（卷三） 
1948901, 8.4, 57375, 盗墓笔记 
7163250, 9.2, 15414, 明朝那些事儿 
1069848, 9.0, 20604, 围城 
3604517, 9.3, 13248, 撒哈拉的故事 
20440644, 9.2, 15203, 文学回忆录（全2册） 
3009821, 8.8, 27383, 明朝那些事儿（伍） 
3808982, 9.3, 12824, 动物庄园 
1119522, 8.4, 54274, 呼啸山庄 
4908885, 9.0, 19775, 局外人 
1003000, 8.4, 53900, 悟空传 
1082334, 8.3, 64529, 穆斯林的葬礼 
1082406, 8.8, 26615, 黄金时代 
3274113, 8.9, 22653, 明朝那些事儿（陆） 
1212893, 8.8, 26558, 鹿鼎记（全五册） 
6709783, 9.1, 16664, 浪潮之巅 
1855364, 9.1, 16625, 围城 
4166819, 8.8, 26238, 你好，旧时光（上 下） 
5916880, 8.6, 36557, 华胥引（全二册） 
4188697, 9.1, 16400, 子不语(1
1461903, 8.0, 114002, 何以笙箫默 
1474842, 9.1, 16281, NANA（1-13） 
1863930, 8.8, 25283, 看不见的城市 
1085799, 8.6, 35063, 白鹿原 
2064977, 8.9, 21451, 死亡　　 1 
2070844, 8.8, 24977, 梦里花落知多少 
1254588, 8.9, 21231, 城南旧事 
1213945, 9.5, 8993, 红楼梦 
1002898, 9.1, 15599, 父与子全集 
1767945, 8.8, 24701, 一只特立独行的猪 
1883245, 9.4, 10223, 诗经 
4207781, 8.8, 24547, 孩子你慢慢来 
1058661, 8.8, 24268, 飞鸟集 
1421921, 8.9, 20545, 幽游白书（全19册） 
4885241, 8.4, 47220, 1Q84 BOOK 2 
11622283, 9.2, 12997, 滚蛋吧!肿瘤君 
1401425, 8.3, 56116, 兄弟（上） 
1963684, 8.6, 32714, 半生缘 
1014578, 9.0, 17221, 我的精神家园 
1018136, 9.1, 14780, 动物庄园 
1059258, 9.4, 9719, 道德经 
4934332, 9.2, 12678, 子不语3 
3426869, 8.3, 54582, 三生三世 十里桃花 
1467022, 9.2, 12440, 上帝掷骰子吗 
1400705, 8.1, 78833, 情人 
5275059, 7.9, 116753, 1988：我想和这个世界谈谈 
1775691, 8.3, 51757, 少有人走的路 
1086249, 8.6, 30283, 荆棘鸟 
4714734, 8.4, 42905, 这些都是你给我的爱 
1028409, 9.4, 9001, 中国少年儿童百科全书（全四册） 
1209899, 9.0, 15701, 我与地坛 
6798611, 8.7, 25050, 史蒂夫　乔布斯传 
1064275, 8.3, 50142, 老人与海 
3879301, 8.1, 73739, 微微一笑很倾城 
1358873, 8.5, 34773, 月亮忘　了 
1985223, 8.7, 24679, 倾城之恋 
3014576, 8.4, 40588, 陪安东尼度过漫长岁月 
1051193, 8.6, 28425, 麦琪的礼物 
1192090, 8.7, 24080, 球状闪电 
1088065, 8.6, 28127, 阿Q正传 
1011754, 8.9, 17155, 海子的诗 
1003078, 9.2, 11076, 小王子 
3665874, 9.0, 14613, 星空 
25924253, 9.0, 14579, 嫌疑人X的献身 
2159042, 8.4, 38587, 挪威的森林 
1034282, 8.8, 19347, 时间简史 
1203426, 9.0, 14236, 人间词话 
1970428, 8.8, 18953, 激荡三十年（上） 
20470917, 9.0, 13953, 深夜食堂 01 
1092335, 8.9, 16006, 教父 
1321017, 8.8, 18621, 九州　缥缈录 
1014278, 8.4, 36262, 红玫瑰与白玫瑰 
1431836, 8.6, 25613, 我的路 
1046492, 9.3, 8992, 　史大　（上下） 
1059336, 8.6, 25411, 往事并不如烟 
1258490, 9.2, 10229, 基地 
1529893, 8.0, 76526, 莲花 
1426971, 8.8, 18270, 野火集 
1433640, 9.3, 8871, 猜猜我有多爱你 
2284311, 8.7, 20992, 苏菲的世界 
24380577, 9.2, 9947, 平凡的世界 
1013267, 9.3, 8678, 唐诗三百首 
1020459, 8.4, 34332, 此间的少年 
3239549, 9.1, 11229, 夹边沟记事 
1346815, 8.4, 33756, 一　人住第5年 
1029553, 8.7, 20364, 西游记（全二册） 
3815131, 9.4, 7416, 一九八四 
1807516, 8.9, 14849, 罗杰疑案 
1059419, 8.1, 58556, 海边的卡夫卡 
1803022, 9.0, 12717, 圣经 
1119839, 9.1, 11007, 王尔德童话 
1024197, 8.3, 39139, 巴黎圣母院 
1082398, 8.7, 19767, 梦里花落知多少 
2297697, 8.6, 23133, ZOO 
1056733, 8.3, 38708, 地下铁 
10517238, 9.1, 10754, 平凡的世界 
1474688, 9.1, 10735, 　器娃娃(1) 
3017857, 8.5, 26810, 金锁记 
1021615, 9.1, 10562, 小王子（中英文对照本） 
3266344, 8.5, 26391, 盗墓笔记4 
1292416, 8.5, 26365, 香水 
1226062, 8.9, 13909, 棋魂　光之棋（1） 
1475477, 9.3, 7924, 　魂 
2361768, 9.3, 7906, 爷爷变成了幽灵 
1013208, 8.5, 26069, 如何阅读一本书 
1786387, 8.6, 22038, 影响力 
1180102, 8.9, 13761, 恐怖宠物店（10） 
1858410, 9.0, 11880, 万历十五年 
1018577, 8.9, 13746, 霸王别姬 青蛇 
4231381, 8.5, 25816, 那些回不去的年少时光 
2209098, 7.9, 78705, 致我们终将逝去的青春 
2340100, 8.1, 52162, 遇见未知的自己 
2380307, 8.9, 13394, 激荡三十年（下） 
1088581, 8.9, 13364, 浮生六记 
1922216, 9.2, 8728, 全球通史(上) 
1789837, 9.0, 11473, 射雕英雄传 
3162991, 9.6, 5193, 艺术的故事 
1937357, 9.4, 6601, 萤火之森 
1919201, 8.5, 24659, 七夜雪 
1941558, 8.6, 20867, 设计中的设计 
3719533, 9.4, 6532, 经济学原理 
3210843, 9.2, 8396, 冰与火之歌　卷四　群鸦的盛宴（全两册） 
1388169, 8.6, 20382, 乱马1/2 
1291809, 8.5, 24039, 世界尽头与冷酷仙境 
2298149, 8.4, 28303, 盗墓笔记3 
3406401, 9.0, 10965, 悉达多 
6880158, 8.7, 17162, 陆犯焉识 
1080309, 8.4, 28067, 尘埃落定 
1853785, 8.7, 17054, 天是红河岸 
1818347, 8.7, 16994, 尼罗河上的惨案 
1070851, 8.5, 23502, 倚天屠龙记(共四册) 
2256039, 7.8, 88403, 杜拉拉升职记 
4011670, 8.3, 33050, 人间失格 
26698660, 9.0, 10759, 巨人的陨落 
1028842, 9.0, 10749, 经济学原理（上下） 
4187411, 8.8, 14385, 万物有灵且美 
1449352, 8.6, 19605, 朝花夕拾 
2035171, 9.0, 10663, 人生的枷锁 
3609132, 8.5, 23086, 把时间当作朋友 
1981042, 9.0, 10652, 万历十五年（增订本） 
1941301, 9.2, 8030, 365夜故事（上下） 
1056315, 8.8, 14140, 总统是靠不住的 
1014825, 9.0, 10532, 我也有一个梦想 
4920007, 8.7, 16459, 不能承受的生命之轻 
1398395, 8.6, 19283, 狂人日记 
2158463, 9.2, 7904, 小王子 
1036490, 8.8, 13973, 万水千山走遍 
1765512, 9.1, 9053, 海的女儿 
1008988, 8.3, 31759, 了不起的盖茨比 
1424741, 8.5, 22312, 心是孤独的猎手 
1483894, 9.4, 6035, 三国演义 
1880831, 9.2, 7824, 基督山伯爵（上下册） 
20381804, 9.4, 5998, 冰与火之歌　卷五　魔龙的狂舞（全三册） 
1007928, 9.1, 8893, 美国纽约摄影学院摄影教材（上） 
1394364, 8.8, 13695, 银河系漫游指南 
1013380, 8.1, 44979, 茶花女 
1088022, 8.9, 11743, 亮剑 
1795079, 9.2, 7704, 乡土中国 
1159939, 8.5, 21855, 一个陌生女子的来信 
2131415, 8.8, 13532, 我的路2 
24754316, 8.7, 15664, 最好的我们 
1008357, 8.5, 21594, 水浒传（全二册） 
4842446, 8.7, 15548, 巨流河 
1391191, 8.5, 21412, 京华烟云 
1776683, 9.0, 9933, 沉默的大多数 
1060852, 8.8, 13256, 呼兰河传 
1084165, 9.0, 9896, 平凡的世界 
3026879, 8.8, 13250, 爱的艺术 
1083474, 9.2, 7488, 飘（全二册） 
4886245, 7.8, 78957, 独唱团（第一辑） 
1021847, 8.5, 21128, 我的心中每天开出一朵花 
1424555, 8.9, 11336, HUNTER X HUNTER 1 
6397275, 9.0, 9783, 此生未完成 
1014561, 9.0, 9754, 古文观止 
3883991, 9.3, 6477, 动物农场 
1012611, 8.3, 29400, 乌合之众 
1013416, 8.5, 20838, 雷雨 
1225977, 8.9, 11190, 全球通史（第7版 上册） 
5910656, 9.2, 7348, 我与地坛 
6021440, 8.8, 12927, 黑客与画家 
3369600, 8.1, 41799, 当我谈跑步时我谈些什么 
1036684, 9.3, 6352, 现代汉语词典（修订本） 
4729583, 8.9, 10941, 野火集 
1856494, 9.3, 6315, 卡拉马佐夫兄弟 
2022979, 8.1, 41118, 喜宝 
1205370, 8.1, 40877, 羊脂球 
1431779, 8.9, 10837, 九州　缥缈录Ⅱ　苍云古齿 
1036274, 8.5, 20107, 夏洛的网 
25829693, 9.0, 9371, 永恒的终结 
1476651, 9.0, 9345, 社会心理学 
2067299, 8.8, 12470, 我的路4 
20470916, 9.1, 8079, 深夜食堂 02 
3673671, 9.1, 8073, 梦里花落知多少 
1418297, 9.1, 8040, 蜂蜜　四　草 1 
1963912, 8.8, 12234, 正见 
1440589, 8.7, 14189, 浪客剑心 
4732378, 8.7, 14158, 那些回不去的年少时光　终场 
4173968, 8.4, 22973, 盗墓笔记6 
1819974, 8.7, 14104, 我的路3 
6781808, 9.2, 6886, 杀死一只知更鸟 
5327697, 8.3, 27094, 橙 
3800166, 8.4, 22784, 盗墓笔记5 
23008971, 9.0, 8944, 平如美棠 
19958089, 9.0, 8927, 我们仨 
2160556, 9.0, 8923, 十万个为什么 
20424526, 8.9, 10239, 邓小平时代 
5038409, 9.0, 8883, 金色梦乡 
1794844, 8.5, 18935, 有一天啊，宝宝…… 
2057285, 8.2, 31787, 盗墓笔记2 
2136140, 8.7, 13725, 雨季不再来 
2158189, 8.5, 18763, 海边的卡夫卡 
10488620, 9.5, 4591, 冰与火之歌　卷二　列王的纷争（全三册） 
2567919, 8.3, 26203, 匆匆那年（上下） 
26382433, 8.2, 31320, 无声告白 
5254315, 8.4, 21966, 盗墓笔记7 
3598313, 8.0, 45431, 西决 
3054821, 9.2, 6654, 渴望生活 
1033825, 8.7, 13498, 顾城的诗 
1035848, 8.6, 15688, 一千零一夜 
6789605, 9.0, 8655, 树上的男爵 
1364773, 8.9, 9932, 　之　金　　 1 
1004992, 8.8, 11457, 张爱玲文集 
3693974, 9.4, 5059, 小王子 
5395407, 8.9, 9768, 阿狸　永远站 
2218216, 9.5, 4440, 金庸作品集 
1440972, 9.1, 7385, 博尔赫斯小说集 
2008284, 8.7, 13108, 佐贺的超级阿嬷 
1001896, 9.2, 6458, 新华字典（1998年修订本） 
4884218, 8.8, 11261, 我的阿勒泰 
1452610, 9.2, 6439, 　　 (1)  アフタヌ恁KC (255) 
5375620, 8.8, 11205, 失控 
1062193, 8.6, 15177, 娱乐至死 
1813841, 8.8, 11176, 枪炮、病菌与钢铁 
1440468, 8.9, 9655, 漩涡 
1963310, 8.2, 29786, 大地之灯 
1882933, 8.1, 35595, 鬼吹灯之精绝古城 
6964050, 9.4, 4930, 冰与火之歌　卷一　权力的游戏（全三册） 
1258489, 9.3, 5571, 第二基地 
1263399, 9.0, 8280, 无人生还 
1791390, 9.2, 6325, Hunter X Hunter 
3261600, 9.3, 5554, 人生的智慧 
2160226, 9.2, 6308, 快乐王子 
1004821, 8.7, 12763, 理想国 
1449348, 8.8, 10984, 彷徨 
1001885, 8.5, 17457, 带一本书去巴黎 
1358413, 8.5, 17324, 我只能　你　一　小卡片 
1874961, 8.9, 9403, 嫌疑犯X的　身 
1420862, 8.9, 9365, 孩子你慢慢来 
2056749, 8.1, 34473, 时间旅行者的妻子 
1257365, 8.9, 9313, 活了100万次的猫 
3610681, 9.2, 6152, 海子诗全集 
3344676, 8.1, 34095, 常识 
3151596, 9.2, 6142, 活着 
1459623, 9.4, 4768, 20世　少年01 
5337248, 8.9, 9170, 台北人 
1050339, 7.8, 60523, 文化苦旅 
1812439, 8.1, 33493, 步步惊心 
4874131, 8.2, 27878, 东霓 
1043815, 8.2, 27873, 骆驼祥子 
1013225, 8.3, 23328, 生活在别处 
1017749, 9.3, 5315, 乱世佳人(上、下) 
3128104, 9.0, 7892, 游园惊梦 
1028270, 8.8, 10437, 舒克和贝塔历险记 
4238754, 8.1, 33161, 失恋33天 
2326571, 8.6, 14114, 琅琊榜 
1922246, 9.2, 5996, 全球通史(下) 
1020961, 8.7, 12059, 棋王 
1085883, 8.6, 14021, 青铜时代 
2053249, 8.0, 39469, 麦田里的守望者 
1082518, 7.9, 47874, 麦田里的守望者 
4124727, 8.1, 32494, 孤独六讲 
20470913, 9.1, 6730, 深夜食堂 03 
1865089, 8.4, 19053, 瓦尔登湖 
6861664, 9.0, 7644, 白鹿原 
1885170, 9.4, 4546, 算法导论（原书第2版） 
10608468, 9.6, 3584, 冰与火之歌　卷三　冰雨的风暴（全三册） 
1419736, 9.4, 4527, MONSTER-怪物-02 
3633461, 8.6, 13640, 一句顶一万句 
3920130, 8.6, 13611, 告白 
1061977, 8.7, 11642, 血色浪漫 
1418686, 8.6, 13545, 红拂夜奔 
3187737, 8.4, 18635, 占星术杀人魔法 
1008189, 8.9, 8635, 西方哲学史（上卷） 
1083762, 8.7, 11507, 人类的群星闪耀时 
1085470, 8.4, 18487, 海底两万里 
2068249, 9.0, 7456, 温柔的夜 
1062343, 9.2, 5695, 昨日的世界 
1418180, 8.9, 8526, 思维的乐趣 
1082349, 8.2, 25756, 长恨歌 
1859140, 8.8, 9753, 上学记 
1316648, 8.3, 21504, 查令十字街84号 
1789841, 8.7, 11292, 倚天屠龙记 
2326403, 8.9, 8426, 认识电影 
6539859, 9.3, 4946, 甲骨文 
1021273, 8.8, 9706, 中国哲学简史 
5366248, 8.3, 21395, 你一定爱读的极简欧洲史 
1032501, 8.7, 11239, 心理学与生活 
1258491, 9.2, 5599, 基地与帝国 
1464989, 9.1, 6370, 围城 
1030052, 7.9, 44424, 清醒纪 
1958227, 8.2, 25288, 那些年，我们一起追的女孩 
1070441, 8.6, 12971, 月亮忘记了 
1440089, 8.3, 21165, 那些生命中温暖而美好的事情 
1052203, 8.8, 9562, 局外人 
1760548, 9.2, 5519, 三毛作品集 
1049354, 8.5, 15061, 又寂寞又美好 
1022238, 8.2, 24973, 菊与刀 
3012517, 8.5, 15014, 小姨多鹤 
1026035, 9.1, 6262, 你看起来好像很好吃 
1088711, 9.1, 6260, 霸王别姬 
1040104, 8.7, 10999, 魔戒（第一部） 
4872671, 8.2, 24853, 佛祖在一号线 
1762869, 8.9, 8201, 如彗星划过夜空 
3266609, 8.8, 9460, 流浪地球 
1228110, 8.2, 24769, 天使与魔鬼 
26576861, 9.0, 7108, 最好的告别 
10522856, 9.0, 7100, 冬牧场 
1125186, 8.5, 14826, 半生　 
3699108, 8.7, 10839, 我的错都是大人的错 
1140727, 8.8, 9350, 安德的游戏 
6428468, 9.1, 6170, 我　最幸福 
1001136, 8.8, 9338, 彼得　潘 
26602392, 8.8, 9334, 你今天真好看 
25762009, 9.1, 6155, 教父 
1138986, 8.7, 10801, 名侦探柯南42 
1021193, 8.8, 9315, 皮皮鲁传 
1962929, 8.0, 35149, 佳期如梦 
1885224, 8.9, 8054, 傲慢与偏见 
1077528, 8.9, 8038, 通往奴役之路 
1180108, 9.0, 6979, 恐怖宠物店1 
1394253, 8.7, 10703, デスノ恁 5 
1424694, 8.9, 8003, 天堂之吻 (Vol. 1) 
1370274, 9.2, 5348, Level E 
3136271, 8.6, 12442, 罗生门 
1422833, 8.7, 10661, 多情剑客无情剑(上、中、下) 
1949420, 9.3, 4693, 孙子兵法 
2046236, 9.3, 4690, 庄子 
1964774, 9.0, 6899, 论语 
1213546, 8.3, 20014, 变形记 
1170801, 8.9, 7905, 泰戈尔诗集 
2256438, 7.8, 50702, 素年锦时 
1001193, 8.6, 12183, 再见了，可鲁 
2043313, 9.2, 5242, 妖怪　　簿 1 
1559310, 9.0, 6774, 鹿鼎记 
1016003, 7.9, 40821, 鲁滨逊漂流记 
20470914, 9.1, 5918, 深夜食堂 04 
1464716, 8.7, 10327, 　河魅影 
1424314, 9.4, 4040, 1984 
3410718, 9.2, 5145, 美的历程 
2243213, 7.9, 40243, 山楂树之恋 
1071794, 8.9, 7656, 魔戒（第三部） 
26586492, 8.9, 7638, 火星救援 
1367458, 8.4, 16267, 照相本子 
1015452, 8.2, 22809, 国境以南 太阳以西 
1059112, 9.0, 6632, 百年孤独 
1089512, 8.6, 11792, 陆小凤传奇 
1102715, 9.1, 5747, 从一到无穷大 
3607117, 8.9, 7530, 稻草人手记 
5437113, 9.0, 6558, 窗边的小豆豆 
3315879, 8.6, 11665, 恶童日记 
1065970, 7.8, 47933, 彼岸花 
6964047, 9.3, 4425, 冰与火之歌（卷一） 
1056295, 8.3, 18794, 人性的弱点全集 
4760224, 8.9, 7460, 许三观卖血记 
1369777, 9.0, 6476, NANA 12 
1291204, 9.4, 3870, 哥德尔、艾舍尔、巴赫 
1033190, 8.8, 8447, 失落的一角 
1082582, 9.0, 6360, 天龙八部（全五册） 
2285572, 8.7, 9708, 圣传 
3316422, 8.9, 7262, 猫国物语 
1258498, 8.3, 18204, 项链 
1856025, 8.9, 7254, 道连　葛雷的画像 
2194123, 8.4, 15393, 相约星期二 
2039931, 9.0, 6305, 小王子 
6953273, 8.6, 11174, 盗墓笔记 
1006197, 8.4, 15246, 哈姆莱特 
1033778, 8.2, 21332, 富爸爸，穷爸爸 
1082407, 8.8, 8236, 青铜时代 
1784153, 9.4, 3745, 安徒生童话 
3091368, 9.1, 5439, 白鹿原 
1255500, 9.2, 4773, 动物农场 
4237548, 9.3, 4208, 平凡的世界（全三册） 
3673672, 9.0, 6165, 温柔的夜 
2025999, 9.8, 2364, 灌篮高手（全31卷） 
10763902, 7.9, 36312, 偷影子的人 
2250587, 7.6, 67231, 一个人的好天气 
1329941, 8.6, 10849, 　京BABYLON (Vol. 1) 
1322025, 8.8, 8075, 卓有成效的管理者 
6009029, 9.3, 4166, 三　 Ⅱ 
1005521, 8.1, 24780, 伊豆的舞女 
25733470, 8.3, 17477, 村上春树：没有色彩的多崎作和他的巡礼之年 
1277981, 8.8, 8048, 社会契约论 
2253753, 8.8, 8023, 九州　缥缈录Ⅲ　天下名将 
1731370, 8.9, 6969, 东方快车谋杀案 
1476213, 9.4, 3669, 中　近代史（上　） 
4809777, 9.1, 5306, 尘世　挽歌 
1015699, 8.3, 17314, 中国大历史 
2284916, 8.9, 6908, 哈利波特7 
1794620, 7.8, 43088, 芒果街上的小屋 
1139336, 9.4, 3627, C程序设计语言 
2360269, 9.3, 4087, タッチ 完全版（1） 
4074636, 7.6, 65191, 放学后 
4618225, 8.2, 20270, 不去会死！ 
11527101, 8.5, 12337, 这些都是你给我的爱2 
1418999, 9.2, 4601, 银河英雄传说 
3518332, 8.9, 6823, 绿毛水怪 
6431994, 8.3, 16995, 悟空传 
4071859, 9.3, 4055, 我在伊朗长大 
1483522, 9.2, 4586, 365夜 
1115748, 9.2, 4581, 故事 
1439216, 8.6, 10489, 伯爵　　 ~ 诅咒之子 
3311253, 9.0, 5929, 额尔古纳河右岸 
1052990, 8.9, 6776, 草房子 
2158161, 8.7, 9004, 世界尽头与冷酷仙境 
2042982, 9.5, 3180, 七龙珠 
3131048, 8.8, 7787, 目送 
3465080, 9.0, 5908, 好妈妈胜过好老师 
3803820, 8.4, 14270, 人生 
1066165, 9.3, 4019, 卡尔维诺文集（第三卷） 
2271450, 8.7, 8960, 镜　神寂 
26425831, 8.8, 7749, 斯通纳 
1675478, 9.0, 5872, 天朝的崩溃 
4881850, 9.0, 5866, 阿勒泰的角落 
1082162, 8.3, 16711, 第一炉香 
1264579, 8.7, 8911, 欢乐英雄 
3268399, 8.5, 12057, 上海堡垒 
1465324, 7.7, 51181, 洛丽塔 
1007433, 8.1, 23502, 红与黑 
1041385, 9.2, 4490, 论美国的民主 
3851790, 8.9, 6650, 九州　缥缈录V　一生之盟 
3897928, 8.8, 7643, 我的路5 
1028404, 8.8, 7635, 鲁西西传 
3079029, 8.8, 7623, 大秦帝国 
1878708, 8.3, 16472, LA流浪记 
4010196, 8.1, 23299, 世界因你不同 
1186392, 8.7, 8775, 约翰　克利斯朵夫 
3578470, 9.0, 5766, 德米安 
1975797, 8.9, 6597, Harry Potter and the Deathly Hallows 
20463108, 8.3, 16371, 观念的水位 
3057333, 9.0, 5747, 城南旧事 
1261560, 9.0, 5708, 国富论 
1692648, 8.9, 6532, 一个人的村庄 
5269439, 8.4, 13749, 城门开 
1020670, 8.2, 19204, 舞！舞！舞！ 
2334065, 9.4, 3444, 塔希里亚故事集 
4230237, 9.0, 5663, 设计中的设计 | 全本 
1048007, 8.2, 19026, 高效能人士的七个习惯（精华版） 
24934182, 8.1, 22607, 一个人的朝圣 
1060774, 8.7, 8563, 君主论 
1063190, 8.0, 27044, 蔷薇岛屿 
1073708, 9.0, 5601, 牡丹亭 
26340138, 7.7, 48449, 岛上书店 
1059937, 8.4, 13446, 微笑的鱼 
6878068, 9.2, 4317, 深夜食堂 01 
1039752, 7.8, 39292, 且听风吟 
1026425, 7.4, 92915, 三重门 
2251434, 9.0, 5558, 被爱路过 
1084080, 9.2, 4294, 平凡的世界（全三册） 
1082150, 8.3, 15649, 白银时代 
3228668, 9.3, 3781, 上帝掷骰子吗 
1092149, 8.7, 8388, 梵高传 
10601616, 9.3, 3775, 我爱摇滚乐 
2076623, 9.5, 2975, 金刚经 
1322455, 8.8, 7226, 遥远的救世主 
1950809, 9.5, 2967, 红楼梦 
2244146, 8.2, 18261, 穆斯林的葬礼 
3391248, 8.6, 9581, 金阁寺 
1000534, 9.2, 4211, 中国少年儿童百科全书--自然.环境 
3057556, 9.0, 5439, 狂热分子 
6401128, 8.9, 6216, 批评官员的尺度 
1836555, 9.7, 2349, 史记 
1025753, 8.2, 18046, 妻妾成群 
2171321, 8.4, 12903, 找死的兔子 
3537590, 8.3, 15117, 朗读者 
6265745, 8.7, 8109, 银河系搭车客指南 
1915958, 9.2, 4142, 野草 
2046807, 9.4, 3249, 飘 
4011440, 8.0, 25406, 最初的爱情 最后的仪式 
1016300, 7.2, 142770, 梦里花落知多少 
7065521, 9.0, 5334, 银河帝国：基地 
1439894, 8.7, 8061, CLOVER（VOL.1--4） 
1917972, 7.8, 37073, 在路上 
1482200, 9.0, 5304, 我的精神家园 
1962923, 8.6, 9294, 西班牙旅行笔记 
3608235, 8.5, 10820, 失物之书 
1089521, 8.5, 10810, 楚留香传奇 
1004088, 9.0, 5290, 长袜子皮皮 
26276775, 8.9, 6041, 异乡人 
11589032, 9.1, 4630, 你好，旧时光（三周年纪念版） 
1056461, 8.3, 14831, 旅行的艺术 
3010133, 8.4, 12559, 琥珀　恋爱的犀牛 
3719531, 9.3, 3600, 经济学原理 
3162527, 8.7, 7950, 魍魉之匣（下） 
10564071, 9.0, 5249, 白鹿原 
1041128, 8.5, 10716, 天蓝色的彼岸 
2283084, 8.2, 17453, 云中歌1 
1767741, 9.2, 4050, C++ Primer 中文版（第 4 版） 
1254731, 8.8, 6854, 欧　亨利短篇小说选 
1144185, 9.1, 4577, 美国宪政历程 
10560798, 8.7, 7870, 面纱 
4953695, 8.0, 24626, 拆掉思维里的墙 
1336968, 8.4, 12379, 一　人上　京 
3698398, 9.0, 5176, 万水千山走遍 
2376570, 9.3, 3532, 浪漫的逃亡 
1316622, 8.4, 12244, 诛仙1 
6518605, 9.3, 3515, 三体全集 
1073349, 8.8, 6694, 写在人生边上 人生边上的边上 石语 
1926103, 8.0, 24062, 鬼吹灯之云南虫谷 
1037602, 8.9, 5814, 别闹了，费曼先生 
3065343, 8.4, 12090, 云中歌3 
1431870, 9.1, 4457, 源泉 
5366275, 8.4, 12075, 我怎样毁了我的一生 
3025618, 9.4, 3092, 我们的祖先 
20392523, 8.5, 10277, 没有人给他写信的上校 
3662001, 8.8, 6619, 情书 
1917078, 8.6, 8821, 风之影 
1409704, 8.9, 5755, 金刚经说什么 
1883991, 9.3, 3455, 王小波全集 
1143694, 8.2, 16621, 动物凶猛 
2286313, 8.7, 7588, 九州　缥缈录Ⅳ　辰月之征 
24382569, 8.6, 8776, 一桩事先张扬的凶杀案 
10471333, 8.9, 5722, 叫魂 
10786473, 8.2, 16470, 自控力 
6531656, 9.4, 3034, 麒麟之与子同袍 
2180619, 8.0, 23326, 偷书贼 
1022632, 8.7, 7457, 罪与罚 
5363752, 8.5, 10035, 哥斯拉不说话 
1095634, 8.7, 7441, 小狗钱钱 
2154079, 8.8, 6453, 追风筝的人 
4882133, 8.6, 8601, 兄弟 
3642673, 8.0, 23082, 我执 
1072295, 9.3, 3381, 　治通　（全二十　） 
6558707, 9.0, 4914, 梦里花落知多少 
10750155, 8.7, 7405, 数学之美 
2136484, 8.7, 7394, 如果在冬夜，一个旅人 
3323633, 8.6, 8552, 写给大家看的设计书（第3版） 
3162513, 8.5, 9922, 魍魉之匣（上） 
1424313, 9.3, 3359, Animal Farm 
4908879, 9.3, 3358, 动物农场 
3326892, 8.6, 8522, 圣诞忆旧集 
3136255, 8.8, 6385, 一个陌生女人的来信 
1061803, 9.2, 3782, 西游记 
1051797, 8.4, 11547, 喜宝 
1187842, 9.0, 4869, 你一生的故事 
1980436, 8.7, 7342, 流言 
1082584, 8.6, 8469, 追忆似水年华 Ⅰ 
1089517, 8.4, 11505, 绝代双骄（全三册） 
3901880, 9.0, 4845, 沉默的大多数 
11584574, 8.5, 9820, 万物静默如谜 
1815640, 9.1, 4252, 王小波全集（第一卷 杂文） 
3815125, 8.8, 6318, 香水 
1312333, 8.2, 15864, 蔷薇岛屿 
6746289, 8.4, 11425, 新参者 
1883353, 8.8, 6306, 野性的呼唤 
3270617, 9.3, 3314, 我与地坛 
1060117, 8.5, 9747, 不朽 
1823349, 9.0, 4808, Happy Birth Day 
1442720, 9.4, 2939, 鲁迅全集（2005最新修订版） 
1058679, 8.7, 7240, 人　兽　鬼 
1069685, 8.6, 8362, 爱你就像爱生命 
3183775, 9.2, 3724, 四世同堂 
1441869, 8.9, 5468, 没有教不好的学生 
1006639, 9.2, 3716, 蜡笔小新（全32册） 
3711709, 8.7, 7199, 娱乐至死 童年的消逝 
1427538, 9.4, 2918, 《父与子》全集 
5248371, 8.9, 5429, 你好，旧时光 
2339950, 7.8, 32324, 被窝是青春的坟墓 
1010464, 8.9, 5422, 古汉语常用字字典 
10529412, 9.2, 3677, 深夜食堂 06 
1082138, 8.3, 13136, 在细雨中呼喊 
2158684, 9.0, 4722, 象棋的故事 
1430909, 8.6, 8205, 昆仑1 
1292227, 8.8, 6157, 霍乱时期的爱情 
1005358, 9.2, 3653, 寻找家园 
1031740, 8.1, 18232, 寻羊冒险记 
3111270, 9.4, 2866, 一九八四 
3713237, 8.8, 6115, 亲爱的三毛 
1056868, 8.5, 9451, 河童旅行素描本 
1225983, 8.8, 6110, 万物简史 
3347997, 8.5, 9435, X的悲剧 
1792668, 8.5, 9423, 苏东坡传 
1049688, 8.5, 9412, 妞妞 
1034067, 8.8, 6081, 美的历程 
1477390, 9.3, 3199, 代码大全（第2版） 
22714154, 8.7, 6979, 繁花 
3169746, 8.8, 6060, 荆棘鸟 
10738023, 8.7, 6965, 了不起的盖茨比 
1054917, 8.5, 9347, 沧浪之水 
1003284, 8.1, 17880, 退步集 
3860856, 8.1, 17794, 可爱的洪水猛兽 
1427288, 8.4, 10806, 小妇人 
1009393, 8.4, 10802, 在细雨中呼喊 
1752755, 8.6, 7961, 第九个寡妇 
10555509, 8.9, 5215, 看不见的城市 
1049219, 7.4, 71627, 长安乱 
1860750, 8.4, 10760, 了不起的盖茨比 
1061367, 8.4, 10754, 幸运儿 
1261153, 8.4, 10748, 青蛇 
10549934, 9.1, 4008, 悉达多 
2136133, 8.9, 5194, 万水千山走遍 
6434486, 9.3, 3137, 上帝掷骰子吗？ 
1005492, 8.9, 5184, 光荣与梦想 
11628196, 9.4, 2785, 冰与火之歌　卷四　群鸦的盛宴（全三册） 
5408882, 9.1, 3983, 公正 
3757732, 9.0, 4523, 人类的群星闪耀时（增订版） 
1018153, 7.8, 30393, 水仙已乘鲤鱼去 
4881639, 9.0, 4519, 傲慢与偏见 
1886385, 8.1, 17472, 来不及说我爱你 
2048364, 8.1, 17457, 独步天下（上下卷） 
1076654, 8.7, 6776, 孽子 
2065597, 9.3, 3110, 浪客行 1 
1200842, 8.6, 7821, 尘埃落定 
1758767, 8.2, 14664, 人气绘本天后高木直子作品典藏（全6册） 
1476218, 9.3, 3100, 中　近代史（下　） 
1003986, 8.8, 5826, 病隙碎笔 
2331434, 7.7, 36457, 原来你还在这里 
2328458, 9.1, 3912, 社会性动物 
1021990, 9.2, 3454, 唐诗鉴赏辞典 
1230413, 9.5, 2435, 深入理解计算机系统 
1036613, 8.9, 5042, 茶馆 
1053759, 8.3, 12167, 雪国 古都 
1321789, 8.5, 8886, 美丽新世界 
2263077, 9.3, 3042, 福尔摩斯探案集（一） 
2004407, 8.1, 16951, 后宫　甄　传Ⅰ 
4010969, 7.8, 29404, 当我们谈论爱情时我们在谈论什么 
2278402, 9.3, 3037, 小王子 
1485224, 8.6, 7615, 悟空传 
26414020, 8.1, 16909, 我不喜欢这世界，我只喜欢你 
10774752, 9.1, 3857, 毛姆短篇小说精选集 
1058234, 7.7, 35254, 二三事 
1456831, 8.9, 4950, GTO Vol. 1 
1040382, 8.9, 4946, 人间词话手稿本全编 
1032063, 8.9, 4941, 旧制度与大革命 
1049189, 7.4, 66700, 1995-2005夏至未至 
5337254, 9.0, 4330, 孽子 
2359003, 8.2, 14018, 沉思录 
4780102, 8.4, 10120, 一个人住第9年 
24859822, 8.7, 6467, 无人生还 
1220219, 8.6, 7450, 阴阳师 
26278687, 7.8, 28597, 皮囊 
6313461, 9.1, 3788, 月亮和六便士 
1096790, 8.6, 7442, 黑铁时代 
1760432, 9.2, 3349, 受戒 
1455812, 9.2, 3344, Pride and Prejudice 
1212080, 8.4, 10038, 奇鸟行状录 
1858568, 9.0, 4280, 罪与罚 
1014763, 9.2, 3332, 三国志（全五册） 
6781794, 8.8, 5571, 过于喧嚣的孤独 
1914636, 8.4, 9996, 蛤蟆的油 
4292149, 8.5, 8568, 龙文身的女孩 
1012032, 8.6, 7375, 查拉图斯特拉如是说 
1070711, 8.7, 6375, 城记 
1025723, 8.3, 11649, 潜规则 
1442869, 8.9, 4840, 献给阿尔吉侬的花束 
1470625, 9.1, 3742, 西游记（全三册） 
1310228, 9.2, 3306, 乡土中国 生育制度 
3016221, 8.3, 11619, 云中歌2 
6709809, 8.4, 9897, 暗时间 
5990251, 8.5, 8474, 西藏生死书 
1214416, 9.3, 2921, 福尔摩斯探案全集 
1467519, 9.8, 1689, 世界童话名著连环画 
1039427, 9.0, 4212, 围城 
1030200, 8.9, 4757, 失落的一角遇见大圆满 
23780875, 9.1, 3679, 深夜食堂 05 
1484655, 9.2, 3254, Happy.Birth.Day 
3733076, 8.9, 4751, 半生缘 
20431965, 8.5, 8354, 只有医生知道! 
1032645, 8.6, 7203, 窥视印度 
3544376, 9.1, 3664, 顾城的诗顾城的画 
2026211, 8.9, 4731, 士兵突击 
2363651, 8.2, 13362, 十四堂人生创意课 
1082522, 8.2, 13313, 家 
2067269, 9.4, 2551, MONSTER-怪物-01 
3649782, 8.6, 7134, 达　芬奇密码 
4714015, 9.0, 4124, 万物既伟大又渺小 
1044446, 8.7, 6167, 在黑暗的河流上 
1367964, 8.2, 13258, 布瓜的世界 
1433377, 8.6, 7109, 生命中不能承受之轻 
2193877, 8.1, 15674, 你在天堂里遇见的五个人 
2282097, 8.8, 5358, 像自由一样美丽 
5252677, 8.1, 15665, 幸福了吗? 
1763809, 8.7, 6121, 红拂夜奔 
1312997, 9.0, 4091, 香初上舞　终上 
1785029, 8.3, 11140, 步步惊心 
1005576, 8.9, 4638, 影响力 
1340758, 9.2, 3176, Harry Potter and the Sorcerer&#39;s Stone 
3140801, 8.1, 15468, 姑获鸟之夏 
3394338, 7.5, 49166, 他的国 
1361263, 9.0, 4064, 哭泣的　　 
1203251, 8.1, 15448, 雾都孤儿 
1916726, 7.9, 22063, 鬼吹灯之龙岭迷窟 
1136881, 9.3, 2811, 悲惨世界 
1442678, 8.6, 6985, 　 
2082194, 8.2, 12949, 小时候 
1926700, 7.7, 32162, 关于莉莉周的一切 
1793807, 9.0, 4035, 火　的考　 
10604915, 9.2, 3146, 银河帝国3：第二基地 
1013502, 7.6, 39318, 钢铁是怎样炼成的 
3335362, 8.5, 8028, 大教堂 
4038672, 8.9, 4564, 络新妇之理（上） 
3616310, 7.6, 38775, 小团圆 
4038673, 9.0, 3979, 络新妇之理（下） 
1000517, 8.8, 5173, 故事新编 
4067621, 8.2, 12714, 暗黑童话 
1007772, 8.2, 12705, 双城记 
1418058, 9.1, 3500, 小径分岔的花园 
1073744, 9.0, 3968, 四世同堂（上下） 
1227838, 7.6, 38582, 年华是无效信 
3597825, 8.6, 6826, 我的孤独是一座花园 
1261471, 8.7, 5909, 香初上舞 
5332948, 9.0, 3951, 　些人，那些事 
1029159, 7.5, 47339, 八月未央 
1761056, 8.3, 10721, 蓝石头 
10759773, 9.2, 3075, 深夜食堂 07 
1256186, 8.3, 10687, 护花铃 
1275608, 8.7, 5867, 神秘岛 
24745649, 9.1, 3462, 围城 
1473895, 9.2, 3060, 白夜行 
2213272, 9.4, 2423, 1984 
1337171, 9.6, 1942, 五月天之素人自拍 
2359052, 8.9, 4444, 查拉图斯特拉如是说 
1004699, 8.9, 4437, 作为意志和表象的世界 
1441853, 8.9, 4437, 伯里曼人体结构绘画教学 
6387054, 8.6, 6681, 一个人住的每一天 
1212910, 9.3, 2698, 笑傲江湖（全四册） 
25882276, 8.7, 5795, 陆犯焉识 
6973970, 8.4, 8977, 人间失格 
1033997, 8.6, 6659, 呼啸山庄 
1081422, 8.9, 4400, 卡夫卡小说全集（全三册） 
2129427, 9.0, 3867, 三毛从军记全集 
1045352, 8.7, 5766, 二十首情诗与绝望的歌 
4929844, 8.3, 10449, 怪诞行为学 
5040220, 9.0, 3847, 蒋勋说红楼梦（第一辑） 
3158482, 8.9, 4368, 新世界 
1012637, 8.2, 12217, 牛虻 
5363538, 9.0, 3835, 你好，旧时光 
5333562, 9.7, 1715, 深入理解计算机系统（原书第2版） 
1925232, 7.9, 20513, 大漠谣 
1119796, 8.6, 6558, 十八春 
1061242, 8.8, 4960, 写在人生边上 
1200846, 8.7, 5660, 白鹿原 
4836682, 8.5, 7545, 告白 
1467776, 8.3, 10249, 朗读者 
1052828, 8.4, 8755, 玩笑 
1079440, 8.1, 14218, 遇到百分之百的女孩 
2382711, 8.6, 6492, 镜　龙战 
1442680, 8.7, 5634, 伊藤　二恐怖漫　精　【1】 
1468602, 9.1, 3338, 围城 
1079680, 8.7, 5633, 你今天心情不好吗？ 
1595910, 9.5, 2099, 机器猫哆啦A梦1 
1005660, 9.0, 3778, 雕刻时光 
1791664, 8.8, 4883, 千江有水千江月 
6902639, 7.9, 20110, 青春 
1424420, 8.8, 4880, 晚清七十年 （全五　） 
1276930, 9.0, 3755, 香初上舞　再上 
1017563, 8.7, 5590, 我的野生动物朋友 
1764991, 8.9, 4261, 我的阴阳两界　革命时期的爱情 
20326626, 8.6, 6413, 少年Pi的奇幻漂流（插图珍藏版） 
5920385, 8.2, 11853, 肠子 
1949679, 8.7, 5559, 素履之往 
2258034, 9.3, 2595, 乡土中国 
2230208, 8.1, 13973, 我的前半生 
24153048, 9.0, 3724, 东方快车谋杀案 
2382707, 8.6, 6375, 镜　双城 
1122105, 9.4, 2308, 飘（上下） 
2139305, 7.7, 29012, 巴别塔之犬 
1072319, 8.5, 7332, 长腿叔叔 
1851955, 9.3, 2573, 孙子兵法 
1212488, 8.3, 9957, 罗密欧与朱丽叶 
2382709, 8.6, 6323, 镜　辟天 
1031741, 7.8, 23688, 欧也妮　葛朗台 
1078250, 8.2, 11668, 洗澡 
1098643, 8.7, 5473, 聊斋志异 
1220853, 8.3, 9893, 伟大的博弈 
1436657, 8.9, 4176, 寄生　 (完全版) (Vol. 1) 
1012561, 8.6, 6288, 上下五千年 
4009552, 7.6, 34870, 幻夜 
1318126, 8.4, 8429, 雪国 
21346636, 9.4, 2274, 三毛典藏全集 
1017149, 9.4, 2273, 红楼梦（上下） 
4012128, 9.0, 3657, 星空 
24845582, 8.4, 8396, 群山回唱 
2376486, 8.8, 4730, 中国近代史 
5993310, 9.0, 3637, 直捣蜂窝的女孩 
2253379, 8.7, 5394, 简爱 
6967919, 8.7, 5392, 长歌行 01 
1013419, 8.8, 4701, 张爱玲全集1：长篇小说　半生缘 
3532347, 9.5, 2018, 金庸全集 
1234963, 9.1, 3194, 傲慢与偏见（英文本） 
3561591, 8.0, 16025, 凤囚凰（上中） 
1883992, 9.0, 3613, 黄金时代 
1401840, 8.2, 11383, 天使禁　　 
2213061, 9.0, 3601, My Way 2 
3297466, 9.2, 2819, 我的团长我的团（上部） 
6114392, 9.1, 3175, 奈良美智横滨手稿 
4180711, 8.2, 11330, 拖延心理学 
3673668, 8.5, 7097, 红玫瑰与白玫瑰 
5290564, 8.3, 9626, 青春 
3191322, 8.8, 4633, 边城 
1416964, 9.2, 2799, H2 好逑　物　 32 
1490048, 8.7, 5305, 昆仑6 
1024217, 7.4, 51607, 第一次的亲密接触 
1342817, 8.6, 6082, 哈利波特5 　凰　的密令 
2174010, 8.6, 6079, 舞！舞！舞！ 
1536907, 9.1, 3140, 金刚葫芦娃 
2213059, 9.0, 3554, My Way 1 
3854066, 8.6, 6054, 九州　缥缈录VI　豹魂 
1430910, 8.7, 5257, 昆仑2 
3597031, 9.1, 3127, 杀死一只反舌鸟 
3108829, 7.8, 22444, 全世爱 
3654604, 8.5, 6972, 天使与魔鬼 
2340609, 9.0, 3528, 2001太空漫游 
4049269, 9.5, 1968, 狐狸的窗户 
3151575, 8.6, 6017, 激荡三十年 
6152040, 9.1, 3107, 维特根斯坦传 
1418707, 8.6, 5982, Goth.　掌事件 
3034480, 9.4, 2182, 圣经 
1453210, 7.4, 50264, 一座城池 
1907199, 8.6, 5968, 扫起落叶好过冬 
1034279, 8.6, 5958, 果壳中的宇宙 
1818426, 9.3, 2434, 教父 
4934552, 8.8, 4511, 玩火的女孩 
3511129, 9.4, 2168, 我的团长我的团（下部） 
2042063, 8.4, 7942, 伊斯坦布尔 
1777932, 8.6, 5898, 寻找无双　东宫西宫 
1996678, 9.4, 2154, 乱世佳人 
1869144, 9.1, 3053, 经济学原理（第4版） 
3673771, 9.0, 3448, 项塔兰 
1031575, 8.1, 12763, 听　米唱歌 
2052049, 9.0, 3444, 海伯利安 
6974232, 8.0, 15134, 盗墓笔记8　大结局（上） 
5337243, 8.6, 5866, 纽约客 
1420508, 8.9, 3900, 最后一片叶子 
3576486, 8.9, 3894, 小狗钱钱 
4099464, 9.3, 2393, 一九八四 
1121460, 9.3, 2392, 基督山伯爵(上下) 
1075538, 8.2, 10723, 普罗旺斯的一年 
3697494, 9.1, 3025, 洞穴奇案 
1907739, 8.6, 5828, 当世界年纪还小的时候 
1026686, 8.3, 9124, 履历表 
6534897, 9.5, 1911, 寻找家园（增订版） 
2114580, 8.8, 4422, 听雪楼系列典藏版（全三册） 
1390934, 8.8, 4421, GRE词汇精选 
3131626, 9.0, 3414, 荒原狼 
6425061, 8.6, 5818, 哲学家们都干了些什么？ 
1083003, 8.7, 5045, 尘埃落定 
2070012, 8.2, 10649, 一个人的第一次 第一次一个人旅行 
1776300, 8.7, 5035, 席慕容诗集 
10439064, 9.0, 3394, 发现之旅 
1012307, 9.1, 2998, 规训与惩罚 
2317974, 8.4, 7749, 德川家康（第一部） 
4878745, 9.3, 2367, 动物农场 
3412107, 8.4, 7740, 步步惊心（上下） 
1337303, 8.9, 3844, 笑傲江湖 
1851385, 7.8, 21310, 我的名字叫红 
25697520, 8.2, 10588, 他们最幸福 
3223711, 8.1, 12480, 怪诞行为学 
2988943, 8.3, 9008, 青灯 
6018916, 9.0, 3378, 许三观卖血记 
1438712, 8.7, 5004, 昆仑4 
4105446, 8.1, 12441, 十一种孤独 
4906101, 8.4, 7660, 一个人旅行2 
25753361, 8.7, 4967, 最好金龟换酒 
4127527, 8.2, 10468, 厨房 
1064841, 9.0, 3348, 绿山墙的安妮 
3155622, 8.3, 8915, 庆余年　壹 
3266345, 8.1, 12328, 三杯茶 
5502995, 7.6, 31039, 1Q84 BOOK 3 
4246968, 8.9, 3794, 局外人 
1880992, 8.4, 7625, 老人与海 
1316623, 8.4, 7620, 诛仙2 
4313207, 8.5, 6559, 致D 
1082578, 9.0, 3331, 理想国与哲人王 
4922655, 8.4, 7598, 酥油 
20507206, 9.1, 2944, 众病之王 
1059503, 9.1, 2943, 爱心树 
1292409, 9.2, 2606, 人生的智慧 
1438710, 8.7, 4912, 昆仑3 
1011215, 8.8, 4291, 论语别裁(上下) 
1025643, 8.8, 4290, 全球通史 
1212908, 9.1, 2933, 神雕侠侣（全四册） 
3137289, 8.5, 6516, 姐姐的守护者 
1455053, 8.7, 4906, 昆仑5 
1270150, 9.3, 2315, 风与树的歌 
3522695, 8.6, 5622, 瓦尔登湖 
1048610, 8.9, 3748, 小王子 
3194071, 8.6, 5608, 少年巴比伦 
1045716, 8.7, 4876, 人生中不可不想的事 
4201317, 9.6, 1660, 美语音标 
5958726, 8.0, 14272, 质数的孤独 
1072438, 8.3, 8695, 大败局 
1039460, 9.0, 3264, 美国纽约摄影学院摄影教材（下） 
2046909, 9.1, 2887, 故事新编 
1253310, 8.9, 3700, 人间草木 
1108762, 9.3, 2278, 诗经 
1788421, 9.4, 2035, UNIX环境高级编程 
2382710, 8.6, 5516, 镜　破军 
1016523, 7.5, 36665, 告别薇安 
1848256, 8.0, 14097, 东京奇谭集 
2376306, 7.8, 20207, 第三种爱情 
1016486, 8.3, 8580, 笑忘录 
3348010, 8.5, 6341, Y的悲剧 
3191044, 7.8, 20152, 华莱士人鱼 
1320282, 9.1, 2856, 什么是数学 
2143304, 8.1, 11824, 我爱问连岳 
1026036, 8.6, 5475, 北岛诗歌集 
26362836, 9.0, 3223, 献给阿尔吉侬的花束 
2078219, 8.0, 13999, 且试天下1 
2297706, 8.2, 9979, 平面狗 
1255288, 8.0, 13940, 复活 
1010472, 8.4, 7295, 安娜　卡列尼娜（上下） 
1774227, 9.6, 1620, 脂砚斋重评石头记庚辰校本 
2348372, 8.3, 8486, 野蛮生长 
5346110, 9.0, 3203, 穷查理宝典 
1006967, 9.3, 2241, 宋词三百首 
25811462, 8.4, 7261, 小顾聊绘画　壹 
25884880, 8.9, 3625, 我不知道该说什么，关于死亡还是爱情 
3069729, 8.2, 9900, 碧　沉 
1938591, 7.8, 19785, 鬼吹灯之昆仑神宫 
4773224, 8.3, 8411, 生活十讲 
2150586, 8.7, 4691, 照相本子 
1212199, 8.9, 3593, 一百个人的十年 
6964051, 9.5, 1781, 冰与火之歌（卷一） 
1227844, 8.8, 4087, 雅舍谈吃 
4172417, 8.2, 9803, 匆匆那年 
1769765, 9.2, 2485, 我在伊朗长大1 
1703544, 7.5, 35446, 兄弟（下） 
1433477, 9.4, 1980, 史记 
1051363, 8.5, 6181, 中国农民调查 
1321018, 8.2, 9778, 九州　羽传说 
1393218, 9.1, 2791, 大明宫词 
4826530, 9.1, 2791, 我亲爱的甜橙树 
3928882, 8.7, 4649, 奇鸟行状录 
3990022, 9.3, 2205, 美国纽约摄影学院摄影教材（上册） 
3014444, 8.7, 4640, 自深深处 
1059406, 7.1, 87323, 幻城 
3673651, 7.7, 23490, 岛 
3392046, 8.2, 9712, 当彩色的声音尝起来是甜的 
25984204, 7.6, 28526, 乖，摸摸头 
19920715, 8.6, 5305, 论中国 
10580806, 8.8, 4032, 长歌行 02 
1123663, 9.1, 2764, 傲慢与偏见 
3698390, 8.6, 5285, 送你一匹马 
1830445, 9.0, 3116, 阿城精选集 
6973805, 9.4, 1954, 冰与火之歌（卷一） 
1062991, 8.4, 7055, 北京法源寺 
6857344, 8.5, 6086, 夜莺与玫瑰 
3043562, 9.4, 1953, 飘 
1049070, 8.4, 7050, 等一个人咖啡 
4882023, 9.2, 2446, 万物既聪慧又奇妙 
21349346, 9.1, 2752, 坂本ですが? 1 
1089398, 8.9, 3524, 西方哲学史（下卷） 
10555486, 8.7, 4584, 分成两半的子爵 
25747921, 7.2, 67500, 从你的全世界路过 
3821057, 8.6, 5258, 搏击俱乐部 
3547099, 8.5, 6054, 贾想1996　2008 
1043485, 8.1, 11263, 檀香刑 
3778004, 8.3, 8162, 致我们终将逝去的青春 
10757940, 8.6, 5230, 倾城之恋 
2215160, 9.2, 2427, 神秘岛（全三册） 
10434849, 9.3, 2164, 中国历代政治得失 
1400707, 8.1, 11210, 广岛之恋 
2133254, 8.2, 9514, 流血的仕途 
1004322, 8.6, 5215, 第二性 
3723589, 8.6, 5193, 滚滚红尘 
10740021, 8.0, 13185, 三生三世 枕上书 
1812215, 9.1, 2708, 银河英雄传说VOL.1 黎明篇 
11229072, 9.4, 1919, 中国历代政治得失 
3826899, 8.6, 5169, 布鲁克林有棵树 
3009033, 7.8, 18789, 杂的文 
3123939, 8.0, 13112, 不负如来不负卿1 
3710879, 8.1, 11062, 凤囚凰（下） 
1271212, 8.8, 3930, 死者代言人 
1427825, 8.5, 5940, 中国人史纲（上中下） 
1608298, 9.6, 1545, 灌篮高手 1 
5686369, 8.0, 13067, 何以笙箫默 
1287865, 9.4, 1909, 老子 
6711405, 8.9, 3439, 不能承受的生命之轻 
2317973, 8.1, 10987, 素年锦时 
1000280, 8.5, 5907, 袁氏当国 
1370897, 9.2, 2381, The Little Prince 
1485495, 8.1, 10962, 楼下的房客 
3124525, 7.7, 22409, 暮色 
3566368, 8.3, 7947, 空谷幽兰 
2212371, 9.0, 3018, 先知 
1922977, 9.3, 2117, 父与子 
6789551, 8.8, 3879, 不存在的骑士 
1822862, 8.8, 3876, 王小波全集：红拂夜奔（第四卷） 
1458164, 8.3, 7877, 她是女子，我也是女子 
1878265, 9.1, 2654, 安徒生童话 
1959892, 8.2, 9202, 大漠谣　终结篇 
4238144, 9.1, 2647, 岁朝清供 
25826936, 9.5, 1687, 冰与火之歌 
1822857, 9.0, 2983, 王小波全集（第二卷 杂文） 
6892579, 8.4, 6718, 美国种族简史 
1958714, 8.7, 4379, 彼得　林奇的成功投资 
1135537, 9.1, 2632, 福尔摩斯探案集 
1054889, 7.7, 21906, 行者无疆 
2337600, 8.2, 9116, 诛仙 
2258803, 8.3, 7786, 一　人去旅行 
3151990, 8.5, 5752, 达摩流浪者 
1132956, 8.3, 7752, 白银时代 
1057444, 8.5, 5751, 大唐双龙传 
3112726, 8.5, 5747, 希腊棺材之谜 
2008724, 9.1, 2616, 百年孤独 
3506871, 7.6, 26468, 曾有一个人，爱我如生命 
1810785, 9.4, 1856, 唐诗三百首 
1082577, 8.7, 4332, 黑铁时代 
2256351, 8.4, 6629, 乌合之众 
1020959, 8.1, 10620, 斯普特尼克恋人 
1000445, 8.6, 4961, 时间简史 
1772786, 8.6, 4954, 真名实姓 
1148282, 9.5, 1659, 计算机程序的构造和解释 
3293231, 7.8, 17886, 许我向你看 
1467239, 9.1, 2597, 铳梦 
1019338, 8.5, 5695, 我只能为你画一张小卡片 
1069059, 8.1, 10537, 雪国 
1827702, 8.5, 5677, 点石成金 
1287864, 9.4, 1837, 庄子 
2130190, 9.1, 2585, Java编程思想 （第4版） 
2150240, 8.8, 3757, 我讨厌妈妈 
3774884, 9.1, 2584, 子猫絮语 
1045466, 9.2, 2298, 一九八四 
1045247, 7.7, 21415, 面包树上的女人 
2382705, 7.6, 25972, 不朽 
1578609, 8.9, 3291, 张爱玲作品集 
1060025, 8.8, 3740, 中国近代史 
1613372, 8.4, 6530, 喜宝 
1032431, 9.0, 2898, 卡尔维诺文集（第五卷） 
3748247, 8.4, 6517, 把你的英语用起来！ 
4002701, 8.4, 6516, 朱　基答记者问 
7564736, 8.2, 8862, 那些年，我们一起追的女孩 
1071227, 9.0, 2895, 大问题 
4759840, 9.6, 1476, Merriam-Webster&#39;s Vocabulary Builder 
1006560, 8.2, 8856, 血酬定律 
1437858, 8.7, 4246, 天行健（全4册） 
1021425, 8.4, 6482, 照相本子 
1047719, 8.5, 5599, 傅雷家书 
20428302, 9.1, 2553, 失明症漫记 
2080619, 8.2, 8809, 且试天下2 
5980360, 8.1, 10357, 曾许诺 
1064828, 8.4, 6450, 好笑的爱 
3765620, 8.7, 4218, 在漫长的旅途中 
2161892, 8.5, 5570, 九故事 
1046172, 8.4, 6435, 流金岁月 
1015584, 8.0, 12175, 看上去很美 
6730832, 9.5, 1621, 麒麟之快意人生 
1053088, 9.2, 2254, 陶庵梦忆 西湖梦寻 
3102324, 7.7, 20877, 秘密 
1059969, 9.4, 1799, 艺术的故事 
5366382, 8.7, 4190, 夜航西飞 
25976544, 9.2, 2246, 故事 
4580972, 7.7, 20799, 流星之绊 
2165063, 9.2, 2242, 纳尔齐斯与歌尔德蒙 
1010520, 8.1, 10182, 血薇 
1351678, 9.0, 2837, 夏宇　集／Salsa 
3054373, 9.2, 2237, 荷西 我爱你 
4286204, 8.1, 10166, 麦田里的守望者 
3003477, 9.2, 2234, 虚构集 
1400059, 8.7, 4160, 心 
1083433, 9.2, 2233, 悲惨世界（全三册） 
1067907, 8.1, 10135, 长恨歌 
4152754, 7.7, 20595, 时生 
1489555, 7.8, 17072, 寂寞空庭春欲晚 
3594151, 8.1, 10115, 柑橘与柠檬啊 
1049522, 8.8, 3630, 西西弗的神话 
5333599, 8.2, 8599, 春天责备 
26295448, 8.7, 4133, 你一生的故事 
2048124, 8.2, 8579, 后宫　甄　传Ⅲ 
2061644, 8.2, 8573, 伤心咖啡馆之歌 
1036397, 9.0, 2812, 全本新注聊斋志异（全三册） 
1460313, 8.4, 6302, 哥伦比亚的倒影 
1542939, 9.6, 1436, 哈尔罗杰历险记(全套共14册) 
1203244, 8.2, 8558, 三个火枪手 
25752955, 9.0, 2807, 来自新世界 （上下） 
2016749, 8.1, 10046, 金陵十三钗 
1047751, 9.3, 1975, 牛津高阶英汉双解词典(第四版) 
2062202, 7.9, 14120, 绾青丝Ⅲ 
2243615, 9.2, 2211, Head First 设计模式（中文版） 
1027247, 7.9, 14096, 丑陋的中国人 
1329959, 8.7, 4108, 尼罗河上的惨案 
1146267, 8.8, 3595, 深渊上的火 
1003148, 8.3, 7264, 遗失了一只猫 
1063852, 8.8, 3583, 悲剧的诞生 
1982200, 8.7, 4081, 爱德华的奇妙之旅 
7059662, 8.1, 9945, 考拉小巫的英语学习日记 
1052241, 9.1, 2465, 设计模式 
1963325, 9.2, 2193, 教父 
1005918, 7.9, 13963, 堂吉诃德 
1036541, 8.7, 4072, 疯癫与文明 
1292405, 8.6, 4666, 自私的基因 
1442920, 8.3, 7220, 镜　破军 
1005193, 8.6, 4664, 重新认识你自己 
6558706, 9.0, 2771, 温柔的夜 
3442373, 8.5, 5363, 二人证据 
3987362, 8.8, 3560, 春雪 
1761759, 8.9, 3126, 超越死亡 
1286547, 8.6, 4641, 菜根谭 
3389984, 8.6, 4626, 俗世奇人 
1050743, 8.7, 4027, 西藏生死之书 
5366278, 8.0, 11571, 走吧，张小砚 
25809269, 8.5, 5304, 目送 
5401989, 8.1, 9776, 自由在高处 
7055441, 8.9, 3097, 罗马人的故事1 
3010130, 7.7, 19732, 悲观主义的花朵 
4241870, 7.7, 19715, 我在回忆里等你 
1436716, 9.1, 2417, 黄金时代白银时代 
2379322, 9.4, 1722, 福尔摩斯探案集（三） 
1017238, 8.8, 3495, 美学散步 
26840298, 8.9, 3076, 无人生还 
1007952, 9.4, 1717, 蓝熊船长的13条半命 
1040397, 8.1, 9676, 假如给我三天光明 
6712255, 8.8, 3489, 天真的人类学家 
1068337, 9.7, 1258, 红楼梦 
3264642, 8.7, 3975, 似水流年 
1001924, 9.3, 1910, 三国演义 
3836566, 8.5, 5229, 玫瑰的名字 
23780881, 9.1, 2398, 深夜食堂 08 
4315361, 9.1, 2397, 最後的　族 
3283983, 9.2, 2133, 乡土中国 
1021346, 8.7, 3957, 股票作手回忆录 
1325507, 8.9, 3053, 江村经济 
1089523, 8.3, 6996, 七种武器（全三册） 
1157014, 8.8, 3464, 伤逝 
1485731, 9.6, 1382, 原动画基础教程 
1269182, 8.6, 4507, 叫魂 
4267149, 8.5, 5182, 人生 
1949068, 8.4, 5984, 最好的时光 
4199761, 8.4, 5974, 重新发现社会 
6974102, 7.7, 19242, 盗墓笔记8　大结局（下） 
3067169, 7.9, 13352, 丑陋的中国人 
1044772, 8.6, 4486, 雷雨 
1880829, 8.6, 4484, 呼啸山庄 
3274182, 8.4, 5961, 莲花 
2295324, 8.6, 4481, 地下乡愁蓝调 
3103080, 7.6, 23190, 须臾 
3905366, 7.8, 15855, 迟到的间隔年 
3714244, 9.6, 1365, 十日后 
3215305, 9.1, 2357, どうしても触れたくない 
1015864, 9.0, 2656, 惶然录 
6773643, 8.2, 8029, 橘生淮南　暗恋 
1102876, 9.0, 2648, 草房子 
3108835, 9.0, 2646, 让爱点亮 
4071842, 8.6, 4436, 路西法效应 
1047138, 7.7, 18958, 少年维特的烦恼 
2216583, 8.8, 3395, 沉重的肉身 
3115476, 8.8, 3395, 热夜之梦 
1016429, 8.6, 4431, 毛姆读书随笔 
1014914, 9.5, 1504, 英语魔法师之语法俱乐部 
1082271, 9.1, 2341, 射雕英雄传（全四册） 
1195590, 8.6, 4418, 带上她的眼睛 
1013469, 8.6, 4417, 战争与和平（全四册） 
1880986, 9.2, 2081, 悲惨世界（上下） 
1428691, 9.1, 2332, GON 
1038292, 8.6, 4402, 精神分析引论 
4242406, 8.5, 5060, 达芬奇密码 
3899039, 8.1, 9297, 刺猬的优雅 
1262986, 8.1, 9294, 我不是教你诈 
2253381, 9.3, 1852, 战争与和平（全四册） 
3442377, 8.6, 4388, 第三谎言 
1311280, 9.0, 2616, 灵魂的事 
1016631, 8.5, 5033, 西厢记 
1181379, 9.5, 1488, 牛津高阶英汉双解词典 （第六版） 
3765331, 8.6, 4371, 恋人絮语 
3137087, 8.8, 3346, 许三观卖血记 
1504957, 8.6, 4366, 学会提问 
3927199, 8.2, 7853, 后宫　甄　传VII 
2996596, 8.4, 5794, 特别的猫 
1394433, 8.4, 5786, 　宇 
2036561, 8.4, 5784, 城堡 
1461583, 9.3, 1836, 火　燎原 1 
1009273, 9.1, 2305, 三毛流浪记（全集） 
2064450, 8.5, 4992, 大败局Ⅱ 
3333989, 8.1, 9170, 荒废集 
1147193, 9.0, 2588, 世说新语 
26371317, 8.2, 7797, 24个比利 
3202110, 9.0, 2586, 世界一初恋    ~小野寺律の　合~ 
1055128, 9.0, 2584, 传奇(上下) 
6709834, 8.4, 5738, 爸爸爱喜禾 
10488563, 8.7, 3765, 宇宙尽头的餐馆 
10512236, 8.4, 5721, 时间的针脚 
2009825, 7.6, 22172, 绾青丝Ⅰ 
26755503, 8.9, 2904, 我可以咬一口吗 
25920202, 8.6, 4295, 泛若不系之舟 
4113090, 7.4, 33295, 我们台湾这些年 
5289756, 7.9, 12683, 爱的地下教育 
10583099, 9.2, 2028, 全球通史 
1105146, 8.9, 2895, 局外人 
1158934, 8.5, 4925, 钟表馆幽灵 
1856285, 7.3, 41215, 人生若只如初见 
1410145, 8.3, 6591, 诛仙3 
3413836, 8.4, 5678, 当下的力量 
1410555, 9.4, 1620, 20世　少年18 
2567730, 8.7, 3729, 我只能为你画一张小卡片 
6558708, 8.9, 2883, 稻草人手记 
1109968, 8.8, 3265, 英雄志（全三册） 
3698217, 8.6, 4253, 花田半亩 
1076685, 8.8, 3262, 李鸿章传 
1008729, 9.0, 2542, 朋友刀刀 
3114975, 9.0, 2542, 人　　球 
1139980, 9.3, 1797, 四　章句集注 
1092168, 9.1, 2253, 追忆似水年华（上下册） 
1859108, 8.8, 3249, 白痴 
1049957, 8.6, 4221, 浮士德 
21979017, 9.5, 1442, 魔戒 
1829614, 8.6, 4217, 琼美卡随想录 
1201821, 8.0, 10479, 梦的解析 
4289265, 8.5, 4843, 如果声音不记得 
1851058, 9.1, 2237, 约翰　克利斯朵夫（共四册） 
3013624, 9.1, 2236, 棋王.　王.孩子王 
5327690, 9.1, 2236, 浮生六记 
1471701, 8.8, 3227, 梦里花落知多少 
1382836, 8.7, 3676, 　城 
1012203, 7.6, 21596, 　寄生 
21371175, 9.1, 2234, 罗杰疑案 
2381950, 8.8, 3225, 论摄影 
1933931, 8.7, 3673, 沿着塞纳河到翡冷翠 
26344078, 8.9, 2837, 夜莺与玫瑰 
6952036, 9.2, 1986, 对伪心理学说不 
3930318, 9.0, 2507, 超越时空 
1255326, 9.0, 2506, 新月集　飞鸟集 
4086927, 8.5, 4806, 煮酒探西游 
4843155, 8.7, 3652, 呼兰河传 
1438816, 9.1, 2219, 给青年诗人的信 
20390101, 9.1, 2219, 深夜食堂 10 
4908882, 8.8, 3199, 罗生门 
11639625, 9.1, 2216, 深夜食堂 09 
1032581, 8.4, 5520, 胭脂扣 生死桥 
1357483, 9.2, 1973, 空之境界（上） 
3662230, 8.5, 4780, 七十年代 
1031526, 8.4, 5516, 一个广告人的自白 
2161700, 9.4, 1580, 乱世佳人 
6896252, 9.5, 1420, 麒麟之兵天血地 
1026411, 8.2, 7426, 你们 我们 他们 
4047637, 8.2, 7426, 1Q84 
1465007, 8.2, 7417, 生死疲劳 
1470158, 8.0, 10209, 圆舞 
25775445, 8.9, 2782, 睡不着：Tango一日一画 
1049348, 8.8, 3153, 万历十五年 
1216737, 8.9, 2780, 纯粹理性批判 
1031146, 8.9, 2773, 台北人 
1040466, 8.9, 2773, 谈美 
1437852, 9.5, 1404, 费恩曼物理学讲义（第1卷） 
1083089, 9.3, 1737, 博尔赫斯全集 
2253380, 9.1, 2177, 安娜　卡列尼娜 
5332713, 9.0, 2448, 人间是剧场 
5269222, 8.5, 4690, 一朵桔梗花 
4843456, 9.4, 1557, 金刚经　心经 
26647054, 9.2, 1937, 小王子（纯美珍藏绘本） 
1037060, 8.6, 4078, 曾国藩（上中下） 
3815126, 8.7, 3565, 瓦尔登湖 
4238162, 9.3, 1732, 昨日的世界 
1052360, 8.9, 2756, 卡尔维诺文集（第四卷） 
1082233, 9.2, 1932, 平凡的世界 
5038394, 8.8, 3122, 踮脚张望1 
3801097, 7.8, 14241, 夏天　烟火　我的尸体 
1420734, 9.2, 1930, 　水　　校 
3406518, 8.5, 4665, 追随她的旅程 
1212469, 8.9, 2749, 荷马史诗　伊利亚特 
1288916, 8.6, 4046, 伤心咖啡店之歌 
2129362, 8.0, 10004, 帝王业（上下） 
1063245, 7.6, 20601, 通稿2003 
2381748, 9.1, 2154, 金刚经 心经 坛经 
1002690, 8.8, 3104, 陈寅恪的最后20年 
1077492, 9.0, 2422, 大师和玛格丽特 
3715844, 8.6, 4027, 铁鼠之槛（下） 
1006004, 7.5, 25001, 樱桃之远 
2081876, 7.3, 38031, 货币战争 
1777678, 9.4, 1535, 笑傲江湖 
4159088, 7.8, 14058, 理想的下午 
3246904, 8.1, 8426, 蒂凡尼的早餐 
24738302, 9.2, 1909, 浪潮之巅（第2版）（套装上下册） 
3154624, 9.3, 1707, 一九八四 动物农场 
20425053, 7.7, 16827, 我所理解的生活 
2123957, 8.2, 7160, 绝对小孩 
1132550, 9.4, 1529, 宋词鉴赏辞典 
1003387, 8.5, 4590, 雪国 古都 千只鹤 
1534951, 8.9, 2709, 逃避自由 
24753751, 8.1, 8377, 向前一步 
4171951, 7.5, 24743, 失落的秘符 
1763806, 8.5, 4574, 万寿寺 
2567590, 8.9, 2701, 　手.流　　岸的花 
4169424, 7.9, 11627, 蛙 
2267883, 7.9, 11618, 色，戒 
1477437, 8.9, 2691, 唐人故事 
6016234, 8.8, 3050, 奇风岁月 
25717097, 8.7, 3465, 囚徒健身 
26264967, 8.3, 6074, 神们自己 
4120475, 9.3, 1684, 加缪全集 （小说卷） 
1001204, 7.9, 11555, 山居笔记 
2028068, 8.1, 8273, 后宫　甄　传Ⅱ 
3713327, 7.7, 16557, 圣女的救济 
1937228, 9.3, 1683, 百年孤独 
1258488, 9.0, 2371, 基地前传2　迈向基地（上下） 
1035326, 8.7, 3447, 一次?图片和故事 
24851460, 8.7, 3447, 历代经济变革得失 
3024282, 9.1, 2100, 傲慢与偏见 
1433411, 8.8, 3020, 新教伦理与资本主义精神 
5317075, 7.2, 46205, 蔡康永的说话之道 
4889838, 9.1, 2098, 鸟哥的Linux私房菜 
3218402, 8.2, 7014, 不负如来不负卿Ⅱ　大结局 
1319910, 9.2, 1870, 华夏意匠 
5243268, 8.5, 4503, 走向春天的下午 
1427788, 8.1, 8210, 死神01 
1818583, 9.1, 2095, 斯　茨威格中短篇小说选 
1441326, 9.5, 1353, A Game of Thrones 
6732193, 7.9, 11454, 十年一品温如言 
1848193, 9.3, 1672, PLUTO 001 
3071688, 8.7, 3427, 黄金时代 
20370889, 8.6, 3913, 霍比特人 
1949485, 9.0, 2351, 消失中的江城 
2310418, 8.8, 3005, 　　的安德烈 
1420794, 8.2, 6974, 诛仙4 
4010186, 8.6, 3902, 跌荡一百年（下） 
2084893, 9.1, 2085, 舒克和贝塔历险记 
1393724, 9.0, 2345, 楚辞 
1006113, 7.8, 13584, 源氏物语 
1769767, 9.3, 1663, 我在伊朗长大2 
11619743, 8.8, 2992, 长歌行 03 
2042633, 9.0, 2334, 金蔷薇 
11445548, 8.6, 3880, 自私的基因 
1037954, 8.4, 5126, 告别圆舞曲 
5320866, 8.3, 5939, 重来 
19962936, 8.7, 3388, 只是孩子 
1084413, 8.9, 2627, 边城 湘行散记 
7064313, 7.8, 13439, 突然就走到了西藏 
2028070, 7.8, 13332, 绾青丝Ⅱ 
2980812, 7.8, 13332, 踮脚张望的时光 
2165037, 8.8, 2951, 荒原狼 
1025721, 8.6, 3831, 新概念英语（2） 
1049477, 8.0, 9421, 一半是海水一半是火焰 
1065977, 8.6, 3830, 共产党宣言 
3730731, 8.0, 9417, 许我向你看（终结篇） 
2146279, 9.0, 2303, 心灵的焦灼 
1079252, 8.2, 6818, 爱情笔记 
1357739, 9.3, 1633, 空之境界（下） 
1863010, 9.2, 1822, 银河英雄传说VOL.2 野望篇 
5406559, 8.7, 3335, 鼠疫 
1434038, 8.8, 2932, 龙枪编年史（全三册） 
6313524, 9.1, 2037, 人生的枷锁 
1082182, 9.0, 2288, 魔戒（第三部） 
4908883, 9.0, 2287, 荒原狼 
1020241, 7.6, 19093, 千年一叹 
2057550, 8.5, 4351, 魅生　妖颜卷 
2336093, 7.8, 13140, 池袋西口公园 
2334419, 9.0, 2281, 葫芦兄弟 
4818929, 7.8, 13132, 夏至未至 
3711733, 8.6, 3785, 那个姐姐教我们的事 
3533221, 8.5, 4332, 非暴力沟通 
1400048, 8.5, 4329, 搜神记Ⅰ-神农使者 
2015357, 9.1, 2020, 王小波全集（第六卷） 
2025235, 9.1, 2020, 顾准文集 
1438602, 8.8, 2901, 白鹿原 
2240482, 8.0, 9233, 走到人生边上 
5940434, 8.3, 5749, 一个人的美食之旅 
1748232, 8.0, 9218, 忽而今夏 
1961970, 8.4, 4963, 沧海Ⅰ 
3013903, 8.1, 7828, 漫长的告别 
1540211, 9.4, 1444, 丁丁历险记（共22本） 
1085021, 8.2, 6678, 蝴蝶梦 
2376336, 8.4, 4950, 未央歌 
1914572, 7.6, 18788, 誓鸟 
1829836, 7.8, 12953, 品三国（上） 
1269900, 8.2, 6663, 活法 
2379314, 9.4, 1440, 福尔摩斯探案集（二） 
1436586, 9.1, 2003, 你真好 
2034893, 7.6, 18716, 那些男孩教我的事 
7060186, 8.3, 5708, GOTH断掌事件 
3558629, 8.4, 4929, 小强升职记 
1009160, 7.3, 34569, 像少年啦飞驰 
6249670, 8.8, 2868, 首无　作祟之物 
6516050, 8.2, 6626, 搭车去柏林 
1232186, 8.9, 2530, 黑暗精灵三部曲 
4105411, 8.1, 7740, 第八日的蝉 
4116629, 8.9, 2527, 希区柯克悬念故事集 
1418437, 8.7, 3251, 安德的影子 
3339812, 9.3, 1590, 木心作品八种 
26210487, 9.1, 1987, 强风吹拂 
1919644, 9.3, 1587, Ｊの　て　１ 
3926717, 8.5, 4239, 雷蒙德　卡佛短篇小说自选集 
1035362, 7.9, 10721, 神的孩子全跳舞 
3615048, 8.2, 6577, 异邦骑士 
10607710, 8.0, 9048, 世间的盐 
3018339, 7.7, 15293, 万物生长 
3089661, 9.1, 1978, 永远永远爱你 
1072334, 8.5, 4225, 魔戒前传 
2791877, 9.1, 1977, 2005
2303588, 8.1, 7664, 心理罪 
3834938, 8.3, 5630, 与神对话（第一卷） 
1962124, 8.5, 4220, 东京塔 
6890451, 9.2, 1763, 外天楼 
1019428, 8.0, 8996, 一九七三年的弹子球 
1524272, 8.9, 2499, 魔戒（第一部） 
2042338, 9.4, 1417, 银河英雄传说VOL.5 风云篇 
1000888, 9.0, 2214, 　　　　 
5423803, 8.2, 6523, 剑桥倚天屠龙史 
1087737, 8.9, 2494, 日本蜡烛图技术 
1440345, 7.8, 12637, 燕尾蝶 
1056023, 8.5, 4198, 鼠疫 
1072316, 9.1, 1965, 古代汉语（第一册） 
1088054, 9.2, 1754, TCP/IP详解 卷1：协议 
7064370, 9.2, 1753, 罗马人的故事2 
1013980, 8.6, 3653, 边城 
3717819, 9.0, 2204, 明朝那些事　 肆 
20501147, 9.3, 1569, 中国哲学简史 
2669319, 9.0, 2201, Flipped 
10569619, 8.5, 4179, 自由 
1270508, 8.7, 3193, 失焦 
2158192, 8.4, 4808, 寻羊冒险记 
1262979, 9.2, 1747, 基度山伯爵（上下） 
5336428, 9.1, 1953, 吉祥纹莲花楼终篇之青龙　白虎 
1083435, 8.7, 3179, 契诃夫短篇小说选 
1048537, 8.3, 5544, 布瓜的世界 
1008074, 7.5, 21994, 失乐园 
1310673, 9.3, 1559, 遥远的野玫瑰村 
1083432, 8.7, 3169, 巴黎圣母院 
1408254, 8.6, 3615, 宇宙尽头的餐馆 
25986341, 8.4, 4771, 万万没想到 
2245468, 9.2, 1735, 南京浩劫 
1023500, 7.6, 18006, 告别薇安 
3227098, 9.2, 1734, 编程珠玑 
3259587, 8.6, 3611, 我与狗狗的十个约定 
5367304, 8.3, 5510, 城邦暴力团（上） 
1474343, 9.1, 1938, 手绢上的花田 
1063796, 8.6, 3603, 小说的艺术 
1382840, 8.7, 3157, 背影 
3410709, 9.2, 1729, 中国哲学简史 
2033081, 8.2, 6394, 身份的焦虑 
1313159, 8.1, 7455, 大漠荒颜 
2083981, 8.7, 3141, 了凡四训 
5408858, 8.9, 2442, 建筑家安藤忠雄 
25737043, 9.2, 1721, 霸王别姬 
10440130, 8.8, 2761, 家庭日记 
1781300, 8.5, 4102, 玛塔 
5243775, 9.0, 2163, 聪明的投资者 
21242062, 8.2, 6353, 长相思 
3887826, 8.1, 7410, 我兔斯基你 
3260831, 9.0, 2157, 上学记 
25941890, 9.2, 1712, 海伯利安 
3337017, 9.4, 1379, 塔希里亚故事集Ⅱ 
10781730, 9.1, 1915, 深夜食堂 08 
2137767, 9.2, 1710, 霸王别姬 
3769738, 8.7, 3116, 万火归一 
1783111, 8.7, 3114, 存在与时间 
3313327, 8.6, 3551, 跌荡一百年（上） 
1083477, 7.8, 12194, 包法利夫人 
1033248, 8.9, 2420, 幸福之路 
2377310, 9.2, 1707, C专家编程 
1082147, 9.0, 2145, 热爱生命 
1582541, 9.2, 1705, 樱桃小丸子（全20册） 
1077778, 8.1, 7353, 爱的教育 
6003067, 9.5, 1238, 未来ちゃん 
1062694, 8.8, 2731, 荷马史诗　奥德赛 
4132801, 9.1, 1906, 城南旧事 
1181690, 8.6, 3539, 傅雷家书 
1478487, 7.8, 12147, 曼珠沙华 
2245889, 8.9, 2412, 多情剑客无情剑 
1889128, 8.4, 4665, 茶花女 
1877531, 8.8, 2725, 　手：　　　代的正　 
10540001, 8.9, 2406, 刀锋 
2050767, 8.6, 3528, 绿野仙踪 
1427302, 8.6, 3527, 罗生门 
3879026, 8.2, 6256, 死亡通知单 
1115353, 8.3, 5378, 奇特的一生 
2254582, 8.9, 2403, 以箭为翅 
1205372, 8.1, 7306, 茶花女 
1870268, 8.7, 3087, 美国大城市的死与生（纪念版） 
1017180, 8.3, 5371, 定位 
1292359, 8.4, 4641, 相约星期二 
4115227, 7.5, 21205, 岁月是朵两生花 
3464725, 8.2, 6239, 后宫　甄　传Ⅵ 
1034922, 8.9, 2398, 莎士比亚喜剧悲剧集 
4282084, 8.8, 2705, 论摄影 
1767310, 9.0, 2121, 黄金时代 黑铁时代 
3061282, 7.6, 17365, 山月不知心底事 
1076378, 9.1, 1887, 传统十论 
1840859, 9.6, 1108, 心经 
3164521, 8.8, 2698, 简爱 
11525217, 9.0, 2115, 银河帝国4：基地前奏 
1877969, 9.1, 1883, 经济学原理（第4版） 
1769769, 9.2, 1679, 我在伊朗长大3 
6558705, 8.5, 3990, 雨季不再来 
26374532, 8.9, 2376, 霍乱时期的爱情（2015年修订版） 
1951384, 8.4, 4589, 郁金香 
3448867, 9.0, 2101, 采桑子 
3259428, 8.5, 3974, 斜阳 
4202422, 8.3, 5288, 云图 
3880832, 8.2, 6145, 认得几个字 
1139360, 9.1, 1870, 毛泽东选集 第一卷 
4127574, 9.1, 1870, 受戒 
1062455, 8.4, 4571, 康熙大帝（共四册） 
1424693, 9.5, 1215, 下　後，怪　家　名 
1236999, 9.6, 1099, The  C Programming Language 
5914587, 8.5, 3962, 启示录 
3015357, 9.1, 1865, 美しいこと 上 
1083434, 8.6, 3457, 莫泊桑短篇小说选 
1258485, 8.9, 2358, 基地续集1　基地边缘（上下） 
1205367, 8.5, 3953, 呼啸山庄 
10555535, 8.9, 2355, 如果在冬夜，一个旅人 
1470159, 8.4, 4544, 流金岁月 
3432304, 9.1, 1859, 大江东去（共三部） 
11528306, 9.1, 1859, 银河帝国5：迈向基地 
3717833, 9.0, 2087, 明朝那些事　（　） 
4212812, 8.7, 3013, 紫川（全五册） 
1344161, 9.3, 1486, Harry Potter and the Goblet of Fire 
4143051, 8.6, 3417, 荆棘之城 
1275907, 8.3, 5203, 八十天环游地球 
2143904, 8.9, 2330, 进化心理学 
6007431, 8.4, 4494, 我不是完美小孩 
2002914, 9.2, 1645, 皮皮鲁和鲁西西全传 
2045811, 9.0, 2065, 张国荣的时光 
1433346, 8.7, 2987, 旁观者 
1000121, 8.5, 3891, 昆虫记 
1069885, 8.1, 7021, 你在天堂里遇见的5个人 
1400195, 8.7, 2979, 论自由 
4737325, 8.2, 6000, 维罗妮卡决定去死 
1762527, 9.1, 1829, 飞鸟集 
1902628, 8.3, 5154, 空谷幽兰 
1091224, 9.3, 1466, 基度山恩仇记 
6403593, 8.6, 3382, 时寒冰说 
3122477, 8.8, 2612, 魅生　涅　卷 
2296687, 8.5, 3864, 纸牌的秘密 
3662594, 8.1, 6966, 荒人手记 
3908903, 9.3, 1461, Fate/Zero Vol.4 [炼狱之炎] 
1003694, 9.1, 1822, 中国少年儿童百科全书 
1009777, 8.9, 2303, 彷徨 
1792984, 8.2, 5956, 一个女人的史诗 
6097966, 8.1, 6947, 发条橙 
26291984, 8.8, 2598, 最后的耍猴人 
1456183, 8.2, 5937, 我的帝王生涯 
4737478, 9.3, 1455, 银河英雄传说-全十册 
1468493, 7.6, 16475, 梦回大清 
6085181, 8.1, 6922, 二号首长 
1873900, 8.6, 3352, 变形记 
1777823, 8.1, 6919, 八十年代访谈录 
2377012, 8.6, 3350, 聆听父亲 
1313156, 8.0, 8115, 帝都赋 
26306686, 8.4, 4397, 创业维艰 
6430022, 8.7, 2930, 一路走来一路读 （增补本） 
2032141, 8.9, 2283, 陈寅恪魏晋南北朝史讲演录 
1812011, 9.0, 2026, 佛教的见地与修道 
4240543, 9.5, 1176, 一九八四 
3080607, 8.2, 5897, 我爱问连岳Ⅱ 
2069606, 9.2, 1612, 皮皮鲁和鲁西西 
10747883, 8.0, 8074, 怦然心动的人生整理魔法 
1344548, 8.1, 6871, 150cm Life 
1034066, 9.1, 1801, 加缪文集 
4258830, 8.3, 5062, 乌合之众 
2971446, 8.4, 4380, 桃花债 上 
5325618, 8.5, 3805, 高效能人士的七个习惯 
4097161, 9.1, 1798, 肖申克的救赎 
3615061, 7.5, 19771, 宿命 
1880823, 8.8, 2566, 格林童话 
2043828, 9.4, 1296, 银河英雄传说 
1769773, 9.2, 1605, 我在伊朗长大4 
10598170, 8.1, 6837, 我不要你死于一事无成 
1021709, 8.6, 3315, 桃花扇 
3075281, 8.6, 3313, 世界上所有的夜晚 
1882915, 8.9, 2265, 莎士比亚四大悲剧 
3265177, 8.7, 2906, 呼兰河传 
5952488, 9.1, 1792, 亲密关系（第5版） 
1844629, 8.5, 3788, 灿烂涅　 
1967817, 9.3, 1435, 银河英雄传说VOL.4：策谋篇 
4034009, 8.3, 5019, 剪刀男 
2275502, 8.1, 6803, 十年一觉电影梦 
1165173, 8.8, 2549, 务虚笔记 
25891318, 9.0, 2002, 1453 
25902942, 9.0, 2002, 文明之光（第一册） 
1080687, 8.1, 6790, 厨房 
3033729, 8.1, 6789, 后宫　甄　传V 
1081144, 9.3, 1430, 古　源 
1034106, 8.1, 6780, 威尼斯商人 
1436862, 9.3, 1429, バガボンド (20) 
1035862, 8.5, 3761, 人生 
1016880, 8.8, 2538, 道连　格雷的画像 
1318622, 8.8, 2535, 青铜葵花 
1059537, 8.7, 2876, 沉重的肉身 
1185908, 8.5, 3748, 东周列国志（上下） 
2149655, 7.7, 13291, 鬼吹灯Ⅱ之一　黄皮子坟 
1271510, 9.4, 1280, 棒球英豪（21-26） 
5355492, 9.1, 1770, 蒋勋说红楼梦（第二辑） 
2302217, 8.8, 2527, 阿特拉斯耸耸肩（上下） 
1397331, 8.9, 2235, 爷爷一定有办法 
1917417, 9.2, 1581, 银河英雄传说VOL.3 雌伏篇 
1313124, 8.2, 5752, 赢 
5252666, 8.8, 2519, 一个人漂泊的日子2 
1398441, 9.1, 1764, 汪曾祺散文 
1023658, 8.6, 3253, 许三观卖血记 
1044994, 9.3, 1413, 鲁迅全集(1) 
1873569, 9.3, 1413, 郑渊洁童话全集(33卷) 
1292412, 9.1, 1758, 叔本华思想随笔 
3264665, 8.6, 3243, 三十而立 
5939312, 8.2, 5719, 超　杀人事件 
2213684, 8.3, 4924, 又一春 
1028693, 8.0, 7826, 骆驼祥子 
1045201, 8.2, 5713, 哲学的慰藉 
4108541, 8.6, 3239, 回国驯火记 
1361337, 8.9, 2217, 　上的男爵 
2269576, 8.7, 2842, 魅生　凤鸣卷 
2076886, 9.1, 1755, 甲骨文 
2267648, 9.1, 1754, 天堂之吻 
1010204, 8.5, 3701, 宽容 
2973081, 9.2, 1568, 浪漫的逃亡 
1393447, 9.1, 1751, 忧郁的热带 
5395724, 8.5, 3695, 华丽人生 
1058520, 8.9, 2211, 炼金术士 
6392683, 8.6, 3228, 小星星通信 
1867642, 7.7, 13035, 世界是平的 
1460340, 8.9, 2205, 人性的，太人性的 
4173403, 7.7, 13018, 温柔的叹息 
1014903, 9.5, 1137, 脂砚斋重评石头记甲戌校本 
1467587, 9.0, 1951, UNIX编程艺术 
21617765, 8.9, 2195, 亲爱的安德烈 
3888123, 8.6, 3202, 写作这回事 
1038241, 8.7, 2810, 兄弟连 
3822618, 8.9, 2192, 巨流河 
2379319, 9.4, 1255, 福尔摩斯探案集（四） 
3908784, 9.1, 1731, Fate/Zero Vol.1 [第四次圣杯战争秘话] 
3165386, 8.6, 3187, 庆余年　肆 
3674353, 7.7, 12873, 沥川往事 
1436276, 8.7, 2797, 建筑：形式、空间和秩序 
2003111, 9.1, 1727, 格林童话 
4259314, 8.3, 4825, 人间失格 
1034108, 7.2, 35121, 零下一度 
1064223, 9.1, 1725, 夹边沟记事 
4241023, 8.9, 2175, 吾国与吾民 
2149717, 8.9, 2174, 庄子　　（上） 
2981573, 8.8, 2456, 悟空传 
1147347, 8.8, 2455, 改变心理学的40项研究 
1819978, 8.5, 3627, 温莎墓园日记 
3719342, 9.2, 1540, 乡土中国 
1399992, 8.9, 2171, 天渊 
1033163, 9.2, 1539, 老子注译及评介 
2121010, 8.8, 2452, 我妈妈 
1039079, 9.0, 1928, 写在人生边上 写在人生边上的边上 石语 
6811366, 8.3, 4796, 禅与摩托车维修艺术 
1316606, 8.6, 3161, 　　　 
1417385, 8.9, 2166, 博尔赫斯诗选 
23780878, 9.1, 1716, 深夜食堂 06 
24541883, 8.1, 6487, 消失的爱人 
1229923, 9.0, 1924, 重构 
2117875, 8.8, 2442, 我爸爸 
1872158, 8.2, 5547, 蝇王 
1079104, 8.6, 3151, 尼采：在世纪的转折点上 
2015109, 8.9, 2157, 海子的诗 
1441707, 8.2, 5533, 小蝴蝶小披风 
25873686, 8.6, 3142, 琅琊榜（全三册） 
1451270, 9.2, 1525, 纪伯伦诗集 
24829798, 8.6, 3134, 解　　　店 
1199026, 8.9, 2147, 小王子 
1000856, 7.9, 8887, 我是猫 
1315213, 9.0, 1904, 中国文化要义 
1119528, 7.9, 8856, 高老头 
1829799, 8.7, 2740, 爱的觉醒 
1894745, 8.4, 4097, 简　爱 
23780880, 9.1, 1695, 深夜食堂 07 
2117871, 8.8, 2414, 大卫，不可以 
3643270, 9.1, 1693, 新千年文学备忘录 
6114393, 8.1, 6379, 大家都有病 
1926289, 9.2, 1511, 三国志 
10553760, 8.9, 2129, 时光电影院 
2298674, 8.9, 2128, 　　的安德烈 
1052074, 8.7, 2723, 喧哗与骚动 
1456692, 8.5, 3544, 金瓶梅 
1433572, 9.2, 1508, 随风而来的玛丽阿姨 
1002375, 9.5, 1102, 红楼梦 
1361258, 8.3, 4694, 　舞 
6526752, 8.8, 2399, 生命之书 
2986026, 9.0, 1888, 沉默的大多数 
3580750, 8.2, 5439, 潜规则（修订版） 
3129584, 8.8, 2395, 莎乐美 
1076045, 7.6, 14940, 连城诀 
2969572, 8.1, 6333, 后宫　甄　传Ⅳ 
1151873, 8.2, 5431, 我是你爸爸 
20441957, 8.7, 2714, 兄弟 
1048930, 9.0, 1884, 联邦党人文集 
1721111, 8.6, 3086, 周国平人生哲思录 
3244065, 8.6, 3086, 庆余年　伍 
26768309, 8.1, 6321, 查令十字街84号 
1478890, 8.5, 3521, 杀手 
3165135, 8.5, 3520, 庆余年　贰 
1068308, 7.6, 14855, 雪山飞狐 
1449626, 8.7, 2701, The Catcher in the Rye 
3277199, 8.1, 6296, 多田便利屋 
1055234, 8.5, 3513, 神曲（全三册） 
1207819, 8.1, 6292, 过把瘾就死 
1752349, 8.7, 2698, 胡雪岩（全三册） 
1762096, 9.4, 1210, 百年孤独 
2080914, 9.4, 1210, 银河英雄传说VOL.8 乱离篇 
1078554, 8.0, 7370, 情人 
2161691, 8.3, 4648, 伊索寓言 
1462162, 8.5, 3504, 牛虻 
3274851, 8.0, 7347, 原谅我红尘颠倒 
3323987, 7.3, 26908, 杜拉拉2华年似水 
2382094, 7.8, 10276, 绾青丝Ⅳ（上） 
1481311, 8.7, 2688, 沙丘 
1382842, 8.8, 2369, 　　花落知多少 
5940553, 8.8, 2369, 当尼采哭泣 
3043491, 7.7, 12255, 浮沉 
5288327, 8.3, 4626, 鸟，看见我了 
1279648, 8.4, 4009, 天使在人间 
5446490, 8.7, 2683, 宇宙奇趣全集 
1019628, 8.7, 2682, 卡夫卡中短篇小说选 
3621542, 8.4, 4005, 蓝房子 
1009270, 8.8, 2365, 中国建筑史 
2212325, 8.6, 3051, 魅生　幻旅卷 
1152745, 9.1, 1661, 花香小镇 
2042629, 8.7, 2680, 九三年 
1089049, 9.3, 1335, 莎士比亚全集（全8册） 
1452923, 8.0, 7314, 九州　斛珠夫人 
1016845, 9.1, 1658, 史努比黄金50年 
1277275, 9.2, 1483, 学术与政治 
4905854, 8.9, 2088, 将饮茶 
1070685, 8.1, 6222, 永远的普罗旺斯 
1003079, 9.5, 1084, 红楼梦 
10785583, 8.2, 5336, 思考，快与慢 
1962409, 8.3, 4602, 不去会死！ 
1401795, 8.6, 3039, 时间的玫瑰 
3297888, 8.4, 3988, 云雀叫了一整天 
2982257, 8.9, 2084, 面朝大海 春暖花开 
25639223, 8.3, 4592, 身边的江湖 
2382087, 7.8, 10162, 绾青丝Ⅳ（下） 
4822685, 9.2, 1478, 编码 
1051919, 9.3, 1327, 庄子今注今译（全三册） 
6310946, 9.1, 1649, 公正 
24257486, 9.0, 1847, 局外人 
1925933, 8.9, 2076, 浮生六记 
1433835, 9.1, 1647, The Elements of Style
25709685, 9.6, 977, 守望者 上 
4872919, 8.7, 2653, 美妙的新世界 
5394309, 8.4, 3956, 简约至上 
1915536, 7.3, 26401, 尘埃星球 
2330635, 8.6, 3015, 九州　秋林箭 
25747217, 8.6, 3015, 只有医生知道！2 
5380266, 8.0, 7225, 怪笑小说 
4118599, 8.3, 4561, 武侠，从牛A到牛C 
3003258, 9.2, 1470, 阿莱夫 
3740431, 8.4, 3951, 灵魂只能独行 
10807374, 8.7, 2646, 浮生若梦1 
1089991, 9.1, 1641, 期货市场技术分析 
6088152, 8.0, 7212, 千秋 
1066108, 8.6, 3008, 易经杂说 
2005705, 9.1, 1639, 唐宋词十七讲 
7647487, 8.7, 2641, 时间的形状 
3395865, 9.1, 1638, 北　熊 café 
3266968, 7.3, 26266, 秘密 
5290370, 8.6, 3001, 禅的行囊 
11528307, 9.0, 1833, 银河帝国6：基地边缘 
1803641, 8.8, 2326, 小公主 
2277299, 8.3, 4528, 当下的力量 
1418053, 9.1, 1632, 思考少年1 
26704403, 9.1, 1631, 二手时间 
10757938, 9.0, 1827, 半生缘 
10945834, 9.4, 1182, 蝙蝠侠：黑暗骑士归来 
1751925, 8.3, 4516, 引玉 
5993314, 8.0, 7146, 安吉拉　卡特的精怪故事集 
3227478, 8.9, 2051, 电影艺术（插图第8版） 
10767124, 8.6, 2981, 乡村教师 
1035477, 7.8, 9965, 德伯家的苔丝 
1948922, 8.3, 4505, 面纱 
1863163, 8.4, 3902, 异兽志 
25735727, 8.2, 5214, 站在两个世界的边缘 
1099975, 9.3, 1305, 小王子 
1987495, 8.5, 3396, 沧海Ⅱ 
1040481, 8.8, 2305, 全球通史 
2066374, 9.1, 1621, 返璞归真 
2073521, 9.2, 1451, 三毛全集 
1849791, 8.5, 3390, 铁皮鼓 
1082593, 9.1, 1619, 经济学 
2052596, 8.2, 5199, 退步集续编 
1343089, 8.3, 4485, LA流浪　 
1291199, 8.7, 2607, 过于喧嚣的孤独 底层的珍珠 
1016595, 8.3, 4479, 雍正皇帝（全三册） 
1420368, 7.6, 14187, 裂锦 
1470866, 8.7, 2601, 占星术杀人魔法 
10758290, 9.4, 1171, 东晋门阀政治 
1925218, 7.4, 20919, 翻译官 
11528350, 8.8, 2289, 哈扎尔辞典（阳本） 
2271582, 8.4, 3867, 又来了，找死的兔子 
3244068, 8.5, 3368, 庆余年　陆 
1436348, 7.7, 11745, 八月未央（修订版） 
4156422, 8.7, 2588, 时间的玫瑰 
3449759, 8.3, 4441, 一个人漂泊的日子① 
1258486, 8.8, 2280, 基地续集2　基地与地球（上下） 
4225582, 8.6, 2937, 寂地 
3391246, 8.2, 5138, 潮骚 
20453024, 8.6, 2933, 不要因为走得太远而忘记为什么出发 
1025336, 7.9, 8249, 慢 
2294993, 8.2, 5127, 纽约琐记（修订版） 
1433726, 8.1, 5971, 诛仙5 
4067626, 8.1, 5966, 重力小丑 
1970845, 9.3, 1285, 野草 
1475048, 8.0, 6960, 150cm Life 2 
1033843, 8.7, 2562, 张看（上下） 
1454687, 9.0, 1783, 政府论（下篇） 
3302645, 8.1, 5932, 我在雨中等你 
1030503, 9.2, 1423, 东晋门阀政治 
1467382, 8.4, 3807, 镜　龙战（上） 
1037716, 8.7, 2554, 我的灵魂骑在纸背上 
1240002, 9.2, 1422, C Primer Plus 
1430530, 8.2, 5079, 汤姆叔叔的小屋 
1733250, 8.4, 3802, 韩寒五年文集（上下） 
2081975, 8.7, 2550, 七色花 
5275500, 7.7, 11515, 尘曲 
1030469, 8.2, 5068, 青鸟 
4213995, 7.7, 11499, 黑笑小说 
2214350, 8.4, 3792, 幻影书 
3143537, 9.3, 1274, 津巴多普通心理学 
2345548, 8.3, 4369, 学习之道（第2版） 
1066558, 9.4, 1148, 卡拉马佐夫兄弟（上下） 
3183785, 7.7, 11488, 爱你，是我做过最好的事 
2054916, 9.3, 1273, 银河英雄传说VOL.6 飞翔篇 
1874411, 8.5, 3302, 乞力马扎罗的雪 
1317857, 9.2, 1416, 牡丹亭 
3688489, 7.8, 9609, 异类 
1083429, 8.7, 2536, 爱伦　坡短篇小说集 
1152495, 9.2, 1412, 白鹦鹉的森林 
2300626, 7.5, 16609, 蔓蔓青萝（全2册） 
3000997, 7.6, 13713, 牛奶可乐经济学 
26376603, 8.1, 5851, 秘密花园 
2699701, 7.6, 13677, 歌尽桃花 
5171244, 8.6, 2867, 把时间当作朋友 
1849409, 9.1, 1565, 易经 
5921213, 8.5, 3261, MBA教不了的创富课 
1706150, 8.9, 1966, 额尔古纳河右岸 
5253759, 9.3, 1258, 中国哲学简史 
1288925, 8.8, 2215, 五味 
2349930, 8.8, 2212, 秘密花园 
2201813, 7.5, 16367, 藏地密码1 
1489670, 8.7, 2502, 老子他说 
3608170, 8.0, 6773, 我想吃一个小孩 
1084257, 8.9, 1959, 别闹了，费曼先生 
2165076, 9.0, 1743, 玻璃球游戏 
1906681, 8.8, 2209, 猎人们 
10436418, 8.9, 1958, 战争与革命中的西南联大 
4208780, 8.1, 5775, 流浪集 
1057197, 8.1, 5774, 无知 
10561209, 8.9, 1955, 全职高手1　放逐斗神 
3830557, 9.3, 1251, 恐怖　物店(01) 
25808222, 8.2, 4954, 黄 
3399073, 9.1, 1552, 　造　明的思路 
5347699, 7.8, 9395, 彷徨之刃 
1880824, 8.6, 2830, 一千零一夜 
5299409, 8.6, 2830, 犹记斐然 
1136988, 8.9, 1949, 命若琴弦 
3391245, 8.4, 3700, 假面自白 
1961808, 9.2, 1387, 呐喊 
2747765, 8.9, 1946, 中国古代文化常识 
3165385, 8.5, 3224, 庆余年　叁 
1830208, 8.3, 4258, 尼罗河的女儿（第一部） 
4060362, 9.1, 1546, 猫城小事 
2063329, 8.4, 3694, 包法利夫人 
1393903, 8.7, 2482, 交往与空间 
1073333, 8.7, 2478, 我的妈妈是精灵 
1982001, 8.6, 2816, 月牙儿 
1425636, 8.7, 2477, 杯雪　夜雨打金荷 
3055719, 8.7, 2472, 经济学的思维方式（第11版） 
3664754, 8.1, 5708, 米娅，快跑 
4016689, 9.1, 1539, 王小波全集（第一卷 杂文） 
1044316, 8.4, 3674, 瓦尔登湖 
1476533, 8.4, 3670, 镜　龙战（下） 
20279673, 9.4, 1116, 福尔摩斯探案全集（全七册） 
2266490, 9.2, 1376, 白夜行（上） 
1030366, 8.1, 5683, 身份 
3227126, 8.2, 4877, 30分老妈 
4237837, 9.0, 1714, 月亮忘记了 
1090575, 8.5, 3186, 金拇指 
5938333, 8.8, 2168, 三　 
1315190, 8.8, 2164, 想象的共同体 
3785741, 8.0, 6612, 死神的精确度 
1322358, 9.0, 1706, 费马大定理 
4745949, 8.7, 2445, 第二性Ⅰ 
10601137, 7.7, 10952, 你永远都无法叫醒一个装睡的人 
6391328, 9.0, 1704, 踮脚张望2 
26297606, 7.6, 13138, 从0到1 
1417878, 8.5, 3163, 里尔克诗选 
3901238, 7.6, 13111, 历史是个什么玩意儿1 
10472702, 8.1, 5623, 重说中国近代史 
20278799, 7.6, 13105, 三十六大 
5410174, 9.1, 1519, 万物刹那又永恒 
26672693, 9.0, 1700, 一个叫欧维的男人决定去死 
1011662, 7.9, 7732, 再袭面包店 
1007334, 7.2, 29317, 草样年华 
1924318, 8.9, 1907, 汪曾祺谈吃 
1092965, 8.3, 4160, 智齿 
3289274, 9.1, 1515, 万历十五年 
1061029, 8.8, 2147, 杜尚访谈录 
26616226, 9.2, 1358, 小王子 
1015123, 8.7, 2429, 生存手册 
5913472, 9.4, 1101, 蒋勋细说红楼梦 
1444077, 9.2, 1357, 汪曾祺小说经典 
1203258, 8.4, 3604, 巴黎圣母院 
1054760, 9.0, 1691, 枪炮、病菌与钢铁 
1089515, 7.9, 7680, 武林外史（上下） 
1006073, 7.6, 12991, 七月与安生 
3871911, 8.4, 3595, 大树 
1088028, 8.4, 3593, 海底两万里 
25708359, 8.4, 3592, 了不起的盖茨比 
1052212, 8.8, 2133, 我们仨 
1182173, 8.9, 1892, 炒股的智慧 
1221327, 8.5, 3126, 少年Pi的奇幻漂流 
1007178, 8.3, 4123, 功夫 
20469374, 8.8, 2129, 长歌行 04 
3825658, 7.8, 9028, 全世爱Ⅱ　丝婚四年 
11501640, 8.4, 3575, 柔软 
1489494, 8.5, 3115, 人与永恒 
1705507, 8.0, 6469, 胭脂扣 
3132477, 9.0, 1677, 城南旧事 
4737329, 7.8, 9007, 龙族Ⅰ 
5290534, 7.8, 8990, 为了报仇看电影 
2243692, 7.8, 8986, 潜水钟与蝴蝶 
5905348, 8.2, 4743, 笑谈大先生 
10546125, 9.3, 1206, JavaScript高级程序设计（第3版） 
1215310, 9.1, 1490, 罗杰?艾克罗伊德谋杀案 
4124716, 8.6, 2707, 汉字书法之美 
1828090, 9.2, 1333, River Town 
1963786, 8.5, 3085, 怎样鉴别黄色歌曲 
6731566, 8.6, 2703, 一个人去跑步 
1045119, 8.9, 1866, 宇宙的琴弦 
1064707, 8.7, 2379, 从卡夫卡到昆德拉 
2070068, 9.3, 1198, 银河英雄传说VOL.7 怒涛篇 
1014385, 9.0, 1661, 新概念英语（4） 
1005354, 9.1, 1484, 逻辑哲学论 
3191247, 8.7, 2377, 好兆头 
3842847, 8.6, 2700, 深河 
1919072, 7.7, 10587, 长尾理论 
3640067, 8.7, 2373, 革命之路 
1469051, 7.1, 35414, 左耳 
1668021, 8.1, 5449, 寻秦记 
10768068, 8.4, 3518, 寻欢作乐 
1050566, 8.0, 6366, 一地鸡毛 
1255237, 8.5, 3068, 纸牌的秘密 
1491239, 8.5, 3068, 吾国与吾民 
3111691, 8.5, 3068, 桃花债(下) 
4749115, 7.5, 15268, 蔡康永的　　之道 
4115698, 8.9, 1856, 京华烟云 
1082446, 9.2, 1325, 南怀瑾选集（第一卷） 
1772158, 9.0, 1651, The Kite Runner 
4871447, 7.5, 15229, 东宫 
1442040, 8.2, 4666, 麦田里的守望者 
1457226, 9.2, 1322, ROUGH 
1842426, 9.5, 971, Effective C++ 
1013001, 7.9, 7451, 森林唱游 
1050929, 8.7, 2358, 隐蔽的秩序 
3410833, 8.6, 2675, 给青年艺术家的信 
6742586, 7.8, 8796, 我不是潘金莲 
3831788, 8.0, 6322, 逃离 
2073345, 8.7, 2353, 拜伦 雪莱 济慈 抒情诗精选集 
2042562, 8.8, 2079, 水浒传 
2281912, 7.7, 10464, 醉玲珑（上卷） 
1013457, 9.1, 1469, 给一个青年诗人的十封信 
1055301, 8.5, 3043, 世界上最疼我的那个人去了 
4312810, 8.6, 2668, 裸猿 
4745950, 9.2, 1316, 第二性Ⅱ 
4881998, 8.4, 3484, 猜火车 
2300010, 8.5, 3041, 夜访吸血鬼 
1939182, 8.0, 6303, 美国众神 
1040632, 8.5, 3039, 木偶奇遇记 
3024497, 8.4, 3480, 天浴 
1015748, 8.9, 1840, 开放社会及其敌人（全二卷） 
3264644, 8.8, 2072, 地久天长 
1049190, 8.1, 5376, 森林里的秘密 
1072126, 9.1, 1462, 我是霸王龙 
6079389, 9.2, 1311, 我与地坛 
26641665, 9.0, 1635, 切尔诺贝利的悲鸣 
1204488, 8.4, 3467, 格兰特船长的儿女 
1880987, 8.5, 3026, 安娜　卡列尼娜 
1400049, 8.6, 2653, 搜神记Ⅱ　大荒惊变 
1821232, 8.5, 3021, 谢谢你毛毛兔，这个下午真好玩 
4872222, 8.3, 3981, 当我谈跑步时，我谈些什么 
1437973, 8.7, 2332, 亲密关系 
4734066, 9.1, 1457, 枕头人 
1045365, 8.6, 2647, 恶之花 
1021056, 7.2, 27675, 谁动了我的奶酪？ 
1088805, 9.1, 1456, 中国古典园林分析 
4252125, 8.7, 2326, 吉祥纹莲花楼　玄武 
1472946, 8.4, 3444, 《华尔街日报》是如何讲故事的 
2570719, 8.3, 3963, 诛仙全集（全六册） 
3002878, 8.7, 2321, 优势谈判 
3026875, 8.7, 2317, 幕后凶手 
3903387, 7.7, 10271, 香蜜沉沉烬如霜 
2365418, 9.0, 1619, 小　?秒速5センチメ恁去 
2046977, 8.1, 5306, 我是猫 
3007268, 9.3, 1168, 传习录 
2213781, 8.5, 2992, 沧海Ⅳ 
6041708, 8.4, 3425, 世上另一个我(修订版) 
1015398, 8.8, 2039, 卡尔维诺文集（第二卷） 
1024062, 9.5, 950, 卡拉马佐夫兄弟 
1643566, 9.2, 1291, 基督山伯爵 
2193876, 8.8, 2034, 浮士德 
1065799, 8.5, 2975, 男生贾里全传 
2969420, 9.5, 949, 抵岸 
3124386, 9.0, 1607, 大唐狄公案 
6392685, 8.2, 4528, 奈良美智　用小刀划开 
2143016, 9.1, 1436, 我，机器人 
11498199, 8.3, 3913, 只有你听到Calling You 
10343062, 8.3, 3911, 暗恋 
1015104, 9.3, 1158, 陶渊明集 
1474736, 9.0, 1603, 鲁迅杂文全集 
1785397, 9.3, 1156, 基度山伯爵（全四册） 
1224279, 9.2, 1284, 中国法律与中国社会 
6797396, 8.5, 2954, 焚舟纪 
1048441, 8.3, 3887, 透明的哀伤 
6003716, 9.1, 1427, 蒋勋说红楼梦（第三辑） 
3402999, 8.5, 2948, 到灯塔去 
4732188, 8.1, 5214, 中央公园西路 
4075203, 9.1, 1425, 鼠族（一、二部） 
2283920, 8.6, 2583, 西方哲学史 
24736899, 8.0, 6086, 雪国 
3003032, 9.2, 1278, 浪漫主义的根源 
1014144, 8.3, 3876, 大卫　科波菲尔（上下） 
1082696, 8.4, 3369, 枕草子 
6835758, 8.7, 2274, 平凡的世界 
1009094, 8.6, 2580, 古都 
2142602, 9.3, 1148, 银河英雄传说VOL.10 落日篇 
2271177, 7.7, 10033, 青春酷语（第四辑） 
4903265, 9.1, 1421, 亲爱的提奥 
4741216, 7.3, 21616, 我的奋斗 
2042907, 7.8, 8424, 品三国（下） 
20429677, 7.6, 11994, 大数据时代 
6139592, 8.1, 5181, 11处特工皇妃 
2148363, 9.4, 1034, 烙印　士 1 
20376604, 9.2, 1272, 源泉 
1076330, 8.9, 1776, 奥狄浦斯王 
1231590, 9.2, 1270, Effective C++中文版 
20397330, 8.8, 1998, 小李飞刀1：多情剑客无情剑（上中下） 
3101021, 8.7, 2258, 极权主义的起源 
3584141, 8.1, 5160, 流水迢迢（全两册） 
4928387, 7.5, 14362, 单恋 
11530078, 9.5, 931, 经济学原理 
4906195, 8.3, 3829, 人间烟火 
3279284, 7.8, 8335, 像少年啦飞驰 
1416954, 8.1, 5134, 　寄生 
2340167, 7.9, 7042, 醉玲珑（下卷） 
1009739, 9.3, 1135, 海子诗全编 
1436959, 8.7, 2242, 搜神记Ⅵ　似是故人来 
11612936, 7.6, 11835, 古董局中局 
1051714, 8.2, 4408, 等待戈多 
11602267, 8.9, 1760, 羊道　春牧场 
2128938, 8.8, 1979, 海底两万里（共二册） 
4151117, 8.5, 2892, 阴翳礼赞 
1009789, 9.5, 926, 道德经 
6397522, 9.4, 1022, 论自由 
2135416, 9.3, 1131, 银河英雄传说VOL.9 回天篇 
1007045, 8.4, 3305, 茶花女 
1291211, 8.6, 2533, 干校六记 
4912688, 8.5, 2886, 干校六记 
1793132, 7.5, 14202, 白马啸西风 
1026317, 7.7, 9830, 可爱的骨头 
1501873, 8.3, 3796, 中日交流标准日本语（新版初级上下册） 
1441931, 9.3, 1128, 福尔摩斯探案集(五) 
1070007, 8.8, 1968, 致命的自负 
1005325, 8.4, 3289, 童年的消逝 
4143274, 8.1, 5075, 忽而今夏 
1596305, 7.0, 40836, 泡沫之夏 
5446815, 8.1, 5073, 十　　　　的中　 
1457028, 8.9, 1746, 管理的实践 
3590768, 9.1, 1392, JavaScript语言精粹 
2117872, 8.9, 1745, 花婆婆 
1485597, 8.6, 2518, 傅雷家书 
7154675, 8.9, 1744, 怦然心动 
10743137, 7.7, 9757, 绿皮火车 
1894695, 9.0, 1554, 营销管理 
4199363, 8.6, 2516, 九人 
1079838, 8.7, 2217, 湘行散记 
25796120, 8.8, 1961, 小径分岔的花园 
4066045, 9.3, 1123, 超合金社团5 
10794792, 9.2, 1247, 受戒 
1704006, 8.0, 5905, 边城浪子（上下） 
2000641, 8.2, 4354, 求医不如求己 
4252115, 8.7, 2215, 吉祥纹莲花楼　朱雀 
5248516, 9.3, 1122, 改变心理学的40项研究 
1054181, 8.8, 1957, 牧羊少年奇幻之旅 
5367303, 8.4, 3271, 城邦暴力团（下） 
1015375, 8.7, 2207, 现代化的陷阱 
2275635, 8.9, 1734, 如何说孩子才会听，怎么听孩子才肯说 
1793713, 8.3, 3743, 中国北方的情人 
10797092, 8.6, 2496, 蒋介石与现代中国 
1018482, 8.0, 5852, 汤姆?索亚历险记 
1187107, 9.5, 912, Gone with the Wind 
25717151, 9.2, 1236, 基督山伯爵（上下） 
1010349, 8.0, 5841, 丰乳肥臀 
1020547, 8.9, 1723, 论语新解 
1491153, 8.7, 2191, 曾国藩家书 
2120339, 8.6, 2484, 是谁嗯嗯在我的头上 
1078809, 8.0, 5827, 三重门 
1161817, 8.7, 2187, 洛克菲勒留给儿子的38封信 
26886310, 9.1, 1372, 有匪1 
1860757, 8.0, 5806, 少年维特的烦恼 
1045862, 8.5, 2817, 第五项修炼 
1448645, 8.8, 1927, 鳄鱼怕怕牙医怕怕 
4266008, 8.3, 3692, 给一个未出生孩子的信 
1008732, 8.4, 3212, 失败之书 
1032967, 9.1, 1364, 说文解字 
1257218, 8.9, 1709, 果壳中的宇宙 
1317899, 8.1, 4948, 生死场 
4169341, 8.3, 3690, 水问 
1036787, 9.2, 1224, 昨日的世界 
1010888, 8.4, 3208, 一路走来一路读 
1920550, 9.2, 1223, 圣经 
1839492, 9.2, 1221, 傲慢与偏见 
25907864, 9.6, 817, 守望者 下 
1507256, 8.8, 1914, 吸血鬼猎人/猎命师传奇 
1762129, 8.3, 3667, 昆仑前传 
3759806, 8.4, 3189, 西藏一年 
25749845, 8.8, 1909, 把时间当作朋友（第3版） 
2255873, 9.0, 1512, 局外人 鼠疫 
1152564, 9.2, 1215, 黄昏海的故事 
5262872, 7.9, 6714, 此时此地 
10464337, 8.3, 3655, 三国机密（上） 
1449957, 9.1, 1351, 烙印勇士1 
3311009, 7.2, 24880, 原来你非不快乐 
1088089, 8.5, 2775, 风云第一刀 
3033690, 8.0, 5703, 24重人格 
2983683, 9.3, 1091, 经济学 
1469878, 8.6, 2434, 日瓦戈医生 
1038196, 8.4, 3170, 尤利西斯 
2050768, 8.5, 2768, 夏洛的网 
1489401, 9.2, 1209, 安徒生童话 
1949925, 8.1, 4872, 沉落的黄昏 
4908872, 8.6, 2427, 都柏林人 
1770668, 8.0, 5677, 诛仙6 
2057281, 8.4, 3158, 沧海Ⅲ 
1050465, 9.0, 1501, 浮生六记 
4202004, 8.7, 2136, 文明的冲突与世界秩序的重建 
1949011, 8.1, 4856, 一　爹爹三　娃 
1029068, 8.8, 1888, 我爱你，妈妈 
4154988, 8.0, 5647, 纯真博物馆 
2326273, 8.8, 1883, 欧洲中世纪史 
1074841, 7.5, 13370, 葵花走失在1890 
4140380, 8.7, 2123, 第七重解答 
1091086, 9.1, 1334, 深度探索C++对象模型 
5264779, 7.4, 16182, 背包十年 
2295912, 8.9, 1669, 佩德罗　巴拉莫 
3178741, 9.2, 1197, 来自民间的叛逆 
4898712, 8.3, 3594, 奇想　天动 
1211267, 8.5, 2734, 阿甘正传 
25829434, 8.0, 5611, 暗恋　橘生淮南 
2267630, 8.3, 3589, 凯尔特的薄暮 
1028780, 7.6, 11037, 三个A Cup的女人 
19995918, 8.2, 4138, 蛙 
2251691, 8.7, 2113, 弗兰妮与祖伊 
1422079, 9.0, 1484, 十二　　：月之影　影之海（上） 
4163938, 8.7, 2110, 软件随想录 
1874488, 8.1, 4790, 别做正常的傻瓜 
10764013, 8.8, 1868, 克罗诺皮奥与法玛的故事 
1850710, 8.6, 2391, 街道的美学 
1071023, 8.6, 2389, 谈谈方法 
1899006, 9.1, 1325, 我想去看海 
1083257, 7.4, 16025, 烈火如歌 
5291181, 8.3, 3566, Blood X Blood：血族传说 
4098989, 8.2, 4116, 我的青春从爱你开始 
1885213, 8.4, 3103, 三个火枪手 
1076598, 8.7, 2102, 宋诗选注 
1607112, 8.7, 2102, 小李飞刀系列 
1792749, 8.5, 2712, 等待戈多 
1082159, 8.2, 4108, 沉默的羔羊 
6890671, 8.2, 4108, 一天 
3111928, 8.1, 4766, 安迪　沃霍尔的哲学 
1009043, 8.4, 3098, 日出 
3800022, 8.2, 4104, 活出全新的自己 
26697350, 9.2, 1185, 极简宇宙史 
20428922, 8.4, 3091, 学会提问 
2138971, 8.9, 1649, 黑猫警长 
2033349, 8.7, 2094, 一个分成两半的子爵 
1125556, 8.6, 2372, 朝花夕拾 
1437969, 8.8, 1853, 聂鲁达诗选 
1223845, 7.6, 10883, 男人来自火星 女人来自金星 
1891015, 9.4, 963, 三国演义（共两册） 
25881102, 8.9, 1647, 独裁者手册 
26695174, 9.0, 1469, 灯塔 
3334382, 9.0, 1469, 世界第一的初恋 
6125543, 9.2, 1180, 北方的空地 
1017795, 9.5, 871, 隋唐制度渊源略论稿 唐代政治史述论稿 
3669595, 8.6, 2364, 妞妞 
26707295, 8.7, 2082, 月亮和六便士 
26469245, 9.6, 790, 松风 
3143603, 8.8, 1842, ZOO 
1823751, 8.9, 1636, 中国近代史 
1015403, 7.7, 9019, 今生今世 
1400679, 8.9, 1634, The Kite Runner 
10488617, 9.3, 1057, 冰与火之歌　卷二　列王的纷争（上） 
4245064, 8.6, 2347, 冷血 
25982254, 8.1, 4691, 大萝卜和难挑的鳄梨 
1290398, 8.4, 3052, 白蛇 
3014601, 8.4, 3050, 沧海Ⅵ 
11601199, 9.1, 1302, 人间词话 
1023709, 8.3, 3501, 被背叛的遗嘱 
2029680, 9.4, 953, 资治通鉴 
1924213, 8.4, 3042, 逝去的武林 
1024846, 9.2, 1167, 所罗门王的指环 
4778447, 7.7, 8948, 失乐园 
1057206, 7.3, 19089, 数字城堡 
1096469, 9.4, 950, 飘 
2032964, 9.1, 1297, 正红旗下 
1426673, 8.6, 2333, 搜神记Ⅲ　灵山十巫 
1318431, 8.0, 5429, 幽灵旗 
1756614, 9.4, 948, Word Power Made Easy 
2345727, 7.5, 12820, 蜗居 
1396491, 9.1, 1293, 第三帝国的兴亡（全三册） 
4151180, 8.0, 5414, 巷说百物语 
1038476, 8.7, 2051, 小说稗类 
1083403, 8.0, 5412, 世界上最伟大的推销员 
1008093, 8.5, 2643, 苏菲的世界 
3284067, 7.6, 10610, 佳期如梦之海上繁花 
1088812, 8.3, 3466, 第二十二条军规 
3168468, 8.2, 3998, 斯普特尼克恋人 
1681426, 8.8, 1814, 杯雪　传杯　秣陵冬 
3717799, 9.1, 1289, 明朝那些事　 　 
1490045, 9.1, 1288, 小王子 
3163104, 9.3, 1043, 变化社会中的政治秩序 
1152912, 9.5, 855, 算法导论 
6712407, 8.9, 1609, 巴黎评论　作家访谈Ⅰ 
20503529, 9.2, 1156, 古拉格：一部历史 
26680113, 8.6, 2313, 那个不为人知的故事 
2220812, 7.6, 10562, 木槿花西月锦绣1 
1136074, 9.0, 1435, 呼兰河传 
2266498, 9.2, 1155, 白夜行（下） 
25818441, 9.3, 1041, 1984 
1281898, 8.8, 1805, 宏观经济学 
4313080, 8.7, 2034, 旅行的艺术 
5916234, 7.7, 8796, 番茄工作法图解 
2340168, 7.9, 6278, 醉玲珑（中卷） 
1007313, 8.4, 2992, 留德十年 
1341035, 8.2, 3952, 痛快日记 
6088153, 8.5, 2612, 人间 
1203622, 8.9, 1597, 莎乐美 道林?格雷的画像 
19936010, 8.0, 5336, 三生三世十里桃花 
2255896, 8.8, 1794, 绿里奇迹 
1023000, 8.6, 2293, 常识与通识 
4098263, 9.2, 1146, 论语译注 
1064532, 8.5, 2603, 秘密花园（2册） 
26413027, 7.5, 12539, 虚无的十字架 
1116367, 8.7, 2017, 道德情操论 
1457542, 9.2, 1143, 芥川龙之介全集 
1426674, 8.6, 2283, 搜神记Ⅳ　太乙火真 
4899351, 8.4, 2964, 一个广告人的自白 
3033668, 7.8, 7326, 闪开，让我歌唱八十年代 
1049361, 8.3, 3398, 比我老的老头 
1151876, 8.1, 4542, 顽主 
1315844, 9.1, 1267, 古拉格群岛（上中下） 
1146536, 9.5, 842, 唐诗三百首 
1024570, 9.2, 1138, 编码的奥秘 
10605859, 9.2, 1137, 精灵宝钻 
1315199, 9.1, 1264, 历史研究 
1370150, 9.2, 1136, 十二　　　　南之翼 
20473089, 8.6, 2264, 有顶天家族 
26628811, 8.7, 1998, 世上最美的溺水者 
1436958, 8.6, 2262, 搜神记Ⅴ　三生石 
26390842, 8.7, 1997, 哲学家们都干了些什么 
3604331, 8.4, 2937, 午夜之门 
3759808, 8.6, 2260, 流星雨 
1409305, 9.4, 923, 唐诗鉴赏辞典 
3887847, 8.5, 2567, 浮光 
6864307, 7.4, 14950, 像我这样笨拙地生活 
1394534, 9.2, 1130, 勒　柯布西耶全集 
4100551, 8.6, 2256, 建筑师成长记录 
4146756, 8.5, 2564, 浮生取义 
6784859, 9.3, 1018, KYLOOE　忧郁的蜻蜓 
1852700, 9.0, 1401, 神经外科的黑色喜剧 
1492634, 8.3, 3358, 生活的艺术 
1029940, 9.2, 1128, 锦灰堆 
3146656, 8.4, 2923, 五月女王 
1083431, 8.7, 1986, 堂吉诃德（上下） 
1209674, 8.7, 1984, 陆小凤（1-4册） 
10426209, 8.8, 1757, 我的路6 
1041366, 9.3, 1014, 管锥编（全五册） 
1449421, 9.2, 1124, 古文观止 
1129216, 9.0, 1395, 天真的人类学家 
1223505, 9.7, 690, 灌篮高手30 
1433568, 8.9, 1562, 逃家小兔 
1055304, 9.5, 831, 中国历史地图集（全八册） 
1885261, 8.5, 2548, 巴黎圣母院 
2080764, 8.3, 3337, 为何家会伤人 
1470742, 9.2, 1122, 撒哈拉的故事 
4247111, 9.2, 1121, Nothing to Envy 
1203523, 9.4, 913, 唐宋词鉴赏辞典(唐五代北宋) 
1027280, 9.2, 1118, 柏拉图的《会饮》 
23795254, 8.0, 5162, 骄阳似我 
26331014, 8.3, 3317, 怨　撞　1　食骨 
1796596, 7.3, 17951, 左耳 
25870310, 8.9, 1550, 野火集 
3891900, 7.7, 8431, 金融的逻辑 
24749465, 7.5, 12098, 断舍离 
3267934, 8.4, 2883, 日本四季 
3212678, 8.4, 2882, 　　身的女孩 
1124305, 8.1, 4415, 扶桑 
4714156, 9.2, 1111, 夜莺与玫瑰 
1051943, 9.1, 1235, 尼各马可伦理学 
4135947, 7.9, 6004, 天子谋 
4100407, 8.0, 5125, 浮沉2 
10945606, 8.4, 2870, 精益创业 
1491853, 8.2, 3792, 变色龙 
2375610, 8.2, 3792, 流血的仕途　终结版 
1050175, 8.0, 5116, 赫逊河畔谈中国历史 
1007196, 8.5, 2511, 闲情偶寄 
1024468, 9.0, 1375, 金锁记 
1053623, 8.4, 2867, 文明的冲突与世界秩序的重建 
1192706, 9.1, 1232, 大盗贼 
11602263, 9.1, 1232, 羊道　深山夏牧场 
3316174, 8.0, 5112, 狂骨之梦 
1351677, 9.0, 1374, 夏宇　集／腹　　 
4199685, 7.6, 9984, 我读 
2238320, 8.4, 2864, 版式设计原理 
1011702, 8.1, 4386, 廊桥遗梦 
4217084, 8.7, 1947, 小姨多鹤 
5389557, 8.5, 2505, 姥姥语录 
26265303, 8.2, 3780, 小顾聊绘画　贰 
1028268, 8.8, 1724, 正义论 
1030153, 7.5, 11954, 她比烟花寂寞 
11602265, 9.1, 1227, 羊道?前山夏牧场 
2221889, 8.3, 3272, 无限恐怖 
3002857, 9.2, 1103, 寄生　 (完全版) (Vol. 8) 
1062423, 8.3, 3270, 牛棚杂忆 
1073253, 8.8, 1718, 闲话闲说 
4175473, 8.6, 2193, 波斯少年 
3815129, 8.6, 2191, 老人与海 
1962883, 8.7, 1935, 八十天环游地球 
1482625, 8.8, 1715, 德兰修女传 
3004255, 8.4, 2841, 编程之美 
1061679, 8.6, 2188, 枕草子 
4732123, 8.5, 2486, 爸爸，我们去哪儿？ 
1933479, 8.9, 1525, 小灵通漫游未来 
1079509, 8.2, 3751, 火与冰 
1417577, 8.7, 1930, 庸才 1 
1150503, 9.0, 1360, 资本论（第一卷） 
24538715, 8.6, 2180, 艾比斯之梦 
1146537, 9.5, 811, 古文观止（上下） 
3787127, 9.2, 1094, 人间词话 
1163327, 8.8, 1705, 列那狐的故事 
1507170, 9.0, 1356, 外部空间设计 
1276032, 8.3, 3237, 地心游记 
2063579, 9.3, 986, 古拉格群岛（上中下） 
5991872, 8.9, 1517, 爱的艺术 
2375972, 8.3, 3236, 今朝风日好 
6312377, 8.8, 1703, 爱你就像爱生命 
1386229, 8.7, 1920, 漂流教室(1) 
2354969, 8.2, 3722, 衣香鬓影 
1440885, 8.0, 5016, 人体使用手册 
2237621, 8.4, 2815, 十八岁出门远行 
6792270, 8.9, 1513, 佩德罗　巴拉莫 
1467368, 9.0, 1351, 霍乱时期的爱情 
3158734, 8.0, 5007, 骨音 
1963395, 8.5, 2459, 鱼丽之宴 
2010284, 8.0, 4993, 春风沉醉的晚上 
1924903, 9.1, 1207, 老子 
4766047, 8.0, 4983, 祸国 
3206771, 9.1, 1205, 一百个人的十年 
1480747, 8.6, 2155, 人　失格 
4246151, 8.0, 4972, 厨房里的人类学家 
4169342, 8.6, 2152, 女儿红 
3727329, 7.3, 17188, 千山暮雪 
4753783, 7.4, 14082, 分身 
1502083, 8.8, 1685, 杯雪　停云　宗室双歧 
20392525, 7.9, 5812, 枯枝败叶 
1894742, 8.4, 2788, 红与黑 
3393056, 8.2, 3678, 流动的盛宴 
1821476, 9.1, 1200, 十二　　：月之影　影之海（下） 
1035478, 8.6, 2141, 静静的顿河（全四册） 
3222661, 8.6, 2138, 第九个寡妇 
2153359, 8.8, 1676, 我的错都是大人的错 
1054899, 8.3, 3176, 女生贾梅全传 
3316438, 8.3, 3172, 孤独及其所创造的 
4189980, 9.5, 796, 　找家　 
3293232, 7.7, 8032, 过客，匆匆 
1068912, 8.6, 2131, 中国文化的深层结构 
3545614, 9.1, 1192, 爆漫王。(01) 
3833024, 8.2, 3644, 菊与刀 
1880991, 8.6, 2128, 堂吉诃德 
1389884, 8.4, 2759, 24　比利 
1029475, 8.1, 4208, 若星汉天空 
1748848, 9.5, 791, 飘 
10608470, 9.5, 791, 冰与火之歌　卷三　冰雨的风暴（上） 
1844794, 9.6, 720, 红楼梦（上下册） 
1825593, 9.3, 962, 小学生十万个为什么 
1855343, 7.2, 20705, 泡沫之夏Ⅱ 
1022936, 8.2, 3621, 基业长青 
1006781, 8.9, 1477, 七缀集 
1069805, 8.7, 1869, 给青年的十二封信 
1823533, 8.7, 1869, 山海经 
4246979, 8.1, 4187, 窄门 
2118743, 8.6, 2113, 银元时代生活史 
2980471, 8.2, 3615, 赎罪 
1001377, 8.6, 2112, 月亮忘记了 
1254942, 9.2, 1064, 黄帝内经 
19940743, 8.1, 4183, 文化苦旅（新版） 
1140457, 9.1, 1182, 敏捷软件开发 
26658379, 8.4, 2735, 必然 
3673670, 8.2, 3610, 怨女 
5030405, 9.0, 1317, 子不　 1 
5404162, 8.6, 2109, 一个女人一生中的二十四小时 
1098641, 8.9, 1473, 海狼 野性的呼唤 
10488618, 9.4, 868, 冰与火之歌　卷二　列王的纷争（下） 
6878212, 8.0, 4858, 一个村庄里的中国 
2981589, 8.7, 1863, 美妙的新世界 
1219090, 9.2, 1062, 沙与沫 
6073019, 9.1, 1180, 斐多 
1060531, 8.5, 2392, 忏悔录 
1444900, 8.7, 1861, 爱的五种语言 
2254615, 8.9, 1469, 西线无战事 
1042168, 8.4, 2722, 李尔王 
1125731, 8.8, 1645, 第三帝国的兴亡（上中下） 
1819816, 9.3, 954, 风的旱冰鞋 
5421787, 8.2, 3585, 定位 
10588835, 8.8, 1644, 别处生活 
1034741, 8.7, 1851, 绿野仙踪 
1059040, 8.6, 2092, 雅舍小品 
5385349, 8.4, 2709, 人间失格 
3608352, 8.6, 2090, 哲瑞　雷恩的最后一案 
1060298, 8.6, 2089, 思考中医 
1140729, 8.6, 2088, 星船伞兵 
1870262, 8.5, 2371, 帕洛马尔 
1231910, 9.5, 781, 具体数学（英文版第2版） 
1468426, 8.7, 1844, 利维坦 
1008003, 8.6, 2085, 呐喊 
1193621, 8.5, 2368, 决策与判断 
1091904, 9.1, 1168, 丰饶之海（上下） 
6398002, 9.1, 1168, 蒋勋说红楼梦（第四辑） 
1438738, 9.0, 1302, 奇诺之旅I 
22163516, 8.7, 1841, 云雀叫了一整天 
1028816, 8.4, 2698, 源氏物语（上、中、下） 
5400559, 8.5, 2363, 飞翔的猫 
1439441, 8.9, 1454, 伯罗奔尼撒战争史 
3200760, 9.5, 778, 悲惨世界 
1042434, 8.0, 4780, 安妮日记 
1391510, 9.2, 1048, 机器人短篇全集（上下） 
1370750, 8.6, 2076, 突然我　起你的　 
4922573, 8.9, 1451, 新编上下五千年(共12卷) 
25822105, 8.4, 2689, 无缘社会 
5395162, 9.0, 1297, 天人五衰 
10759466, 9.0, 1297, 地下室手记 
2026870, 9.4, 856, 阿尔丰斯　穆夏 
4173402, 8.4, 2686, 昨日之旅 
2062430, 7.2, 20159, 泡沫之夏Ⅲ 
1768642, 9.2, 1046, 博尔赫斯短篇小说集 
26275861, 8.6, 2072, 沟通的艺术（插图修订第14版） 
1102259, 8.4, 2679, 人月神话 
3578471, 8.8, 1623, 盖特露德 
2040056, 8.3, 3069, 150cm Life 3 
4251473, 8.6, 2067, 手绘的奇思妙想 
4212607, 7.6, 9227, 有味 
1374626, 8.9, 1444, 袁氏　　 
1003650, 9.1, 1158, 罪与罚 
26864984, 9.1, 1158, 金色梦乡 
1807769, 8.8, 1620, 假如你愿意你就恋爱吧 
2005726, 8.7, 1825, 货币金融学 
3071402, 8.7, 1825, 物理世界奇遇记 
1313181, 8.5, 2342, 富兰克林自传 
20382491, 8.0, 4741, 心理罪：城市之光 
1578504, 8.7, 1823, 建筑学教程：设计原理 
20390695, 9.0, 1288, 银河帝国8：我，机器人 
1440490, 8.6, 2058, 王朔文集（纯情卷） 
6131589, 8.6, 2058, 普罗旺斯的一年 
10868117, 8.2, 3512, 丰乳肥臀 
10608473, 9.6, 702, 冰与火之歌　卷三　冰雨的风暴（下） 
10740776, 8.5, 2334, 占星术杀人魔法 
4055487, 8.3, 3049, 伊藤　二的　日　 
7058059, 8.0, 4722, 我们心中的怕和爱 
6902321, 8.8, 1612, 沉默的大多数 
3123393, 7.6, 9162, 遇见心想事成的自己 
1885214, 8.5, 2330, 双城记 
3266617, 9.0, 1282, 电影是什么？ 
1438539, 8.7, 1811, 西方美学史 
1009285, 7.6, 9128, 童年 
1092246, 8.1, 4042, 百万英镑 
4734919, 8.5, 2323, 大劈棺 
25884890, 8.4, 2649, 死亡通知单　暗黑者 
3908032, 7.3, 16119, 怪诞心理学 
1002513, 9.2, 1033, 　　注析（全二　） 
1888215, 8.4, 2646, 即兴判断 
1972266, 7.7, 7644, 余欢 
3059294, 8.6, 2043, 长安幻夜 
25902222, 9.0, 1278, 文明之光（第二册） 
1019817, 9.1, 1146, 战争与和平（上下） 
1975809, 7.8, 6447, 海上牧云记 
1418952, 8.9, 1427, 情　 
2970121, 9.0, 1276, 　米　作10年精　 
24922716, 8.9, 1426, 阿勒泰的角落 
1782032, 8.8, 1600, Charlotte&#39;s Web 
3717825, 9.0, 1275, 明朝那些事　 伍 
4882159, 7.6, 9073, 橘子不是唯一的水果 
1077129, 8.5, 2312, 一生的学习 
6795725, 8.6, 2036, 燃灯者 
1790547, 9.2, 1029, Oracle Bones 
1439706, 9.1, 1143, 和合本　字版　　 
24714201, 8.2, 3474, 长相思2 
3889178, 8.7, 1800, Rework 
1064862, 8.1, 4017, 男生贾里  女生贾梅 
6511745, 8.0, 4671, 万象 
1731521, 8.2, 3472, 生死桥 
6041089, 8.3, 3016, 家鸭与野鸭的投币式寄物柜 
1123740, 9.5, 763, 科学革命的结构 
1500149, 9.4, 840, UNIX网络编程 
1154707, 8.6, 2031, 素描的诀窍 
2023843, 8.1, 4008, 　　公子 
1277267, 8.6, 2030, 国史新论 
3733081, 8.7, 1795, 流言 
3824491, 9.0, 1270, 父亲的战场 
3829245, 9.0, 1270, 城南旧事 
4224758, 7.3, 15961, 花千骨（上下） 
1004956, 8.0, 4655, 阿修　 
1436656, 9.1, 1139, 寄生　 (完全版) (Vol. 2) 
3904329, 9.3, 925, 基督山伯爵 
4862350, 8.6, 2025, 我不是完美小孩 
2297549, 8.2, 3450, 用户体验的要素 
1006406, 9.0, 1264, 渴望生活-凡高的故事 
1317485, 8.6, 2018, 生命是什么 
1859649, 8.1, 3978, 生命的不可思议 
1418648, 8.4, 2607, 胡适口述自传 
3059083, 9.0, 1261, LIAR.GAMEⅠ 
4082434, 9.3, 920, 穿墙透壁 
1337302, 9.1, 1131, 天　八部 
1439246, 9.2, 1018, 寄生　 (完全版) (Vol. 6) 
20443559, 7.4, 12956, 小王子 
5908654, 9.1, 1130, 给青年诗人的信 
1013378, 8.8, 1579, 证券分析 
3606570, 8.3, 2979, 鹤唳华亭 
26309691, 8.3, 2978, 月光落在左手上 
1085467, 8.8, 1578, 神秘岛 
1863619, 9.3, 918, 与他共度61世 
1152111, 8.6, 2007, 程序员修炼之道 
3224818, 8.5, 2278, 安妮宝贝系列 
1084169, 9.1, 1128, 城南旧事 
1022318, 8.7, 1774, 爱弥儿 
10546850, 8.9, 1404, 内在的天空 
3124589, 9.1, 1127, 人间词话 
2128416, 9.4, 830, 父与子全集 
4175252, 7.9, 5369, 初恋爱 
10733032, 8.3, 2967, 王二的经济学故事 
1031794, 8.9, 1402, 菜根谭 
26357614, 9.0, 1254, 海风中失落的血色馈赠 
4934551, 8.5, 2271, 渴望死亡的小丑 
1107841, 9.0, 1253, 战国策 
1780277, 8.7, 1769, 法兰西组曲 
6025373, 8.2, 3407, 风起陇西 
21329239, 8.8, 1570, 巴黎烧了吗? 
4101013, 8.2, 3406, 设计的觉醒 
1885215, 8.3, 2958, 雾都孤儿 
1051440, 8.1, 3928, 在路上 
25924242, 8.9, 1395, 爱在黎明破晓前&amp;爱在日落黄昏时 
1011228, 8.3, 2946, 远大前程 
1441488, 8.4, 2571, 宫本武藏　剑与禅（上下） 
1083883, 8.7, 1757, 席慕蓉经典作品 
6718314, 8.0, 4547, 晚来寂静 
6028977, 8.5, 2249, 零ZEЯRO 
4031698, 7.8, 6230, 读者 
3440557, 8.5, 2246, 亲爱的沙皮 
20366370, 8.6, 1979, 变革中国 
1022783, 8.2, 3369, 用我一辈子去忘记 
26314627, 8.9, 1385, 万物：创世 
2297786, 7.6, 8754, 北京，北京 
6558202, 9.0, 1239, 容忍与自由 
3810672, 7.8, 6211, 8分钟的温暖 
25746578, 9.2, 1001, 大英博物馆世界简史（全3册） 
1135734, 8.6, 1974, 追寻生命的意义 
2149682, 8.5, 2240, 遇　未知的自己 
1152971, 9.0, 1237, DOOM启世录 
10607793, 8.5, 2239, 刀与星辰 
1657455, 8.6, 1973, 论人类不平等的起源和基础 
10488616, 9.3, 903, 冰与火之歌　卷二　列王的纷争（中） 
1310164, 7.9, 5268, 那些男孩教我的事 
26582822, 8.3, 2917, 重新定义公司 
1190868, 7.5, 10444, 烈火如歌 
1257217, 9.1, 1108, 时间简史 
1027587, 8.6, 1967, 恶之花 巴黎的忧郁 
1159967, 8.5, 2231, 第二性 
3032690, 9.3, 900, 被人遗忘的人：中国精神病人生存状况 
3332661, 9.2, 996, 中国景色 
1071921, 8.1, 3863, 现实一种 
1049872, 8.9, 1374, 西方哲学史（下卷） 
10473355, 8.6, 1959, 木麻黄树 
6714861, 8.0, 4477, 致我们终将逝去的青春 
1036478, 8.9, 1371, 大外交 
1004318, 8.3, 2893, 守望的距离：周国平散文集 
1494940, 9.1, 1101, 围城 
26314954, 8.8, 1536, 光荣与梦想 
1868698, 8.3, 2891, 为什么读经典 
10607615, 8.8, 1535, 第三种黑猩猩 
1186350, 7.8, 6122, 红字 
6386087, 8.0, 4458, 金陵十三钗 
2229229, 8.0, 4454, 穿条纹衣服的男孩 
1493350, 9.3, 893, 哈农钢琴练指法 
1200843, 8.1, 3829, 芙蓉镇 
1794403, 9.2, 988, 百年孤独 
11505704, 9.1, 1096, The Ph.D. Grind 
1071821, 8.1, 3825, 你不可不知的人性 
5332932, 9.2, 987, 佛教的见地与修道 
1012039, 8.1, 3823, 我的视觉日记 
4898551, 8.2, 3306, 四叠半神话大系 
2161983, 8.8, 1527, 怀斯曼生存手册 
6784968, 8.8, 1526, 莎乐美 
10608472, 9.5, 733, 冰与火之歌　卷三　冰雨的风暴（中） 
1087758, 7.2, 18500, 花季雨季 
1283273, 7.3, 15068, 天黑以后 
3155180, 8.6, 1938, 荒野生存 
1130367, 8.8, 1524, 艽野尘梦 
3640304, 8.5, 2197, 萤火虫之墓 
3779046, 8.6, 1936, 　　年 卷7 
3198422, 8.6, 1936, 光明王 
1344965, 9.2, 983, 十二　　：　之　里　黎明之空（上） 
4736014, 9.1, 1091, 快乐王子 
2214344, 7.5, 10227, 不存在的女儿 
4264003, 7.4, 12344, 名侦探的守则 
2065564, 8.1, 3802, 一日重生 
1136998, 8.7, 1712, 楚留香传奇系列 
2027043, 9.1, 1090, 君に届け 1 
6041686, 8.3, 2860, 父后七日 
5269920, 8.6, 1933, 30分老妈 2 
10529543, 9.1, 1089, 蝙蝠侠：第一年 
11498200, 8.3, 2856, 寂寞的频率 
3197635, 8.9, 1354, 结局或开始 
2118032, 8.2, 3281, 窥视工作间 
1368256, 8.1, 3790, 你　我　他　 
1465543, 8.8, 1517, 异端的权利 
4041998, 9.0, 1210, 孤城闭 
2972547, 8.5, 2185, 文学少女 01 
2156992, 9.1, 1086, 课时达标练与测:数学(1年级)(下)(配北师) 
1018925, 9.2, 978, 玫瑰圣经 
2364215, 8.5, 2183, 此地无人生还 
1041893, 9.1, 1085, 南京大屠杀 
10555399, 9.0, 1208, 踮脚张望3 
1485628, 7.9, 5127, 毛泽东传 
1005915, 8.8, 1513, 艺术哲学 
20441569, 9.1, 1084, 被淹没和被拯救的 
2078225, 7.9, 5114, 孤芳不自赏 
3909876, 7.9, 5114, 琉璃美人煞（上中下） 
1053493, 8.9, 1345, 苇间风 
3360807, 9.1, 1081, Effective java 中文版（第2版） 
25825717, 8.2, 3248, 龙族Ⅲ 
1436655, 9.1, 1078, 寄生　 (完全版) (Vol. 3) 
3707886, 9.0, 1200, 中国通史 
10468852, 8.6, 1910, 海棠依　: 知否? 知否? 　是　肥　瘦 卷一 
3191328, 6.7, 58243, 小时代1.0折纸时代 
2228707, 8.9, 1340, 癌症楼 
4220020, 8.8, 1502, 相助 
3898484, 9.3, 877, 哈利　波特与阿兹卡班囚徒 
3662216, 8.7, 1689, 恶之花 
3176760, 8.4, 2464, 革命时期的爱情 
3041463, 8.3, 2819, 时间回旋 
4097264, 9.0, 1198, 小兔彼得和他的朋友们（全3册） 
21692813, 7.6, 8383, 眠 
1181370, 9.3, 876, 文心雕龙注(上下) 
1210057, 9.2, 969, 一九八四 上来透口气 
3003466, 8.7, 1687, 恶棍列传 
1051231, 8.3, 2814, 黄河青山 
1771464, 8.6, 1904, 微物之神 
1608873, 9.2, 968, 山海　 
10594781, 8.6, 1902, 模仿犯BOOK3 
3106707, 8.9, 1334, 好饿的毛毛虫 
26284304, 8.1, 3729, 簪中录 
1008459, 9.0, 1194, 毛毛 
1440997, 8.6, 1899, 燕子 
2026658, 8.5, 2153, 哈姆雷特 
1489164, 9.1, 1071, 直到花豆煮熟 
1029723, 9.2, 965, 汉书（全十二册） 
21460732, 8.3, 2803, 秒速五厘米 
5363278, 8.6, 1896, 素履之往 
26265745, 8.2, 3220, 清明上河图密码 
2141139, 8.9, 1331, 欧亨利短篇小说精选 
1822859, 8.5, 2149, 王小波全集（第三卷 长篇小说） 
10580802, 8.2, 3218, 模仿犯BOOK1 
20389202, 7.9, 5040, 唐朝穿越指南 
4269890, 8.5, 2147, 这些年，二哥哥很想你 
6313496, 9.5, 717, 卡拉马佐夫兄弟 
1257325, 8.2, 3212, 安藤忠雄论建筑 
4894980, 7.8, 5906, 心术 
25782902, 8.3, 2793, 反脆弱 
3018322, 7.6, 8297, 活着活着就老了 
1436653, 9.0, 1188, 寄生　 (完全版) (Vol. 5) 
2359687, 8.0, 4303, 堕落天使 
25845647, 8.7, 1673, 天空的另一半 
25891321, 9.0, 1187, 海洋帝国 
1428066, 8.8, 1486, 海上钢琴师 
1319345, 7.6, 8286, 18岁给我一个姑娘 
2082239, 8.0, 4288, 凤非离 
2376506, 8.8, 1482, 生命的轨迹 
1422882, 9.5, 714, Merriam-Webster&#39;s Vocabulary Builder 
1878819, 8.6, 1882, 蛮荒记1　鲲鹏 
10541074, 9.2, 958, 罗马人的故事5 
10763905, 7.8, 5871, 西游日记 
1430871, 8.5, 2133, 亵渎1　轮回　月陨 
1473250, 7.6, 8244, 魔鬼经济学 
2247913, 9.2, 957, 建构文化研究 
2062599, 8.4, 2427, 雪 
1139426, 8.9, 1320, 数据结构与算法分析 
3224929, 9.1, 1060, 百年中国经济史笔记 
1288844, 8.2, 3183, 设计心理学 
24671183, 8.3, 2768, 藏地白皮书　十年爱情见证版 
25892399, 7.9, 4978, 余生皆假期 
25891771, 7.8, 5830, 失乐园 
1905742, 8.8, 1472, 金枝（上下册） 
1032945, 7.7, 6887, 荷包里的单人床 
1041414, 8.6, 1868, 威尼斯日记 
2375977, 8.4, 2410, 香椿树街故事 
5326849, 8.1, 3656, 奥杜邦的祈祷 
1001065, 8.4, 2407, 麦克白 
1841625, 8.9, 1310, 标竿人生 
3042785, 8.7, 1650, 学佛三书（共3册） 
2044295, 8.3, 2750, 土耳其手绘旅行 
3886010, 8.1, 3644, 我爱问连岳Ⅲ 
1431177, 7.9, 4935, 藏獒 
11507862, 8.2, 3153, 独自上场 
1029370, 9.1, 1051, 记忆与印象 
26319730, 8.7, 1646, 娱乐至死 
3191229, 8.9, 1305, 金瓶梅词话（全两册） 
1020644, 8.1, 3634, 金字塔原理 
1003419, 9.1, 1049, 动物农庄 
2265750, 8.3, 2737, 九州志 
4326057, 8.9, 1303, Excel图表之道 
3095037, 9.0, 1166, 听音乐（插图第6版） 
1012117, 8.2, 3139, 仲夏夜之梦 
1070410, 8.9, 1301, 柏拉图对话集 
3213367, 9.0, 1165, 昨日的美食 01 
3889682, 8.4, 2388, 饕餮娘子 
2145929, 8.6, 1850, 挪威的森林 
3187750, 7.7, 6800, 斜屋犯罪 
26210607, 8.4, 2386, 时间移民 
1825622, 8.9, 1299, 棋王 
3288908, 9.0, 1163, 集体智慧编程 
10799082, 8.7, 1636, 投资最重要的事 
4121562, 7.9, 4896, 吃的真相 
1427679, 7.5, 9660, 做最好的自己 
1204398, 8.8, 1454, 幽梦影 
23774518, 9.3, 851, 1984 
20424609, 8.1, 3612, 妩媚航班 
1805988, 8.5, 2092, 庆熹纪事 
6800379, 8.6, 1844, 2666 
1067293, 8.5, 2090, 青春 
1030898, 8.8, 1452, 复杂 
2122992, 9.0, 1160, 故道白云 
1060723, 8.0, 4184, 重返普罗旺斯 
1955405, 8.4, 2377, 家 
6829323, 7.9, 4882, 我，睡了，81个人的沙发 
1949268, 8.9, 1294, 夜莺 
6015822, 8.5, 2085, 在细雨中呼喊 
2004509, 7.6, 8032, 梦回大清 
3087031, 7.7, 6756, 歌尽桃花 
20381805, 9.3, 848, 冰与火之歌　卷五　魔龙的狂舞（上） 
2150432, 9.1, 1040, 韦伯作品集Ⅻ:新教伦理与资本主义精神 
5414084, 8.0, 4171, 智斗 
10779650, 9.1, 1039, 追忆似水年华 
4238299, 8.1, 3589, 宝贝，宝贝 
10739290, 7.9, 4858, 30岁前别结婚 
1006884, 8.6, 1833, 随园食单 
3223586, 8.6, 1833, 中国人史纲（上下） 
1965464, 9.1, 1037, 毛毛 
20440053, 9.3, 845, 南京大屠杀 
1292322, 8.2, 3101, 群星，我的归宿 
24883003, 8.8, 1441, 长歌行 05 
1921597, 8.9, 1285, 大学　中庸 
1408193, 9.1, 1034, To Kill a Mockingbird 
1016864, 8.9, 1284, 士与中国文化 
2281861, 9.0, 1150, 世说新语 
1072189, 8.8, 1438, 百年思索 
1221479, 8.8, 1437, 与“众”不同的心理学 
2149169, 8.1, 3564, 水仙已乘鲤鱼去 
1017621, 8.6, 1823, 恋人絮语 
5344534, 9.0, 1148, 额尔古纳河右岸 
1006341, 8.0, 4132, 红粉 
1044203, 8.1, 3559, 伤花怒放 
21360827, 9.0, 1147, 朱生豪情书全集 
21570668, 9.2, 929, 会饮篇 
1444177, 8.6, 1819, 地底三万尺 
20413794, 7.7, 6668, 眠空 
1893879, 8.5, 2061, 张居正（全四册） 
3286829, 8.0, 4122, 脑髓地狱 
1055347, 9.0, 1145, 中国史纲 
1034259, 8.5, 2058, 小逻辑 
21346008, 8.5, 2058, 米格尔街 
1290911, 9.1, 1027, 银孔雀 
1291760, 6.8, 41884, 会有天使替我爱你 
1000614, 8.5, 2053, 苏东坡传 
24715686, 8.7, 1605, 仿生人会梦见电子羊吗？ 
1436654, 9.1, 1026, 寄生　 (完全版) (Vol. 4) 
26657570, 9.0, 1141, 活着为了讲述 
3410759, 9.0, 1140, 隔江山色 
1252057, 8.9, 1272, 1844年经济学哲学手稿 
1855231, 8.6, 1807, 银河铁道之夜 
1015767, 8.0, 4093, 门萨的娼妓 
5063806, 8.5, 2046, 茶花女 
1734830, 9.2, 922, 汪曾祺精选集 
1370069, 8.5, 2044, 　意 
1082573, 9.1, 1022, 英雄志　第二部（全三册） 
2377241, 9.6, 627, 世　新　　疏（全三　） 
2160230, 8.5, 2042, 细雪 
1788967, 8.6, 1802, 我们这一代 
25883305, 9.1, 1021, 阿拉伯的劳伦斯 
1012802, 7.2, 16802, 十爱 
1441922, 9.5, 687, 从一到无穷大 
3204645, 9.5, 687, 明式家具研究 
10562233, 8.6, 1801, 人生 
3931510, 8.0, 4079, 神的孩子全跳舞 
3336465, 7.3, 13708, 被时光掩埋的秘密 
6533042, 9.3, 832, 南明史 
6844341, 7.6, 7824, 牡蛎男孩忧郁之死 
1155722, 8.8, 1418, 电影批评 
3290028, 8.5, 2035, 孤城闭 
20384337, 8.3, 2643, Lean In 
1736652, 9.1, 1015, 哈利?波特(共6册) (精装) 
1008094, 9.3, 828, 春秋左　注（全四　） 
3114973, 8.6, 1787, 快　的暑假 
1151878, 8.3, 2632, 过把瘾就死 
1091203, 8.9, 1257, 少年凯歌 
10764363, 9.2, 913, 是，大臣 
25704797, 8.0, 4036, 思念成城 
1143756, 8.0, 4035, 一半是火焰一半是海水 
1755336, 9.5, 681, American Accent Training 
26163553, 8.7, 1580, 投资中最简单的事 
1865765, 8.5, 2019, 童年的终结 
5980582, 8.2, 3011, 枕草子 
3880846, 8.7, 1578, 学飞的盟盟 
6510070, 8.3, 2619, 人生不设限 
10877051, 9.0, 1122, 顾城哲思录 
1837654, 8.7, 1576, 审判 
1072774, 8.8, 1402, 水浒传 
1101607, 7.9, 4687, 列克星敦的幽灵 
3239913, 8.0, 4014, 推拿 
1257294, 9.2, 908, 传奇 
3697979, 8.3, 2612, 衣香鬓影2　千秋素光同 
1637486, 8.1, 3459, 建筑师的20岁 
4265526, 9.4, 745, 珍藏布列松 
3693394, 8.0, 4010, 后青春期的诗 
1985973, 9.1, 1005, 　忘　 
3812771, 9.1, 1005, 新月集　飞鸟集 
2225735, 7.9, 4668, 谁动了我的奶酪？ 
1004539, 8.5, 2005, 爱与孤独 
3290010, 7.0, 25273, 澜本嫁衣 
1035517, 7.6, 7667, 男人这东西 
3339861, 8.2, 2990, 就是皇后 
6743298, 8.9, 1246, 经济为什么会崩溃 
20499504, 9.5, 676, 麒麟　　　之王　浴血南珈 
2274697, 9.0, 1115, 江村经济 
25735699, 7.9, 4656, 三生三世 枕上书　终篇 
1462523, 9.2, 904, 生命的肖像 
6977757, 8.5, 2000, 民主的细节 
1768332, 8.3, 2598, 喜福会 
1017818, 8.3, 2597, 观看之道 
1174721, 8.4, 2273, 丧钟为谁而鸣 
20507212, 8.0, 3986, 习惯的力量 
1036446, 8.9, 1242, 诗学 
1000696, 8.2, 2977, 饥饿的女儿 
3272411, 9.1, 1000, 追忆似水年华（全三册） 
5383175, 8.7, 1557, 童年与故乡 
3994721, 8.0, 3967, 纳兰容若词传 
1115397, 9.0, 1108, 我要做好孩子 
1430597, 8.9, 1236, 狼群1 
1156994, 8.7, 1554, 永远是孩子 
1315184, 9.0, 1106, 哲学研究 
4262627, 9.0, 1104, 重构 
2340610, 8.8, 1378, 2010太空漫游 
1807562, 9.2, 895, 加西亚　马尔克斯中短篇小说集 
20435633, 9.2, 895, 小艾，爸爸特别特别地想你！ 
1274469, 8.4, 2249, 自杀论 
2284574, 8.3, 2568, 织田信长　　菊与刀 
6902318, 8.8, 1377, 黄金时代 
1344716, 8.7, 1547, 找死的兔子 
3242857, 7.5, 9009, 分手信 
4817396, 8.7, 1546, 云南 
1084803, 8.8, 1375, 月亮和六便士 
3420144, 9.1, 990, Pro Git 
2257188, 7.6, 7527, 致女儿书 
25944034, 8.6, 1740, 菊次郎与佐纪 
2363716, 8.5, 1969, 破土 
26627837, 9.1, 988, 罗生门 
6719724, 8.1, 3380, 死了七次的男人 
3134517, 8.4, 2235, Outliers 
3225979, 8.4, 2234, 一课经济学 
3682204, 7.6, 7488, 佐藤可士和的超整理术 
1075492, 8.0, 3913, 洛丽塔 
26853835, 8.8, 1368, 丝绸之路 
2265160, 8.6, 1733, 我的家在西双版纳 
3016270, 9.0, 1095, 黄金时代 
1281653, 7.8, 5338, 秦腔 
3236155, 8.9, 1221, 韦帅望的江湖 
25798623, 9.2, 888, 1984 
1277259, 8.6, 1730, 社会学的想像力 
1397467, 7.9, 4546, 理智与情感 
1424955, 9.0, 1093, 卓有成效的管理者 （中英文双语典藏版） 
3794633, 9.1, 983, 明朝那些事　 柒 
3228779, 8.7, 1533, 出埃及记 
2101774, 9.0, 1092, 金枝 
1047851, 7.7, 6267, 晃晃悠悠 
1053009, 9.2, 885, 游叙弗伦 苏格拉底的申辩 克力同 
3264211, 8.6, 1725, 犹大之窗 
1032672, 8.2, 2907, 拥抱逝水年华 
2340955, 7.4, 10684, 暖暖 
10519369, 9.4, 726, 万物生光辉 
1119590, 8.0, 3881, 老残游记 
5243461, 8.7, 1525, 渴求真爱的幽灵 
1448796, 9.2, 882, 鲁西西全传 
1097305, 8.9, 1212, 张爱玲小说 
1396339, 7.7, 6235, 创意市集 
2056020, 8.4, 2211, 看朱成碧（上） 
1042011, 9.0, 1086, 古代汉语（第二册） 
1370144, 8.6, 1717, 　　春日的　　 
4112632, 8.2, 2894, 活法（修订版） 
1929825, 9.3, 797, 农民进城防骗手册 
6511362, 9.0, 1084, 我们时代的神经症人格 
3131814, 8.7, 1520, 笔记大自然 
1174192, 8.6, 1713, 瓦尔登湖 
1048173, 8.0, 3858, 忏悔录 
1148843, 8.4, 2203, 一个女人一生中的二十四小时 
5313010, 7.9, 4490, Facebook效应 
20257843, 8.2, 2883, 蛙 
1337292, 8.4, 2200, 倚天屠　　 
6980818, 8.6, 1709, 浩荡两千年 
1288913, 8.3, 2511, 半生为人 
3330173, 8.8, 1349, 蛮荒记Ⅵ　刹那芳华 
4240969, 8.6, 1708, 民主是一种现代生活 
25848819, 8.5, 1931, 钟表馆事件 
1867064, 7.7, 6182, 八百万种死法 
1361268, 8.2, 2874, 朝花夕拾 
2036993, 8.1, 3313, 幸福的建筑 
1053249, 8.7, 1511, 一点巴黎 
3796219, 8.8, 1345, 尘埃落定 
1050349, 8.1, 3309, 上海的金枝玉叶 
1322066, 7.6, 7324, 吃南瓜的人 
6846465, 8.6, 1701, 罗摩桥 
3206270, 8.9, 1200, 拥抱战败 
6937888, 8.5, 1924, 树犹如此 
4832584, 9.2, 873, 笑傲江湖 
2217788, 9.5, 652, 三鹿人成功之路 
1200848, 8.2, 2858, 长恨歌 
5406563, 9.3, 788, 一九八四 
5990434, 8.4, 2179, 蝙蝠 
2159393, 9.4, 715, ONE PIECE~航海王~01 
1088418, 9.0, 1071, 死屋手记 
1448761, 8.3, 2484, 像一块滚石 
1781120, 7.8, 5192, 可不可以不要上班 
4811917, 9.5, 650, 一九八四 
1036395, 8.4, 2172, 爱上浪漫 
3669408, 8.3, 2479, 身份的焦虑 
1036095, 9.1, 961, 张爱玲文集 
3990023, 9.1, 961, 美国纽约摄影学院摄影教材（下册） 
20499500, 9.5, 649, 麒麟　　　之王　劫後重生 
1410359, 9.2, 867, 乡土中国 
3025619, 9.0, 1067, 美国讲稿 
3313342, 9.0, 1066, 3月的　子(01) 
1837006, 8.1, 3265, 人性的弱点 
3012360, 9.0, 1063, C和指针 
1046883, 8.5, 1899, 查理和巧克力工厂 
1927902, 7.6, 7193, 九型人格 
26821461, 8.8, 1325, 北鸢 
1083265, 8.9, 1184, 西线无战事 
1438536, 8.9, 1182, 王小波经典作品 
20494401, 9.2, 861, 费马大定理 
2161692, 8.4, 2152, 海底两万里 
5975576, 7.7, 6045, 冷浪漫 
21458706, 8.4, 2151, 出梁庄记 
1397889, 8.5, 1890, 穗子物语 
1818722, 9.3, 778, 飘（下） 
1066663, 8.8, 1319, 兰波作品全集 
1320206, 8.7, 1481, 电影是什么？ 
1116338, 9.0, 1057, 叔本华论说文集 
3338175, 7.9, 4366, 诗翁彼豆故事集 
26253699, 9.1, 951, 台北人 
26275177, 9.1, 951, 文明之光 （第三册） 
1049215, 7.5, 8530, 借我一生 
4247000, 9.0, 1056, 欲望号街车 
2052713, 9.5, 642, 般若波罗蜜多心经 
1469429, 8.4, 2142, 相思门 
2221115, 9.0, 1055, 庄子　　（下） 
1426214, 8.1, 3226, 少林寺第八铜人 
1193101, 9.4, 704, 飘 
25818005, 8.9, 1175, 长歌行 06 
10565151, 7.5, 8503, 我是个年轻人 我心情不太好 
26761696, 7.8, 5094, 精进 
2040824, 8.1, 3219, 九州　铁浮图 
1041650, 8.7, 1473, 现代建筑 
20492550, 7.8, 5083, 清醒思考的艺术 
1876746, 8.3, 2434, 帷幕 
4199686, 8.0, 3722, 羽　青空之蓝 
10590165, 9.5, 639, 聆听音乐 
5399227, 8.1, 3212, 南渡北归（第一部） 
10575976, 8.7, 1469, 中国近代史 
1221511, 9.7, 533, 灌篮高手28 
1037594, 8.4, 2125, 瓦尔登湖 
3689118, 8.3, 2425, 梦想家彼得 
1426852, 8.7, 1466, 叶芝诗集（上中下） 
1034470, 9.0, 1047, 柳如是别传（全三册） 
1788132, 9.0, 1047, ノアの宇宙船―清水玲子　作集 
1799984, 8.6, 1651, 家庭收纳1000例 
2253389, 8.5, 1865, 呼啸山庄 
3223552, 7.8, 5023, 转山 
26261240, 7.7, 5917, 古董局中局 3 
5330333, 8.6, 1642, 活出生命的意义 
4823788, 8.8, 1298, 奔马 
3025921, 7.7, 5913, 黑天鹅 
1438124, 9.4, 695, The Merriam-Webster Dictionary (Merriam-Webster Dictionary) 
24163576, 8.3, 2404, 漫长的告别 
3710137, 8.6, 1639, 沉思录 
6800763, 9.1, 935, 蒋勋说红楼梦（第五辑） 
1016930, 9.0, 1038, 论法的精神（上） 
1056657, 8.8, 1294, 泰戈尔诗选 
2003189, 9.2, 843, 皮皮鲁全传 
4164096, 7.6, 6977, 饥饿游戏 
3464389, 9.1, 933, 大淖记事 
1910477, 8.8, 1292, 千秋一寸心 
4723970, 7.7, 5878, 人人都是产品经理 
1083509, 8.1, 3161, 人面桃花 
3263006, 8.8, 1291, 飞越疯人院 
26575812, 7.3, 12098, 阿弥陀佛么么哒 
1456203, 9.0, 1034, 　河　道999 （1） 
1457778, 9.0, 1034, 人性的枷锁 
4820214, 8.6, 1630, 印度走着瞧 
1258513, 8.5, 1843, 爱与寂寞 
3035600, 8.5, 1842, 心灵的七种兵器 
1178089, 9.0, 1033, 给心理治疗师的礼物 
3181270, 9.5, 629, 飘 
1069724, 8.7, 1444, 晚清七十年 
1067236, 8.8, 1286, 法理学 
2372450, 8.6, 1626, 改变，从心开始 
1400030, 8.7, 1443, 推理的迷宫 
3816834, 7.8, 4962, 兰因　璧月（上、下） 
3733083, 8.8, 1285, 你往何处去 
4039236, 8.7, 1441, 王小波全集（第九卷 书信集） 
6533041, 9.2, 837, 纳尔齐斯和歌尔德蒙 
11542577, 8.6, 1621, 天生就会跑 
1221516, 9.7, 524, 灌篮高手27 
3097539, 8.9, 1146, 自由选择 
1040865, 8.7, 1438, 中国人 
6432399, 9.6, 572, 英文魔法　之文法俱　部 
2124114, 8.8, 1280, 怎样解题 
1204911, 8.8, 1279, 洋葱头历险记 
4189446, 8.8, 1279, 跟着君之学烘焙 
1885262, 8.6, 1617, 笑面人 
3168460, 7.8, 4930, 1973年的弹子球 
11516338, 8.7, 1434, 我是你流浪过的一个地方 
3622904, 7.3, 11945, 不抱怨的世界 
1814118, 9.1, 923, 月亮和六便士 
3865832, 7.1, 17939, 变身 
11608712, 8.7, 1432, 无器械健身 
3410829, 8.6, 1611, 给青年建筑师的信 
1022920, 8.4, 2069, 洗澡 
26729776, 8.2, 2703, 雪人 
1668197, 9.7, 521, 灌篮高手4 
1042053, 8.1, 3108, 儒林外史 
10488619, 8.9, 1137, 洞穴奇案 
1262445, 8.2, 2696, 告别天堂 
2156959, 8.1, 3103, 捕鼠器 
3065232, 8.0, 3591, 藏地白皮书 
1455933, 7.5, 8141, 你好，忧愁 
2970118, 8.8, 1269, 　米故事的　始 
4036180, 9.1, 917, 营销管理 
1870003, 8.4, 2059, 二十位人性见证者 
5914484, 8.9, 1134, 巨流河 
3463292, 9.2, 827, 叔本华美学随笔 
1021856, 8.9, 1133, 亲爱的提奥 
2060491, 8.9, 1133, 逻辑学导论 
1871913, 8.7, 1421, 人间草木 
1021209, 8.4, 2055, 尼尔斯骑鹅历险记 
1312558, 8.9, 1132, 文学讲稿 
5275431, 8.9, 1131, 无头骑士异闻录 DuRaRaRa!! ×1 
10587562, 8.2, 2681, 东京日和 
1049136, 8.6, 1595, 数学：确定性的丧失 
5038752, 9.1, 912, 谈美 
3669671, 8.5, 1802, 我们在此相遇 
2778632, 8.9, 1127, C陷阱与缺陷 
3864342, 7.9, 4140, 69 
25961458, 9.3, 745, 大问题 
3106593, 8.9, 1126, 狼群(上、下)(全二册) 
1433192, 9.0, 1010, 普通语言学教程 
1005115, 8.4, 2040, 十七岁不哭 
2330383, 8.4, 2040, 一日江户人 
3905365, 8.5, 1796, 水流云在 
1784790, 9.0, 1009, 傅山的世界 
1084919, 7.7, 5686, 三月里的幸福饼 
1844850, 8.3, 2324, 洛阳女儿行　卷一 
4219125, 8.3, 2324, 坟场之书 
5336228, 8.7, 1409, 作家笔记 
1433700, 7.4, 9645, 孔雀森林 
4011668, 8.5, 1793, 女生徒 
10746177, 8.5, 1793, 终结的感觉 
2170469, 8.8, 1255, 喧哗与骚动 
4860448, 9.0, 1006, 经济解释卷一： 科学说需求 （神州增订版） 
20421947, 8.4, 2032, 在细雨中呼喊 
3273876, 8.1, 3053, 被劫持的私生活 
1052378, 7.8, 4795, 荷包里的单人床 
4881999, 8.4, 2025, 离魂 
3866885, 8.5, 1783, 沉默 
1221509, 9.7, 512, 灌篮高手25 
1443887, 9.0, 1002, 中国哲学简史 
1446870, 8.6, 1576, 新宋十字(上下) 
1391513, 8.9, 1116, 机器人与帝国（上下） 
1041616, 7.4, 9553, 那些忧伤的年轻人 
1468997, 8.6, 1573, 守望灯塔 
3652211, 8.6, 1573, 爱默生家的恶客 
5382213, 9.0, 1000, 股票大作手回忆录 

