     1002375
     1003079
     1003419
     1006639
     1017149
     1039427
     1041893
     1042011
     1044994
     1059112
     1060068
     1082573
     1083474
     1084165
     1122105
     1178089
     1213945
     1234963
     1262979
     1290911
     1310228
     1361263
     1361264
     1424314
     1433192
     1436653
     1436654
     1436655
     1436656
     1438738
     1439246
     1443887
     1454687
     1464989
     1468602
     1482200
     1494940
     1736652
     1776683
     1784790
     1785397
     1839492
     1840859
     1877969
     1926289
     1937228
     1961808
     1965464
     2008724
     2043828
     2084893
     2334419
     2365418
     2986026
     3002857
     3012360
     3016270
     3111270
     3131626
     3154624
     3224929
     3272411
     3360807
     3511129
     3604517
     3717833
     3787127
     3812771
     4098263
     4127574
     4247111
     4843456
     4860448
     5344534
     5382213
     6003067
    10529543
    10546125
    10945834
    20376604
    21371175
    24257486
    25737043
    25746578
    25818441
    25902222
    25902942
    26672693
    26886310
     1029370
     1084169
     1123663
     1369777
     1475477
     1950809
     1970845
     2025999
     2069606
     3114975
     3132477
     3714244
     3829245