Series, Number of Books 
1728, 24 

ID, Score, Rating, Votes, Title 
1786670, 68.8, 8.9, 46444, 百年孤独 
1774075, 32.4, 8.3, 269, 唐璜 
1449644, 38.0, 8.6, 508, 神曲 
1647083, 37.6, 8.8, 390, 安娜·卡列尼娜 
1203263, 28.6, 8.0, 181, 坎特伯雷故事 
1203267, 35.6, 8.7, 310, 巴黎圣母院 
1203103, 34.8, 8.9, 231, 浮士德 
1203122, 37.9, 9.0, 342, 呼啸山庄 
1203259, 27.6, 8.4, 108, 福尔赛世家 
1203266, 29.6, 8.5, 138, 白鲸 
1074101, 26.9, 7.9, 146, 巨人传 
1203257, 28.1, 8.2, 139, 哈克贝里·芬历险记 
2051745, 26.8, 8.8, 70, 伊利亚特 奥德赛 
2294671, 26.0, 8.3, 88, 海涅诗集 
1203261, 21.7, 7.8, 60, 弃儿汤姆·琼斯史 
1437891, 28.0, 8.4, 116, 红与黑 
1203262, 30.7, 9.2, 98, 罪与罚 
1647850, 28.4, 8.7, 98, 马丁·伊登 
1117208, 24.4, 8.5, 58, 普希金作品选 
1659013, 26.7, 8.9, 65, 泰戈尔抒情诗选 
1203121, 26.6, 9.0, 60, 大卫·考坡菲 
1203215, 21.9, 9.0, 29, 莎士比亚四大悲剧 
1659052, 23.7, 8.7, 46, 简·爱 
1002769, 20.8, 8.3, 36, 前夜 父与子 
