Series, Number of Books 
19745, 137 

ID, Score, Rating, Votes, Title 
1013502, 54.0, 7.6, 39331, 钢铁是怎样炼成的 
1033997, 53.7, 8.6, 6662, 呼啸山庄 
1038196, 47.6, 8.4, 3171, 尤利西斯 
1427288, 54.8, 8.4, 10809, 小妇人 
1045926, 57.9, 9.0, 7370, 傲慢与偏见 
1092168, 51.0, 9.1, 2253, 追忆似水年华（上下册） 
1097835, 43.8, 8.0, 2880, 名人传 
1093098, 43.4, 7.8, 3576, 爱玛 
1007045, 47.8, 8.4, 3305, 茶花女 
1019642, 41.4, 7.9, 2122, 理智与情感 
1437488, 42.3, 9.2, 552, 群魔 
1033057, 41.7, 8.2, 1512, 劝导 
1083030, 41.8, 9.0, 624, 双重人格 地下室手记 
1101543, 34.6, 7.9, 603, 远离尘嚣 
1753403, 34.4, 7.5, 980, 诺桑觉寺 
1958115, 39.0, 8.3, 828, 我是猫 
1205351, 40.7, 8.6, 784, 双城记 
1222136, 36.3, 8.1, 650, 猎人笔记 
1506566, 43.4, 9.0, 791, 福尔摩斯探案全集（1-4卷） 
1095191, 41.6, 8.7, 825, 蝴蝶梦 
1010779, 43.8, 9.2, 686, 安徒生童话选集 
1060444, 39.6, 8.5, 734, 羊脂球 
1026961, 40.4, 8.7, 675, 小妇人 
1092558, 34.9, 8.0, 572, 少年维特的烦恼 亲合力 
1085552, 32.2, 7.9, 386, 匹克威克外传 
1082168, 32.4, 7.6, 576, 十日谈 
1106878, 34.1, 8.1, 442, 红字 
1029151, 33.1, 8.0, 409, 贵族之家 
1082167, 37.4, 8.5, 506, 红与黑 
1083482, 34.8, 8.3, 402, 天方夜谭 
1954707, 39.5, 9.1, 396, 罗生门 
1092583, 36.7, 8.6, 411, 简·爱 
1020080, 40.8, 9.3, 404, 悲惨世界（上下） 
1092559, 34.1, 8.1, 440, 雾都孤儿 
1008883, 38.0, 8.9, 379, 格林童话全集 
1085550, 35.5, 8.4, 409, 三剑客 
1062478, 36.8, 8.7, 380, 安娜·卡列宁娜 
1045819, 28.0, 8.0, 163, 新爱洛伊丝 
1043463, 32.3, 8.3, 261, 还乡 
1437263, 37.1, 9.0, 303, 莎乐美 道林·格雷的画像 
1053375, 33.4, 8.2, 351, 希腊古典神话 
1085469, 31.8, 8.3, 239, 驴皮记 
1478099, 26.4, 8.5, 81, 康素爱萝 
1322506, 28.8, 7.6, 283, 诺桑觉寺 
1326840, 33.4, 8.4, 289, 神曲 
1037484, 35.1, 8.6, 315, 巴黎圣母院 
1009463, 32.3, 8.5, 218, 茵梦湖 
1013520, 36.1, 8.8, 308, 欧・亨利短篇小说选 
1072864, 32.5, 8.2, 302, 苔丝 
1095190, 38.3, 9.1, 331, 福尔摩斯探案 
1085556, 27.9, 7.4, 296, 娜娜 
1085560, 31.9, 8.2, 268, 小男人 
1082176, 31.7, 8.1, 288, 汤姆·索耶历险记 
1692380, 29.4, 8.2, 175, 孤独漫步者的遐想 
1012198, 30.7, 8.2, 220, 复活 
1057341, 30.6, 8.0, 261, 爱的教育 
1211656, 24.5, 8.2, 73, 威廉·迈斯特的学习时代 
1092569, 29.4, 7.9, 233, 童年  在人间  我的大学 
1512326, 29.0, 8.0, 196, 忏悔录 
1053248, 30.4, 8.2, 207, 高老头 
1091895, 31.1, 8.3, 213, 孤星血泪 
1753476, 35.5, 9.1, 216, 海狼 野性的呼唤 
1101547, 19.7, 6.7, 108, 帕梅拉 
1097471, 24.5, 7.3, 165, 罗马神话 
1101545, 29.7, 8.6, 130, 被侮辱与被损害的人 
1085553, 33.7, 9.2, 153, 卡拉马佐夫兄弟 
1085565, 25.6, 8.6, 66, 伏尔泰中短篇小说集 
1105672, 24.8, 8.7, 55, 安德烈耶夫中短篇小说集 
1512640, 26.9, 8.1, 121, 纯真年代 
1091777, 27.1, 7.8, 166, 格列佛游记 
1085482, 30.1, 8.9, 111, 海上劳工 
1512492, 33.3, 9.0, 169, 九三年 
1085578, 23.9, 7.7, 100, 一个世纪儿的忏悔 
1097054, 26.6, 7.8, 150, 漂亮朋友 
1222127, 21.7, 7.0, 125, 阿格尼丝・格雷 
1005447, 27.6, 8.1, 138, 豪夫童话全集 
1085569, 26.7, 8.2, 109, 嘉尔曼 高龙巴 
1211648, 22.5, 7.6, 83, 烟 
1091230, 26.2, 8.0, 118, 鲁滨孙飘流记 
1085480, 20.0, 7.1, 77, 怎么办？ 
1101829, 20.6, 7.5, 62, 最后的莫希干人 
1085508, 24.1, 8.0, 80, 死魂灵 
1085496, 29.0, 9.0, 86, 马丁·伊甸 
1205386, 24.6, 8.3, 70, 无名的裘德 
1072230, 24.5, 8.0, 86, 邦斯舅舅 
1050210, 22.5, 8.0, 60, 魔沼-小法岱特 
1065534, 24.2, 8.3, 65, 交际花盛衰记 
1448780, 28.8, 9.2, 74, 白痴 
1014711, 20.8, 8.1, 41, 萨朗波 
1101550, 23.1, 9.0, 35, 斯居戴里小姐 
3094123, 28.6, 8.7, 100, 三剑客 
1085564, 26.4, 8.6, 76, 猎人笔记 
1085483, 14.7, 7.7, 17, 修女 拉摩的侄儿 
1085555, 24.4, 8.4, 63, 叶甫盖尼·奥涅金 
1085484, 26.3, 8.7, 69, 契诃夫短篇小说精选 
1082310, 20.5, 7.4, 66, 珍妮姑娘 
1511725, 20.9, 8.3, 37, 坎特伯雷故事 
1101548, 21.3, 7.8, 56, 贵族之家 
1208492, 20.3, 8.3, 33, 浮士德 
1330452, 18.2, 7.4, 41, 冰宫 
1215193, 25.7, 8.6, 68, 鲁滨孙飘流记 
1330116, 25.2, 8.6, 62, 远大前程 
1077693, 28.1, 9.4, 59, 基度山恩仇记 (上 下) 
1131634, 23.1, 8.3, 54, 堂吉诃德 
1138405, 9.1, 4.9, 44, 不平等的姻缘 
1642108, 22.7, 8.2, 54, 上尉的女儿 
1938544, 25.5, 9.1, 48, 罪与罚 
1099530, 20.9, 8.1, 42, 克雷洛夫寓言全集 
1016417, 21.9, 8.1, 50, 赫克尔贝里·芬历险记 
1754806, 16.6, 7.2, 34, 意中人 
1048773, 19.8, 8.5, 27, 歌德诗选 
1718841, 20.9, 8.0, 45, 一生 
1780795, 17.1, 7.1, 41, 娜娜 
3056728, 19.9, 8.0, 37, 九三年 
1097053, 21.1, 8.3, 38, 普希金中短篇小说集 
1780406, 23.1, 8.9, 37, 当代英雄 
1064478, 15.5, 7.5, 22, 处女地 
1642123, 12.7, 7.0, 17, 惊婚记 
1080110, 17.2, 7.6, 29, 前夜 父与子 
1291744, 16.7, 7.9, 22, 海上劳工 
