Series, Number of Books 
571, 50 

ID, Score, Rating, Votes, Title 
4238144, 52.0, 9.1, 2647, 岁朝清供 
3284547, 44.2, 9.0, 900, 文心 
3289274, 48.3, 9.1, 1516, 万历十五年 
3289272, 42.3, 8.6, 1028, 中国大历史 
20258506, 35.9, 7.8, 881, 怎样读书 
3289277, 38.4, 8.7, 491, 汉字王国 
3395066, 34.1, 8.0, 493, 写给大家的中国美术史 
3289275, 33.4, 9.0, 171, 国文百八课 
19976904, 34.3, 8.7, 253, 英诗的境界 
3350828, 35.0, 8.5, 343, 中国建筑文化讲座 
24379797, 35.5, 8.7, 305, 民主•宪法•人权 
4141812, 34.7, 8.6, 296, 京华忆往 
20258510, 38.1, 8.6, 520, 干校六记 
4238140, 34.0, 8.6, 265, 世界美术名作二十讲 
4238148, 32.3, 8.4, 240, 白石老人自述 
3351062, 33.6, 8.6, 246, 经典常谈 
3289288, 31.9, 8.4, 224, 国学常识 
20258511, 26.3, 7.8, 144, 留学时代 
4238147, 29.7, 9.1, 90, 文言读本 
3289287, 27.4, 7.9, 159, 语文闲谈 
4238141, 29.1, 8.0, 200, 故事和书 
3289285, 30.0, 8.4, 162, 语文常谈 
3289279, 28.4, 7.9, 193, 中国近百年史话 
20391552, 36.2, 9.1, 240, 谈美 
3289283, 28.6, 8.7, 100, 语文杂记 
20379797, 28.6, 8.2, 151, 三国史话 
20258508, 26.4, 8.0, 121, 北京城杂忆 
20282384, 27.2, 8.1, 128, 庄子浅说 
3289281, 25.8, 8.1, 101, 文章修养 
3289282, 25.9, 7.9, 122, 在语词的密林里 
20258509, 27.9, 8.4, 113, 给青年艺术家的信 
25889926, 31.9, 8.9, 145, 我们仨 
4238146, 27.7, 8.4, 110, 傅雷书信选 
3289278, 23.2, 7.7, 86, 论雅俗共赏 
20431880, 22.7, 7.9, 67, 古代的希腊和罗马 
20280354, 27.5, 9.0, 69, 给青年建筑师的信 
4238143, 19.7, 7.0, 79, 毛泽东的读书生活 
20376581, 26.0, 8.8, 62, 国史新论 
24754198, 30.9, 9.4, 88, 中国哲学简史（中学图书馆文库） 
19976890, 26.5, 9.0, 59, 诗论 
19978285, 21.3, 8.7, 31, 阅读与讲解 
20258507, 24.0, 8.0, 78, 师门五年记 胡适琐记 
21233505, 24.2, 8.5, 56, 读书与治学 
20391402, 19.3, 7.7, 41, 屐痕处处 
4238145, 18.7, 7.3, 49, 绿色遥思 
19976896, 24.4, 8.9, 45, 唐诗杂论 诗与批评 
20280237, 19.6, 7.8, 40, 标准与尺度 
10811877, 14.4, 7.3, 20, 语文杂话 
24849724, 13.1, 7.6, 13, 论书绝句（注释本）（中学图书馆文库） 
20282385, 13.5, 7.6, 14, 孔子传 
