Doulist, Number of Books 
34772, 257 

ID, Score, Rating, Votes, Date, Title 
6428909, 27.4, 8.4, 104, 2011-6, 狐狸土 
2137947, 13.9, 8.1, 12, 2007-07-01, 阿噗角小屋 
1941301, 60.2, 9.2, 8030, 1987-2, 365夜故事（上下） 
1791383, 40.7, 9.3, 397, 1991-3, 365夜科幻故事（上、下册） 
2160556, 59.1, 9.0, 8923, 1962, 十万个为什么 
1012561, 53.4, 8.6, 6288, 1991-11-01, 上下五千年 
2209016, 29.7, 8.8, 112, 1982年8月, 世界五千年（二） 
1933479, 46.9, 8.9, 1525, 1978, 小灵通漫游未来 
1461652, 42.5, 8.2, 1742, 2005-11, 纳尼亚传奇：狮子、女巫和魔衣柜 
1037271, 13.1, 7.6, 13, 2004-04, 凯里来与迪木奈 
1058413, 38.3, 8.6, 532, 2004-01, 没有画的画册 
1461655, 37.6, 8.2, 730, 2005-11, 纳尼亚传奇：黎明踏浪号 
1461660, 38.2, 8.3, 731, 2005-11, 纳尼亚传奇：魔法师的外甥 
1461658, 36.1, 8.1, 627, 2005-11, 纳尼亚传奇：能言马与男孩 
1461653, 36.5, 7.9, 862, 2005-11, 纳尼亚传奇：凯斯宾王子 
1461661, 36.5, 8.2, 601, 2005-11, 纳尼亚传奇：最后一战 
1461657, 36.3, 8.1, 649, 2005-11, 纳尼亚传奇：银椅 
1222926, 24.1, 8.2, 68, 2003-7-1, 小矮子穆克 
1049814, 37.6, 8.9, 357, 2002-9, 杨柳风 
1467519, 54.3, 9.8, 1689, 1988-12-01, 世界童话名著连环画 
1087758, 46.2, 7.2, 18500, 1996-10, 花季雨季 
2213881, 10.5, 5.8, 24, 1973, 鲁迅的故事 
3018137, -4.5, 0.0, 6, 1986, 封神演义故事 
1021064, 22.0, 9.1, 28, 2002-8-1, 张天翼儿童文学全集（全四册） 
1962718, 35.0, 8.4, 376, 1959, 宝葫芦的秘密 
2038029, -5.5, 0.0, 9, 1959, 1978重印, 罗文应的故事 
1077823, -3.5, 0.0, 4, 1995-09, 中国近代历史小故事 
3021843, -4.0, 0.0, 5, 1995, 中华民族杰出人物传2 
3021846, -1.7, 0.0, 2, 1995, 中华民族杰出人物传8 
2371319, 26.9, 8.8, 71, 1979, 西汉故事 
3022697, 23.7, 8.7, 46, 1979, 东汉故事 
1948618, 24.3, 8.2, 71, 1986, 小灵通再游未来 
1024513, 34.2, 9.1, 177, 2000-08, 新版小灵通漫游未来 
2030576, 30.6, 8.3, 196, 1979-5, 飞向人马座 
3037555, 15.6, 7.9, 18, 1993, 太阳探险记 
3039735, 18.8, 8.4, 24, 1993, 海豚之神 
3037408, 19.7, 8.0, 36, 1993, 古庙奇人 
1441165, 20.1, 8.3, 32, 1993年10月第一版, 命运夜总会 
3040193, -3.5, 0.0, 4, 1985, 少儿古诗读本 
3040199, -4.9, 0.0, 7, 1982, 绝句一百首 
1274874, -3.5, 0.0, 4, 1995-12, 歌德箴言录 
3040202, 0.0, 0.0, 0, 1995, 浪漫诗笺 
3040204, 12.9, 8.1, 10, 1983-5, 儿童活动万花筒 
3040212, 20.3, 9.4, 19, 1986-12, 十万个智斗故事（第三集） 
3040214, 25.5, 9.5, 38, 1990, 中外智慧故事大观 
3040215, -5.5, 0.0, 9, 1992, 天下最蠢 
3040216, 14.4, 8.1, 13, 1993, 天下最精 
3040217, -1.7, 0.0, 2, 1963, 儿童谜语选 
3040219, -0.0, 0.0, 1, 1986, 写作格言轶事集锦 
3040229, 16.5, 7.5, 27, 1992, 末日来临 
3040230, 18.2, 8.3, 23, 1992, 隐身人 
2298270, 30.9, 9.7, 73, 1988, 世界童话画库（1－6册） 
3040905, 0.0, 0.0, 0, 1991年5月, 太空寻踪战大盗 
3040906, -0.0, 0.0, 1, 1978, 永恒的纪念－周总理的文物 
2031587, 13.6, 7.8, 13, 1992-01, 神秘的车祸 
3041076, 14.5, 8.0, 14, 1992, 太空海盗 
3041073, -4.0, 0.0, 5, 1993, 自食其果 
3058791, -3.5, 0.0, 4, 1994-8, 国王的山谷 
1052594, -3.5, 0.0, 4, 1994-08, 长城内幕 
3058849, 21.4, 9.0, 27, 1993, 绘画文学故事词典·古代小说故事 
2982279, 25.4, 9.7, 34, 1992-3, 20世纪世界儿童文学名著精粹 
3059191, 0.0, 0.0, 0, 1994, 电脑磁盘之谜 
3059194, 0.0, 0.0, 0, 1994, 黑色棺材之谜 
3059193, 0.0, 0.0, 0, 1994, 黄金失落之谜 
2158580, -2.7, 0.0, 3, 1989.11, 百战奇观 
3059520, -2.7, 0.0, 3, 1996, 没有儿戏的童年 
1441521, -1.7, 0.0, 2, 1996, 远去的红帆 
3059521, -1.7, 0.0, 2, 1996, 烟笼秦淮 
3059522, -0.0, 0.0, 1, 1992, 当心！卡塔 
1770023, -4.0, 0.0, 5, 1992, 卡宾岛的幽灵 
3063522, -1.7, 0.0, 2, 1992, 机场的秘密 
1044870, -3.5, 0.0, 4, 1996-09, 土石之魂・中国古代雕塑发现 
1393415, -3.5, 0.0, 4, 1996-09, 佛祖真容・中国石窟寺探秘 
1393318, -4.5, 0.0, 6, 1996-09, 消失的古城・楼兰王国之谜 
1034898, 40.0, 7.9, 1640, 1994-06, 十七岁不哭 
2364253, 25.9, 9.3, 45, 1979-2, 外国童话选 
3068679, -2.7, 0.0, 3, 1981, 马斯特曼行动计划 
2336895, 16.5, 8.1, 19, 1980, 这里是恐怖的森林 
1862008, 35.4, 9.3, 183, 1978-6, 天国花园 
1949245, 33.5, 9.3, 137, 1978年6月, 沙丘的故事 
1949237, 40.8, 9.3, 404, 1978年6月, 柳树下的梦 
1878490, 32.8, 9.3, 124, 1978-6, 母亲的故事 
1948874, 34.0, 9.4, 139, 1978年6月, 祖母 
1949268, 45.9, 8.9, 1294, 1978年6月, 夜莺 
3068681, -2.7, 0.0, 3, 1988, 真正的新娘 
2999561, -4.5, 0.0, 6, 1988, 玻璃棺材中的少女 
3068683, -4.0, 0.0, 5, 1988, 三个黑公主 
3068684, -4.5, 0.0, 6, 1988, 聪明的小裁缝 
2003111, 49.2, 9.1, 1727, 1985, 格林童话 
2382895, 35.2, 9.2, 192, 1957-07/1978-08, 木偶奇遇记 
2364277, 25.0, 9.6, 34, 1980.9, 明希豪森奇游记 
3072662, -4.5, 0.0, 6, 1984, 成语故事五百篇 
3072709, 22.7, 8.8, 37, 1990, 千万个为什么 
2173461, 20.2, 7.7, 49, 1952年5月, 可爱的中国 
3058788, -1.7, 0.0, 2, 1996, 结局接近开始 
3058780, -3.5, 0.0, 4, 1996, 哭泣的琵琶 
1199068, 32.3, 9.2, 124, 1995-10, 中国通史故事（上.中.下） 
1099975, 48.8, 9.3, 1305, 2002-6, 小王子 
1007914, 67.6, 8.7, 54347, 2003-1, 窗边的小豆豆 
1016125, 17.1, 8.2, 20, 2002-09, 魔法-魔法小女巫(1) 
1218021, -4.0, 0.0, 5, 2003-3, 林中的睡美人 
1028409, 62.8, 9.4, 9001, 1991-4, 中国少年儿童百科全书（全四册） 
1010963, 12.0, 7.5, 11, 2003-3-1, 戴木帽的女孩 
1005252, 20.3, 8.6, 28, 2002-09, 祖母的故事 
2138971, 47.4, 8.9, 1649, 1986.2, 黑猫警长 
1958733, 29.0, 7.8, 239, 2007-1, 蝴蝶狮 
2229229, 46.2, 8.0, 4454, 2007-9, 穿条纹衣服的男孩 
1041128, 55.7, 8.5, 10716, 2003-12, 天蓝色的彼岸 
1025401, 13.0, 6.4, 28, 2003-03, 金星公主 
1544407, -2.7, 0.0, 3, 2003-1, 吃兔子 
1544408, -1.7, 0.0, 2, 2003-6, 爱上尤莉亚 
1483522, 56.5, 9.2, 4586, 1981-04, 365夜 
2334419, 50.3, 9.0, 2281, 1987年2月, 葫芦兄弟 
2036184, -4.5, 0.0, 6, 1983年7月, 任溶溶作品选 
1067261, 37.8, 9.4, 241, 1990-5, 亚马孙探险 
1026824, 36.0, 9.4, 185, 1994-01, 南海奇遇 
1053565, 33.3, 9.2, 144, 1994-01, 海底寻宝 
1066739, 33.9, 9.2, 157, 1995-01, 勇探火山口 
2998727, 37.6, 9.4, 233, 1998-3, 恶战杀人鲸 
1052626, 34.3, 9.3, 156, 1995-01, 非洲历险 
1077234, 35.0, 9.3, 172, 1994-01, 巧捕白象 
1065950, 37.6, 9.3, 251, 1995-1-1, 猎场剿匪 
3399482, 29.3, 9.3, 74, 1995, 追踪食人狮 
1030831, 35.1, 9.4, 161, 1994-01, 智擒大猩猩 
1045375, 34.5, 9.4, 148, 1995-01, 神秘海底城 
3015060, 37.4, 9.4, 227, 1990年3月第1版, 闯入食人国 
3399490, -0.0, 0.0, 1, 1991, 智斗猛兽 
1056631, 33.3, 9.2, 145, 1995-01, 北极探险 
1007886, 33.0, 8.7, 204, 2004-08, 游戏中的科学 
3594151, 51.6, 8.1, 10115, 2009-3, 柑橘与柠檬啊 
1456886, 33.8, 7.9, 522, 2005-10, 胡萝卜须 
1036274, 59.5, 8.5, 20107, 2004-5, 夏洛的网 
1083092, 32.5, 8.2, 299, 2004-6, 精灵鼠小弟 
1926986, -1.7, 0.0, 2, 1992.5, 世界奥秘十大谜系列连环画(全十册) 
2026063, -0.0, 0.0, 1, 2006-5, 奇异的飞行器 
2026064, 0.0, 0.0, 0, 2006-5, 庞大的机器 
2026061, 0.0, 0.0, 0, 2006-5, 神气的轮子 
1950864, -0.0, 0.0, 1, 2006-5-1, 迷人的小器具 
1085507, 16.5, 7.5, 27, 2004-2, 鼻烟壶里的小城 
3060847, -1.7, 0.0, 2, 1992, 神奇的城堡 
3523725, -2.7, 0.0, 3, 1993年6月第1版, 鹦鹉和商人 
3055370, -0.0, 0.0, 1, 1980, 客自天外来 
1017380, 24.4, 8.8, 48, 1999-8-1, 黑翼：悬疑惊奇小说集（全6册） 
2003721, -3.5, 0.0, 4, 2002, 世界童话史（修订本） 
3606176, -5.5, 0.0, 9, 1988, 安徒生童话选 
1529537, -4.0, 0.0, 5, 2003-6, 与全世界作对 
1495678, -1.7, 0.0, 2, 2003-6, 乘时间飞行器去埃及 
1518564, -0.0, 0.0, 1, 2003-6, 拯救心理医生 
1531896, -4.0, 0.0, 5, 2003年6月1日, 藏在蛋糕里 
3332655, 20.9, 7.5, 65, 2008-10, 木匠和鬼六 
3265408, 25.1, 8.3, 76, 2008-9, 大河马 
1203214, 11.3, 7.4, 10, 1999-6-1, 吹小号的天鹅 
1085185, 19.8, 8.5, 27, 2003年1月第1版, 骑士降龙记+四个童话 
3401741, -4.5, 0.0, 6, 1980年7月, 金鸭帝国 
1890647, 22.0, 8.9, 31, 2004, The Wind in the Willows 
3356731, 20.1, 8.3, 32, 2004, The Story of Dr. Dolittle 
1208235, -5.2, 0.0, 8, 2001-3-1, 百年中国儿童文学精品文丛 童话卷(1-3卷) 
1224046, 21.9, 9.3, 25, 1998-12, 高高的河堤 
3749728, 11.5, 7.5, 10, 2009-4, 法老的诅咒 
3749706, 14.7, 7.6, 18, 2009年04月, 外公的13号古宅 
3986723, 19.9, 9.4, 18, 2009, 好运泉 
2296728, -5.2, 0.0, 8, 1989, 少年侦探历险记 
2258015, 13.9, 7.9, 13, 1981, 夜半火车 
2257987, 12.9, 7.7, 12, 1981, 恐怖的城堡 
2257995, 22.0, 8.7, 35, 1981, 偷太阳的人 
2258005, -4.0, 0.0, 5, 1981, 北极贼 
2258009, -4.5, 0.0, 6, 1981, 水獭的秘密 
2296700, -0.0, 0.0, 1, 1986, 湖畔的夜晚 
2296711, -3.5, 0.0, 4, 1990, 海湾狐狸 恐怖堡垒 
2296713, -4.0, 0.0, 5, 1990, 杀手之谜 希拉姆国王的宝库 
2296714, -5.5, 0.0, 9, 1990, 黄金列车 月亮山 
2296715, -3.5, 0.0, 4, 1990, 半面人 布拉库达行动 
2296716, -4.0, 0.0, 5, 1990, 隐秘的绿洲 生死搏斗 
3289240, 12.4, 7.2, 14, 1981, 珊瑚岛的秘密 
3110750, 16.0, 7.2, 30, 2008-7, 小毛球 
3146299, 20.3, 7.6, 54, 2008-7, 一只狐狸叫悲伤 
1075564, 22.2, 9.1, 29, 2004-4-1, 独闯天下 
1208806, 29.9, 8.4, 158, 2001-01, 爱丽丝漫游奇境记 
1212322, 16.7, 8.4, 17, 2002-9-1, 杜利特医生的花园/杜利特医生在月亮上 
2042788, 13.9, 8.1, 12, 1984-01-01, 特莱比松的女学生们 
4827792, 40.4, 8.5, 839, 2010-6-1, 星星女孩 
1431184, 34.8, 8.3, 402, 2005-8, 笋瓜自传 
1214004, 30.2, 8.9, 112, 2003-5, 风又三郎 
1776610, 20.2, 7.5, 57, 1983-5, 日本民间故事选 
2138019, 15.4, 8.2, 15, 1990年6月, 德意志童话 
1852447, -1.7, 0.0, 2, 2006-4, 老虎学艺 
1884654, -2.7, 0.0, 3, 2006-6, 等明天 
1790601, -4.0, 0.0, 5, 2006-4-1, 老狼请客 
1852446, -2.7, 0.0, 3, 2006-4, 猴子捞月 
1880813, -1.7, 0.0, 2, 2006-6, 谁的本领大 
1852444, -2.7, 0.0, 3, 2006-4, 狼来了 
1852443, -2.7, 0.0, 3, 2006-4, 咕咚来了 
3651087, 38.0, 9.1, 316, 2009-3, 噼里啪啦系列（共7册） 
1256887, 23.8, 9.5, 30, 2004-1, 实用饲养栽培图鉴 
1082345, 31.5, 8.7, 162, 2003-1, 实用生活图鉴 
1082347, 25.0, 9.0, 47, 2003-5, 实用趣味实验图鉴 
1184293, 26.4, 9.0, 58, 2004-9, 实用自然图鉴 
4324980, -0.0, 0.0, 1, 1982年12月, 森林音乐会 
1769212, 40.5, 9.1, 459, 1980, 骑鹅旅行记（上） 
1769828, 32.0, 9.1, 127, 1980, 骑鹅旅行记（下） 
2089897, 24.4, 9.3, 36, 1980-11-01, 小熊温尼·菩 
2300905, -1.7, 0.0, 2, 1982, 新译阿凡提故事 
1045569, 29.9, 8.4, 160, 1994-8, 宫泽贤治童话 
1855231, 45.7, 8.6, 1807, 2006, 银河铁道之夜 
5988558, 42.7, 8.3, 1577, 2011-3-1, 深夜小狗神秘事件 
1430002, 32.4, 8.1, 326, 2005-5, 妖精森林 
4074690, 23.3, 7.7, 88, 2009年10月, 铁臂阿童木-火星的加仑 
1213995, 34.4, 8.9, 216, 2003-5-1, 银河铁道之夜 
1106466, 30.1, 9.0, 102, 2003-5, 水仙月四日 
1920054, 14.2, 7.4, 18, 2003-05-01, 宫泽贤治童话论 
1319265, 18.7, 7.3, 49, 2005-5, 芬兰童话故事 
3070772, 23.1, 8.0, 67, 2008-05, 35公斤的希望 
1792321, 24.6, 8.0, 87, 2006-5, 大雨大雨一直下 
1735723, -4.9, 0.0, 7, 2005-1, 蒂莉阿姨的魔法箱 
1792322, -5.5, 0.0, 9, 2006-5, 隐身小托尼历险记 
1485724, 16.6, 7.2, 34, 2006-2, 课外作业代写公司 
1852116, 20.4, 8.0, 41, 2006-6, 真正的贼 
2278363, 19.7, 7.7, 44, 2007-7, 青鸟 
2223137, -3.5, 0.0, 4, 2003-1, 逆天仙果 
1212750, -2.7, 0.0, 3, 2003-1, 迷途 
1325819, -5.5, 0.0, 9, 2003-1-1, 金爪小神鹰 
2223134, -5.5, 0.0, 9, 2003-1, 琼海飞侠 
1922761, 28.2, 8.6, 101, 2006-08-01, 傻狗温迪克 
1072830, 31.4, 8.8, 145, 2006－6－1, 风之王 
6979770, 22.4, 7.2, 118, 2011-11-1, 皮皮鲁送你100条命 
10779039, 18.3, 8.6, 20, 2012-7, 我的眼睛一睁开 
4723787, 25.4, 8.4, 74, 2010-6, 雾中的奇妙小镇 
4723786, 16.7, 7.5, 28, 2010-6, 地下室开始的奇妙旅行 
4723789, 17.5, 7.8, 27, 2010-6, 天花板里的奇妙朋友 
20443559, 46.4, 7.4, 12956, 2013-1, 小王子 
1737318, 35.2, 9.0, 225, 2006-1, 小王子 
1536907, 53.1, 9.1, 3140, 2000-03-01, 金刚葫芦娃 
