Doulist, Number of Books 
41281, 146 

ID, Score, Rating, Votes, Date, Title 
2041867, 15.6, 7.3, 26, 2007-04-01, 新旧历史学 
2063258, 25.5, 7.1, 257, 2007-4, 缅北之战 
2052420, 26.8, 8.4, 94, 2007-4, 圣雄箴言录 
1971987, 22.2, 7.9, 61, 2007-1, 千万别娶大脚女人 
1982353, 23.0, 7.5, 100, 2007.03, 1500-1800：中西方的伟大相遇 
1968563, 19.6, 7.2, 65, 2007-2, 当代法国哲学 
1963579, 29.4, 8.1, 191, 2007.01, 柏林日记 
1962950, 26.4, 8.4, 88, 2007.01, 行走于理性的钢丝上 
1958882, 29.0, 8.1, 177, 2006, 此前此后 
1963572, 17.2, 6.8, 55, 2007.01, 希特勒家族 
1967688, 17.6, 7.3, 39, 2006-12, 女人的一个世纪 
1958687, 25.1, 7.6, 137, 2006.12, 五月花号 
1958695, 25.3, 8.0, 99, 2006-12, 星星、月亮、太阳 
1950598, 22.2, 7.8, 66, 2006-11, 史华慈论中国 
1950984, 30.9, 7.7, 380, 2006, 裸女 
1947565, 22.3, 7.8, 67, 2006-11, 苏格拉底的困惑 
1947564, 30.4, 7.6, 388, 2006-10, 弗里达 
1947486, 20.9, 7.2, 85, 2006-11, 日常现实的变态核心 
1926504, 23.1, 8.0, 67, 2006-10, 求古编 
1937955, 38.0, 8.5, 566, 2006-10, 胡适之先生晚年谈话录 
1941180, 16.1, 7.8, 21, 2006, 人文寻求录 
1941190, -5.2, 0.0, 8, 2006, 思文之际论集 
1936262, 36.9, 7.8, 1054, 2006-11, 流氓的盛宴 
1941695, 20.1, 7.5, 56, 2006-11, 读黑格尔 
1917203, 26.0, 7.3, 223, 2006-9, 切·格瓦拉之死 
1924039, 31.1, 8.0, 284, 2006-10, 最后的天空之后 
1917880, 26.8, 7.8, 157, 2006, 中国的城市生活 
1924045, -1.7, 0.0, 2, 2006, 征服时空-鲁迅影响论 
1924042, 27.0, 8.1, 124, 2006-10, 让科学的光芒照亮自己 
1908264, 27.9, 8.1, 146, 2006, 悬而未决的时刻 
1875366, 19.6, 7.9, 38, 2006-8, 阳明学士人社群 
1894013, 23.2, 8.2, 59, 2006-8, 人的现象 
1906683, 21.1, 7.6, 63, 2006, 国家力量与中国经济的历史变迁 
1907315, 28.0, 8.2, 136, 2006-9, 雷蒙·阿隆回忆录 
1875362, 24.9, 7.9, 101, 2006-08-01, 危险的心灵 
1322228, 24.1, 7.4, 136, 2005-05, 新文学的传统 
1842090, -4.0, 0.0, 5, 2006-4, 长歌唱罢风入松 
1322151, 23.0, 7.7, 83, 2005-05, 身体活：现代叙述中的欲望对象 
1322401, 35.6, 8.6, 341, 2005-05, 八月炮火 
1316507, 30.7, 8.1, 239, 2005-05, 言论自由的反讽 
1410337, 21.9, 8.1, 50, 2005-5-1, 中国与历史资本主义 
1322116, 21.6, 8.0, 51, 2005-04, 寂寞中的独体 
1421650, 28.9, 8.3, 145, 2005, 国史探微 
1322352, 23.6, 7.9, 79, 2005-04, 闲暇 
1322125, 30.6, 7.8, 322, 2005-04, 明代的漕运 
1322112, 17.4, 7.1, 44, 2005-05, 南京大屠杀和日本人的精神构造 
1322282, 26.2, 8.2, 100, 2005-05, 20世纪中国知识分子史论 
1322336, 41.1, 9.0, 560, 2005-05, 控制论与科学方法论 
1424062, 11.8, 7.1, 13, 2005-7, “双搞斋”言筌 
1426927, 31.0, 7.3, 644, 2005-7, 美国是如何培养精英的 
1322104, 31.3, 8.0, 296, 2005-05, 开放的作品 
1397594, 32.8, 8.3, 286, 2005-4, 致新知识分子 
1322161, 28.8, 8.4, 132, 2005-04, 理性的声音 
1322292, 22.6, 7.4, 100, 2005-05, 声东击西 
1424064, 24.0, 8.4, 58, 2005-7, 康有为思想研究 
1488497, 35.1, 9.1, 204, 2005年11月1日, 中国政治思想史 
1444574, 31.5, 7.9, 341, 2005-11, 当知识分子遇到政治 
1454914, -2.7, 0.0, 3, 2005-9, 跨界整合 
1443837, 31.0, 8.0, 280, 2005-09-01, 中国现代作家的浪漫一代 
1322168, 37.8, 8.5, 549, 2005-05, 正义之前 
1430203, 31.9, 8.8, 157, 2005-8, 系统的哲学 
1488699, -3.5, 0.0, 4, 2006-1, 呐喊之后的文化沉思 
1491923, 20.0, 7.5, 55, 2006-1-1, 丁文江 
1472788, 30.6, 8.1, 238, 2006-1, 城市季风（修订本） 
1491926, 25.4, 7.9, 111, 2006-1, 康章合论 
1491505, 31.7, 8.3, 235, 2006-1, 幽暗意识与民主传统 
1491501, -4.9, 0.0, 7, 2006-1, 火与歌 
1491502, -1.7, 0.0, 2, 2005-12, 世界华文文学研究 
1491719, 28.5, 8.3, 136, 2006-2-1, 论红楼梦 
1752346, 24.8, 7.9, 98, 2006-2-1, 梁启超与中国思想的过渡（1890-1907）烈士精神与批判意识 
1737624, 26.0, 7.8, 135, 2006-02-01, 危机中的中国知识分子 
1802353, -0.0, 0.0, 1, 2006-3, 主流与先锋 
1803133, 18.8, 7.6, 40, 2006-3, 公共意识与中国文化 
1808238, -0.0, 0.0, 1, 2006-3, 跨国界的追寻 
1808236, -1.7, 0.0, 2, 2006-3, 中国现代文学的多重视野 
1791909, 25.8, 8.3, 86, 2006-2, 西方政治传统 
1783132, 29.8, 8.4, 155, 2006, 自由民主的理路 
1799858, 19.9, 7.5, 53, 2006-3, 政治实践与公共空间 
1782391, 22.2, 6.6, 222, 2006.4, 村上春树与后虚无年代 
1790996, 24.5, 7.9, 93, 2006-5-1, 一个被放弃的选择 
1871328, 28.0, 8.5, 107, 2006-8, 中国经济制度史论 
1871296, 19.4, 7.9, 36, 2006-8-1, 南宋的农村经济 
1871295, 27.4, 8.5, 97, 2006-8, 中国传统农村的地权分配 
1823785, 36.8, 7.9, 917, 2006-6, 误读 
1871293, 18.2, 7.7, 33, 2006-8, 当代三大民主理论 
1871294, 26.2, 7.6, 170, 2006-08-01, 历史、身体、国家 
1871284, 9.4, 6.6, 10, 2006-6, 大战略决定命运 
1871288, 18.7, 7.6, 39, 2006-8, 被冷落的缪斯 
1871281, 28.6, 8.5, 118, 2006-7, 中国土地制度史 
1863616, 25.4, 7.6, 146, 2006-7, 摇摇欲坠的哭墙 
1871310, 24.0, 8.0, 78, 2006-8, 圣雄修身录 
1871289, 11.3, 7.4, 10, 2006-7, 老子原解 
1828654, 27.4, 7.7, 195, 2006-6, 中国古代文化的特质 
1845612, 24.3, 7.6, 118, 2006年7月第一版, 人文主义与民主批评 
1794089, 25.7, 7.8, 127, 2006-5, 以赛亚·伯林的遗产 
1835165, 27.8, 8.3, 121, 2006-6, 中国城市发展史论集 
1823962, 15.6, 7.7, 20, 2006-5, 唯识的结构 
1777853, 39.5, 8.2, 1031, 2006.4, 屠猫记 
1790987, 12.5, 6.6, 21, 2006-05, 戴震学的形成 
1820621, 22.8, 8.2, 55, 2006-5, 鲁迅与“左联” 
2059569, 21.9, 8.3, 44, 2007-4-1, 实践历史 
2129165, 16.3, 6.8, 44, 2007.05, 自由主义与近代中国 
2135647, 15.1, 7.3, 23, 2007, 中国当代文学制度研究 
2129169, 25.3, 7.6, 144, 2007-6, 不完美的图像 
2149444, 22.7, 7.9, 67, 2007.07, 哲学 
2155338, 33.9, 9.1, 171, 2007-8, 货币、方法与市场过程 
2155342, 36.3, 8.7, 351, 2007-8, 货币的非国家化 
2155341, 38.4, 8.9, 402, 2007-8, 官僚体制·反资本主义的心态 
2155344, 32.2, 8.8, 165, 2007-8, 权力与市场 
2155336, 27.6, 8.6, 92, 2007-8, 经济学方法论探究 
2240536, 17.1, 7.8, 25, 2007-8, 学术与制度 
2158882, 31.9, 8.5, 205, 2007.08, 中国启蒙运动 
2264786, 16.6, 7.2, 34, 2007-9, 皇权旁的山西 
2210591, 30.8, 8.3, 202, 2007-9, 史迪威与美国在中国的经验 
2253593, 14.7, 7.5, 19, 2007.10, 幼儿园大战 
2253590, 29.0, 8.4, 137, 2007-9, 责任的重负 
2253580, 23.4, 8.3, 57, 2007.10, 西方文化的衰落 
2301013, -4.5, 0.0, 6, 2007, 陆权发展与大国兴衰 
2294227, 23.2, 7.6, 94, 2007.11, 亚历山大·科耶夫 
2294228, 16.9, 7.9, 23, 2007.11, 跨文化的诠释 
2300027, -1.7, 0.0, 2, 2007.11, 治理年鉴2007 
2310471, 13.8, 7.2, 19, 2007.12, 杜亚泉著作两种 
2294221, 20.7, 7.3, 75, 2007-11, 何种政治？谁之现代性？ 
2368788, 24.6, 7.9, 96, 2007, 学而时习之 
2357740, 26.2, 8.0, 117, 2008-01-01, 中国经济史 
2341710, 19.6, 8.2, 31, 2007.12, 读文心雕龙 
2341673, 19.9, 7.2, 69, 2007-12, 民国时期的国家与社会 
2336042, 25.7, 7.8, 127, 2007.12, 乌托邦之死 
2988927, 25.1, 7.4, 168, 2008.02, 黑暗时期三女哲 
2991148, 21.2, 7.1, 101, 2008.03, Libertad!自由派作家们 
2991179, -0.0, 0.0, 1, 2008.03, 实对称矩阵的拟特征值理论与应用 
2991181, 26.8, 8.0, 130, 2008-3-1, 中国的大转型 
3035211, 32.4, 8.0, 364, 2008, 日本帝国的衰亡（上下册） 
3057735, 23.0, 7.8, 77, 2008-5, 另一个国度 
3057748, 23.8, 8.3, 61, 2008.05, 维柯 
3238318, 19.0, 7.1, 62, 2008-10, 近代中国城市与大众文化 
3148240, 13.3, 7.7, 13, 2008.07, 溪河溯源 
3273321, 24.9, 7.9, 100, 2008-10, 亚财政 
3297535, 26.4, 7.4, 219, 2008-11, 缅北之战 
3292270, 17.1, 8.2, 20, 2008-12, 权威的理由 
3404602, -3.5, 0.0, 4, 2009.01, 中国网情报告 
3348809, -0.0, 0.0, 1, 2009-1, 治理年鉴2008 
3442805, 30.1, 8.3, 179, 2009-1, 革命逸史（全三册） 
3434159, 22.0, 7.4, 89, 2009.01, 这才是美国 
3557583, 32.9, 8.4, 265, 2009-3, 通往尊严的公共生活 
3618445, 21.1, 7.2, 89, 2009.03, 棉花国之旅 
