Tag: 三毛 
The number of books: 100 

ID, Rating, Votes, Title
1361264, 9.0, 53326, 撒哈拉的故事 
1090043, 8.5, 82961, 倾城之恋 
1029111, 8.9, 28987, 哭泣的骆驼 
1036490, 8.8, 13991, 万水千山走遍 
2136140, 8.7, 13735, 雨季不再来 
2068249, 9.0, 7462, 温柔的夜 
1760548, 9.2, 5526, 三毛作品集 
3607117, 8.9, 7535, 稻草人手记 
1082399, 8.6, 9464, 闹学记 
1016300, 7.2, 142814, 梦里花落知多少 
3713237, 8.8, 6118, 亲爱的三毛 
1065239, 8.5, 7298, 我的宝贝 
21346636, 9.4, 2279, 三毛典藏全集 
3698390, 8.6, 5290, 送你一匹马 
3723589, 8.6, 5197, 滚滚红尘 
1050870, 9.3, 2127, 三毛经典作品（上下） 
3054373, 9.2, 2237, 荷西 我爱你 
1013801, 8.8, 3658, 倾城 
1382836, 8.7, 3680, 傾城 
1382829, 8.6, 3883, 萬水千山走遍 
1382840, 8.7, 3157, 背影 
2073521, 9.2, 1453, 三毛全集 
1037716, 8.7, 2554, 我的灵魂骑在纸背上 
1082369, 8.4, 3289, 滚滚红尘 
1382833, 8.4, 3093, 送你一匹馬 
3759808, 8.6, 2261, 流星雨 
1061572, 8.5, 2293, 随想 
1033347, 8.7, 1478, 高原的百合花 
1389906, 8.6, 1430, 我的寶貝 
2301377, 9.2, 720, 玛法达 
1313317, 8.4, 1682, 三毛私家相册 
1082414, 8.6, 1240, 我的快乐天堂 
1082415, 8.2, 1948, 谈心 
5417810, 8.2, 1789, 三毛1943-1991 
25803923, 7.9, 1416, 你是我不及的梦 
1005121, 9.1, 332, 三毛流浪记 
1382832, 8.7, 433, 我的快樂天堂 
3738140, 9.3, 200, 三毛流浪记全集 
1015275, 9.1, 208, 三毛从军记 
1792257, 9.2, 177, 三毛流浪记 
5501097, 7.5, 793, 三毛的最后一封信 
2137727, 8.4, 281, 三毛 昨日、今日、明日 
3332786, 9.3, 124, 三毛流浪记选集 
1820623, 7.6, 523, 美丽与哀愁-一个真实的三毛 
3598751, 9.1, 119, 梦里花落知多少 
2268814, 8.8, 135, 倾城 
3290172, 8.7, 137, 送你一匹马 
26416549, 8.3, 188, 兰屿之歌 清泉故事 
4741362, 9.3, 88, 三毛·撒哈拉之恋 
3290157, 9.0, 108, 温柔的夜 
3182452, 8.9, 112, 闹学记 
3041306, 8.7, 122, 闹学记 
1723594, 9.3, 79, 三毛作品选（台湾文学丛书） 
3041280, 8.8, 107, 随想 
1351536, 9.2, 79, 娃娃看天下（全集1） 
3657207, 9.1, 83, 撒哈拉的故事 
1948777, 8.6, 111, 雨季不再来 
3053817, 9.1, 77, 背影 
1103404, 8.7, 96, 名家名著经典文集 
5976294, 9.4, 57, 撒哈拉歲月 
3041293, 8.7, 85, 三毛说书（有声书） 
3041300, 8.5, 97, 我的宝贝 
3041272, 8.7, 83, 谈心 
1642776, 9.3, 55, 张乐平连环漫画全集 
3144474, 9.1, 61, 万水千山走遍 
2378247, 8.3, 96, 我的宝贝 
1291079, 8.8, 62, 剎那時光(譯作) 
3657210, 9.1, 47, 哭泣的骆驼 
3290179, 8.6, 58, 梦里花落知多少 
1450271, 8.3, 68, 凄美的欢颜 
2269110, 9.1, 40, 三毛从军记 
3244227, 8.6, 53, 夏日烟愁 
1856940, 8.8, 44, 三毛经典作品集续编——走出寂寞 
3243026, 9.2, 34, 稻草人手记 
3143034, 8.1, 59, 三毛 昨日、今日、明日 
3932742, 9.0, 33, 三毛经典作品集 
2137715, 7.8, 69, 谈心 
6748307, 9.6, 23, 夢中的橄欖樹 
2368750, 8.8, 32, 背影 
3144458, 8.4, 37, 谈心 
20387103, 8.2, 41, 三毛散文集 
3041308, 8.4, 34, 阅读大地（有声书） 
3040310, 8.6, 29, 兰屿之歌 
5350892, 9.2, 20, 奔走在日光大道 
1142614, 7.4, 53, 三毛传奇 
1451560, 7.3, 50, 三毛传(永远流浪)/侠情小说名家传记 
1438218, 7.2, 54, 在西撒哈拉踏寻三毛的足迹 
3240019, 8.1, 27, 随想 
3538059, 6.4, 110, 听三毛讲远行 
1059987, 6.4, 89, 三毛，你为什么失约 
25783592, 6.2, 109, 撒哈拉不哭泣：三毛传 
20444211, 6.1, 122, 撒哈拉的眼泪 
3041304, 7.8, 26, 流星雨（有声书） 
3186273, 7.4, 30, 兰屿之歌 
25723522, 7.6, 20, 烟花易冷：三毛与荷西 
2378017, 7.6, 18, 清泉故事 
1053772, 5.8, 52, 哭泣的百合 
10443156, 7.4, 14, 三毛的回声 
5261221, 4.9, 104, 三毛之谜 
4079506, 7.0, 11, 三毛的生死簿 
