Tag: 中国文学 
The number of books: 872 

ID, Rating, Votes, Title
1007305, 9.5, 112466,  红楼梦 
1008145, 8.9, 179338,  围城 
1082154, 9.1, 119709,  活着 
5363767, 9.2, 73701,  三体Ⅲ 
1200840, 9.0, 93680,  平凡的世界（全三部） 
1255625, 9.1, 53324,  天龙八部 
4238362, 8.6, 82617,  送你一颗子弹 
1002299, 8.9, 47730,  笑傲江湖（全四册） 
1089243, 8.8, 52313,  黄金时代 
1054685, 9.0, 36543,  沉默的大多数 
3674537, 9.1, 30687,  明朝那些事儿（1-9） 
1090043, 8.5, 82932,  倾城之恋 
1029791, 8.7, 56201,  许三观卖血记 
1057244, 8.6, 63767,  边城 
1255624, 8.8, 43386,  神雕侠侣 
3369793, 8.7, 50100,  亲爱的安德烈 
1044547, 8.9, 31189,  射雕英雄传（全四册） 
1077847, 9.5, 12165,  史记（全十册） 
1449351, 8.8, 34495,  呐喊 
1029111, 8.9, 28982,  哭泣的骆驼 
3071717, 8.8, 29580,  爱你就像爱生命 
1022060, 8.3, 72817,  狼图腾 
20440644, 9.2, 15231,  文学回忆录（全2册） 
1003000, 8.4, 53941,  悟空传 
1082334, 8.3, 64578,  穆斯林的葬礼 
1085799, 8.6, 35099,  白鹿原 
1254588, 8.9, 21250,  城南旧事 
2070844, 8.8, 25001,  梦里花落知多少 
1767945, 8.8, 24715,  一只特立独行的猪 
1883245, 9.4, 10223,  诗经 
4207781, 8.8, 24579,  孩子你慢慢来 
1014578, 9.0, 17227,  我的精神家园 
1963684, 8.6, 32733,  半生缘 
1401425, 8.3, 56135,  兄弟（上） 
5275059, 7.9, 116787,  1988：我想和这个世界谈谈 
1209899, 9.0, 15714,  我与地坛 
1011754, 8.9, 17157,  海子的诗 
1203426, 9.0, 14248,  人间词话 
1014278, 8.4, 36287,  红玫瑰与白玫瑰 
3239549, 9.1, 11257,  夹边沟记事 
1029553, 8.7, 20375,  西游记（全二册） 
3017857, 8.5, 26823,  金锁记 
3266344, 8.5, 26399,  盗墓笔记4 
1018577, 8.9, 13751,  霸王别姬 青蛇 
1088581, 8.9, 13377,  浮生六记 
6880158, 8.7, 17186,  陆犯焉识 
1080309, 8.4, 28092,  尘埃落定 
1070851, 8.5, 23513,  倚天屠龙记(共四册) 
1398395, 8.6, 19293,  狂人日记 
1036490, 8.8, 13989,  万水千山走遍 
1088022, 8.9, 11754,  亮剑 
1008357, 8.5, 21603,  水浒传（全二册） 
1060852, 8.8, 13277,  呼兰河传 
4842446, 8.7, 15563,  巨流河 
1391191, 8.5, 21423,  京华烟云 
6397275, 9.0, 9789,  此生未完成 
1013416, 8.5, 20845,  雷雨 
1014561, 9.0, 9755,  古文观止 
23008971, 9.0, 8961,  平如美棠 
2136140, 8.7, 13734,  雨季不再来 
3598313, 8.0, 45448,  西决 
2567919, 8.3, 26214,  匆匆那年（上下） 
5254315, 8.4, 21969,  盗墓笔记7 
1004992, 8.8, 11461,  张爱玲文集 
4884218, 8.8, 11273,  我的阿勒泰 
2218216, 9.5, 4440,  金庸作品集 
1449348, 8.8, 10993,  彷徨 
3610681, 9.2, 6158,  海子诗全集 
5337248, 8.9, 9184,  台北人 
1020961, 8.7, 12069,  棋王 
1043815, 8.2, 27899,  骆驼祥子 
4874131, 8.2, 27895,  东霓 
1085883, 8.6, 14022,  青铜时代 
4124727, 8.1, 32523,  孤独六讲 
3633461, 8.6, 13695,  一句顶一万句 
1418686, 8.6, 13548,  红拂夜奔 
2068249, 9.0, 7459,  温柔的夜 
1061977, 8.7, 11643,  血色浪漫 
1082349, 8.2, 25777,  长恨歌 
1418180, 8.9, 8527,  思维的乐趣 
1760548, 9.2, 5526,  三毛作品集 
4872671, 8.2, 24855,  佛祖在一号线 
10522856, 9.0, 7110,  冬牧场 
1964774, 9.0, 6902,  论语 
2243213, 7.9, 40253,  山楂树之恋 
4238754, 8.0, 33168,  失恋33天 
3607117, 8.9, 7535,  稻草人手记 
1065970, 7.8, 47939,  彼岸花 
6953273, 8.6, 11181,  盗墓笔记 
3311253, 9.0, 5939,  额尔古纳河右岸 
3803820, 8.4, 14298,  人生 
1052990, 8.9, 6781,  草房子 
3518332, 8.9, 6824,  绿毛水怪 
4881850, 9.0, 5873,  阿勒泰的角落 
1082162, 8.3, 16714,  第一炉香 
3268399, 8.5, 12058,  上海堡垒 
3079029, 8.8, 7634,  大秦帝国 
1692648, 8.9, 6537,  一个人的村庄 
5269439, 8.4, 13751,  城门开 
1073708, 9.0, 5606,  牡丹亭 
1026425, 7.4, 92936,  三重门 
1322455, 8.8, 7231,  遥远的救世主 
1082150, 8.3, 15654,  白银时代 
1915958, 9.2, 4149,  野草 
1089521, 8.5, 10813,  楚留香传奇 
1073349, 8.8, 6694,  写在人生边上 人生边上的边上 石语 
6518605, 9.3, 3525,  三体全集 
1883991, 9.3, 3462,  王小波全集 
1143694, 8.2, 16628,  动物凶猛 
1980436, 8.7, 7343,  流言 
1442720, 9.4, 2941,  鲁迅全集（2005最新修订版） 
1058679, 8.7, 7243,  人　兽　鬼 
1005358, 9.2, 3653,  寻找家园 
22714154, 8.7, 6991,  繁花 
1792668, 8.5, 9434,  苏东坡传 
3713237, 8.8, 6116,  亲爱的三毛 
1049688, 8.5, 9416,  妞妞 
1054917, 8.5, 9353,  沧浪之水 
1752755, 8.6, 7964,  第九个寡妇 
1261153, 8.4, 10752,  青蛇 
3860856, 8.1, 17798,  可爱的洪水猛兽 
1049219, 7.4, 71648,  长安乱 
1036613, 8.9, 5047,  茶馆 
1021990, 9.2, 3455,  唐诗鉴赏辞典 
26278687, 7.8, 28692,  皮囊 
1760432, 9.2, 3355,  受戒 
1040382, 8.9, 4947,  人间词话手稿本全编 
1096790, 8.6, 7444,  黑铁时代 
5990251, 8.5, 8480,  西藏生死书 
3544376, 9.1, 3665,  顾城的诗顾城的画 
2026211, 8.9, 4731,  士兵突击 
1082522, 8.2, 13322,  家 
1044446, 8.7, 6170,  在黑暗的河流上 
3394338, 7.5, 49178,  他的国 
3616310, 7.6, 38786,  小团圆 
1000517, 8.8, 5174,  故事新编 
5040220, 9.0, 3853,  蒋勋说红楼梦（第一辑） 
1061242, 8.8, 4967,  写在人生边上 
1949679, 8.7, 5564,  素履之往 
6902639, 7.9, 20114,  青春 
1764991, 8.9, 4262,  我的阴阳两界　革命时期的爱情 
1791664, 8.8, 4885,  千江有水千江月 
1098643, 8.7, 5476,  聊斋志异 
1065239, 8.5, 7297,  我的宝贝 
21346636, 9.4, 2279,  三毛典藏全集 
3532347, 9.5, 2019,  金庸全集 
10549863, 8.6, 6182,  光明与磊落 
3297466, 9.2, 2821,  我的团长我的团（上部） 
1777932, 8.6, 5900,  寻找无双　东宫西宫 
3511129, 9.4, 2170,  我的团长我的团（下部） 
1453210, 7.4, 50270,  一座城池 
5337243, 8.6, 5876,  纽约客 
1776300, 8.7, 5036,  席慕容诗集 
2988943, 8.3, 9012,  青灯 
3194071, 8.6, 5615,  少年巴比伦 
4922655, 8.4, 7600,  酥油 
1253310, 8.9, 3714,  人间草木 
1108762, 9.3, 2278,  诗经 
1026036, 8.6, 5476,  北岛诗歌集 
1774227, 9.6, 1620,  脂砚斋重评石头记庚辰校本 
1006967, 9.3, 2241,  宋词三百首 
1227844, 8.8, 4094,  雅舍谈吃 
1393218, 9.1, 2793,  大明宫词 
1703544, 7.5, 35457,  兄弟（下） 
1212199, 8.9, 3597,  一百个人的十年 
1830445, 9.0, 3121,  阿城精选集 
3698390, 8.6, 5288,  送你一匹马 
1043485, 8.1, 11269,  檀香刑 
3723589, 8.6, 5195,  滚滚红尘 
3009033, 7.8, 18790,  杂的文 
4238144, 9.1, 2649,  岁朝清供 
1458164, 8.3, 7877,  她是女子，我也是女子 
1054889, 7.7, 21911,  行者无疆 
1822857, 9.0, 2982,  王小波全集（第二卷 杂文） 
3506871, 7.6, 26480,  曾有一个人，爱我如生命 
1082577, 8.7, 4333,  黑铁时代 
1045247, 7.7, 21422,  面包树上的女人 
1578609, 8.9, 3292,  张爱玲作品集 
1047719, 8.5, 5602,  傅雷家书 
1015584, 8.0, 12174,  看上去很美 
3054373, 9.2, 2237,  荷西 我爱你 
1013801, 8.8, 3658,  倾城 
1053088, 9.2, 2255,  陶庵梦忆 西湖梦寻 
1027247, 7.9, 14100,  丑陋的中国人 
5333599, 8.2, 8599,  春天责备 
2016749, 8.1, 10047,  金陵十三钗 
3389984, 8.6, 4631,  俗世奇人 
1286547, 8.6, 4645,  菜根谭 
3010130, 7.7, 19733,  悲观主义的花朵 
3264642, 8.7, 3976,  似水流年 
1157014, 8.8, 3465,  伤逝 
6974102, 7.7, 19250,  盗墓笔记8　大结局（下） 
1147193, 9.0, 2589,  世说新语 
1016631, 8.5, 5037,  西厢记 
1055128, 9.0, 2584,  传奇(上下) 
1009273, 9.1, 2305,  三毛流浪记（全集） 
3698217, 8.6, 4253,  花田半亩 
3013624, 9.1, 2237,  棋王.　王.孩子王 
1829614, 8.6, 4220,  琼美卡随想录 
1465007, 8.2, 7422,  生死疲劳 
3406518, 8.5, 4668,  追随她的旅程 
4169424, 7.9, 11632,  蛙 
20425053, 7.7, 16844,  我所理解的生活 
1763806, 8.5, 4577,  万寿寺 
1132550, 9.4, 1531,  宋词鉴赏辞典 
4159088, 7.8, 14060,  理想的下午 
2267883, 7.9, 11626,  色，戒 
1001204, 7.9, 11557,  山居笔记 
1393724, 9.0, 2345,  楚辞 
1049477, 8.0, 9423,  一半是海水一半是火焰 
1020241, 7.6, 19096,  千年一叹 
2240482, 8.0, 9248,  走到人生边上 
1009160, 7.3, 34577,  像少年啦飞驰 
3339812, 9.3, 1593,  木心作品八种 
10607710, 8.0, 9053,  世间的盐 
3018339, 7.7, 15298,  万物生长 
5367304, 8.3, 5511,  城邦暴力团（上） 
1005279, 8.7, 3171,  皮皮鲁和鲁西西的故事 
21242062, 8.2, 6357,  长相思 
2254582, 8.9, 2403,  以箭为翅 
3448867, 9.0, 2105,  采桑子 
3662594, 8.1, 6967,  荒人手记 
26291984, 8.8, 2607,  最后的耍猴人 
1792984, 8.2, 5957,  一个女人的史诗 
1456183, 8.2, 5940,  我的帝王生涯 
1398441, 9.1, 1770,  汪曾祺散文 
1021709, 8.6, 3316,  桃花扇 
1318622, 8.8, 2540,  青铜葵花 
1081144, 9.3, 1431,  古　源 
5355492, 9.1, 1772,  蒋勋说红楼梦（第二辑） 
1185908, 8.5, 3749,  东周列国志（上下） 
3264665, 8.6, 3249,  三十而立 
1873569, 9.3, 1413,  郑渊洁童话全集(33卷) 
1819978, 8.5, 3631,  温莎墓园日记 
1456692, 8.5, 3547,  金瓶梅 
1151873, 8.2, 5433,  我是你爸爸 
1207819, 8.1, 6294,  过把瘾就死 
3274851, 8.0, 7349,  原谅我红尘颠倒 
3297888, 8.4, 3993,  云雀叫了一整天 
5288327, 8.3, 4626,  鸟，看见我了 
3621542, 8.4, 4007,  蓝房子 
2005705, 9.1, 1642,  唐宋词十七讲 
10767124, 8.6, 2984,  乡村教师 
25735727, 8.2, 5216,  站在两个世界的边缘 
1016595, 8.3, 4480,  雍正皇帝（全三册） 
1863163, 8.4, 3902,  异兽志 
1033843, 8.7, 2562,  张看（上下） 
5275500, 7.7, 11515,  尘曲 
1136988, 8.9, 1949,  命若琴弦 
1982001, 8.6, 2819,  月牙儿 
1288925, 8.8, 2216,  五味 
10601137, 7.7, 10955,  你永远都无法叫醒一个装睡的人 
20278799, 7.6, 13117,  三十六大 
5913472, 9.4, 1107,  蒋勋细说红楼梦 
11501640, 8.4, 3579,  柔软 
1705507, 8.0, 6471,  胭脂扣 
1489494, 8.5, 3116,  人与永恒 
1924318, 8.9, 1909,  汪曾祺谈吃 
1050566, 8.0, 6374,  一地鸡毛 
1491239, 8.5, 3070,  吾国与吾民 
5905348, 8.2, 4743,  笑谈大先生 
4124716, 8.6, 2710,  汉字书法之美 
3024497, 8.4, 3481,  天浴 
3264644, 8.8, 2076,  地久天长 
1015104, 9.3, 1158,  陶渊明集 
3007268, 9.3, 1170,  传习录 
1474736, 9.0, 1603,  鲁迅杂文全集 
4912688, 8.5, 2889,  干校六记 
1079838, 8.7, 2218,  湘行散记 
11602267, 8.9, 1762,  羊道　春牧场 
11612936, 7.6, 11854,  古董局中局 
1793132, 7.5, 14207,  白马啸西风 
1425075, 8.8, 1988,  大秦帝国　第一部 黑色裂变（上、下） 
1010349, 8.0, 5845,  丰乳肥臀 
5367303, 8.4, 3272,  城邦暴力团（下） 
1317899, 8.1, 4955,  生死场 
1008732, 8.4, 3213,  失败之书 
4169341, 8.3, 3692,  水问 
3311009, 7.2, 24883,  原来你非不快乐 
1290398, 8.4, 3058,  白蛇 
1076598, 8.7, 2102,  宋诗选注 
1009043, 8.4, 3099,  日出 
1015403, 7.7, 9019,  今生今世 
1038476, 8.7, 2052,  小说稗类 
2032964, 9.1, 1298,  正红旗下 
2345727, 7.5, 12821,  蜗居 
1023000, 8.6, 2296,  常识与通识 
6088153, 8.5, 2613,  人间 
6864307, 7.4, 14960,  像我这样笨拙地生活 
3146656, 8.4, 2924,  五月女王 
1041366, 9.3, 1014,  管锥编（全五册） 
1124305, 8.1, 4422,  扶桑 
1024468, 9.0, 1375,  金锁记 
11602263, 9.1, 1233,  羊道　深山夏牧场 
4199685, 7.6, 9986,  我读 
2237621, 8.4, 2816,  十八岁出门远行 
1073253, 8.8, 1717,  闲话闲说 
1062423, 8.3, 3272,  牛棚杂忆 
2375972, 8.3, 3237,  今朝风日好 
2010284, 8.0, 4999,  春风沉醉的晚上 
1963395, 8.5, 2461,  鱼丽之宴 
1812895, 8.2, 3700,  东宫　西宫 
4169342, 8.6, 2153,  女儿红 
1006781, 8.9, 1478,  七缀集 
1823533, 8.7, 1869,  山海经 
1807769, 8.8, 1624,  假如你愿意你就恋爱吧 
1370750, 8.6, 2076,  突然我　起你的　 
1888215, 8.4, 2650,  即兴判断 
1972266, 7.7, 7645,  余欢 
1731521, 8.2, 3474,  生死桥 
1002513, 9.2, 1034,  　　注析（全二　） 
1064862, 8.1, 4017,  男生贾里  女生贾梅 
26309691, 8.3, 2985,  月光落在左手上 
6025373, 8.2, 3412,  风起陇西 
3224818, 8.5, 2278,  安妮宝贝系列 
1083883, 8.7, 1760,  席慕蓉经典作品 
6718314, 8.0, 4549,  晚来寂静 
2297786, 7.6, 8756,  北京，北京 
1071921, 8.1, 3864,  现实一种 
2284090, 7.5, 10430,  开到荼蘼 
1200843, 8.1, 3832,  芙蓉镇 
1004318, 8.3, 2893,  守望的距离：周国平散文集 
1181370, 9.3, 876,  文心雕龙注(上下) 
1608873, 9.2, 968,  山海　 
26265745, 8.2, 3227,  清明上河图密码 
3197635, 8.9, 1354,  结局或开始 
3018322, 7.6, 8299,  活着活着就老了 
4894980, 7.8, 5907,  心术 
4773741, 7.5, 9885,  杜拉拉3 
1041414, 8.6, 1868,  威尼斯日记 
1204398, 8.8, 1455,  幽梦影 
2375977, 8.4, 2411,  香椿树街故事 
26210607, 8.4, 2395,  时间移民 
21360827, 9.0, 1152,  朱生豪情书全集 
1893879, 8.5, 2063,  张居正（全四册） 
1921597, 8.9, 1285,  大学　中庸 
10877051, 9.0, 1123,  顾城哲思录 
1734830, 9.2, 923,  汪曾祺精选集 
1921441, 8.9, 1263,  诗经 
3239913, 8.0, 4019,  推拿 
3290010, 7.0, 25278,  澜本嫁衣 
26821461, 8.8, 1376,  北鸢 
1119590, 8.0, 3886,  老残游记 
2257188, 7.6, 7528,  致女儿书 
1281653, 7.8, 5342,  秦腔 
1288913, 8.3, 2511,  半生为人 
6937888, 8.5, 1927,  树犹如此 
1049215, 7.5, 8532,  借我一生 
1397889, 8.5, 1891,  穗子物语 
6800500, 7.6, 7245,  南音 （下） 
3464389, 9.1, 936,  大淖记事 
3843961, 9.4, 698,  唐诗三百首 
7059909, 7.5, 8421,  南音 （上） 
1083509, 8.1, 3166,  人面桃花 
11516338, 8.7, 1433,  我是你流浪过的一个地方 
1910477, 8.8, 1293,  千秋一寸心 
1089511, 7.6, 6942,  三少爷的剑 
1042053, 8.1, 3111,  儒林外史 
4919996, 8.7, 1393,  张枣的诗 
4881999, 8.4, 2027,  离魂 
3652211, 8.6, 1575,  爱默生家的恶客 
1093078, 9.1, 895,  古龙作品全集（全53卷） 
26578003, 8.2, 2621,  无心法师 第一卷 
25897707, 9.0, 989,  沈从文的后半生 
25716611, 8.5, 1748,  花街往事 
4059800, 8.0, 3454,  私语书 
1949674, 8.1, 2956,  我纷纷的情欲 
3345595, 8.5, 1748,  猫城记 
25748787, 7.7, 5534,  平生欢 
24876477, 7.4, 9403,  很高兴见到你 
3227346, 8.1, 2977,  听杨绛谈往事 
3623831, 8.1, 2920,  温故一九四二 
1260251, 8.7, 1355,  茶人三部曲（全三册） 
24283160, 8.7, 1343,  间客 
6527141, 8.2, 2517,  停车暂借问 
1987453, 7.9, 3887,  人生不过如此 
1854151, 9.2, 780,  金圣叹批评本水浒传 
4833920, 7.4, 8975,  十八岁给我一个姑娘 
4213445, 8.0, 3321,  击壤歌 
11588848, 8.2, 2516,  坦白书 
24529235, 8.4, 1882,  刀背藏身 
2058479, 9.1, 852,  史铁生散文 
1961670, 9.2, 771,  叶嘉莹说汉魏六朝诗 
3323311, 8.9, 1037,  从文自传 
2031604, 8.8, 1149,  离婚 
2008406, 8.2, 2405,  红楼梦魇 
5336240, 8.3, 2096,  异乡记 
1006737, 7.8, 4318,  米 
2279868, 7.7, 5095,  风声 
1062971, 8.9, 1032,  纳兰性德词选 
1276297, 9.0, 909,  顾城诗全编 
1008660, 8.4, 1832,  马桥词典 
1397659, 8.0, 3167,  国画 
1053331, 8.5, 1583,  王朔自选集 
1056055, 8.2, 2322,  罂粟之家 
1022914, 9.1, 815,  谈艺录 
1083882, 8.5, 1582,  白先勇经典作品 
19965972, 7.5, 6648,  我读书少，你可别骗我 
3395241, 9.1, 788,  豆汁记 
25744944, 8.5, 1516,  既见君子 
4799445, 7.9, 3421,  太阳黑子 
1291570, 8.9, 948,  简　散文 
1022951, 8.4, 1703,  长生殿 
1203363, 9.0, 862,  中国小说史略 
1491630, 8.7, 1174,  小窗幽记 
1418711, 8.7, 1167,  中国现代小说史 
19986372, 8.7, 1171,  沉默的大多数 
3993396, 8.8, 1049,  纳兰词集 
6121542, 8.0, 2888,  当你途经我的盛放 
6529759, 9.4, 567,  水蛇腰 
1066627, 8.2, 2140,  中国现代文学三十年 
24827456, 8.6, 1273,  万箭穿心 
6100947, 7.6, 5130,  刘氏女 
24540864, 6.8, 24523,  第七天 
1040924, 8.1, 2351,  金粉世家（上下） 
25764295, 8.4, 1568,  百年好合 
1144385, 7.8, 3602,  镜花缘 
10354427, 8.2, 2026,  蒋勋说唐诗 
25696089, 7.4, 7065,  1980年代的爱情 
1053914, 8.5, 1395,  游园惊梦 
20497889, 7.4, 6932,  全世界人民都知道 
4160794, 8.4, 1519,  多余的话 
1070985, 8.8, 949,  钱钟书散文 
25852518, 7.6, 4683,  南方有令秧 
1417905, 7.1, 11819,  废都 
4903692, 9.0, 745,  东京梦华录 
5908161, 8.5, 1304,  雨天的书 
10556006, 8.8, 927,  状元媒 
1398461, 8.7, 1029,  梁实秋散文 
6048071, 8.6, 1132,  七声 
10482102, 8.1, 2133,  蒋勋说宋词 
1793990, 8.9, 814,  早晨从中午开始 
1393473, 8.8, 898,  遍地风流 
10796035, 9.2, 598,  中国古典诗词感发 
26285194, 9.1, 660,  故事新编 
25913612, 8.1, 2091,  给孩子的诗 
1078566, 7.6, 4305,  桃之夭夭 
2075175, 8.8, 882,  缘缘堂随笔 
6896040, 8.2, 1784,  好小猫 
4621342, 7.8, 3172,  世纪末的华丽 
5337250, 8.3, 1543,  寂寞的十七岁 
2377002, 7.9, 2676,  和我们的女儿谈话 
1911687, 7.4, 5804,  厚黑学 
1958863, 8.5, 1197,  搜神　 
25731506, 8.0, 2245,  乱时候，穷时候 
1626883, 8.1, 1931,  阅微草堂笔记 
6844469, 8.1, 1943,  走夜路请放声歌唱 
26613724, 7.6, 4042,  余罪 
1962885, 8.1, 1906,  山河入梦 
11535030, 8.3, 1452,  一个一个人 
10570257, 7.9, 2474,  特别的一天 
1257360, 8.8, 805,  孟子 
3722967, 8.3, 1421,  人生十论 
2775787, 9.1, 586,  叶嘉莹说杜甫诗 
1469028, 9.4, 441,  文　（全六　） 
4917641, 8.9, 705,  故乡的食物 
5400595, 7.8, 2759,  中国，少了一味药 
4165852, 7.5, 4452,  你是那人间的四月天 
1470622, 8.2, 1556,  二十年目睹之怪现状 
5975571, 8.0, 2028,  天香 
1127699, 8.1, 1774,  慢船去中国 
3662581, 7.6, 3733,  巫言 
2339264, 8.6, 952,  人为什么活着 
3160327, 8.0, 2007,  无出路咖啡馆 
11527634, 7.7, 3079,  蒙马特遗书 
1045314, 8.7, 848,  诗词格律 
3225756, 8.2, 1495,  灰故事 
5293823, 7.9, 2264,  四喜忧国 
10956248, 9.1, 558,  蒋勋说红楼梦 
26303224, 8.1, 1685,  说部之乱 
20413880, 8.1, 1660,  古书之美 
2349498, 9.4, 409,  古诗十九首集释 
1921699, 9.5, 377,  汪曾祺小说 
26689989, 8.0, 1874,  余罪2 
26669243, 8.2, 1394,  慈悲 
1415311, 8.1, 1590,  美食家 
6041632, 8.1, 1588,  雷峰塔 
10946178, 8.0, 1830,  无尾狗 
2071207, 8.4, 1089,  到黑夜想你没办法 
1881118, 7.6, 3305,  解密 
5360856, 8.0, 1786,  女少年 
5910655, 8.3, 1201,  古炉 
1010512, 8.6, 849,  1901年 
25934176, 8.4, 1043,  雪隐鹭鸶 
6808941, 8.0, 1720,  七日谈 
4154985, 8.2, 1328,  天工开物　栩栩如真 
6975925, 7.6, 3121,  设计诗 
1146304, 8.6, 818,  日光流年 
2079345, 8.1, 1485,  侠隐 
2049866, 9.0, 542,  山海经校注 
21770836, 8.5, 898,  八九十枝花 
26610864, 8.2, 1260,  浮生六记 
25881958, 9.0, 525,  人间词话七讲 
1039315, 9.2, 432,  楚　　注 
26309861, 8.4, 974,  摇摇晃晃的人间 
25802944, 8.2, 1241,  大唐李白　少年游 
25784438, 8.2, 1230,  不留心，看不见 
10508054, 7.6, 2893,  云中人 
3723236, 8.0, 1605,  我与父辈 
26210632, 8.1, 1386,  2018 
2284204, 7.4, 3868,  道士下山 
26325635, 7.7, 2399,  月都花落，沧海花开 
3546250, 7.9, 1800,  寄居者 
26821459, 7.8, 2043,  茧 
26576515, 8.1, 1368,  清明上河图密码 2 
2271222, 9.1, 456,  鬼谷子（第二版） 
1528482, 9.3, 377,  声律启蒙 
26148896, 8.5, 829,  北平无战事 
1080350, 9.1, 450,  春秋来信 
1001013, 8.8, 597,  杨绛散文 
4917220, 9.3, 375,  楚辞 
3872290, 8.0, 1483,  尘 
1046276, 8.1, 1301,  温暖和百感交集的旅程 
1578545, 8.4, 914,  背叛 
25762598, 8.8, 590,  尽头 
26672441, 8.5, 803,  收山 
26272073, 8.1, 1277,  一生里的某一刻 
10527371, 8.9, 525,  马雁散文集 
1142794, 9.0, 476,  太平广记（全十册） 
4154558, 8.7, 645,  人间草木 
1881837, 8.1, 1261,  三言二拍 
24748615, 8.4, 877,  天幕红尘 
2226332, 9.4, 329,  稼轩词编年笺注(增订本) 
6189764, 7.9, 1629,  长发飞扬的日子 
1460596, 7.7, 2097,  山河岁月 
26755836, 8.0, 1378,  余罪3 
25741244, 7.1, 5640,  我承认我不曾历经沧桑 
1026871, 8.0, 1353,  林清玄散文 
2159115, 9.1, 407,  世说新语精读 
26647727, 7.8, 1801,  手机里的男朋友 
25714176, 8.1, 1201,  雪中悍刀行 1 
4000908, 8.9, 486,  金瓯缺 
1018881, 9.0, 441,  穆旦诗全集 
10443515, 8.8, 541,  绿毛水怪 
1007577, 9.0, 441,  唐诗杂论 
25897333, 7.5, 2630,  我讲个故事，你可别当真啊 
1070272, 8.4, 801,  子不语 
1394402, 8.4, 790,  死水微澜 
3409620, 9.1, 390,  东周列国志 
6840152, 8.0, 1296,  甘南纪事 
25849895, 8.9, 475,  人间草木 
5355300, 7.9, 1478,  大日坛城 
1437162, 8.1, 1132,  随想录 
23186549, 7.8, 1664,  我们家 
1277193, 8.5, 705,  多多诗选 
26746839, 8.5, 692,  清明上河图密码3 
4836601, 8.3, 855,  扪虱谈鬼录 
20433605, 7.8, 1620,  因自由而美丽 
24704604, 8.5, 690,  诗里特别有禅 
25803923, 7.9, 1414,  你是我不及的梦 
6783708, 8.1, 1102,  怒河春醒 
4736082, 7.9, 1430,  像我这样的一个女子 
25849892, 8.8, 506,  人间滋味 
26890235, 8.1, 1071,  白事会 
4046893, 8.5, 679,  海上花开 
1165091, 8.8, 495,  曲院风荷 
4917570, 9.0, 403,  旧人旧事 
1899764, 8.4, 739,  长征 
25779213, 8.4, 733,  蒋勋说文学 
6041631, 8.1, 1033,  易经 
20400003, 8.2, 925,  武士会 
19899834, 7.2, 3916,  只愿你曾被这世界温柔相待 
26647742, 8.8, 484,  陌生的经验 
26451439, 8.1, 1022,  木心谈木心 
5423772, 7.8, 1500,  西夏旅馆 
24862876, 7.4, 2713,  黄雀记 
2136303, 9.0, 387,  章太炎国学讲义 
25896617, 7.4, 2709,  第十一根手指 
5408346, 8.6, 561,  九栋 
4215678, 7.9, 1271,  我城 
1224733, 8.7, 507,  开明国语课本（上下册） 
20394952, 8.1, 984,  九篇雪 
26785345, 8.0, 1118,  余罪4 
10734881, 9.1, 339,  曾文正公嘉言钞 
1080753, 8.2, 846,  受活 
5399267, 8.7, 492,  北岛作品精选 
1071187, 9.0, 366,  老舍幽默诗文集 
6002887, 7.5, 2149,  突然十年便过去 
26931507, 7.7, 1589,  罗曼蒂克消亡史 
25986158, 8.3, 732,  桃花井 
25774772, 8.5, 591,  做饭 
5423777, 8.1, 928,  睡觉大师 
25835907, 8.0, 1059,  天使坠落在哪里 
10771015, 7.7, 1593,  姑娘，我们一起合租吧 
25789686, 8.3, 722,  相遇 
24754123, 7.0, 4812,  所有人问所有人 
1794267, 8.8, 426,  朦胧诗选 
6829101, 8.2, 798,  大地的谎言 
26785701, 7.5, 2056,  月童度河 
26284529, 7.6, 1710,  群山之巅 
5288540, 7.6, 1705,  朱雀 
19987957, 7.3, 2663,  寡人有疾 
10618099, 8.5, 552,  奇迹集 
1462101, 8.4, 613,  北岛诗选 
1086444, 7.5, 1959,  沉沦 
1083090, 9.3, 260,  杨绛文集（共8卷） 
2002992, 8.4, 601,  爱，是不能忘记的 
1050368, 7.3, 2619,  子夜 
2039292, 8.8, 401,  迦陵说词讲稿 
1457149, 7.8, 1225,  英儿 
20375477, 8.6, 485,  这世间所有的白 
26413835, 8.2, 720,  匠人 
4902836, 8.7, 422,  王小波小说全集：白银时代 2010 黑铁时代 
6729209, 7.7, 1363,  遣悲怀 
3863494, 8.0, 912,  季羡林读书与做人 
1916929, 8.6, 468,  梁实秋谈吃 
26923390, 9.0, 312,  长夜难明 
1025808, 8.5, 497,  梦溪笔谈 
5912249, 7.4, 2039,  生于一九九叉 
1960287, 8.4, 547,  蒙着眼睛的旅行者 
26301984, 8.2, 683,  白色流淌一片 
2339850, 8.6, 444,  回家 
19956258, 8.5, 489,  容忍比自由更重要 
10567171, 8.0, 854,  生命册 
1434480, 7.6, 1446,  你别无选择 
26673941, 8.2, 671,  正午故事001 
1773575, 8.3, 600,  花间集 
26791998, 8.3, 585,  山中的糖果 
26586889, 9.0, 294,  阿城精选集 
3223719, 8.2, 644,  围炉夜话 
7001042, 8.5, 469,  无计花间住 
4710587, 8.5, 472,  畜界，人界（修订版） 
1009706, 9.1, 269,  中国文学欣赏举隅 
26791617, 8.0, 800,  大好河山可骑驴 
1021677, 9.1, 265,  中国一九五七 
20452802, 7.8, 1030,  带灯 
25731990, 8.3, 572,  我是落花生的女儿 
6127284, 8.5, 451,  酒徒 
3538438, 8.0, 793,  一切因你而值得 
20387024, 7.2, 2462,  晓说 
2027666, 9.1, 255,  杜甫诗歌讲演录 
23780549, 7.8, 977,  愿你的道路漫长 
1029326, 8.5, 437,  神木 
6027733, 7.5, 1438,  因为孤独的缘故 
10506822, 6.8, 4751,  我是个算命先生 
1802061, 8.8, 323,  诗经原始(上下) 
26757657, 8.3, 519,  望春风 
26461519, 8.0, 735,  面包会有的 
1391993, 8.6, 381,  被压抑的现代性 
10440147, 8.3, 527,  世间的名字 
1603309, 7.7, 1052,  笑林广记 
3015561, 8.1, 644,  第二次握手 
6781745, 8.7, 343,  民国语文 
4258636, 8.7, 342,  烽火与流星 
25799286, 8.2, 565,  博尔赫斯的面孔 
1437862, 8.6, 372,  想像中国的方法 
1186176, 8.3, 497,  海上花列传 
4270633, 9.0, 253,  沈从文家书 
1078516, 7.9, 793,  心灵史 
1960244, 8.3, 496,  两地书 
26599283, 8.2, 545,  梅子青时 
26761291, 9.0, 251,  人间草木 
26811407, 7.9, 770,  殉罪者 
1028977, 8.7, 329,  玻璃屋顶 
11613687, 7.5, 1318,  我是爬行者小江 
3447140, 9.3, 193,  废名集（全六册） 
26384375, 7.8, 855,  平乐镇伤心故事集 
22264311, 8.3, 482,  无声无光集 
7916066, 7.6, 1105,  欲爱书 
1040681, 9.3, 186,  先秦　魏　南北朝　（全三　） 
7175432, 8.9, 256,  张枣随笔选 
26873638, 9.2, 194,  活着本来单纯 
26807576, 8.4, 399,  赡养人类 
26772419, 7.6, 985,  幸存者 
25958626, 7.9, 672,  橄榄成渣 
24716172, 8.8, 262,  黄金时代 
25761068, 8.5, 347,  天桥上的魔术师 
10569245, 7.1, 2059,  不愿说谢谢的人 
3911404, 8.5, 344,  一把青 
24860561, 7.4, 1258,  且以永日 
26052898, 7.7, 822,  我从新疆来 
26798331, 8.9, 235,  醒来觉得甚是爱你 
26561444, 7.7, 790,  少女哪吒 
1592351, 8.3, 396,  清华园日记 
1049464, 9.3, 161,  唐诗百话 
24866359, 8.6, 289,  春月 
26810629, 8.4, 351,  岁月如风小少年 
1200849, 7.8, 680,  李自成 
4267093, 9.1, 190,  梁遇春散文 
6711774, 7.8, 684,  出神 
19963470, 8.0, 534,  掉伞天 
26889865, 7.5, 980,  我不知道该如何像正常人那样生活 
25895467, 7.6, 858,  鲤　一间不属于自己的房间 
26609056, 7.2, 1521,  年少荒唐 
26882320, 9.0, 196,  嗨，好久不见 
26802388, 7.6, 835,  自在独行 
25975888, 8.5, 303,  食事 
26801831, 7.3, 1269,  在宇宙间不易被风吹散 
14278377, 8.5, 300,  不堪抄 
25818124, 8.2, 395,  翡翠岛编年 
26931701, 9.2, 159,  长安十二时辰 
25918436, 8.3, 352,  大唐李白　凤凰台 
26324803, 8.2, 387,  木心诗选 
3773194, 8.9, 202,  周作人散文全集 
25810522, 8.2, 387,  1966年 
2221690, 9.6, 120,  晚饭花集 
5269117, 8.8, 216,  现实即弯路 
26883447, 9.4, 134,  在人群中消失的日子 
26865082, 7.7, 669,  就这样吧 
25874670, 8.3, 339,  大地上的事情 
10440961, 8.1, 415,  告别的年代 
26303593, 8.4, 302,  三个胡安在海边 
26808364, 8.1, 412,  四季红 
26899537, 9.3, 140,  长安十二时辰 上 
1950196, 9.3, 139,  汪曾祺作品自选集 
26416411, 8.8, 207,  雪山短歌 
25887874, 7.7, 635,  惜别 
25725064, 7.2, 1240,  炸裂志 
26263052, 7.9, 487,  毫无必要的热情 
23778103, 9.2, 146,  木心作品二辑五种 
26628814, 7.1, 1437,  龙与地下铁 
1488740, 8.4, 288,  中国古代神话 
26890756, 8.5, 252,  你是我的虚荣 
19948593, 8.0, 411,  表演与偷窥 
26716260, 8.2, 329,  中国文学史 
1319714, 7.8, 502,  小说家的十三堂课 
20493284, 7.6, 637,  寻欢者不知所终 
26803179, 8.4, 261,  平原上的摩西 
2257283, 9.1, 143,  唐人小说 
1608312, 8.5, 235,  呻吟语 
25976633, 8.0, 370,  我自己的陌生人 
25981277, 8.2, 294,  抚顺故事集 
26394204, 8.4, 242,  爱情故事 
26236436, 7.2, 990,  我们夜里在美术馆谈恋爱 
25833271, 9.0, 147,  萧红全集（精装　全5册　插图本） 
24760962, 8.6, 203,  王道士的孤独之心俱乐部 
26280494, 7.3, 862,  活着之上 
2261591, 8.3, 262,  怎样写作 
26331783, 7.7, 495,  宋家客厅 
26657573, 8.3, 257,  眼前 
26293322, 8.4, 234,  杨牧诗选 1956-2013 
26877850, 8.2, 283,  你就适可而止吧 
26853566, 8.2, 280,  出家 
26598482, 7.3, 800,  密林中 
26662811, 8.3, 250,  痖弦诗集 
26849123, 9.1, 127,  厚积落叶听雨声 
26758416, 8.4, 225,  路　野餐 
26882355, 8.3, 243,  去别处 
26791930, 8.2, 270,  生于一九八四 
26578484, 7.3, 756,  世界上有趣的事太多 
26849731, 8.1, 286,  看了高兴的爱情故事 
20432906, 8.7, 166,  装点《红楼梦》 
26310686, 8.7, 167,  鸟道 
1012401, 8.5, 193,  蓝色笔记本 
25788888, 7.9, 350,  我亲爱的精神病患者 
10430611, 8.0, 305,  大河尽头 上卷 
26775412, 8.9, 136,  最朴素的生活和最遥远的梦想 
26890728, 8.3, 221,  给青年编剧的信 
26775414, 8.9, 134,  茶，汤和好天气 
26351113, 7.7, 411,  中国民间传说 
26791407, 6.5, 2491,  孤独深处 
26315736, 7.7, 414,  树，不在了 
26341367, 8.1, 264,  小词大雅 
2117496, 8.3, 218,  中国神话史 
26183860, 8.6, 161,  学诗浅说 
25774247, 8.3, 208,  汉字树1 
26894367, 8.6, 153,  尘土 
26870405, 7.9, 296,  龙头凤尾 
1892000, 8.8, 127,  杜甫诗选注 
1084720, 9.8, 65,  傅雷全集 
26772667, 8.7, 135,  我坐在火山的最边缘 
26281730, 7.9, 276,  南华录 
26901311, 8.7, 134,  血日苍茫 
26593903, 8.5, 155,  洗牌年代 
26291216, 6.5, 1930,  我们生活在巨大的差距里 
2331448, 9.0, 106,  作文三书（全三册） 
26303995, 8.5, 154,  飞毡 
19995776, 6.9, 952,  我和这个世界不熟 
24839155, 8.0, 238,  剑桥中国文学史（上卷） 
26774892, 8.1, 214,  我们爱过又忘记 
26352443, 8.7, 127,  诗经名物图 
25819935, 8.5, 143,  中国古典文心 
4256704, 9.1, 88,  中国文学史 
21734703, 8.0, 214,  失业之旅 
26390716, 8.1, 194,  大唐李白　将进酒 
26586126, 8.4, 147,  黑糖匣 
26781555, 8.3, 159,  山海变1　指间错 
26307520, 8.1, 187,  没有街道的城市 
25870331, 6.8, 908,  所有年轻人都将在黎明前死去 
11632465, 8.9, 98,  瓶花谱 瓶史 
25798756, 7.0, 665,  麻雀 
26413330, 6.8, 887,  故事的结局早已写在开头 
26847644, 9.0, 88,  苏东坡传 
26636873, 8.5, 128,  山海经 精美绘本 
24878188, 9.5, 63,  汪曾祺全集（全十六卷） 
26394207, 8.0, 194,  给孩子的散文 
6970480, 9.7, 55,  周作人译文全集 
26363718, 8.6, 115,  谁在银闪闪的地方，等你 
26880577, 8.3, 141,  世界上到底有没有百分之百的异性恋 
26889862, 8.6, 109,  我还是很喜欢你 
25816576, 7.6, 271,  流浪者的乡愁 
25923206, 7.4, 344,  只要活着，就会有好事发生 
25907863, 9.2, 71,  中国文学的抒情传统 
26333998, 6.8, 764,  少帅 
5914483, 9.4, 61,  金克木集（全八卷） 
25909313, 7.3, 361,  阳光猛烈，万物显形 
26043805, 7.5, 287,  你因灵魂被爱 
25961836, 8.4, 118,  人只会老，不会死 
26923541, 8.6, 99,  一定要给你个惊喜 
26799357, 8.6, 98,  情关西游 
26278884, 8.4, 114,  文化不是味精 
26586174, 8.0, 157,  万物停止生长时 
26851547, 8.1, 141,  软埋 
26697279, 7.7, 198,  观复猫 
26880812, 7.6, 216,  读在大好时光 
26340273, 6.8, 581,  我们这个时代的怕和爱 
25937456, 7.3, 301,  我的九十九次死亡 
26540600, 8.6, 89,  175封遗书 
26825931, 9.1, 61,  一曲终了 
1256656, 8.8, 73,  菰蒲深处 
1511900, 9.4, 50,  李渔全集 
26870160, 8.5, 89,  黑锅 
25809959, 9.7, 42,  杜甫全集校注 
26775415, 9.2, 54,  到山中去 
26854325, 8.6, 78,  喜剧作家 
26077095, 7.8, 148,  论家用电器 
26710589, 8.4, 88,  落花生 
4219498, 9.7, 39,  李泽厚集 
26921077, 8.9, 61,  回望 
2230072, 8.2, 100,  增广贤文 
26742811, 8.4, 84,  兽性大发的兔子 
4038671, 8.5, 77,  陈映真文选 
26897973, 7.5, 179,  中国特色的译文读者 
25986624, 8.5, 75,  幽僻处可有人行？ 
3321680, 9.2, 46,  小舟 
26852313, 8.5, 71,  马口鱼的诱惑 
26873214, 8.8, 57,  什么人需要什么人 
26853189, 8.8, 57,  同和里 
26705854, 9.1, 47,  无愁河的浪荡汉子　八年（上卷） 
26614139, 8.5, 65,  西南联大国文课 
26662022, 7.4, 157,  情史失踪者 
26675529, 8.0, 91,  爱因斯坦与上海神秘人 
1606404, 9.4, 36,  曾国藩全集 (全30册) 
26868921, 8.7, 53,  新新日报馆：机械崛起 
25923591, 5.7, 2105,  老师好美 
26415199, 9.8, 27,  吕楠经典三部曲（套装共3册） 
26914805, 9.5, 31,  九幽 
26853723, 9.3, 34,  唐人街 
1394097, 8.5, 54,  萎靡不振 
26797014, 8.6, 50,  去年天气旧亭台 
26393369, 7.2, 159,  我书架上的神明 
26644804, 7.9, 81,  在世界遗忘你之前 
26857129, 7.9, 77,  把日子过成诗 
26877449, 7.7, 91,  正午3：到海底去 
25875151, 8.8, 41,  风诗的情韵 
26743857, 8.1, 63,  给所有的失去一个温暖的结局 
26775411, 8.6, 44,  祝，一切安好 
26435649, 8.5, 46,  南方 
26889013, 8.8, 38,  看自己：现代症的心理解剖 
26844800, 7.3, 113,  小镇忧郁青年的十八种死法 
26348835, 9.1, 30,  大胆使用了绿色 
26311201, 8.3, 47,  人类学 
26822709, 8.9, 32,  聋哑时代 
26825519, 9.7, 20,  吾国与吾民 
26745463, 7.6, 65,  米米朵拉 
25781954, 8.1, 41,  哥伦比亚中国文学史 
26439450, 7.0, 101,  爱我少一点，爱我久一点 
26852314, 8.9, 25,  山羊的胡子 
26811967, 7.3, 72,  你家有龙多少回 
6557925, 9.2, 21,  大家小书 
26877378, 8.5, 28,  大留学潮 
26736808, 8.7, 25,  文章自在 
26852526, 8.2, 33,  甲骨时光 
26928770, 8.1, 29,  打开文学的方式 
26933776, 8.3, 23,  我敢活成自己想要的样子 
26851548, 7.7, 32,  朝霞 
26862572, 8.2, 20,  诗人和鲸鱼 
26921427, 7.9, 22,  迷你 
26921893, 8.1, 12,  呼兰河传 
26920860, 7.3, 15,  脱轨 
26896093, 8.1, 10,  坐拥书城意未足 
26896703, 7.5, 11,  觅宗记 
