Tag: 中国古典文学 
The number of books: 239 

ID, Rating, Votes, Title
2046236, 9.3, 4696, 庄子 
1073708, 9.0, 5606, 牡丹亭 
1021990, 9.2, 3456, 唐诗鉴赏辞典 
1098643, 8.7, 5477, 聊斋志异 
1108762, 9.3, 2278, 诗经 
1147193, 9.0, 2589, 世说新语 
1016631, 8.5, 5038, 西厢记 
1132550, 9.4, 1531, 宋词鉴赏辞典 
1081144, 9.3, 1431, 古詩源 
1021709, 8.6, 3316, 桃花扇 
1456692, 8.5, 3548, 金瓶梅 
1015104, 9.3, 1158, 陶渊明集 
1076598, 8.7, 2102, 宋诗选注 
1146536, 9.5, 842, 唐诗三百首 
1203523, 9.4, 913, 唐宋词鉴赏辞典(唐五代北宋) 
1002513, 9.2, 1034, 詩經注析（全二冊） 
1107841, 9.0, 1254, 战国策 
1181370, 9.3, 876, 文心雕龙注(上下) 
2377241, 9.6, 627, 世說新語箋疏（全三冊） 
1921441, 8.9, 1263, 诗经 
1119590, 8.0, 3889, 老残游记 
1009938, 7.8, 5215, 封神演义 
3843961, 9.4, 698, 唐诗三百首 
1910477, 8.8, 1294, 千秋一寸心 
1042053, 8.1, 3115, 儒林外史 
1854151, 9.2, 780, 金圣叹批评本水浒传 
1961670, 9.2, 771, 叶嘉莹说汉魏六朝诗 
1038492, 8.7, 1240, 追忆 
1022951, 8.4, 1703, 长生殿 
1491630, 8.7, 1174, 小窗幽记 
1543917, 9.0, 823, 納蘭詞箋注 
1144385, 7.8, 3602, 镜花缘 
1644403, 8.1, 2308, 警世通言 
1004376, 9.2, 632, 世說新語校箋（全二冊） 
1119476, 8.0, 2533, 醒世恒言（上下） 
1137748, 8.7, 963, 元曲三百首 
1958863, 8.5, 1198, 搜神記 
1626883, 8.1, 1933, 阅微草堂笔记 
2775787, 9.1, 586, 叶嘉莹说杜甫诗 
1469028, 9.4, 441, 文選（全六冊） 
1470622, 8.2, 1556, 二十年目睹之怪现状 
1081778, 9.5, 395, 李太白全集（全三册） 
1012560, 9.3, 469, 樂府詩集（全四冊） 
2349498, 9.4, 409, 古诗十九首集释 
2775720, 9.0, 561, 叶嘉莹说初盛唐诗 
2049866, 9.0, 542, 山海经校注 
1137681, 8.8, 647, 東坡志林 
3993392, 9.3, 402, 苏轼词集 
1039315, 9.2, 432, 楚辭補注 
2052471, 8.7, 690, 诗经别裁 
4917220, 9.3, 375, 楚辞 
1142794, 9.0, 476, 太平广记（全十册） 
1881837, 8.1, 1261, 三言二拍 
2226332, 9.4, 329, 稼轩词编年笺注(增订本) 
2159115, 9.1, 407, 世说新语精读 
1007577, 9.0, 442, 唐诗杂论 
1545936, 9.4, 305, 唐宋名家词选 
3409620, 9.1, 390, 东周列国志 
1070272, 8.4, 801, 子不语 
1008023, 9.3, 321, 杜詩詳注（全五冊） 
1507657, 9.2, 349, 小山词 
1017340, 9.6, 239, 蘇軾文集（全六冊） 
1891441, 9.2, 330, 汉魏六朝诗选 
2027949, 8.8, 467, 漱玉词·断肠词 
1005619, 9.5, 248, 王维集校注（全四册） 
1849632, 9.2, 318, 世说新语校笺 
1030529, 9.1, 346, 李商隐诗选 
3218229, 7.2, 3534, 陌上花开 
1015144, 9.3, 285, 元白诗笺证稿 
2373242, 9.2, 301, 酉阳杂俎 
1012171, 9.4, 252, 李商隱詩歌集解（全五冊） 
3223717, 8.8, 429, 陶庵梦忆 
1223813, 9.0, 358, 李清照诗词选 
1949466, 9.5, 224, 聊齋志異會校會注會評本（全四冊） 
2039292, 8.8, 402, 迦陵说词讲稿 
4892923, 9.1, 296, 古典学术讲要 
2995251, 8.6, 471, 叶嘉莹说中晚唐诗 
1773575, 8.3, 601, 花间集 
1214302, 8.8, 353, 荀子 
3223719, 8.2, 644, 围炉夜话 
1435197, 9.2, 247, 李商隐诗选 
1817491, 8.8, 349, 幼学琼林 
1436648, 8.7, 377, 他山的石头记 
3826303, 9.2, 238, 姜白石词笺注 
2027666, 9.1, 255, 杜甫诗歌讲演录 
1076343, 9.1, 249, 世说新语译注 
5328168, 7.5, 1461, 世间最美的情郎 
1003584, 9.1, 248, 汉魏六朝诗讲录 
5320661, 8.6, 387, 茶经 
1109137, 7.7, 1055, 初刻拍案惊奇 
1762644, 8.9, 282, 诗经选 
1223811, 9.0, 257, 苏轼诗词选 
3519722, 9.1, 235, 四书五经 
1015541, 8.6, 352, 诗经译注 
1029440, 9.1, 219, 苏轼诗选 
1040681, 9.3, 186, 先秦漢魏晉南北朝詩（全三冊） 
3045403, 9.0, 235, 东周列国志 
3992177, 9.5, 156, 東坡樂府箋 
1046813, 9.1, 206, 先秦诗鉴赏辞典 
2341188, 8.9, 241, 唐诗选注 
2984029, 9.3, 169, 王右丞集箋注 
2266558, 8.5, 332, 西游补 
2052228, 9.2, 179, 李賀詩歌集注 
1002025, 9.3, 164, 蘇軾詞編年校注（全三冊） 
1049464, 9.3, 161, 唐诗百话 
1536629, 9.2, 173, 陶淵明集箋注 
3201442, 9.2, 164, 唐人七绝诗浅释 
1125096, 9.2, 165, 漱玉词 
1891934, 9.1, 164, 唐诗选（上下） 
2280983, 8.5, 276, 武林旧事 
1055254, 9.1, 161, 辛弃疾词选 
1536620, 8.9, 180, 寒山诗注 
2257283, 9.1, 143, 唐人小说 
1070193, 9.1, 143, 樂章集校注 
3278377, 9.1, 143, 淮海居士长短句笺注 
6534693, 9.0, 147, 世说新语（上下） 
1027525, 9.3, 117, 曹植集校注 
1028864, 9.0, 143, 古文鉴赏辞典（下） 
2116258, 8.7, 181, 中国文学简史 
1912531, 8.3, 252, 玄怪錄 續玄怪錄 
2377233, 9.2, 118, 曹子建诗注·阮步兵咏怀诗注 
2381658, 8.2, 276, 颜氏家训 
1593006, 9.4, 98, 汉魏六朝笔记小说大观 
1162416, 9.3, 105, 毛詩傳箋通釋（全三冊） 
5366448, 9.3, 103, 辛弃疾词集 
1397799, 8.6, 163, 建安七子集 
1015063, 8.4, 195, 迦陵论词丛稿 
1036179, 8.7, 150, 乐府诗选 
1069678, 8.6, 156, 杜甫秋兴八首集说 
2364728, 8.9, 124, 乐府诗选 
1892000, 8.8, 127, 杜甫诗选注 
1891556, 9.2, 93, 唐诗别裁集（全二册） 
2285534, 8.9, 113, 震川先生集（上下） 
1194027, 8.7, 130, 历代诗话 （全二册） 
26352443, 8.7, 127, 诗经名物图 
1761082, 9.1, 94, 金圣叹批本西厢记 
1194024, 7.4, 436, 品花宝鉴 
1703241, 8.9, 103, 唐五代笔记小说大观(上.下) 
10566123, 8.4, 152, 山海经 
2364687, 8.2, 176, 今古奇观 
3752402, 8.6, 119, 先秦诗文史 
3521094, 9.3, 72, 魏文帝集全译 
4896169, 9.4, 66, 中华传统蒙学精华注音全本·声律启蒙·笠翁对韵 
1084347, 8.7, 99, 四溟詩話 薑齋詩話 
1064536, 8.3, 137, 读词常识 
2334568, 8.8, 89, 四聲猿 
1742044, 9.0, 78, 孟浩然诗集笺注 
3268787, 9.7, 50, 曲苑缀英 
1036762, 8.6, 100, 宋诗选注 
1481747, 9.1, 70, 鮑參軍集注 
3286232, 7.5, 261, 弁而釵 
1722917, 9.1, 68, 中华古典珍品·格言联璧 
2137807, 8.0, 150, 何典 
2374497, 8.5, 96, 唐传奇鉴赏集 
2348411, 8.9, 72, 诗人玉屑（全两册） 
1099558, 9.6, 47, 读杜心解（上下） 
1880451, 8.4, 102, 唐诗综论 
1013646, 9.3, 55, 徐渭集（全四冊） 
1135066, 9.2, 57, 黃庭堅詩集注（全五冊） 
2123591, 8.6, 85, 汉魏六朝百三家集题辞注 
1071565, 8.6, 84, 魏晋南北朝文学思想史 
1802044, 8.9, 68, 中国文学精神 
25809959, 9.7, 42, 杜甫全集校注 
2154586, 9.2, 55, 陶渊明诗笺证稿 
1705372, 9.1, 58, 缀白裘（全六册） 
1931580, 8.5, 86, 竹林七贤诗文全集译注 
1940922, 8.0, 127, 醒世姻缘传 
2115616, 8.8, 67, 唐宋诗歌论集 
1070190, 8.5, 81, 古典文学三百题 
1837227, 9.3, 48, 中国古代文学研究导引 
6313466, 9.4, 45, 纳兰词 
2294393, 9.1, 53, 十四朝文学要略 
2083807, 8.7, 66, 秋水轩尺牍 
2242588, 7.5, 171, 薛刚反唐 
1065486, 8.8, 57, 唐诗宋词三百首 
1035389, 9.1, 47, 蘇軾詩集合注（全六冊） 
3223619, 8.2, 86, 娑罗馆清言·续娑罗馆清言 
3926264, 8.6, 64, 重輯李清照集 
1089082, 9.0, 46, 诗国高潮与盛唐文化 
1027910, 8.4, 66, 鸡肋编 
1482638, 8.7, 53, 中国文学发展史（上、中、下） 
24747945, 8.5, 60, 古文观止演义 
1845776, 8.0, 85, 抒情与描写 
3223720, 7.8, 99, 小窗自纪 
6313869, 9.1, 40, 人间词话疏证 
4274461, 8.8, 47, 周邦彦词集 
1073752, 9.1, 39, 昭明文选（全五册） 
1925154, 8.4, 59, 《红楼梦》、《西游记》与其他 
1289827, 8.4, 58, 古小说钩沉 
6874289, 8.4, 57, 水云楼诗词笺注 
1546806, 8.5, 53, 中国历代文论选.第2册 
1552133, 8.5, 51, 中国历代文论选（第4册） 
1137535, 8.7, 43, 通志二十略 
1548216, 7.8, 79, 醉茶志怪 
1275059, 9.1, 33, 唐才子传校笺 
4708688, 7.9, 72, 竹林七贤 
1633090, 9.4, 28, 二十四史全译 
4888637, 8.9, 35, 王梵志詩校注（全二冊） 
2302123, 9.2, 30, 古書通例 
3040492, 9.4, 27, 红楼梦鉴赏辞典 
1016973, 9.0, 32, 迦陵文集（1-10卷） 
2278230, 8.5, 42, 韩昌黎文集校注 
3156449, 9.3, 27, 花外集 
3539936, 9.0, 31, 诗薮 
2006253, 8.5, 37, 小倉山房詩文集（全四冊） 
25752562, 7.6, 67, 山水与古典 
1850181, 9.0, 27, 文選平點(重輯本) 
1102903, 8.3, 40, 孔雀东南飞 
4871388, 8.5, 35, 古今典籍聚散考 
4151262, 8.4, 35, 十三经概论 
1338011, 7.1, 87, 夜雨秋灯录 
24757024, 8.9, 24, 顾随讲《诗经》 
3427148, 8.6, 28, 七略别录佚文 七略佚文 
3286218, 6.9, 96, 龍陽逸史 
4527908, 7.7, 39, 唐传奇 
2081994, 8.1, 30, 天雨花（上、中、下） 
25957261, 8.0, 31, 启颜录笺注 
3101057, 8.6, 22, 词苑丛谈 
2257338, 7.9, 33, 香畹楼忆语 
3032922, 8.5, 23, 唐诗语汇意象论 
7059696, 8.4, 24, 先秦汉魏六朝诗歌体式研究 
1039292, 8.6, 21, 文章辨体序说 文体明辨序说 
3210525, 8.5, 22, 楚辞今绎讲录 
26246660, 7.8, 30, 唐宋词举要 
2058139, 8.6, 19, 楊萬里集箋校（全十冊） 
1197250, 8.4, 20, 全宋诗(1-72)(全套装) 
6024645, 8.3, 20, 苏轼全集校注 
5349503, 8.4, 19, 稗家粹編 
26647783, 8.5, 18, 好诗共欣赏 
4097952, 7.2, 40, 新石头记 
1926665, 8.3, 19, 中国十大古典悲喜剧集 
10594216, 8.3, 18, 鲍照集校注（全二册） 
4052393, 8.5, 16, 全宋词审稿笔记 
1199256, 8.0, 19, 汉魏六朝文学新论 
26022058, 8.3, 16, 楚辞校释 
26677847, 7.8, 20, 细听鬼唱诗 
2250367, 7.5, 18, 雁门集 
26586797, 7.6, 16, 唐五代传奇集 
3086071, 8.0, 12, 昆曲古调 
