Tag: 互联网 
The number of books: 360 

ID, Rating, Votes, Title
6709783, 9.1, 16675, 浪潮之巅 
6021440, 8.8, 12936, 黑客与画家 
5375620, 8.8, 11218, 失控 
10750155, 8.7, 7414, 数学之美 
5320866, 8.3, 5941, 重来 
5914587, 8.5, 3969, 启示录 
26306686, 8.4, 4406, 创业维艰 
1867642, 7.7, 13037, 世界是平的 
5394309, 8.4, 3960, 简约至上 
26297606, 7.6, 13182, 从0到1 
1919072, 7.7, 10593, 长尾理论 
20429677, 7.6, 12007, 大数据时代 
26658379, 8.5, 2751, 必然 
26582822, 8.3, 2932, 重新定义公司 
5302113, 8.3, 2297, 三双鞋 
25752043, 8.7, 1378, 信息简史 
4243770, 8.6, 1443, 创新者的窘境 
3567853, 9.0, 899, Getting Real 
4736118, 7.9, 3025, 结网 
3924175, 8.6, 1182, 构建高性能Web站点 
3279105, 8.6, 1171, About Face 3 交互设计精髓 
10828002, 8.1, 2173, 游戏改变世界 
3816827, 8.2, 1869, 沸腾十五年 
6965746, 8.2, 1634, 科技想要什么 
26838557, 8.6, 975, 智能时代 
25928983, 7.6, 3649, 周鸿祎自述 
3886044, 8.0, 1934, 瞬间之美 
3132277, 8.6, 906, 高性能网站建设指南 
3932520, 7.5, 3255, 免费 
11516567, 8.7, 615, 四步创业法 
24714655, 8.4, 840, 我看电商 
24739213, 9.1, 397, 浪潮之巅（上册） 
3685204, 7.9, 1475, 长尾理论2.0 
25915629, 8.6, 615, 破茧成蝶：用户体验设计师的成长之路 
26541801, 7.9, 1408, 增长黑客 
10769749, 8.1, 1064, 推荐系统实践 
26665230, 8.5, 648, 硅谷之谜 
7054652, 8.0, 1156, 创业36条军规 
6860890, 8.3, 757, 黑客 
20505765, 8.8, 440, 精益创业实战 
5348144, 8.4, 662, SEO实战密码 
20471120, 7.5, 2089, 打造Facebook 
2157554, 8.0, 1033, 赢在用户 
2149971, 8.7, 468, 链接 
3821157, 8.5, 571, Web界面设计 
4076216, 8.0, 976, 锦绣蓝图 
25745691, 7.2, 3176, 罗辑思维 
4719162, 8.9, 372, 高性能网站建设进阶指南 
1789444, 8.4, 621, 第三次浪潮 
24740308, 9.2, 284, 浪潮之巅（下册） 
25800616, 7.5, 1886, 创业时
4886100, 8.5, 519, Web表单设计 
10546925, 8.2, 703, 白帽子讲Web安全 
3169342, 8.1, 786, Web信息架构(第3版) 
25975454, 7.9, 925, 九败一胜 
24335672, 7.4, 1772, 淘宝技术这十年 
25723064, 7.9, 814, 大型网站技术架构 
1011731, 9.0, 261, 信息规则 
4789228, 8.7, 338, In The Plex 
1089508, 7.8, 846, 数字化生存 
6548683, 7.6, 1069, 商业的常识 
3191237, 8.0, 637, 众声喧哗 
25886309, 8.4, 402, 翻转课堂的可汗学院 
26702493, 8.2, 494, 时间的朋友2015 
6920100, 7.6, 1022, 20个月赚130亿 
20492093, 7.6, 976, 平台战略 
25766700, 7.5, 1110, 一网打尽 
1474667, 7.9, 655, 搜 
26596778, 8.7, 279, 计算广告 
20365163, 7.7, 816, 创客 
3396111, 7.9, 644, 网络营销实战密码 
26929955, 8.1, 487, 腾讯传 
7007666, 7.2, 1544, 认知盈余 
21326266, 8.1, 475, 与机器赛跑 
25890247, 8.4, 347, 风吹江南之互联网金融 
3793884, 7.6, 855, 轻公司 
3865371, 7.5, 968, Google将带来什么? 
26272662, 7.6, 834, 腾讯方法 
22229485, 7.8, 652, 需求 
6414998, 8.5, 294, 精通Web Analytics 2.0 
4201552, 7.8, 586, 用户体验草图设计 
6434328, 7.4, 963, 谁说菜鸟不会数据分析 
1026593, 8.4, 295, 信息时代三部曲：经济、社会与文化 
1879670, 7.3, 1069, 撬动地球的Google 
5904151, 7.5, 803, 马云内部讲话 
7006719, 8.1, 381, 这就是搜索引擎 
25826578, 7.1, 1369, MacTalk 人生元编程 
6885949, 8.8, 192, 网络、群体与市场 
2265341, 7.2, 1080, 维基经济学 
4019512, 7.0, 1386, 正在爆发的互联网革命 
25732463, 7.8, 461, 淘宝十年产品事 
6758780, 8.1, 330, 大规模Web服务开发技术 
25795270, 8.2, 292, 形式感+：网页视觉设计创意拓展与快速表现 
25804890, 7.5, 630, 疯传 
25856314, 8.8, 166, Web性能权威指南 
25790070, 7.4, 704, 移动的帝国 
26873486, 8.5, 208, 运营之光 
25867042, 8.1, 305, 大型网站系统与Java中间件开发实践 
25764520, 8.1, 304, 走出电商困局 
3717165, 7.3, 790, 众包 
26400900, 7.2, 883, 创京东 
25843241, 7.5, 590, 互联网思维独孤九剑 
3215423, 7.5, 588, IT不再重要 
25747269, 7.7, 454, 颠覆医疗 
1464916, 7.4, 648, 飞得更高 
25953932, 8.2, 256, 第二次机器革命 
24749903, 8.3, 231, 世界是数字的 
1013042, 8.3, 229, 孤独的狂欢 
3784712, 7.9, 343, 网络江湖三十六计 
25909355, 8.3, 208, 数据化管理：洞悉零售及电子商务运营 
2281055, 7.8, 349, 小就是大 
4233474, 7.6, 428, 设计网事 
3039216, 7.9, 305, 构建可扩展的Web站点 
25763770, 7.6, 412, 孵化Twitter 
25986746, 7.6, 407, 零边际成本社会 
19934150, 7.7, 354, 大数据 
26273310, 8.0, 250, 颠覆式创新：移动互联网时代的生存法则 
25861795, 7.4, 464, 重来2 
26278639, 8.3, 175, 精益数据分析 
25784778, 8.1, 206, 1024·人与机器共同进化 
1186899, 8.2, 176, 思想的未来 
25746680, 8.3, 160, 随意搜寻 
24875857, 6.8, 929, 社交红利 
25925083, 8.2, 174, 再看电商 
4909176, 7.7, 282, 社交网站界面设计 
4827960, 7.7, 273, 移动应用的设计与开发 
6838110, 7.5, 347, YES！产品经理（上、下册） 
4275054, 6.9, 762, 网民的狂欢 
4820899, 6.6, 1200, Facebook 
25842420, 7.5, 329, 决战大数据 
5290566, 7.6, 296, 筑巢引凤 
25779423, 7.3, 414, 老二非死不可 
20497858, 8.2, 157, 网站分析实战 
20388034, 7.3, 394, 大连接 
25879027, 7.8, 225, 谷歌和亚马逊如何做产品 
26410894, 7.6, 271, 众创时代 
26915104, 9.2, 70, 你凭什么做好互联网 
19975498, 7.7, 242, 掘金黑客 
6851214, 7.3, 380, 社会化营销 
1929871, 8.3, 133, 认同的力量 
1930183, 8.5, 113, 千年终结 
26022186, 6.7, 843, 跨界 
24890463, 7.4, 323, 拒绝平庸 
4066788, 8.3, 131, 搜索引擎营销 
4926708, 7.3, 366, 网站设计解构 
26349459, 8.1, 155, 登高四书 
3338726, 7.5, 282, 信息乌托邦 
3795574, 7.0, 526, 部落：一呼百应的力量 
3742366, 8.2, 135, 胜于言传 
2364146, 7.6, 236, 海星模式 
26685458, 7.5, 262, 用户力：需求驱动的产品、运营和商业模式 
26315800, 7.6, 228, 智慧社会 
4818690, 7.9, 166, 用户体验面面观 
6114207, 7.0, 466, UCD火花集2 
26697460, 8.3, 115, 裂变式创业 
10793814, 8.7, 84, 黑客攻防技术宝典（第2版） 
10769591, 7.3, 303, 神一样的产品经理 
25854698, 8.1, 133, 微创新 
20429704, 6.9, 490, 删除 
5386169, 7.5, 233, HTML5揭秘 
26875239, 9.3, 55, SRE 
1676602, 9.3, 55, 创意，未来的工作方式 
25850087, 8.3, 109, 有的放矢 
26575141, 6.6, 765, 场景革命 
24841121, 7.7, 186, 做自己:鬼脚七自媒体第一季 
25975442, 8.0, 140, 互联网时代 
26697007, 7.7, 179, 产品的视角：从热闹到门道 
1468853, 8.5, 90, 信息烟尘 
25866380, 8.1, 121, 互联网思维的企业 
25733421, 8.7, 76, Web之困：现代Web应用安全指南 
6797555, 7.3, 267, 网络至死 
21632268, 7.6, 187, 数字乌托邦 
5355455, 7.4, 233, 新规则 
6545083, 7.5, 204, 智能Web算法 
4926083, 7.6, 184, 妙手回春 
24325849, 7.8, 148, Axure RP 6原型设计精髓 
1434831, 8.3, 96, IT通史 
10769712, 6.3, 1043, 爆发 
25723443, 7.6, 177, 产品经理的20堂必修课 
5904053, 5.8, 2901, 微博：改变一切 
25848953, 7.0, 333, 群体性孤独 
26386566, 7.4, 206, 一个人的电商 
25927950, 7.5, 184, YC创业营: 硅谷顶级创业孵化器如何改变世界 
25862775, 7.0, 320, 游戏化思维 
4306582, 7.1, 277, 正在爆发的营销革命 
25808226, 8.2, 92, Hooked 
24383461, 7.8, 127, 网络素养 
24530309, 7.4, 190, 一个媒体推手的自白 
25800026, 7.1, 269, 移动风暴 
26279954, 7.2, 232, 知识的边界 
26431332, 7.3, 208, 社群营销 
26589080, 7.1, 259, 社交红利2.0 
2284487, 8.5, 71, 硅谷热 
24284785, 7.5, 168, 金融e时代 
26739670, 7.7, 135, 众媒时代 
1029781, 7.5, 163, 硅谷商战 
26828718, 8.8, 56, 社群营销 
26769527, 9.5, 37, 互联网+风口 
26586799, 8.1, 92, 创业无畏 
11445674, 6.4, 659, 产品经理修炼之道 
5377414, 7.5, 156, 榨干百度谷歌 
26866421, 8.2, 82, 爆品手记 
26810317, 6.9, 300, 爆品战略 
26656350, 8.1, 88, 增长的本质 
2052230, 7.9, 104, 赛博空间的奥德赛 
24828865, 7.7, 124, 混合现实 
26253507, 9.1, 44, 互联网思想十讲 
26142616, 8.2, 80, 用户体验多面手 
10546139, 8.0, 95, SEO艺术 
26663519, 7.5, 149, MacTalk 跨越边界 
20366340, 7.4, 165, 小圈子·大社交 
26897884, 8.0, 91, 智能主义 
26348488, 6.9, 278, 引爆社群 
26805266, 6.8, 311, 超级IP 
6558345, 7.1, 213, 信任代理 
25913009, 7.3, 170, 传统企业，互联网在踢门 
24744419, 7.7, 114, 大数据时代的历史机遇——产业变革与数据科学 
5319798, 7.5, 138, 搜索模式 
25912257, 8.1, 79, 互联网的误读 
6790578, 8.2, 74, 总开关 
10344930, 7.0, 226, 社交网站的数据挖掘与分析 
1313505, 7.8, 99, 数字麦克卢汉 
4191825, 7.3, 159, 公众风潮 
22993903, 7.3, 156, 区块链 
4203438, 7.9, 89, 数字化崇拜 
25932067, 7.2, 172, 教训 
4096751, 7.5, 125, 25岁，我赚了3个亿 
26628218, 7.6, 112, 智能爆炸：开启智人新时代 
26361207, 7.7, 101, 看见未来 
1476966, 7.1, 185, 互联网商规11条 
25943598, 7.5, 122, 埃隆·马斯克传 
25858761, 7.6, 106, 互联网金融手册 
26794863, 7.7, 95, 如何打造超级IP 
26611892, 7.0, 194, 共享经济 
26357758, 9.1, 36, 风险投资交易 
26285693, 7.4, 127, 慕课革命 
4875762, 7.2, 155, 裂变 
26465430, 7.8, 86, 共享经济时代 
5988607, 6.6, 317, 阅读的未来 
3948372, 7.3, 134, 网站交互设计模式 
26646553, 7.6, 96, 指数型组织 
26340695, 9.2, 31, 三位一体 
10433774, 7.4, 109, 创意传播管理 
26697074, 8.2, 56, 智慧之巅：DT时代的商业革命 
26674042, 7.9, 70, 第九区·游戏 
25723889, 7.4, 107, 信息时代的世界工厂 
26850028, 8.5, 44, 阿里巴巴 
26710938, 6.9, 169, 爆款：如何打造超级IP 
26598926, 7.3, 112, 品牌是什么？——互联网时代品牌系统创新 
1072313, 7.7, 76, 硅谷之火 
26263689, 6.4, 320, 微信思维 
26658944, 7.8, 69, 大数据经济 
26369667, 6.6, 228, 互联网+ 
26765979, 8.8, 34, 架构即未来：现代企业可扩展的Web架构、流程和组织(原书第2版) 
24749380, 7.0, 138, 微信控 控微信 
1323570, 7.4, 92, 伊托邦 
26688084, 6.8, 165, 互联网运营之道 
26662454, 9.4, 24, 新网络营销推广实战从入门到精通 
26644961, 7.2, 104, 玻璃笼子 
5978700, 8.3, 43, I&#39;m Feeling Lucky 
6129181, 7.9, 57, 六度分隔 
4100376, 7.5, 77, 互联网：碎片化生存 
26651382, 6.5, 214, 微信力量 
3908071, 5.4, 1657, 豆瓣，流行的秘密 
25832065, 7.5, 70, 重新理解媒介 
25855986, 8.4, 36, Mastering Bitcoin 
26807009, 7.9, 49, 走近2050：注意力、互联网与人工智能 
2985736, 8.2, 40, 信息改变了美国 
26801362, 6.6, 169, 网红经济 
26652279, 9.4, 21, 翻盘：互联网时代的垂直创业法则 
26371405, 7.4, 71, 京东平台运营攻略（全彩） 
26782574, 8.7, 28, 整合：实现商业转型的7大法则 
25960651, 8.0, 43, 移动社交时代的互动搜索营销（全彩） 
25807308, 6.6, 157, 支付革命 
26724253, 7.7, 53, 创新的洞见 
25831443, 7.1, 88, 体验为王 
25790111, 6.9, 109, 海量运维、运营规划之道 
6954094, 7.1, 87, 互联网创业启示录 
20471142, 6.4, 194, 比特素养 
26648154, 9.2, 21, O2O融合：打造全渠道营销和极致体验 
26278454, 7.2, 77, 无须等待 
26744929, 8.4, 31, 互联网+秋叶课堂：我的网课创业 
26387551, 5.8, 465, 互联网+ 
26593127, 7.2, 75, 可视化未来 
25827264, 7.7, 50, 产品经理那些事儿 
25808614, 6.5, 149, 互联网金融 
26800138, 7.5, 53, 滴滴：分享经济改变中国 
26927349, 7.8, 42, 从点子到产品 
26264767, 6.4, 155, 京东技术解密 
25818670, 7.0, 78, 翻转世界 
10756899, 7.4, 53, 高扩展性网站的50条原则 
25848448, 7.4, 53, 技术赋权 
25896881, 7.8, 39, 影响力方程式 
5909797, 8.4, 27, The Net Delusion 
26836518, 8.2, 29, 超级IP 
26836223, 7.0, 72, 腾讯之道 
1071093, 7.4, 50, 黑客伦理与信息时代精神 
26314393, 8.6, 23, 自营销互联网方法 
26648171, 7.5, 46, APP运营推广：抢占移动互联网入口、引爆下载量、留住用户 
6901098, 8.3, 27, The Idea Factory 
26422298, 8.3, 26, 奇点系列 
26806913, 8.3, 26, 极致：互联网时代的产品设计 
25837689, 7.5, 43, Growth Hacker Marketing 
1049865, 6.8, 80, 注意力经济 
26643784, 7.0, 64, 激活个体 
26717842, 7.2, 51, 互联网生态：重构商业规则 
25775590, 7.3, 47, SIVA范式 
5994771, 7.4, 38, The Filter Bubble 
26417588, 7.9, 27, 读懂互联网+ 
20440954, 7.2, 44, 云计算 
26280930, 8.5, 19, Hooked 
26386850, 7.6, 32, 图灵的大教堂 
26574203, 8.6, 18, 睡鼠说 
26857852, 7.3, 38, 硅谷密探：探秘全球科技精华 
26916843, 8.6, 17, 转型革命 
25885293, 7.2, 39, 好设计不简单Ⅰ：100个网站架构的实用要点 
26830108, 8.1, 19, 疯传：让你的产品、思想、行为像病毒一样入侵（全新修订版） 
26879228, 8.0, 20, 运营制胜 
26136156, 7.7, 24, 数码人类学 
7067578, 6.0, 110, 网络营销推广实战宝典 
26710165, 7.4, 28, 数字民主的迷思 
19896271, 6.2, 83, 互联网进化论 
24743287, 7.5, 26, 雷军 
26929898, 7.3, 29, 跟小贤学运营 
26872843, 7.5, 25, 运营实战指南 
26437231, 6.9, 38, 技术管理之巅 
25926762, 7.2, 28, 自媒体时代，我们该如何做营销 
26596293, 7.2, 28, 小白学运营 
25972633, 6.0, 87, 大型分布式网站架构设计与实践 
7008245, 7.3, 26, Networked 
26148605, 7.4, 22, 图解网站分析（修订版） 
26757535, 7.6, 19, 资本的真相 
25775887, 5.4, 177, 微信营销与运营 
26286756, 8.0, 15, 论因特网 
26703500, 6.1, 63, 区块链 
26827267, 7.7, 17, Chaos Monkeys 
26827114, 6.9, 28, 分享时代 
4720570, 7.7, 17, 电子商务 
26831424, 6.6, 34, 区块链：定义未来金融与经济新格局 
25976086, 7.4, 19, 忠诚度革命：用大数据、游戏化重构企业粘性 
26629744, 7.5, 17, 硅谷生态圈 
26354705, 6.8, 26, 微信营销108招 
26613912, 7.3, 17, 另一个地球 
26756284, 7.6, 14, 麦肯锡说，未来20年大机遇 
26815416, 7.8, 12, 互联网时代项目管理术 
26795385, 7.0, 18, 第四次革命 
23820914, 4.7, 360, 微信营销解密 
26883531, 7.6, 12, 网易一千零一夜 
21966361, 6.9, 18, 拉动力 
26608019, 7.4, 13, 智能 
25838708, 7.0, 16, 微信公众平台应用开发 
25922105, 6.9, 17, 微信电商
26274194, 7.5, 11, 跨境电商——阿里巴巴速卖通宝典 
26354179, 6.5, 20, 我知道你是谁·我知道你做过什么 
26825463, 7.3, 12, 如何研究网络人群和社区 
11614301, 6.8, 16, 电商运营 
26778836, 7.5, 10, 免费:商业的未来 
26832701, 7.1, 12, 白话大数据与机器学习 
26838082, 5.9, 25, 独角兽之路 
26881122, 6.5, 10, 增长黑客营销 
