Tag: 人性 
The number of books: 280 

ID, Rating, Votes, Title
3259440, 9.1, 172643, 白夜行 
1770782, 8.8, 247670, 追风筝的人 
1082154, 9.1, 119763, 活着 
20427187, 8.8, 108297, 看见 
1829226, 9.1, 35263, 肖申克的救赎 
1029791, 8.7, 56227, 许三观卖血记 
2143732, 8.7, 48345, 灿烂千阳 
1022060, 8.3, 72841, 狼图腾 
3646172, 8.4, 58565, 恶意 
4908885, 9.0, 19874, 局外人 
1064275, 8.3, 50189, 老人与海 
1088065, 8.6, 28148, 阿Q正传 
1092335, 8.9, 16015, 教父 
1024197, 8.3, 39180, 巴黎圣母院 
3017857, 8.5, 26829, 金锁记 
1292416, 8.5, 26380, 香水 
1180102, 8.9, 13761, 恐怖宠物店（10） 
6880158, 8.7, 17200, 陆犯焉识 
4011670, 8.3, 33156, 人间失格 
2035171, 9.0, 10678, 人生的枷锁 
1008988, 8.3, 31811, 了不起的盖茨比 
1856494, 9.3, 6327, 卡拉马佐夫兄弟 
1205370, 8.1, 40904, 羊脂球 
6781808, 9.2, 6933, 杀死一只知更鸟 
3920130, 8.6, 13631, 告白 
3136271, 8.6, 12465, 罗生门 
1180108, 9.0, 6979, 恐怖宠物店1 
1213546, 8.3, 20035, 变形记 
1056295, 8.3, 18808, 人性的弱点全集 
3315879, 8.6, 11670, 恶童日记 
2334065, 9.4, 3445, 塔希里亚故事集 
1322455, 8.8, 7234, 遥远的救世主 
3537590, 8.3, 15135, 朗读者 
10560798, 8.7, 7912, 面纱 
24382569, 8.6, 8801, 一桩事先张扬的凶杀案 
1022632, 8.7, 7467, 罪与罚 
1883353, 8.8, 6314, 野性的呼唤 
1082138, 8.3, 13150, 在细雨中呼喊 
1752755, 8.6, 7967, 第九个寡妇 
20326626, 8.6, 6415, 少年Pi的奇幻漂流（插图珍藏版） 
4009552, 7.6, 34948, 幻夜 
1436657, 8.9, 4179, 寄生獸 (完全版) (Vol. 1) 
24845582, 8.4, 8421, 群山回唱 
3137289, 8.5, 6521, 姐姐的守护者 
3673651, 7.7, 23533, 岛 
10555486, 8.7, 4596, 分成两半的子爵 
1485495, 8.1, 10965, 楼下的房客 
20428302, 9.1, 2563, 失明症漫记 
1400059, 8.7, 4165, 心 
1027247, 7.9, 14103, 丑陋的中国人 
2016749, 8.1, 10048, 金陵十三钗 
3442373, 8.5, 5367, 二人证据 
1292405, 8.6, 4673, 自私的基因 
4071842, 8.6, 4438, 路西法效应 
3442377, 8.6, 4390, 第三谎言 
1262986, 8.1, 9297, 我不是教你诈 
5406559, 8.7, 3341, 鼠疫 
4105411, 8.1, 7744, 第八日的蝉 
1008074, 7.5, 22021, 失乐园 
10569619, 8.5, 4187, 自由 
6085181, 8.1, 6933, 二号首长 
6097966, 8.1, 6954, 发条橙 
3890174, 7.7, 13454, 信 
1460340, 8.9, 2205, 人性的，太人性的 
1872158, 8.2, 5554, 蝇王 
1079104, 8.6, 3153, 尼采：在世纪的转折点上 
3274851, 8.0, 7350, 原谅我红尘颠倒 
3740431, 8.4, 3954, 灵魂只能独行 
10767124, 8.6, 2986, 乡村教师 
5347699, 7.8, 9415, 彷徨之刃 
3024497, 8.4, 3481, 天浴 
4928387, 7.5, 14379, 单恋 
4075203, 9.1, 1425, 鼠族（一、二部） 
1211267, 8.5, 2739, 阿甘正传 
6794021, 7.8, 7681, 红手指 
4245064, 8.6, 2349, 冷血 
26413027, 7.5, 12645, 虚无的十字架 
2255896, 8.8, 1799, 绿里奇迹 
6088153, 8.5, 2614, 人间 
1386229, 8.7, 1921, 漂流教室(1) 
4753783, 7.4, 14107, 分身 
1458341, 8.6, 2111, 禁斷戀愛 
1011228, 8.3, 2949, 远大前程 
20441569, 9.1, 1089, 被淹没和被拯救的 
1071821, 8.1, 3828, 你不可不知的人性 
10607615, 8.8, 1538, 第三种黑猩猩 
2229229, 8.0, 4456, 穿条纹衣服的男孩 
4220020, 8.8, 1502, 相助 
1455138, 8.8, 1374, 白色巨塔（第一部） 
1088418, 9.0, 1074, 死屋手记 
3263006, 8.8, 1293, 飞越疯人院 
4870150, 8.3, 2298, 44号孩子 
2062557, 9.1, 890, 地狱变 
26580084, 8.7, 1347, 烛烬 
1006737, 7.8, 4319, 米 
6759059, 8.0, 3172, 二号首长2 
25891213, 8.8, 1123, 七号房的礼物 
24736900, 8.2, 2331, 千只鹤 
4151134, 7.8, 4217, 只爱陌生人 
4799445, 7.9, 3421, 太阳黑子 
6100947, 7.6, 5134, 刘氏女 
1279212, 7.5, 6007, 十日谈 
5919999, 7.6, 5051, 赎罪 
1203293, 8.6, 1221, 张爱玲散文 
4753689, 8.2, 1949, 莎拉的钥匙 
1417905, 7.1, 11821, 废都 
6048071, 8.6, 1132, 七声 
2070807, 8.5, 1228, 懂得爱 
20473093, 8.5, 1156, 大逃杀 
26892080, 9.0, 648, 猎豹 
5400595, 7.8, 2760, 中国，少了一味药 
1470622, 8.2, 1556, 二十年目睹之怪现状 
3597079, 9.0, 634, 我的团长我的团 
6967983, 8.2, 1507, 罪行 
25814725, 8.8, 740, 人间失格·斜阳 
1178535, 8.6, 869, 人性论（上下） 
3879946, 8.2, 1409, 光与影 
25744411, 8.6, 859, 被嫌弃的松子的一生 
5910655, 8.3, 1201, 古炉 
1370244, 8.3, 1167, 末日(10) 
26837288, 8.4, 1022, 钓鱼的男孩 
4882013, 8.1, 1476, 异常 
24527845, 7.0, 8667, 我讲个笑话，你可别哭啊 
5980471, 8.4, 1011, 生命如歌 
3222662, 8.2, 1254, 谁家有女初长成 
24862771, 9.0, 514, 熔炉 
3315714, 7.6, 2718, 陪你到最后 
1456311, 8.5, 770, Of Mice and Men 
1316564, 8.9, 508, 情感的迷惘 
2568438, 8.6, 693, 权力与荣耀 
11511204, 7.4, 3342, 悖论13 
26390937, 9.1, 412, 猎魔人2：宿命之剑 
7916072, 7.6, 2269, 杨氏女 
4918103, 8.5, 703, 礼物 
6428818, 8.4, 786, 田园交响曲 
4202417, 8.3, 858, 幽灵代笔 
1918220, 8.4, 769, 性与性格 
2131426, 9.0, 408, 涅朵奇卡·涅茨瓦诺娃 
5380072, 8.2, 947, 思想与乡愁 
2113347, 8.6, 593, 卡耐基经典全集 
4189215, 9.2, 320, 灵之舞 
1980686, 7.3, 3097, 第八号当铺 
2285530, 9.1, 342, 弗洛伊德及其后继者 
25713178, 8.6, 539, 我当道士那些年2 
26712353, 8.7, 473, 血疫 
4863905, 7.5, 2052, 就说你和他们一样 
6829101, 8.2, 799, 大地的谎言 
26150549, 8.7, 450, 人性中的善良天使 
6833935, 8.5, 548, 老无所依 
20389191, 8.4, 595, 冰点 
5336008, 8.3, 641, 瞬变 
4852691, 8.4, 575, 你不可不知的人性（全二册） 
4231214, 7.8, 1148, 恶人 
1428004, 8.2, 679, 羊的门 
25748132, 8.4, 548, 复明症漫记 
24371383, 7.7, 1247, 中国国民性演变历程 
2157003, 7.2, 2664, 她们谋生亦谋爱 
1477442, 9.0, 291, 为自己的人 
3293742, 7.8, 1063, 战争画师 
3546574, 8.8, 342, 扭曲的人性之材 
6742588, 7.9, 896, 温故一九四二 
4759591, 8.2, 619, 入殓师 
1029326, 8.5, 437, 神木 
1769617, 9.3, 209, 惡童三部曲 
3015561, 8.1, 645, 第二次握手 
1127253, 7.9, 807, 黑屋吊影 
4898668, 8.4, 451, 缺月梧桐 
26910597, 8.6, 353, 直到那一天 
2568082, 8.2, 522, 闯关东 
3266350, 8.5, 382, 问题的核心 
6853462, 8.1, 568, 魔鬼与普里姆小姐 
4191879, 8.1, 564, 苏菲的选择 
26807576, 8.4, 401, 赡养人类 
1475128, 8.8, 251, 人的潜能和价值 
25800697, 7.1, 1919, 妈阁是座城 
25753360, 7.2, 1518, 本色 
4000102, 8.0, 523, 自殺島 1 
3266351, 8.4, 330, 人性的因素 
26264973, 8.6, 266, 查无此人 
20473122, 8.3, 347, 圣诞假日 
2252637, 8.0, 443, 诱惑的艺术 
24325270, 8.2, 349, 道德动物 
5326852, 7.7, 590, 纳棺夫日记 
20477116, 9.0, 163, 对权威的服从 
1968882, 7.6, 658, 冰鉴 
2052580, 7.9, 460, 神秘河 
1772151, 8.6, 225, 翻身 
6060470, 7.8, 486, 裂缝 
10788090, 8.2, 310, 天浴 
10430437, 7.4, 798, 人生百忌 
20260181, 7.8, 468, 罪责 
5996568, 8.6, 207, 人性的污秽 
1535600, 8.2, 297, 黑暗的心 
4293155, 8.5, 224, 士兵的重负 
1562802, 8.8, 170, 辛德勒的名单 
1370271, 8.6, 201, 浮华世家 
25820440, 8.3, 263, 秀拉 
1675270, 8.0, 355, 人性的优点全集 
1073866, 8.6, 190, 挺经 
3540367, 8.4, 224, 印象洗脑术 
24845389, 7.7, 456, 潜意识 
11597370, 8.5, 196, 陶偶 
1857240, 8.5, 191, 榆树下的欲望 漫长的旅程 
26864850, 8.4, 206, 香蕉的低语 
6759677, 8.7, 158, 走出恐惧 
25933862, 8.4, 200, 黄鸟 
3312040, 8.1, 262, 谁会认错 
4722181, 7.5, 509, 小心，无良是一种病 
1322992, 8.3, 212, 理解人性 
1843486, 7.6, 431, 浮城 
3813981, 8.6, 155, 極端自我就是王 
2075107, 7.2, 674, 邪恶心理学 
1016822, 8.5, 161, 美德的起源 
10505864, 7.6, 382, 乔姆斯基、福柯论辩录 
2222424, 7.6, 372, 女人的起源 
25722933, 7.8, 280, 穹顶之下（上下） 
3136230, 7.7, 293, 红火星（全两册） 
5036712, 8.4, 145, The Lovely Bones MTI可爱的骨头 
1313815, 8.1, 190, 黑暗的心 
1839083, 8.6, 122, 凶犯 
2219871, 8.9, 96, 自我认知 
26825826, 7.6, 301, 同栖生活 
25902239, 8.5, 127, 道林·格雷的画像 
25772581, 8.5, 124, 寂静的烽塔 
26577706, 7.8, 216, 档案 
1037631, 8.2, 135, 荣枯鉴 
3230321, 9.1, 70, 奥修传 
2080389, 8.9, 78, 人心 
26365152, 8.9, 78, 别让身边朋友害了你 
26811334, 8.1, 144, 疼 
24858349, 9.4, 55, 珍藏麦柯里 
26762116, 7.9, 159, 疯癫老人日记 
1261320, 7.7, 184, 微精神分析学 
3797441, 9.2, 56, 大漠祭 
25869090, 7.8, 159, 完美妻子 
25833211, 8.4, 96, 在西方目光下 
4199233, 9.1, 58, 人间喜剧 
1000773, 8.7, 74, 人类本性与社会秩序 
1538996, 7.9, 139, 红色皇后 
2060665, 8.1, 114, 曾仕强说中国人 
2131768, 7.9, 134, 人性 
19980346, 8.8, 66, 伊万·伊里奇之死 
26636282, 6.8, 448, 如果你想过1%的生活 
2230072, 8.2, 100, 增广贤文 
2240279, 8.6, 71, 狱中二十年 
20492095, 7.1, 273, 性、谋杀及生命的意义 
6525712, 8.1, 101, 我的朝鲜战争 
26667196, 8.8, 57, 奥斯维辛集中营的志愿者 
4848435, 7.1, 251, 与苏格拉底吃早餐 
2266292, 9.0, 50, 罗生门 
3182988, 9.4, 38, 白虎关 
1762619, 9.2, 41, 弗洛姆著作精选：人性、社会、拯救 
1712350, 7.7, 113, 动机心理学 
3088531, 8.1, 76, 论人的天性 
24847418, 6.9, 247, 素食主义者 
3024168, 8.8, 46, 企业的人性面 
3422709, 7.6, 109, 骗经 
20513018, 7.0, 180, 错身而过的街道 
3886765, 6.9, 205, 你可以看透任何人 
26366617, 7.6, 88, 曲终人在 
26844800, 7.3, 113, 小镇忧郁青年的十八种死法 
24859827, 8.2, 53, 羽毛人 
26390714, 7.6, 76, 大断裂 
4917079, 7.7, 68, 人性能达到的境界 
25732872, 7.8, 60, 灯塔里的陌生女孩 
26838835, 7.2, 98, 一个人的世界史 
26669881, 8.7, 32, 文坛亦江湖 
2328345, 8.9, 24, 狱中书简：致亲爱的奥尔嘉 
26662118, 8.5, 28, 比空气轻 
26695147, 7.7, 47, 成长是一件孤独的事 
26634790, 7.6, 50, 逃生游戏 
26425191, 8.4, 29, 奥斯维辛骷髅俱乐部 
4127878, 7.0, 83, 咀嚼爱情 
10527572, 7.7, 45, 鲁米诗选 
26883960, 8.3, 24, 伊比库斯的预言 
26603131, 7.9, 25, 男权的神话 
25913877, 8.2, 16, 救贖者 
26919454, 8.0, 15, 人生很短，你要做个聪明人 
26751840, 8.0, 13, 愛的進化論 
26694009, 6.4, 24, 黑暗中的4虐者 
