Tag: 人生 
The number of books: 280 

ID, Rating, Votes, Title
1008145, 8.9, 179381, 围城 
1082154, 9.1, 119754, 活着 
1200840, 9.0, 93700, 平凡的世界（全三部） 
1858513, 8.9, 61385, 月亮和六便士 
1017143, 8.5, 129852, 不能承受的生命之轻 
3995526, 8.7, 73490, 目送 
10594787, 8.9, 49935, 霍乱时期的爱情 
1023045, 8.6, 68318, 我们仨 
1029791, 8.7, 56224, 许三观卖血记 
3369793, 8.7, 50114, 亲爱的安德烈 
6388661, 8.8, 40956, 这些人，那些事 
3608208, 8.6, 45268, 牧羊少年奇幻之旅 
2035162, 9.0, 22369, 刀锋 
1082334, 8.3, 64595, 穆斯林的葬礼 
4207781, 8.8, 24594, 孩子你慢慢来 
1401425, 8.3, 56141, 兄弟（上） 
1775691, 8.3, 51812, 少有人走的路 
1209899, 9.0, 15718, 我与地坛 
1064275, 8.3, 50186, 老人与海 
3406401, 9.0, 10977, 悉达多 
4011670, 8.3, 33151, 人间失格 
2035171, 9.0, 10678, 人生的枷锁 
1008988, 8.3, 31810, 了不起的盖茨比 
23008971, 9.0, 8965, 平如美棠 
6789605, 9.0, 8670, 树上的男爵 
3261600, 9.3, 5566, 人生的智慧 
1043815, 8.2, 27909, 骆驼祥子 
3633461, 8.6, 13717, 一句顶一万句 
1061977, 8.7, 11645, 血色浪漫 
1859140, 8.8, 9756, 上学记 
1056295, 8.3, 18807, 人性的弱点全集 
2194123, 8.4, 15403, 相约星期二 
26425831, 8.8, 7851, 斯通纳 
3803820, 8.4, 14309, 人生 
4010196, 8.1, 23302, 世界因你不同 
3578470, 9.0, 5767, 德米安 
24934182, 8.1, 22699, 一个人的朝圣 
1048007, 8.2, 19037, 高效能人士的七个习惯（精华版） 
1322455, 8.8, 7232, 遥远的救世主 
10560798, 8.7, 7911, 面纱 
1431870, 9.1, 4459, 源泉 
1005358, 9.2, 3655, 寻找家园 
1082138, 8.3, 13150, 在细雨中呼喊 
1003986, 8.8, 5834, 病隙碎笔 
2359003, 8.2, 14025, 沉思录 
26278687, 7.8, 28733, 皮囊 
2363651, 8.2, 13367, 十四堂人生创意课 
2193877, 8.1, 15680, 你在天堂里遇见的五个人 
1061242, 8.8, 4967, 写在人生边上 
3673771, 9.0, 3454, 项塔兰 
1045716, 8.7, 4876, 人生中不可不想的事 
3673651, 7.7, 23532, 岛 
3826899, 8.6, 5179, 布鲁克林有棵树 
3594151, 8.1, 10122, 柑橘与柠檬啊 
1005193, 8.6, 4666, 重新认识你自己 
3905366, 7.8, 15857, 迟到的间隔年 
1015864, 9.0, 2658, 惶然录 
1311280, 9.0, 2616, 灵魂的事 
1037060, 8.6, 4085, 曾国藩（上中下） 
1269900, 8.2, 6669, 活法 
2240482, 8.0, 9251, 走到人生边上 
10569619, 8.5, 4187, 自由 
1033248, 8.9, 2423, 幸福之路 
2083981, 8.7, 3143, 了凡四训 
3448867, 9.0, 2108, 采桑子 
4737325, 8.2, 6005, 维罗妮卡决定去死 
3075281, 8.6, 3316, 世界上所有的夜晚 
1165173, 8.8, 2550, 务虚笔记 
1313124, 8.2, 5755, 赢 
3264665, 8.6, 3250, 三十而立 
3274851, 8.0, 7350, 原谅我红尘颠倒 
25735727, 8.2, 5217, 站在两个世界的边缘 
3302645, 8.1, 5935, 我在雨中等你 
1733250, 8.4, 3804, 韩寒五年文集（上下） 
1136988, 8.9, 1950, 命若琴弦 
3640067, 8.7, 2377, 革命之路 
6041708, 8.4, 3432, 世上另一个我(修订版) 
1161817, 8.7, 2189, 洛克菲勒留给儿子的38封信 
1491153, 8.7, 2196, 曾国藩家书 
1010349, 8.0, 5847, 丰乳肥臀 
1211267, 8.5, 2739, 阿甘正传 
1069805, 8.7, 1875, 给青年的十二封信 
10588835, 8.8, 1648, 别处生活 
1135734, 8.6, 1977, 追寻生命的意义 
1004318, 8.3, 2894, 守望的距离：周国平散文集 
1200843, 8.1, 3832, 芙蓉镇 
1427679, 7.5, 9661, 做最好的自己 
1841625, 8.9, 1311, 标竿人生 
1462523, 9.2, 904, 生命的肖像 
2257188, 7.6, 7528, 致女儿书 
25748787, 7.7, 5537, 平生欢 
1260251, 8.7, 1355, 茶人三部曲（全三册） 
1987453, 7.9, 3887, 人生不过如此 
24875416, 8.3, 2175, 生命最后的读书会 
25870384, 8.4, 1845, 你的生命有什么可能 
2265995, 7.1, 14947, 大象的眼泪 
4124876, 8.2, 2316, 易经的奥秘 
24827456, 8.6, 1276, 万箭穿心 
6310320, 8.7, 1100, 人都是要死的 
1034615, 8.7, 1105, 生命的意义 
10512506, 7.8, 3548, 世界上的另一个你 
3224456, 7.7, 3963, 少有人走的路Ⅱ 
1793990, 8.9, 814, 早晨从中午开始 
26376049, 9.2, 591, 阿兰的战争 
20513012, 7.6, 4260, 无比芜杂的心绪 
3410763, 8.6, 1063, 最后的演讲 
1484695, 8.1, 1981, 季羡林谈人生 
25731506, 8.0, 2248, 乱时候，穷时候 
3218534, 8.1, 1917, Eat
3715982, 8.5, 1142, 当幸福来敲门 
3722967, 8.3, 1422, 人生十论 
3808887, 7.5, 4574, 做单 
26369699, 8.5, 1085, 被讨厌的勇气 
6966843, 7.8, 2642, 重遇未知的自己 
4010185, 8.0, 1992, 哪来的天才？ 
2339264, 8.6, 953, 人为什么活着 
1053526, 8.4, 1180, 哲学与人生 
1256282, 8.5, 1021, 心灵自由之路 
3389960, 8.0, 1849, 自卑与超越 
20475794, 8.1, 1621, 身体知道答案 
1839882, 9.2, 483, 史铁生自选集 
25744411, 8.6, 859, 被嫌弃的松子的一生 
20413742, 7.5, 3743, 不说，就真来不及了 
1256284, 8.4, 1064, 谋生之道 
1958741, 7.8, 2320, 追逐日光 
1146304, 8.6, 819, 日光流年 
2973270, 7.7, 2542, 六弄咖啡馆 
5954613, 9.0, 525, 谁可以这样爱我 
6890672, 8.7, 692, 这一生，至少当一次傻瓜 
24257591, 7.3, 4603, 绝望锻炼了我 
3910220, 7.5, 3166, 十四堂人生创意课Ⅱ 
24872210, 9.2, 404, 无愁河的浪荡汉子·朱雀城 
24748615, 8.4, 879, 天幕红尘 
4122992, 8.6, 680, 人生的三路向 
2054246, 8.0, 1312, 你的误区 
1082601, 7.6, 2165, 羊皮卷 
1817332, 8.8, 487, 爱因斯坦谈人生 
1065931, 7.8, 1570, 图穷对话录 
26584387, 7.7, 1765, 一个人的朝圣2 
1722020, 8.7, 528, 最初和最终的自由 
2980475, 8.4, 693, 长路漫漫 
3582354, 8.0, 1108, 找回你的生命礼物 
4846035, 7.6, 1930, 干法 
1080753, 8.2, 846, 受活 
2002938, 8.3, 745, 费曼的彩虹 
25923063, 8.3, 726, 考拉小巫的留学成长日记 
1270511, 8.1, 921, 湖上闲思录 
4863905, 7.5, 2052, 就说你和他们一样 
1058869, 8.9, 382, 唐浩明评点曾国藩家书（上下） 
26220259, 8.3, 700, 褚时健：影响企业家的企业家 
1000034, 7.4, 2343, 生死遗言 
4760770, 8.5, 560, 音乐课 
3654465, 7.7, 1442, 少有人走的路III 
4254672, 7.6, 1647, 不抱怨的世界2 
26807400, 8.9, 362, 成功心理学 
4214217, 7.5, 1896, 女人明白要趁早 
1958394, 7.8, 1195, 工作DNA 
2893591, 8.5, 518, King
3863494, 8.0, 913, 季羡林读书与做人 
24839756, 8.1, 806, 死亡如此多情 
26320883, 7.6, 1513, 丈量世界 
10801462, 7.7, 1306, 苦才是人生 
1812319, 8.1, 788, 船讯 
1000972, 8.1, 768, 一生的忠告 
26301984, 8.2, 684, 白色流淌一片 
3744041, 7.1, 3151, 晨间日记的奇迹 
10567171, 8.0, 854, 生命册 
20434430, 8.0, 814, 你要如何衡量你的人生 
25731990, 8.3, 572, 我是落花生的女儿 
25945487, 7.4, 1819, 鱼羊野史·第2卷 
26699448, 9.1, 259, When Breath Becomes Air 
4249313, 7.7, 1164, 活在当下 
1070274, 8.5, 445, 人的宗教(修订版) 
25819593, 8.1, 665, 会做饭的孩子走到哪里都能活下去 
25904933, 8.4, 470, 我的母亲手记 
1615235, 8.2, 581, 蒙田随笔 
2125296, 8.3, 478, 政治的人生 
26757657, 8.2, 525, 望春风 
26681349, 8.6, 349, 视觉004 
24869869, 8.4, 423, 慢骑中国 
10593881, 7.5, 1254, 初见即别离 
6515939, 6.8, 3957, 世界如此险恶，你要内心强大 
24714245, 7.8, 807, 看得开
2150265, 8.7, 305, 苹果酒屋的规则 
25900802, 7.6, 968, 我在底层的生活 
25660015, 6.9, 2894, 以自己喜欢的方式过一生 
4615442, 7.6, 963, 生命的清单 
1964884, 7.4, 1224, 为什么幸运的人总幸运倒霉的人老倒霉 
4920383, 7.4, 1211, 这辈子，只能这样吗？ 
26388796, 8.0, 549, 人间卧底 
1097991, 7.8, 677, 一生的计划 
23197834, 7.0, 2093, 我们如何走到这一步 
24371403, 6.8, 2913, 过得刚好 
3042524, 8.4, 333, 李天命的思考艺术 
6431238, 6.9, 2420, 一个人私奔 
1033434, 8.6, 271, 梦游手记 
3270647, 7.7, 702, 玛丽莎的心愿清单 
1903578, 8.4, 320, 人生五大问题 
1315249, 8.1, 437, 人心与人生 
26747206, 8.8, 216, 人生忽如寄 
26662051, 8.1, 429, 我说的不一定对 
21690069, 8.3, 337, 幻世浮生 
25875270, 7.6, 734, 生命不息 
25778505, 7.7, 653, 女人明白要趁早之和潇洒姐塑身100天 
6085417, 8.4, 305, 遗产 
3613841, 8.1, 402, 自信的秘密 
7045735, 7.9, 506, 可可·香奈儿的传奇一生 
20273181, 8.1, 407, 生命是长期而持续的累积 
24318966, 8.4, 289, 我在哈佛的最后一堂课 
25911858, 8.3, 310, 我们能做什么 
26925068, 9.7, 100, 不敢不乐 
25945941, 7.1, 1346, 日和手帖001：我们终究是一个人 
25831406, 8.3, 288, 陌生的中国人 
26416276, 7.9, 431, 愿生命从容 
26422275, 7.3, 907, 向死而生 
25708362, 8.6, 199, 史家高华 
4864406, 8.7, 180, 教育就是解放心灵 
5503967, 8.5, 205, 织梦人 
5325861, 6.5, 2816, 气场 
6801742, 7.5, 562, 人生定位 
26108383, 6.9, 1329, 人生永远没有太晚的开始 
25743907, 7.0, 1117, 断舍离 
20386246, 7.8, 390, 人生那么长，停一下又何妨 
1144283, 8.4, 208, Virgin商业帝国 
25855770, 8.1, 263, 就因為「沒時間」，才什麼都能辦到 
1322992, 8.3, 212, 理解人性 
1426502, 8.8, 132, 青年与学问 
26892222, 8.2, 204, 生活的哲学 
26818183, 9.0, 106, 失忆的爱丽丝 
25866817, 6.8, 1145, 有些路，只能一个人走 
26315455, 7.9, 272, 心之道 
19995776, 6.9, 952, 我和这个世界不熟 
26363418, 7.2, 622, 我坚信 
5997269, 8.6, 139, The Millionaire Fastlane 
5919984, 7.3, 532, 享乐主义手册 
26682087, 7.2, 584, 借山而居 
6104723, 8.6, 132, 英雄的旅程 
25957401, 8.1, 206, 从不妥协：法拉奇传 
25929284, 8.6, 133, 所有的名字 
26757648, 7.7, 299, 并没有如愿以偿的人生 
26637849, 8.1, 199, 名字和名字刻在一起 
6969706, 8.9, 101, 朱光潜人生九论 
26612363, 8.1, 192, 每当我找到生命的意义，它就又变了 
26660670, 7.4, 395, 人生不怕从头再来 
25709123, 6.9, 765, 回忆是一种淡淡的痛 
10461698, 8.5, 127, 東京肉肉 
1767389, 8.0, 191, The Book of Answers 
26683323, 8.3, 143, 你只是还未全力以赴 
26266562, 7.6, 257, 所念人，所感事 
20501718, 8.4, 121, 一的力量 
26302594, 7.2, 393, 万达哲学 
26335158, 7.0, 515, 不过，一场生活 
26895627, 8.7, 92, 很感谢你能来，不遗憾你离开 
26412672, 7.5, 269, 你可以拥有你想要的生活 
26873136, 8.2, 134, 画在人心的苦闷上 
26429188, 7.9, 157, 基因战争 
25833211, 8.4, 96, 在西方目光下 
26775415, 9.2, 54, 到山中去 
26296081, 7.2, 293, 孤独的反义词 
26689619, 8.7, 71, 落叶：关于生命、爱情、战争与信仰的遗言 
1799920, 9.1, 54, 你值得成为最优秀的 
26846157, 8.7, 64, 我们都是赶路人 
26881057, 8.7, 59, 视觉009：接受彼此的那种亲密 
26577704, 7.5, 152, 黑与银 
26236894, 8.0, 93, 二十几岁决定你的人生主题 
10758623, 8.6, 59, 悠游100年/悠遊100年 
26769559, 8.1, 78, 心若淡定，便是优雅 
26281301, 8.8, 48, 和繁重的工作一起修行 
26711193, 8.6, 54, 城市里的流放者 
26393369, 7.2, 160, 我书架上的神明 
26892786, 9.1, 37, 你须寻得所爱 
26642422, 8.6, 48, 自我发现与重塑 
26671299, 8.3, 44, 愿所有爱不负等待 
26667280, 7.6, 66, 虽然没有遇到什么困难，但我就是要逃避 
26734610, 9.0, 22, 中国食谱 
11623716, 7.1, 74, 表演圣经 
21248826, 7.6, 46, “升职超人”教你旋风成长法则 
26877016, 7.7, 22, 下个10000小时，你打算怎样过？ 
26845180, 8.1, 14, 年轻不怕一无所有，你知道自己终将闪耀 
26837239, 8.0, 11, 有趣的一家 
