Tag: 传记 
The number of books: 655 

ID, Rating, Votes, Title
6798611, 8.7, 25062,  史蒂夫　乔布斯传 
4842446, 8.7, 15563,  巨流河 
20424526, 8.9, 10251,  邓小平时代 
1083762, 8.7, 11519,  人类的群星闪耀时 
1062343, 9.2, 5702,  昨日的世界 
1859140, 8.8, 9756,  上学记 
1092149, 8.7, 8389,  梵高传 
1037602, 8.9, 5817,  别闹了，费曼先生 
1005358, 9.2, 3653,  寻找家园 
1792668, 8.5, 9434,  苏东坡传 
1914636, 8.4, 9997,  蛤蟆的油 
1005660, 9.0, 3778,  雕刻时光 
6152040, 9.1, 3108,  维特根斯坦传 
3673771, 9.0, 3452,  项塔兰 
2348372, 8.3, 8488,  野蛮生长 
1040397, 8.1, 9684,  假如给我三天光明 
1021346, 8.7, 3959,  股票作手回忆录 
1076685, 8.8, 3267,  李鸿章传 
24753751, 8.1, 8384,  向前一步 
19962936, 8.7, 3394,  只是孩子 
1270508, 8.7, 3193,  失焦 
1115353, 8.3, 5386,  奇特的一生 
1433346, 8.7, 2987,  旁观者 
2045811, 9.0, 2066,  张国荣的时光 
10598170, 8.1, 6837,  我不要你死于一事无成 
1844629, 8.5, 3788,  灿烂涅　 
1313124, 8.2, 5755,  赢 
3888123, 8.6, 3207,  写作这回事 
1752349, 8.7, 2698,  胡雪岩（全三册） 
1279648, 8.4, 4012,  天使在人间 
1322358, 9.0, 1707,  费马大定理 
1061029, 8.8, 2148,  杜尚访谈录 
2243692, 7.8, 8988,  潜水钟与蝴蝶 
4903265, 9.1, 1422,  亲爱的提奥 
4741216, 7.3, 21622,  我的奋斗 
3111928, 8.1, 4766,  安迪　沃霍尔的哲学 
1015403, 7.7, 9019,  今生今世 
1007313, 8.4, 2995,  留德十年 
1482625, 8.8, 1715,  德兰修女传 
1313181, 8.5, 2344,  富兰克林自传 
1042434, 8.0, 4784,  安妮日记 
1418648, 8.4, 2609,  胡适口述自传 
1859649, 8.1, 3979,  生命的不可思议 
1863619, 9.3, 918,  与他共度61世 
1152971, 9.0, 1237,  DOOM启世录 
1441488, 8.4, 2571,  宫本武藏　剑与禅（上下） 
1130367, 8.8, 1530,  艽野尘梦 
11505704, 9.1, 1097,  The Ph.D. Grind 
3155180, 8.6, 1940,  荒野生存 
1485628, 7.9, 5131,  毛泽东传 
2364215, 8.5, 2183,  此地无人生还 
1051231, 8.3, 2816,  黄河青山 
11507862, 8.2, 3157,  独自上场 
2122992, 9.0, 1160,  故道白云 
26657570, 9.0, 1153,  活着为了讲述 
25883305, 9.1, 1022,  阿拉伯的劳伦斯 
1091203, 8.9, 1258,  少年凯歌 
6510070, 8.3, 2619,  人生不设限 
3994721, 8.0, 3969,  纳兰容若词传 
1000696, 8.2, 2980,  饥饿的女儿 
5383175, 8.7, 1557,  童年与故乡 
25944034, 8.6, 1744,  菊次郎与佐纪 
2363716, 8.5, 1970,  破土 
1048173, 8.0, 3860,  忏悔录 
1050349, 8.1, 3311,  上海的金枝玉叶 
1448761, 8.3, 2486,  像一块滚石 
1049215, 7.5, 8532,  借我一生 
3905365, 8.5, 1796,  水流云在 
2970118, 8.8, 1269,  　米故事的　始 
5302113, 8.3, 2296,  三双鞋 
25897707, 9.0, 989,  沈从文的后半生 
1884249, 8.0, 3476,  当我们旅行 
3227346, 8.1, 2977,  听杨绛谈往事 
5922204, 8.3, 2238,  曾国藩的正面与侧面 
1255445, 8.5, 1733,  切　格瓦拉画传 
1142862, 8.1, 2862,  拿破仑传 
1506961, 8.4, 1879,  西行漫记 
1456524, 7.9, 3819,  这个世界会好吗 
3649661, 8.7, 1298,  说吧，记忆 
5288371, 8.4, 1842,  蒋经国传 
3323311, 8.9, 1037,  从文自传 
1011673, 8.7, 1273,  基耶斯洛夫斯基谈基耶斯洛夫斯基 
1805764, 8.6, 1416,  宫女谈往录 
26613052, 8.7, 1249,  我的造梦之路 
1053174, 8.6, 1350,  你干吗在乎别人怎么想？ 
2146277, 9.1, 784,  一个政治性人物的肖像 
1418650, 8.5, 1532,  胡适杂忆 
3574418, 8.7, 1212,  张国荣：禁色的蝴蝶 
1097835, 8.0, 2881,  名人传 
1400710, 8.3, 1835,  读史阅世六十年 
1313174, 8.5, 1399,  荣格自传 
24541955, 8.0, 2739,  史玉柱自述 
5408860, 8.2, 2010,  风雨哈佛路 
26413154, 9.0, 772,  李光耀观天下 
1868786, 8.0, 2589,  列侬回忆 
1812833, 8.7, 1067,  穷人的银行家 
2341866, 8.1, 2201,  合肥四姊妹 
1159949, 7.8, 3430,  杰克　韦尔奇自传 
1499783, 8.3, 1661,  将心注入 
6847760, 7.2, 9395,  随遇而安 
3873355, 7.4, 6169,  仓央嘉措诗传 
2249020, 7.8, 3075,  林徽因传 
3164123, 8.2, 1705,  巴菲特传 
4898553, 9.1, 614,  阿加西自传 
2979694, 9.2, 555,  赫尔佐格谈赫尔佐格 
25777982, 7.6, 3986,  在难搞的日子笑出声来 
1051314, 9.0, 656,  钢琴师 
3715982, 8.5, 1142,  当幸福来敲门 
4213397, 8.9, 692,  莱昂内往事 
4238939, 8.1, 1790,  吴敬琏传 
6431957, 7.8, 2714,  遇见一些人，流泪 
3291970, 8.0, 2000,  滚雪球（上） 
1464442, 7.6, 3619,  道路与梦想 
20433553, 8.8, 763,  怒目少年 
4137182, 8.3, 1315,  荣辱二十年 
19949881, 8.8, 735,  绝非偶然 
26759508, 8.1, 1617,  硅谷钢铁侠 
26666533, 9.2, 481,  梵高手稿 
1144865, 9.1, 533,  见证 
1981355, 6.8, 15334,  墨迹 
2125593, 8.6, 872,  克里希那穆提传 
2140496, 8.5, 967,  幸福的拾荒者 
2147562, 8.6, 843,  棋与人生 
1035600, 8.6, 846,  福柯的生死爱欲 
1016832, 8.4, 1054,  我负丹青 
1958741, 7.8, 2320,  追逐日光 
3292060, 8.1, 1501,  滚雪球（下） 
10608244, 8.4, 1037,  荒野求生 
1002607, 8.5, 923,  一个导演的故事 
10605328, 8.5, 927,  红顶商人胡雪岩 
1323573, 8.7, 710,  美丽心灵 
3055477, 8.4, 982,  西潮 
1487995, 8.5, 864,  文字生涯 
1279913, 8.6, 771,  安徒生剪影 
24257591, 7.3, 4602,  绝望锻炼了我 
2372087, 8.3, 1055,  剥洋葱 
1228098, 8.4, 921,  魔灯 
3284230, 7.4, 3694,  我的成功可以复制 
10550571, 8.4, 916,  张纯如 
1075743, 7.3, 4358,  我把青春献给你 
6970882, 8.1, 1286,  放任自流的时光 
10563464, 8.8, 574,  总结 
10546136, 8.3, 986,  我的兄弟王小波 
1191433, 7.5, 2916,  我的前半生 
5411366, 8.5, 771,  林徽因与梁思成 
10876101, 8.8, 563,  不合理的行为 
6101204, 7.2, 4812,  一问一世界 
25858095, 8.7, 593,  我是你的男人 
1197950, 9.1, 406,  希腊罗马名人传 
1011509, 7.8, 1766,  谁说大象不能跳舞？ 
1077119, 8.5, 731,  荒谬的真实 
1033449, 8.6, 661,  巨人三传 
2326230, 8.6, 644,  我的精神自传 
26262141, 8.3, 887,  毛姆传 
6311580, 8.7, 573,  天堂十字路口 
10465902, 8.8, 517,  镜子外的福尔摩斯 
26756140, 9.9, 202,  行动的勇气 
1051524, 8.3, 880,  断头王后 
24722098, 9.2, 352,  少年H 
25831297, 8.4, 780,  迈克尔　乔丹与他的时代 
22542435, 7.6, 2234,  我是开豆腐店的，我只做豆腐 
2129831, 8.2, 985,  美与暴烈 
1228193, 8.4, 775,  回忆苏格拉底 
1077499, 8.6, 629,  重寻胡适历程 
10522003, 8.3, 861,  艾伦　图灵传 
26220798, 7.7, 1867,  生命不息，折腾不止 
10442281, 8.2, 963,  她比烟花寂寞 
1982116, 8.4, 770,  我与兰登书屋 
5935614, 8.6, 620,  杜尚传 
25903198, 7.8, 1618,  做衣服 
25803556, 7.8, 1586,  山本耀司：我投下一枚炸弹 
3605216, 8.3, 844,  小津 
1780208, 8.8, 488,  凯恩斯传 
1817332, 8.8, 487,  爱因斯坦谈人生 
1001848, 8.4, 748,  格格不入 
3616661, 8.8, 479,  卡夫卡口述 
26657740, 9.0, 385,  再度觉醒 
26120130, 9.0, 387,  天才的编辑 
1428309, 8.8, 459,  数学大师 
1926728, 9.3, 291,  往事与随想 
10440415, 8.9, 413,  傅斯年：中国近代历史与政治中的个体生命 
1394395, 7.6, 1905,  歌舞伎町案内人 
1016204, 7.2, 3578,  不过如此 
2253751, 7.9, 1259,  我最美好的回忆 
1036793, 8.0, 1083,  杜拉斯传 
1056164, 9.0, 363,  慈禧全传(六卷八册) 
25900687, 8.6, 532,  夜 
6905341, 9.1, 328,  贝聿铭全集 
11527058, 8.2, 814,  先生 
3088334, 7.8, 1329,  香奈儿的态度 
2365288, 8.3, 711,  波兰斯基回忆录 
1058869, 8.9, 382,  唐浩明评点曾国藩家书（上下） 
26220259, 8.3, 700,  褚时健：影响企业家的企业家 
1828292, 8.6, 509,  黑暗时代的人们 
3340092, 7.2, 3249,  30而励 
21363236, 8.8, 408,  寻找　苏慧廉 
4255653, 8.8, 411,  The Answer：阿伦　艾弗森传 
20386243, 9.1, 309,  复眼的影像 
1435907, 8.5, 549,  我在通用汽车的岁月 
5033915, 8.4, 608,  希特勒传（上下册） 
1225982, 8.7, 440,  束星北档案 
1790005, 8.7, 438,  蒙面骑士 
1002474, 7.7, 1378,  只有偏执狂才能生存 
3894806, 8.2, 735,  等云到 
1020207, 8.7, 429,  贝多芬传（插图珍藏本） 
5269145, 7.9, 1038,  沉浮与枯荣 
26860776, 8.5, 507,  鞋狗 
25811785, 7.5, 1774,  莫奈和他的眼睛 
25723799, 7.7, 1341,  野心优雅 
2266339, 8.8, 377,  贝多芬传 
6078123, 7.7, 1306,  一路向前 
2135227, 8.4, 560,  一个数学家的辩白 
1011180, 8.7, 411,  顾准日记 
3038143, 8.5, 501,  季羡林自传 
25911978, 7.6, 1475,  知行合一王阳明（1472　1529） 
1777410, 8.7, 405,  我，费利尼 
1065485, 8.6, 444,  玛丽　斯图亚特 
1001769, 8.8, 366,  知堂回想录（上下） 
5355285, 8.4, 518,  编程人生 
25731990, 8.3, 572,  我是落花生的女儿 
1474432, 8.3, 559,  孤独的猎手 
5338233, 8.3, 561,  我的法兰西岁月 
6712293, 8.2, 631,  宽客 
4217139, 7.5, 1543,  高盛帝国（上） 
25782608, 7.8, 996,  大道当然 
1808679, 8.6, 402,  再造文明的尝试 
22790094, 8.5, 437,  玛丽娜　阿布拉莫维奇传 
3645098, 8.6, 399,  生活在音乐中 
25886167, 8.6, 390,  武人琴音 
24845545, 8.0, 745,  阿桑奇自传 
10831855, 8.0, 751,  俞敏洪口述 
2023257, 8.7, 354,  深入非洲三万里 
1963026, 7.7, 1090,  勇敢抉择 
20424572, 8.6, 389,  敢问路在何方 
3035631, 8.5, 425,  康德传 
4860552, 7.1, 2609,  活着就为改变世界 
26109489, 8.3, 518,  我是马拉拉 
25844463, 8.8, 314,  摩根财团 
26354318, 9.1, 239,  梵高传 
1916614, 7.8, 902,  我，十三岁，妓女，吸毒者…… 
26699448, 9.0, 256,  When Breath Becomes Air 
1065159, 8.6, 364,  尼金斯基手记 
21453394, 8.2, 557,  这么远那么近 
6735536, 8.6, 359,  小脚与西服 
2142687, 7.3, 1768,  张学良口述历史 
25737804, 9.0, 248,  孤独与团结：阿尔贝　加缪影像集 
2139493, 8.0, 672,  宽客人生 
3781776, 9.2, 207,  纳博科夫传（上下册） 
4720006, 8.0, 665,  峭壁边缘 
1899787, 8.7, 315,  希尔伯特 
1060595, 8.2, 522,  阿加莎　克里斯蒂自传 
11637051, 8.1, 589,  平壤水族馆 
26849305, 8.9, 261,  成为乔布斯 
1446407, 8.7, 313,  发现的乐趣 
1474527, 8.5, 380,  漫漫自由路 
1593586, 8.2, 505,  四十自述 
24272636, 8.1, 565,  音乐使人自由 
10494251, 8.6, 337,  塔莎的世界 
1434426, 8.5, 372,  一个大学校长的自白 
2051953, 7.8, 813,  爱情是这个样子的：蒙巴那斯的吉吉 
25936051, 8.7, 300,  我的一生 
21622634, 8.9, 247,  滚吧，生活 
11601304, 7.9, 692,  梁启超传 
25737866, 7.4, 1345,  梵高生活 
1048524, 8.1, 550,  尼采传 
26353581, 7.4, 1310,  成龙：还没长大就老了 
1450049, 8.4, 390,  解读希特勒 
25766700, 7.5, 1109,  一网打尽 
4882550, 7.7, 860,  被世界遗忘的天才 
10531723, 8.6, 312,  爱因斯坦传 
10521316, 8.4, 378,  满是镜子的房间 
1000325, 8.8, 260,  人　岁月　生活（全三册） 
1138763, 8.5, 343,  林肯传 
7064581, 7.9, 655,  张艺谋的作业 
1006203, 9.3, 170,  工商巨子 
1321315, 8.0, 566,  半梦 
26577691, 7.5, 1064,  人间采蜜记 
25849143, 8.9, 229,  佛陀 
1083446, 8.7, 272,  麦哲伦航海纪\:探险史上最寂寞的壮举 
2368805, 8.1, 499,  异端的影像 
1029056, 9.0, 211,  高僧传 
4212230, 8.1, 501,  许倬云谈话录 
2078883, 8.3, 394,  毕加索的成败 
25933324, 8.4, 356,  我幻想着粉碎现有的一切：苏珊　桑塔格访谈录 
1035997, 8.9, 223,  与魔鬼作斗争 
1282824, 8.1, 484,  史家陈寅恪传 
26929955, 8.1, 475,  腾讯传 
2283665, 9.2, 172,  来自德国的大师 
6013381, 8.4, 346,  舍我其谁：胡适（第一部） 
6039418, 8.6, 286,  　限的　 
6872019, 6.8, 3073,  黄瓜的黄 西瓜的西 
3335271, 7.1, 1810,  娜写年华 
25806352, 8.3, 385,  梁思成与他的时代 
10809708, 8.3, 379,  关于一个孩子 
26737134, 8.0, 522,  就要一场绚丽突围 
1782150, 8.6, 283,  武则天 
1022897, 7.9, 579,  法斯宾德的世界 
24738206, 9.1, 180,  曼德施塔姆夫人回忆录 
3176245, 7.3, 1280,  无畏的希望 
26840568, 9.2, 164,  草疯长 
25876244, 7.4, 1066,  在绝望中寻找希望 
4894978, 7.9, 558,  本　拉登传 
2370421, 9.1, 176,  回忆维特根斯坦 
2271287, 8.4, 326,  释迦牟尼佛传 
1765620, 9.0, 188,  成长 
26411602, 8.1, 425,  富甲美国 
25786645, 7.3, 1157,  乔纳森传 
2237676, 8.4, 315,  The Age of Turbulence 
1964611, 7.3, 1179,  　崖　的　族 
26576518, 7.0, 1832,  我的晃荡的青春 
6982715, 8.7, 233,  雷蒙德　卡佛 
1075776, 7.7, 669,  张爱玲传 
1678412, 9.1, 167,  名老中医之路 
1046584, 8.5, 277,  米开朗琪罗传 
1839575, 8.3, 335,  罗素回忆录 
7045735, 7.9, 505,  可可　香奈儿的传奇一生 
21966356, 8.1, 402,  沃兹传 
26310659, 8.9, 188,  莎士比亚 
11597383, 8.5, 267,  一个女人的自传 
3387522, 7.4, 924,  哪一种爱不千疮百孔 
10453633, 8.7, 220,  蓝围巾男人 
3665955, 7.5, 802,  巴黎隐士 
3423381, 8.7, 220,  不可思议的惊奇 
26782506, 8.8, 197,  伊莎贝拉 
1212372, 8.1, 384,  弗里达 
1451472, 8.3, 309,  女性小传 
2594830, 8.5, 259,  从战争中走来：两代军人的对话 
4869637, 8.1, 380,  福楼拜的鹦鹉 
1480812, 8.5, 254,  思考与回忆 
26368561, 8.3, 304,  薄薄的故乡 
25859093, 7.2, 1168,  自由的老虎 
26682066, 8.5, 250,  我的奋斗1 
1449924, 8.4, 274,  沈从文传 
5437424, 8.0, 403,  杜月笙传（上.中.下） 
24855915, 9.1, 148,  格伦　古尔德谈话录 
4867187, 8.0, 407,  稻盛和夫自传 
25827226, 8.3, 296,  11枚戒指：禅师菲尔　杰克逊自传 
25925760, 8.7, 201,  再见杨德昌 
26838873, 8.5, 235,  伍迪　艾伦谈话录 
3008949, 8.2, 315,  戈达尔 
5257635, 7.8, 490,  现代学林点将录 
3267519, 8.4, 256,  李普曼传 
21355964, 8.2, 308,  生活的艺术家 
1171967, 8.8, 180,  袁世凯评传（上下） 
24298157, 8.9, 163,  来日方长 
26583081, 8.1, 340,  永不退场 
4270905, 9.0, 150,  人生舞台 
1015343, 8.6, 208,  周作人传 
4745319, 7.8, 470,  蔡国强：我是这样想的 
10574080, 8.6, 206,  不够知己 
11541383, 8.7, 185,  沙漠之花 
26331783, 7.7, 495,  宋家客厅 
26214387, 8.2, 287,  安　兰德传 
1395123, 8.0, 353,  乐者为王 
4214837, 8.1, 316,  苹果往事 
2253754, 7.6, 551,  萨冈，一个迷人的小魔鬼 
1437908, 8.6, 192,  知无涯者 
3722970, 7.8, 425,  波伏娃：激荡的一生 
3184339, 8.0, 341,  华丽家族 
20537674, 9.2, 118,  先知三部曲（全新插图修订本） 
1046615, 8.5, 206,  达利的秘密生活/一个天才的日记 
26400900, 7.2, 881,  创京东 
1463468, 7.8, 413,  这只是一部电影 
1000425, 8.0, 322,  花旗帝国 
1028077, 8.3, 242,  师从天才 
1963618, 8.5, 199,  伟大作曲家的生活 
5288459, 8.0, 327,  野生金基德 
6097348, 8.5, 200,  罗素的故事 
26723433, 7.6, 504,  冬日笔记 
2382825, 7.4, 649,  希拉里传 
1085028, 8.2, 261,  有本事来抓我吧 
4256977, 8.6, 177,  The Immortal Life of Henrietta Lacks 
3239321, 7.8, 391,  活埋蓝调里 
26427244, 8.9, 138,  我所缄默的事 
3297608, 8.6, 171,  费曼手札 
3711441, 8.8, 146,  马丁　路德　金自传 
22196844, 8.4, 200,  我知道笼中鸟为何歌唱 
6391211, 8.7, 155,  给未来的记忆 
5914557, 8.9, 133,  伟大指挥家 
4882116, 8.2, 241,  在华五十年 
1958071, 9.4, 94,  求 
2990595, 8.2, 239,  富兰克林传 
1313462, 8.2, 239,  我的大脑敞开了 
1439982, 7.8, 357,  麦肯锡传奇 
10577555, 7.8, 361,  白崇禧将军身影集 
19975229, 8.8, 139,  时间之线 
1021456, 8.5, 179,  我怎样设计飞机 
25773535, 8.7, 150,  迈尔斯　戴维斯自传 
24754129, 7.5, 504,  相性 
10740093, 8.9, 126,  斯坦纳回忆录 
4199482, 7.9, 314,  我是布隆伯格 
1024142, 8.0, 279,  我的回忆（上下卷） 
26136989, 8.3, 206,  王阳明大传：知行合一的心学智慧（全三册） 
2086099, 9.2, 101,  福楼拜评传 
1011323, 8.2, 225,  曹操传 
3703617, 8.1, 246,  真实的汪精卫 
2210591, 8.3, 202,  史迪威与美国在中国的经验 
26925239, 9.7, 71,  那些年，我们一起追的球星Ⅱ 
5920388, 9.1, 104,  李光耀：新加坡赖以生存的硬道理 
25982113, 8.5, 166,  摇滚不死 
24870782, 8.4, 181,  青年王阳明：行动中的儒家思想（杜维明作品系列） 
25873157, 8.1, 240,  爱，谎言与写作 
3393534, 8.2, 219,  在股市大崩溃前抛出的人 
1986331, 8.4, 181,  获救之舌 
25742274, 8.1, 240,  德扑之王 
1362212, 8.9, 122,  　自　方的拷　 
26853060, 9.3, 90,  我心深处 
25802164, 8.3, 195,  我　何式凝，今年五十五　 
1921523, 8.6, 151,  思想者 
1482496, 9.5, 78,  一生的故事（全六册） 
1038909, 8.5, 162,  马斯洛传 
1058251, 8.2, 211,  达利自传 
3633805, 7.4, 505,  铸就偶像 
1791839, 9.4, 82,  乔伊斯传（上下册） 
5326869, 8.5, 159,  尼古拉　果戈理 
1062756, 8.0, 251,  林语堂传 
3920099, 8.4, 173,  法医学之父 
4312477, 8.8, 123,  天地九重 
1351480, 6.8, 1149,  柏拉　式性　 
25840000, 7.5, 429,  乾隆帝 
4882124, 7.3, 548,  说谎的女人 
26667007, 9.2, 91,  思虑20世纪 
6607708, 8.6, 141,  最高职责 
26363418, 7.2, 620,  我坚信 
25829575, 9.2, 91,  末法时代的声与光 
26590901, 8.4, 162,  一百年漂泊 
2051788, 8.6, 134,  流浪王妃 
1534948, 8.9, 107,  隐面人 
25997023, 7.7, 309,  亚历山大　麦昆 
1025384, 8.1, 201,  墓中回忆录 
26183838, 7.5, 378,  我想看到的世界 
2382925, 7.9, 242,  宋氏三姐妹 
5379189, 8.4, 152,  米塞斯评传 
1491082, 7.2, 527,  一个瑜伽行者的自传 
26695251, 9.1, 86,  痛苦与狂喜：众神之巅 
6886415, 9.2, 81,  肖斯塔科维奇回忆录 
6954093, 8.7, 114,  追寻事实 
26315071, 8.7, 114,  不要因为走得太远而忘记为什么出发　　陈虻，我们听你讲 收藏版 
1138946, 8.2, 175,  蒋廷黻回忆录 
1065156, 8.0, 206,  我生活的种种模式 
21241284, 8.8, 104,  我穿越疯狂的旅程 
25697240, 8.2, 172,  生命的思索：史怀哲自传 
26660670, 7.4, 394,  人生不怕从头再来 
1754963, 8.2, 170,  Chanel (The Universe of Fashion) 
3266348, 7.4, 388,  我自己的世界 
11620321, 7.4, 386,  王石说 
26847644, 9.0, 88,  苏东坡传 
1390412, 8.4, 138,  一个唯美主义者的遗言 
1079774, 8.2, 164,  无尽的探索 
1077935, 8.4, 139,  费曼传 
2975974, 8.7, 109,  曾国藩评传 
10739336, 7.3, 420,  强人治国 
1800104, 8.6, 116,  从影五十年 
1005975, 8.0, 194,  我生有涯愿无尽 
26287433, 8.7, 105,  心若菩提 
6085416, 8.5, 123,  回忆波德莱尔 
3605924, 7.7, 255,  滚雪球 
26821343, 7.6, 285,  封面民国 
26918822, 9.7, 54,  我眼中的末代皇帝（爱新觉罗　溥杰夫人口述史） 
4745595, 7.2, 451,  写作的女人危险 
4912683, 8.0, 185,  极权制造 
3124833, 8.7, 103,  萨姆　沃尔顿自传 
6838389, 9.0, 81,  Why Be Happy When You Could Be Normal? 
26387863, 8.3, 139,  八道湾十一号 
25872623, 8.4, 127,  加西亚　马尔克斯传 
24741682, 8.6, 108,  力挽狂澜：保罗　沃尔克和他改变的金融世界 
1057892, 7.4, 346,  在性与爱之间挣扎 
5414530, 7.5, 298,  与自己对话 
4931700, 9.1, 74,  创新的先知 
26369908, 7.4, 326,  北野武自述 
26420844, 7.9, 191,  玛丽莲　梦露：我的故事 
4894612, 8.2, 143,  个人历史 
4202361, 8.6, 103,  耶稣传 
25928297, 7.4, 325,  我的简史 
26133987, 6.7, 820,  云去云来 
6827362, 9.4, 59,  汉密尔顿 
1079076, 8.3, 127,  激情岁月 
25891899, 7.2, 391,  圆点女王，草间弥生 
6880453, 8.2, 139,  乔布斯传 
19995754, 8.5, 109,  肖邦传 
26899255, 8.1, 146,  进击的局座 
26884352, 9.6, 51,  生命的烤火者：杨绛传 
26873136, 8.2, 133,  画在人心的苦闷上 
3604958, 8.1, 145,  唐宁街岁月 
1473343, 8.4, 113,  生命的　　 
11531722, 7.5, 259,  希特勒的私人图书馆 
6526783, 7.8, 191,  蒋介石的人际网络 
20379949, 7.2, 367,  最后的闺秀 
25969883, 8.6, 94,  维特根斯坦之家 
25784098, 7.3, 323,  华尔街之狼 
25804656, 7.5, 248,  1913 
10539808, 7.5, 249,  生活曾经这样 
24720345, 9.0, 69,  反叛的科学家 
1764721, 8.5, 98,  心灵的激情（上） 
1997221, 8.1, 133,  罗兰巴特自述 
26879317, 7.9, 160,  王阳明：一切心法 
26771922, 7.9, 156,  科比 
1313463, 8.6, 88,  我的艺术生活 
1075202, 9.2, 59,  人生十八局 
4744046, 8.3, 108,  趣味横生的时光 
25883310, 7.8, 168,  伊丽莎白女王 
5377008, 8.8, 75,  折返　1997 ~ 2008 
25551562, 7.4, 258,  李光耀回忆录 
26844660, 9.4, 51,  经典摇滚音乐指南　齐柏林飞艇 
10569797, 8.1, 127,  争气 
1019356, 8.9, 69,  聂鲁达自传 
5415450, 7.4, 250,  阿加莎　克里斯蒂秘密笔记 
3905269, 8.0, 137,  罗斯柴尔德家族.第2部 
25961281, 7.8, 163,  格蕾丝传 
26584055, 8.6, 81,  米塞斯回忆录 
10522595, 8.4, 94,  在　甸　找　治　威　 
25843679, 8.8, 69,  陀思妥耶夫斯基（第1卷） 
26701708, 8.6, 79,  幸运男孩 
26354422, 7.7, 170,  去你的，生活 
1144677, 8.5, 86,  玛格丽特　尤瑟纳尔 
1962897, 8.3, 100,  眼睛游戏 
4033981, 8.7, 72,  布罗茨基传 
4722403, 7.6, 179,  投机教父尼德霍夫回忆录 
1786651, 8.0, 124,  我与商业领袖的合作与冲突 
26334681, 9.4, 46,  我是谁人？ 
26733295, 8.7, 70,  永不后退 
1041483, 7.4, 215,  杨绛传 
25870328, 9.2, 50,  永生或猝死 
24892377, 8.2, 100,  巴黎的艺术女神：吉吉画传 
26740258, 8.8, 62,  弗里达 
1140492, 7.9, 123,  奥威尔传 
26269976, 8.0, 113,  混在美国名校 
1737180, 8.0, 113,  王安石传 
26333278, 6.7, 490,  宿命 
26662477, 8.9, 57,  艺术的逃难 
10578285, 8.4, 81,  三十岁前的孙中山 
26740091, 8.5, 75,  爱与数学 
1702664, 9.0, 53,  丘吉尔文集:思想与经历 
25901826, 7.6, 157,  三岛由纪夫，或空的幻景 
6397526, 8.3, 85,  薇拉 
2046272, 8.5, 74,  俗世威尔 
26022684, 8.1, 101,  一本严格意义上的日记 
5038495, 8.3, 84,  高更艺术书简 
25382842, 8.4, 78,  舍我其谁：胡适（第二部） 
6868806, 8.3, 83,  出版人 
26617182, 8.8, 58,  挑战不可能 
4851625, 8.3, 83,  甘地的真理 
3152602, 8.2, 90,  列维－斯特劳斯传（附卷） 
10512238, 7.9, 114,  天才的阴暗面 
5992422, 7.3, 205,  高岗传 
26804200, 8.7, 61,  希姆莱兄弟 
20282875, 8.0, 104,  蒋介石 
1272879, 7.8, 123,  棋行天下 
26705854, 9.1, 47,  无愁河的浪荡汉子　八年（上卷） 
4317958, 8.8, 56,  加缪传 
1077069, 8.5, 68,  卡斯特罗传 
1840759, 7.3, 196,  我的一生 
2267345, 9.2, 43,  我，克劳迪亚斯 
4258923, 9.0, 48,  穿越歧路花园 
2114474, 8.6, 62,  世界建筑师 
12278074, 8.4, 72,  Fresh Off the Boat 
5433534, 8.4, 71,  弗朗索瓦　特吕弗 
2988927, 7.4, 168,  黑暗时期三女哲 
26810549, 9.6, 34,  铁意志与柔软心 
26599526, 7.1, 228,  阿里传 
26756122, 9.1, 44,  我是你的莫扎特：莫扎特书信集 
1130448, 9.0, 47,  杜甫评传（全三册） 
5920841, 8.4, 69,  毛泽东传（全6卷） 
26714710, 7.5, 143,  生命的热情何在 
26791405, 7.6, 126,  八百万种走法 
1399465, 7.5, 138,  赫本风格 
26901257, 9.5, 33,  三十年细说从头 (上下) 
26816164, 8.1, 80,  盗火与革命 
5977469, 9.5, 33,  明月 
1944436, 7.8, 99,  华盛顿传 
1394597, 9.6, 31,  Time
26394190, 9.1, 39,  鹿特丹的伊拉斯谟 
26834573, 8.2, 68,  这就是凡　高 
25906749, 8.2, 68,  The Innovators 
26314527, 8.6, 52,  若为自由故 
25943598, 7.5, 122,  埃隆　马斯克传 
25758648, 8.0, 78,  我为什么要练琴 
20480670, 8.0, 79,  安迪　沃霍尔: 15分钟的永恒 
26835452, 8.2, 65,  这就是莫奈 
25983635, 8.3, 61,  　弦：汪精　的政治生涯 
2259927, 9.1, 37,  福克纳传（上下） 
26718687, 8.0, 74,  双脑记 
10955911, 7.7, 95,  俄罗斯的安娜 
25876391, 8.6, 48,  西雅图之声 
1449583, 8.2, 63,  晏阳初传 
1275020, 8.3, 58,  记者生涯 
10863332, 8.1, 66,  烈爱 
6990051, 7.4, 121,  时尚传奇DVF 
25732329, 8.1, 64,  肯尼迪：信仰在风中飘扬 
26808763, 8.7, 42,  奥古斯都 
24284032, 8.1, 63,  危险方法 
26282416, 7.6, 95,  大唐孔雀 
26578129, 7.9, 72,  何有此生 
26636373, 8.8, 39,  邵武四十年 
26419125, 8.4, 49,  丁玲传 
26827326, 8.7, 40,  行走在非洲丛林 
26289557, 8.3, 52,  阿伦特手册 
26468042, 7.4, 102,  温德先生 
1024790, 9.2, 29,  托尔斯泰传（上下） 
25853867, 7.5, 90,  斯诺登档案 
25705625, 8.7, 37,  漫画之神：手冢治虫的艺术 
26890735, 9.5, 24,  帕斯捷尔纳克传（上、下） 
26926618, 9.9, 20,  史蒂夫　乔布斯传（漫画版） 
24755703, 8.5, 40,  流放的灵魂：索尔仁尼琴 
5920818, 7.1, 117,  从20万到30亿 
1861934, 8.5, 38,  时运变迁 
20394055, 8.5, 38,  没有时间的世界 
25887892, 9.5, 22,  巴尔扎克传 
26905279, 8.5, 36,  大人物的世界史 
26794006, 9.3, 23,  撒切尔夫人 
25883308, 9.4, 22,  两个世界的回忆 
10566133, 7.6, 62,  罗斯柴尔德家族（上） 
24232359, 8.6, 29,  亚当　斯密传 
26596019, 9.2, 21,  The Invention of Nature 
26435134, 8.2, 34,  梦回仲夏 
26800327, 8.9, 22,  陀思妥耶夫斯基（第2卷） 
25772855, 7.7, 45,  里尔克：一个诗人 
11594170, 8.2, 32,  马克　吐温自传（第1卷） 
26861524, 8.7, 24,  The Undoing Project 
26882979, 8.0, 35,  且以优雅过一生 
26393124, 7.5, 50,  一百零九个春天 
24869530, 8.9, 20,  一往无前 
6310990, 9.2, 17,  沈宗瀚自述（全三册） 
26871065, 8.0, 31,  祖先 
26907961, 9.3, 16,  Born a Crime 
26698164, 7.1, 59,  回首一笑七十年 
26930200, 9.5, 14,  孔子归来 
26308286, 8.7, 19,  黑格尔传 
26701181, 7.7, 33,  内藤湖南 
26898190, 8.3, 21,  日本制造 
26795068, 7.2, 43,  无码：艺术大师的秘密生活 
26855718, 8.4, 19,  GUCCI:古驰王朝 
21778431, 8.4, 19,  同时代人回忆陀思妥耶夫斯基 
26369279, 7.4, 35,  他是谁?探究真实的鲍勃　迪伦 
26793699, 6.6, 67,  笔误：文学大师的秘密生活 
26394029, 7.9, 23,  安　兰德和她创造的世界 
26937732, 9.7, 10,  黑暗时代的她们 
26864412, 7.3, 32,  有点意思 
3272590, 8.0, 20,  Mises 
26921229, 8.3, 17,  霍华德　休斯传 
25663161, 8.0, 18,  第一大亨 
26658814, 7.8, 18,  我的父亲苏秉琦 
26842576, 7.9, 17,  此身，此心 
26640650, 8.1, 15,  The Noise of Time 
1377234, 8.1, 15,  Genius 
26836667, 8.0, 15,  世道与人心 
26866570, 7.8, 15,  你的建筑有多重？ 
26847493, 8.0, 13,  俄罗斯的良心:索尔仁尼琴传 
6878627, 8.0, 13,  George F. Kennan 
26904889, 7.8, 14,  莱昂纳德　科恩 
26840136, 8.2, 11,  惊悦 
10576301, 8.0, 12,  阿瑟　米勒自传 
26836277, 8.1, 11,  好莱坞之父：威廉　塞利格 
26803000, 8.3, 10,  希特勒传 
26854421, 6.9, 19,  第一个纳粹 
