Tag: 健康 
The number of books: 180 

ID, Rating, Votes, Title
20431965, 8.5, 8359,  只有医生知道! 
20507206, 9.1, 2948,  众病之王 
25717097, 8.7, 3471,  囚徒健身 
2000641, 8.2, 4354,  求医不如求己 
3181927, 7.6, 10283,  大便书 
1440885, 8.0, 5017,  人体使用手册 
1060298, 8.6, 2090,  思考中医 
4121562, 7.9, 4896,  吃的真相 
7067916, 9.3, 835,  施瓦辛格健身全书 
11608712, 8.7, 1433,  无器械健身 
3318174, 8.3, 2200,  这书能让你戒烟 
2074851, 8.1, 2447,  食品真相大揭秘 
1485625, 9.1, 756,  瑜伽之光 
26359758, 7.9, 2466,  硬派健身 
3433208, 8.5, 1090,  问中医几度秋凉 
2270925, 8.5, 1048,  病者生存 
1984347, 8.3, 1236,  Power Sleep 
25768216, 8.8, 663,  冀连梅谈：中国人应该这样用药 
1900356, 8.5, 787,  中国健康调查报告 
19930665, 8.5, 670,  重生手记 
1862145, 8.0, 1187,  YOU：身体使用手册 
26592648, 8.9, 418,  癌症　真相：医生也在读 
25750714, 7.7, 1468,  爱上跑步的13周 
5068077, 8.3, 609,  拉伸 
5946541, 7.8, 1077,  吃的真相2 
3924442, 8.4, 489,  黄帝内经家用说明书(上古天真论)/国医健康绝学系列 
26706730, 9.1, 230,  肠子的小心思 
3374562, 8.5, 382,  营养圣经 
4114636, 8.3, 470,  性学观止（上下册） 
25999980, 8.3, 441,  妇产科男医生告诉你 
25910692, 8.8, 265,  科舟求健 
25882638, 7.0, 2359,  轻断食 
3567734, 7.7, 817,  黄帝内经使用手册 
2340062, 7.4, 1194,  跑步圣经 
5411583, 8.6, 279,  中国居民膳食指南 
21330892, 8.8, 230,  黄帝内经　四气调神 
3148591, 7.6, 804,  从头到脚说健康 
26292422, 7.7, 678,  顾中一说：我们到底应该怎么吃？ 
25778505, 7.7, 653,  女人明白要趁早之和潇洒姐塑身100天 
26837082, 9.3, 116,  消失的微生物 
26312476, 7.5, 642,  你的身体，是一切美好的开始 
26774272, 8.2, 263,  一平米健身：硬派健身 
25747269, 7.7, 454,  颠覆医疗 
26126563, 8.2, 259,  囚徒健身2 
24696686, 8.2, 254,  范志红：不懂健康，难做美丽女人 
26648290, 9.0, 127,  酸痛拉筋解剖书 
2080980, 8.2, 251,  懂得健康 
6729866, 7.3, 672,  健康流言终结者 
2052636, 7.9, 316,  YOU身体使用手册2-腰部管理 
1798844, 7.1, 797,  水是最好的药 
26373220, 9.0, 111,  西尔斯健康育儿百科 
26377453, 7.6, 385,  谷物大脑 
25843816, 8.5, 157,  徐文兵、梁冬对话：《黄帝内经　天年》 
7062736, 8.4, 166,  营养圣经 
5038579, 8.2, 197,  看懂食物标签 
24891766, 7.8, 288,  怀得上，生得下 
1925936, 9.0, 99,  默克家庭诊疗手册 
2971250, 7.8, 281,  YOU：身体锻炼手册 
5241992, 9.1, 91,  人体 
3793789, 8.0, 225,  不生病的纪律 
26613060, 7.7, 290,  食帖06：理想身材，吃即王道！ 
24371137, 8.1, 194,  城市就是健身房 
26894476, 9.6, 61,  华人育儿百科 
3758306, 8.2, 165,  女人的身体 女人的智慧 
26615680, 8.5, 126,  暖暖的女人不生病 
3572716, 9.2, 76,  瑜伽之光 
24294495, 7.7, 248,  脾虚的女人老得快 
25909417, 8.6, 111,  虾米妈咪育儿正典 
26387817, 8.3, 136,  核心基础运动 
3621280, 7.1, 475,  这样吃最健康 
4209949, 7.6, 264,  胖补气 瘦补血 
3903009, 7.2, 423,  不上火的生活 
26369484, 7.2, 389,  我们为什么会发胖？ 
1318127, 7.7, 219,  食物是最好的医药 
26866642, 9.6, 51,  救护车到来前，你能做什么？ 
26760489, 9.4, 56,  冀连梅谈：中国人应该这样用药（图解母婴版） 
1748027, 7.1, 403,  法国女人吃不胖 
2985774, 8.6, 85,  健身解剖指南 
5921328, 8.1, 124,  麦肯基疗法 
6510145, 8.6, 83,  新世纪饮食 
1818579, 7.3, 271,  别让不懂营养学的医生害了你 
4139324, 6.6, 707,  把吃出来的病吃回去 
26639257, 8.7, 75,  女人暖养更年轻 
1959947, 8.7, 72,  火柴棒医生手记 
6878192, 8.1, 112,  吃到饱减肥 
5363493, 8.4, 88,  有病不能乱投医 
4774243, 7.2, 261,  瘦子房间的秘密 
6990085, 8.1, 102,  这样选购食品最安全 
4846015, 7.0, 310,  性福圣经 
4910688, 8.1, 99,  超级名模教你show出明星腿 
26869120, 8.5, 71,  走路健身法 
24744529, 7.9, 110,  给时光以生命 
11622317, 9.9, 31,  按手按脚养生疗病 
1291343, 7.1, 244,  改变一生的饮食计划 
26838785, 8.4, 72,  最好的抉择 
25881012, 8.2, 83,  一周腰瘦10厘米的神奇骨盘枕 
25905338, 7.7, 125,  太极跑 
5281861, 9.2, 42,  健康养颜蔬果汁1+1 
1288733, 8.8, 53,  嗓音的科学训练与保健 
5044283, 8.6, 58,  食物营养与配餐 
26876440, 8.7, 53,  吃货的生物学修养 
1257419, 8.3, 70,  吃的营养科学观 
10493119, 8.2, 74,  女性健康私密书 
4937467, 8.3, 68,  瞎吃 
1223823, 7.3, 161,  一生的性计划 
2976226, 6.9, 242,  减肥天书 
25981248, 7.5, 121,  程序员健康指南 
25856623, 8.1, 73,  美国医生谈：我在中国的高水平健康生活 
1254205, 8.4, 57,  营养学 
5936417, 8.2, 65,  不可替代的牙齿 
20443594, 7.9, 82,  让家人吃出健康 
26351948, 9.3, 32,  肌肉训练完全图解：拉伸训练 
26415836, 7.2, 150,  半年前的食物塑造了今天的你 
10454414, 8.1, 66,  真原　 
3475455, 7.5, 111,  无病时代:走出健康误区
25848402, 9.0, 36,  运动解剖学图谱(第3版) 
2142617, 7.3, 123,  无效的医疗 
26780208, 9.0, 35,  《为我的身体养阳气》 
26353258, 7.4, 109,  睡眠正能量 
6714220, 7.7, 82,  子宫好 女人才好 
4244682, 7.9, 69,  单桂敏灸除百病 
26841235, 8.6, 42,  我要内脏变年轻 
3711542, 9.0, 33,  养生书 
26367428, 8.8, 37,  DK家庭医生 
5264002, 8.0, 62,  减肥使用手册 
2142615, 7.1, 140,  百年谎言 
3803480, 6.3, 397,  晚间西红柿减肥 
26818259, 7.8, 68,  精准拉伸：疼痛消除和损伤预防的针对性练习 
26577878, 8.4, 44,  无器械健身（女性版） 
26258238, 8.3, 47,  让孩子的脊椎挺起来 
3265968, 7.7, 73,  和失眠说再见 
1521491, 9.4, 24,  默克诊疗手册 
26910859, 8.9, 30,  冥想 
7015786, 7.8, 61,  拉筋让你更年轻 
1956692, 8.7, 33,  活得够长活得更幸福 
3109981, 9.2, 25,  体适能基础理论 
25866991, 7.9, 54,  手印 
1080607, 7.3, 83,  女性跑步健体书 
26736186, 9.4, 21,  拉伸运动系统训练 
20442487, 6.7, 142,  瘦孕 
3924443, 8.0, 43,  苹果胡萝卜汁减肥 
4825923, 8.3, 34,  吃出健康很容易 
19955761, 8.2, 36,  营养圣经实用指南 
26309883, 8.4, 28,  素食圣经 
26417745, 8.7, 24,  寿康宝鉴 
20389199, 7.1, 71,  每周健身4小时 
25712777, 7.6, 47,  7天瘦肚子的神奇蔬果汁 
3729119, 6.7, 105,  我要一双明星腿 
26881024, 8.2, 29,  你对自己好不好，身体知道 
21235202, 9.1, 18,  急救手册 
1082611, 6.0, 223,  12周摘掉眼镜恢复视力 
1079622, 7.4, 47,  减肥 
24757480, 8.8, 20,  吃我吃我：38种改善情绪和恢复精力的神奇食材 
25836439, 7.4, 46,  不要再上癌症的当！ 
3354804, 6.2, 162,  失传的营养学 
4897136, 7.0, 64,  和眼镜说再见 改善视力的贝茨博士护眼法 
26840456, 8.3, 24,  躯干跑步法 
6801888, 7.7, 34,  鲨鱼真的不会得癌症吗 
26712323, 7.6, 34,  上班族每日健康+ 
3133193, 8.0, 26,  易筋经与洗髓经 
1664158, 8.1, 24,  中国食物成分表 
10448612, 8.0, 23,  范志红餐桌上的营养智慧 
26809778, 8.4, 18,  中国居民膳食指南（2016）（科普版） 
20499195, 7.9, 23,  运动拉伸实用手册 
26331961, 7.5, 29,  饭菜就是特效药 
1974483, 6.8, 45,  排毒饮食计划 
25844489, 8.2, 17,  哈佛家庭医学全书(上册) 
1195270, 8.0, 18,  现代营养学 
22538495, 5.4, 221,  吃到自然瘦 
25921417, 7.8, 19,  关灯就睡觉 
26817987, 8.1, 13,  能救命的癌症常识 
1614374, 7.7, 16,  运动生理学 
26426886, 6.7, 29,  10天绿汁酵素排毒法 
1047231, 7.4, 17,  增高 
10793398, 7.3, 17,  健身运动指导全书 
26593827, 7.5, 14,  吃油的革命 
6711563, 8.0, 10,  骨关节功能解剖学 
5326431, 7.8, 11,  中国孕期、哺乳期妇女和0-6岁儿童膳食指南 
26915916, 7.6, 10,  素颜女神：听肌肤的话 
4049831, 7.3, 10,  美国国家体能协会私人教练基础 
