Tag: 儿童文学 
The number of books: 680 

ID, Rating, Votes, Title
1046209, 9.1, 34410, 安徒生童话故事集 
1007914, 8.7, 54386, 窗边的小豆豆 
1254588, 8.9, 21259, 城南旧事 
1002898, 9.1, 15608, 父与子全集 
1433640, 9.3, 8874, 猜猜我有多爱你 
1119839, 9.1, 11011, 王尔德童话 
2361768, 9.3, 7909, 爷爷变成了幽灵 
1941301, 9.2, 8029, 365夜故事（上下） 
1765512, 9.1, 9053, 海的女儿 
1036274, 8.5, 20120, 夏洛的网 
1257365, 8.9, 9320, 活了100万次的猫 
1026035, 9.1, 6265, 你看起来好像很好吃 
1001136, 8.8, 9338, 彼得·潘 
1021193, 8.8, 9318, 皮皮鲁传 
1052990, 8.9, 6782, 草房子 
1028404, 8.8, 7638, 鲁西西传 
1041128, 8.5, 10725, 天蓝色的彼岸 
1004088, 9.0, 5291, 长袜子皮皮 
1467519, 9.8, 1690, 世界童话名著连环画 
1072319, 8.5, 7338, 长腿叔叔 
4049269, 9.5, 1969, 狐狸的窗户 
1907739, 8.6, 5829, 当世界年纪还小的时候 
1064841, 9.0, 3352, 绿山墙的安妮 
1270150, 9.3, 2316, 风与树的歌 
1059503, 9.1, 2944, 爱心树 
4826530, 9.1, 2795, 我亲爱的甜橙树 
3826899, 8.6, 5179, 布鲁克林有棵树 
2150240, 8.8, 3758, 我讨厌妈妈 
1982200, 8.7, 4090, 爱德华的奇妙之旅 
3594151, 8.1, 10122, 柑橘与柠檬啊 
1542939, 9.6, 1436, 哈尔罗杰历险记(全套共14册) 
1007952, 9.4, 1719, 蓝熊船长的13条半命 
1436586, 9.1, 2003, 你真好 
3089661, 9.1, 1980, 永远永远爱你 
1310673, 9.3, 1559, 遥远的野玫瑰村 
1005279, 8.7, 3172, 皮皮鲁和鲁西西的故事 
1474343, 9.1, 1940, 手绢上的花田 
1077778, 8.1, 7361, 爱的教育 
2050767, 8.6, 3532, 绿野仙踪 
1318622, 8.8, 2541, 青铜葵花 
1397331, 8.9, 2236, 爷爷一定有办法 
1873569, 9.3, 1414, 郑渊洁童话全集(33卷) 
2117875, 8.8, 2445, 我爸爸 
2121010, 8.8, 2454, 我妈妈 
2117871, 8.8, 2417, 大卫，不可以 
1433572, 9.2, 1508, 随风而来的玛丽阿姨 
1152745, 9.1, 1661, 花香小镇 
1021311, 8.5, 3490, 爱丽斯漫游奇境 
1803641, 8.8, 2330, 小公主 
1030469, 8.2, 5071, 青鸟 
1152495, 9.2, 1412, 白鹦鹉的森林 
2081975, 8.7, 2550, 七色花 
3608170, 8.0, 6774, 我想吃一个小孩 
1073333, 8.7, 2478, 我的妈妈是精灵 
1090575, 8.5, 3189, 金拇指 
1092965, 8.3, 4164, 智齿 
1047927, 8.9, 1876, 郑渊洁十二生肖童话（12册） 
1040632, 8.5, 3042, 木偶奇遇记 
2117872, 8.9, 1745, 花婆婆 
1156423, 8.8, 1988, 五个苹果折腾地球 
2120339, 8.6, 2485, 是谁嗯嗯在我的头上 
1448645, 8.8, 1927, 鳄鱼怕怕牙医怕怕 
1018482, 8.0, 5855, 汤姆・索亚历险记 
1152564, 9.2, 1215, 黄昏海的故事 
1023882, 8.4, 3145, 病菌集中营 
1899006, 9.1, 1325, 我想去看海 
1064532, 8.5, 2604, 秘密花园（2册） 
1433568, 8.9, 1563, 逃家小兔 
1192706, 9.1, 1232, 大盗贼 
1163327, 8.8, 1705, 列那狐的故事 
1933479, 8.9, 1525, 小灵通漫游未来 
1066463, 8.5, 2490, 我是钱 
1819816, 9.3, 955, 风的旱冰鞋 
1064862, 8.1, 4017, 男生贾里  女生贾梅 
4097264, 9.0, 1198, 小兔彼得和他的朋友们（全3册） 
1008459, 9.0, 1195, 毛毛 
3106707, 8.9, 1337, 好饿的毛毛虫 
1489164, 9.1, 1071, 直到花豆煮熟 
1855231, 8.6, 1810, 银河铁道之夜 
1290911, 9.1, 1027, 银孔雀 
1115397, 9.0, 1108, 我要做好孩子 
1448796, 9.2, 882, 鲁西西全传 
1046883, 8.5, 1900, 查理和巧克力工厂 
3689118, 8.3, 2427, 梦想家彼得 
2258369, 9.0, 1046, 小公主 
1204911, 8.8, 1279, 洋葱头历险记 
2003189, 9.2, 843, 皮皮鲁全传 
4219125, 8.3, 2328, 坟场之书 
1486658, 9.2, 828, 奥菲利娅的影子剧院 
1021209, 8.4, 2055, 尼尔斯骑鹅历险记 
1321696, 9.4, 667, 小布头奇遇记 
1220559, 8.7, 1318, 胡桃夹子 
1066133, 9.0, 940, 怪老头儿 
1912993, 9.2, 728, 海蒂 
2274454, 9.1, 810, 我的爸爸叫焦尼 
1022702, 8.2, 2347, 小丫林晓梅 
1486619, 8.3, 1946, 阁楼上的光 
1129879, 8.4, 1661, 魔方大厦 
1056707, 8.8, 1019, 时代广场的蟋蟀 
1578732, 8.5, 1425, 母鸡萝丝去散步 
1546437, 8.8, 984, 蚯蚓的日记 
1416289, 8.9, 864, 晴天有时下猪 
1462189, 9.2, 630, 谁也看不见的阳台 
1806300, 8.9, 857, 雪人 
1318615, 8.4, 1478, 山羊不吃天堂草 
3137185, 8.8, 921, 阿米I-星星的孩子 
1959287, 8.6, 1119, 月亮的味道 
5988558, 8.3, 1579, 深夜小狗神秘事件 
1797670, 8.8, 873, 兔子屋的秘密 
2212064, 8.9, 786, 小房子 
1461652, 8.2, 1744, 纳尼亚传奇：狮子、女巫和魔衣柜 
2188017, 9.0, 647, 铁丝网上的小花 
1456628, 9.3, 490, 长袜子皮皮的冒险故事 
1032764, 7.7, 3187, 小时候就在想的事 
1145428, 8.7, 849, 我喜欢你 
1019293, 8.8, 740, 小飞人卡尔松 
3086575, 8.6, 906, 单翼天使不孤单 
3026354, 8.6, 907, 造梦的雨果 
1902982, 8.8, 724, 獾的礼物 
2340082, 9.0, 589, 亲爱的小鱼 
4860554, 8.6, 882, 淘气包马小跳系列 
1192700, 9.0, 587, 永远讲不完的故事 
5957787, 9.1, 532, 我爱你 
3291518, 9.0, 584, 未來都市NO.6 #01 
1899007, 9.0, 587, 我想有颗星星 
3797733, 8.5, 981, 巧克力味的暑假/阳光姐姐小书房 
1534810, 9.0, 577, 红头发安妮 
1012189, 8.9, 622, 柳林风声 
1824714, 9.1, 516, 拥抱幸福的小熊-阳光姐姐嘉年华 
1201947, 8.1, 1522, 哈克贝里·费恩历险记 
3053271, 8.7, 742, 小猫出生在秘密山洞 
2027835, 8.9, 603, 云朵面包 
1797665, 8.7, 750, 红玫瑰旅馆的客人 
1285961, 8.3, 1151, 根鸟 
1009665, 8.2, 1305, 五·三班的坏小子 
2120425, 8.6, 819, 小蓝和小黄 
1000993, 8.1, 1469, 女生日记-中华儿童文学金奖书库 
1016435, 8.8, 649, 女巫 
1816104, 8.5, 894, 保姆狗的阴谋 
2171327, 8.4, 1002, 好饿的小蛇 
2309204, 9.0, 527, 小淘气尼古拉绝版故事 
1008592, 8.6, 789, 那个骑轮箱来的蜜儿 
1791383, 9.3, 397, 365夜科幻故事（上、下册） 
2162347, 8.8, 634, 做好学生有点累-伍美珍作品 
1009405, 8.4, 972, 漂亮老师和坏小子 
1939608, 9.1, 472, 两个意达 
1076320, 8.9, 551, 豆蔻镇的居民和强盗 
10560097, 9.3, 377, 不一样的卡梅拉（1-10册） 
1264253, 9.1, 450, 少女安妮 
1029817, 9.0, 495, 绿屋的安妮 
4726738, 9.1, 440, 小狐狸买手套 
4061972, 8.5, 814, 狼王梦 
4020853, 9.0, 485, 那个黑色的下午 
1041104, 8.7, 654, 吹牛大王历险记 
20273030, 8.3, 1013, 哈尔的移动城堡 
1451453, 9.1, 436, 女大学生安妮 
2052229, 8.1, 1293, 爱丽斯奇境历险记 
1578881, 9.0, 474, 车的颜色是天空的颜色 
1005455, 9.3, 353, 淘气包埃米尔 
1000353, 8.6, 681, 纳尼亚王国传奇（全7册） 
25831096, 8.9, 493, 梦书之城 
1491319, 8.6, 668, 皮皮鲁和教室里的隐身人 
1975886, 8.5, 729, 一片叶子落下来 
5355666, 8.5, 740, 小国王 
1884655, 8.9, 483, 皮皮鲁和幻影号 
4773507, 9.2, 364, 晚安，大猩猩 
1854580, 9.0, 429, 皮皮鲁和蛇王阿奔 
2983793, 8.7, 563, 蓝色的兔耳朵草 
1440159, 8.0, 1257, 安琪拉的灰烬 
1436584, 8.6, 626, 彩虹色的花 
3536343, 9.1, 379, 朱家故事 
2052815, 8.6, 611, 幸福的鸭子 
2052697, 8.7, 548, 能闻出孩子味儿的乌龟 
1800113, 9.1, 366, 图画书阅读与经典 
1816103, 8.6, 600, 想变成人的猴子 
1063733, 8.6, 596, 神秘的女老师 
1046619, 9.1, 370, 风吹白杨的安妮 
5299807, 8.6, 589, 当世界还不存在的时候 
3867627, 9.3, 307, 松鼠先生和第一场雪 
2135382, 8.6, 585, 石头汤 
3910853, 9.4, 280, 可爱的鼠小弟(全12册) 
3464487, 9.2, 328, 绿山墙的安妮 
2046566, 8.7, 520, 勇气 
1221823, 9.7, 220, 中国童话名著连环画(上下) 
1283644, 9.1, 353, 小尼古拉 
1939168, 7.8, 1483, 丢三落四的小豆豆 
4087909, 8.4, 697, 借东西的小人 
1007396, 8.1, 991, 男生日记 
1224733, 8.7, 507, 开明国语课本（上下册） 
1063138, 8.3, 763, 今天我是升旗手 
1008180, 9.1, 340, 天使雕像 
1844858, 8.5, 599, 超级市长 
1816105, 8.5, 579, 塔顶上的猫 
1119980, 8.1, 899, 淘气包马小跳系列:笨女孩安琪儿 
3023897, 9.2, 291, 希腊三部曲Ⅰ 追逐阳光之岛 
3072494, 9.7, 196, 午夜飞机上的谋杀 
1162162, 8.6, 504, 宠物集中营 
2120234, 8.5, 550, 三只小猪的真实故事 
2161686, 8.7, 452, 豪夫童话 
1345431, 9.3, 260, 失物招領 
1018554, 9.2, 283, 山中岁月 
1029951, 9.0, 332, 海蒂 
3628184, 8.9, 357, 猫武士 
2157589, 8.5, 530, 我不知道我是谁 
2340080, 9.0, 326, 小恩的秘密花园 
1461655, 8.2, 732, 纳尼亚传奇：黎明踏浪号 
3927859, 9.1, 292, 玛德琳 
1041057, 8.4, 567, 非法智慧 
1491320, 8.2, 701, 皮皮鲁和419宗罪 
1019143, 8.2, 683, 细米 
1485700, 8.6, 435, 苹果树上的外婆 
1007576, 8.5, 481, 了不起的狐狸爸爸 
3067705, 9.7, 172, 绿宝石阴谋 
1076966, 8.6, 428, 大林和小林 
3011068, 8.8, 353, 公主的月亮 
1017993, 9.2, 252, 少年小树之歌 
2135572, 8.6, 429, 打瞌睡的房子 
1019586, 8.6, 433, 红瓦 
10604035, 9.1, 274, 点点点 
2266772, 9.1, 270, 绿色童话 
1052629, 9.0, 293, 魔法师的帽子 
5919046, 9.4, 209, 图书馆狮子 
1225366, 8.7, 377, 小毛驴与我 
1762395, 8.9, 313, 玛塞林为什么会脸红 
2247147, 8.8, 343, 小熊维尼 
1491325, 8.7, 381, 皮皮鲁和梦中人 
1464619, 8.4, 510, 驴小弟变石头 
1245777, 8.3, 556, 贪玩老爸 
1958512, 9.2, 238, 长大做个好爷爷 
1053536, 8.5, 452, 小公子 
2076987, 8.0, 779, 大宇神秘惊奇系列1-5 
3042252, 8.7, 369, 约瑟夫有件旧外套 
2162209, 8.3, 543, 外号像颗怪味豆-伍美珍作品 
1678877, 8.2, 599, 鬼妈妈 
3044158, 8.0, 749, 小豆豆频道 
1758593, 8.4, 480, 我绝对绝对不吃番茄 
1491324, 8.7, 352, 皮皮鲁和金拇指 
1215241, 9.1, 250, 晴天下猪 
3661060, 8.3, 520, 小屁孩日记 
5254082, 8.7, 348, 兔之眼 
2135567, 9.1, 244, 搬过来.搬过去 
6049142, 9.2, 226, 植树的男人 
1162370, 8.3, 515, 疯丫头杜真子 
2301328, 9.7, 153, 绿野仙踪全集之三 
1038984, 8.8, 305, 亲爱的汉修先生 
4863321, 8.7, 332, 球球老老鼠-笑猫日记 
25881349, 8.8, 299, 翻开这本小小的书 
3664843, 8.9, 274, 我的图画书论 
1449802, 9.2, 211, 爺爺有沒有穿西裝 
3750803, 9.3, 195, 蓝色童话 
3429105, 8.8, 294, 月下看猫头鹰 
1916820, 9.0, 248, 狐狸列那的故事 
4903439, 9.0, 246, 高空走索人 
2069663, 9.0, 239, 雨滴项链 
1434499, 9.3, 187, 混血豺王 
1076136, 9.0, 240, 狮心兄弟 
3699101, 8.7, 309, 闪着泪光的决定－辫子姐姐心灵花园 
1888637, 8.6, 338, 于是，天使来到身边 
3023898, 9.2, 197, 希腊三部曲Ⅱ 桃金娘森林宝藏 
6265890, 8.4, 403, 杨红樱校园小说《女生日记》《男生日记》 
1442791, 8.8, 275, 我和小姐姐克拉拉 
2131751, 8.9, 252, 鳄鱼爱上长颈鹿 
4743834, 8.9, 254, 迟到大王 
1413112, 8.7, 300, 波丽安娜 
1143793, 8.2, 494, 天真妈妈 
1844857, 8.4, 401, 跳跳电视台 
1933497, 8.4, 399, 一只会开枪的狮子 
1477344, 8.8, 271, 黑玫瑰的七个魔法 
4263422, 8.4, 393, 笑猫日记-一头灵魂出窍的猪 
2050877, 8.8, 266, 大海在哪里 
26292675, 9.3, 175, 绘本窗边的小豆豆（全2册） 
1854578, 8.7, 287, 皮皮鲁和红桃老K 
3922847, 9.6, 140, 世界文学名著连环画（亚非部分全五册） 
10432767, 8.3, 415, 西女巫之死 
1962718, 8.4, 376, 宝葫芦的秘密 
1758919, 7.8, 743, 小豆豆与我 
1576005, 9.0, 214, Anne of Green Gables 
3753941, 9.2, 184, 我爱吕西安 
2769976, 9.3, 169, I Love You Through And Through 
2364161, 9.4, 157, I Am a Bunny 
1449453, 8.6, 304, 子儿，吐吐 
3192130, 9.1, 196, 艰难的归程 
1120014, 8.1, 501, 轰隆隆老师 
2212066, 8.2, 452, 100万只猫 
1008214, 8.8, 247, 玛蒂尔达 
1022733, 8.7, 268, 丛林奇谈(上下) 
3743038, 9.5, 140, 写给孩子的哲学启蒙书（共6册） 
2228986, 8.7, 264, 壁橱里的冒险 
1819840, 8.8, 244, 阁楼的秘密 
2050878, 8.7, 262, 爸爸、妈妈、我和她 
1416196, 8.3, 386, 寻找大熊猫 
1254504, 8.1, 465, 小大人丁文涛 
2342074, 8.1, 462, 麦先生的旅行 
1283643, 9.2, 168, 小尼古拉的暑假 
3023900, 9.1, 177, 希腊三部曲Ⅲ 众神的花园 
3699146, 8.6, 271, 杨红樱童话珍藏版 
3099800, 8.5, 297, 神奇女生祝如愿 
1491327, 8.6, 272, 皮皮鲁恐怖易位 
25803006, 9.3, 150, 这不是我的帽子 
3996700, 7.9, 548, 放学后的侦探队 
1797676, 8.8, 223, 生日快乐 
2080462, 9.1, 174, 红蜡烛和人鱼姑娘 
3797864, 8.5, 288, 穿靴子的猫 
1199658, 8.4, 317, 有老鼠牌铅笔吗 
3930204, 8.8, 220, 声音森林 
1033226, 9.1, 172, 大侦探小卡莱 
2010558, 8.5, 283, 蓝色的海豚岛 
1824720, 8.7, 237, 最美的夏天-阳光姐姐嘉年华 
4297683, 9.2, 158, 开往远方的列车 
26832470, 8.6, 257, 独生小孩 
1456886, 7.9, 522, 胡萝卜须 
1036205, 8.7, 235, 好心眼儿巨人 
3265351, 8.4, 310, 第七条猎狗 
1842181, 9.0, 180, 塔克的郊外 
1481650, 7.6, 760, 不可思议国的小豆豆 
3171267, 9.2, 155, 阿黛拉和西蒙在巴黎 
6859532, 9.3, 142, 数字的挑战 
25782292, 8.7, 231, 巫魔师 
4199539, 8.9, 190, 星期三的战争 
3413784, 7.7, 640, 鸡皮疙瘩：噩梦营·邻屋幽魂 
19967277, 8.2, 358, 爱哭鬼小隼 
26628814, 7.1, 1443, 龙与地下铁 
1044705, 9.4, 126, 吵闹村的孩子 
1034274, 9.2, 144, 5月35日 
1102435, 8.1, 383, 冒险小虎队：喷火面具 
3265345, 8.6, 236, 再被狐狸骗一次 
1958518, 9.0, 167, 我永远爱你 
3661129, 8.4, 281, 小屁孩日记2 
22693008, 8.2, 339, 兔子共和国 
1884658, 8.5, 254, 皮皮鲁分身记 
3930209, 8.9, 180, 兔子剧团之夜 
10530984, 8.8, 190, 我要把我的帽子找回来 
3265347, 8.5, 250, 斑羚飞渡 
3132594, 7.8, 512, 鸡皮疙瘩：死亡古堡·神秘实验室 
5275422, 9.0, 164, 阴天有时下肉丸 
1225062, 8.7, 205, 汤姆的午夜花园 
3699100, 8.3, 296, 我们班的狗仔队 
1819858, 8.8, 185, 蛇山的爱子 
1135391, 8.9, 168, 曹文轩经典作品 
5406471, 8.9, 167, 夜色玛奇莲I 
6527152, 9.3, 124, 敌人 
11530250, 8.9, 167, 这是我最好的爱 
3265350, 8.6, 214, 最后一头战象 
3841355, 9.0, 151, 青蛙和蟾蜍（全四册） 
2274446, 9.1, 140, 橡树上的逃亡（共两部） 
10761530, 9.3, 120, 阿莫的生病日 
4843891, 8.4, 251, 没有秘密长不大 
3087618, 8.1, 336, 小豆豆动物剧场 
1976471, 8.5, 226, 淘气包马小跳 
6401118, 8.0, 370, 要求太多的餐馆 
2993974, 9.5, 104, 365夜知识童话(上下) 
1083092, 8.2, 299, 精灵鼠小弟 
5038469, 9.1, 138, 杨梅 
5328956, 9.1, 137, 可爱的鼠小弟01-鼠小弟的小背心 
2326886, 9.3, 117, 魔鬼三角的秘密 
2010066, 9.6, 96, 幽默儿童文学名著译丛 （全6册） 
3085563, 8.1, 326, 永远的超级四班 
3572554, 8.9, 159, 臭起司小子爆笑故事大集合 
4103922, 9.0, 141, 我是白痴 
1420762, 8.5, 215, 特别的女生萨哈拉 
2224959, 8.7, 181, 塔莎老奶奶的美好生活 2 創造你的生活樂趣 
11597314, 8.0, 344, 我被爸爸绑架了 
3056906, 8.3, 250, 夏日的庭院 
1066911, 9.1, 127, 大森林里的小木屋 
6523875, 9.3, 109, 小矮人 
24385080, 8.9, 145, 神奇飞书 
1050866, 8.3, 246, 法老的诅咒 
1053532, 8.3, 246, 来自矮人国的小兄妹 
4863294, 8.5, 200, 萝铃的魔力（第2部） 
4604958, 8.1, 295, 波西.杰克逊与神火之盗 
1994618, 9.1, 124, 倒长的树 
1102874, 8.5, 200, 甜橙树 
1042748, 9.2, 112, 看不见的小妞 
2078497, 9.5, 91, 大剖面 
1970555, 8.4, 212, 沉默的证人-超级成长版冒险小虎队 
1031901, 8.6, 175, 出卖笑的孩子 
10539822, 9.0, 126, 夜色下的小屋 
1072830, 8.8, 145, 风之王 
3039599, 9.4, 95, 狼蝙蝠 
1086317, 7.8, 377, 会飞的教室 
1768128, 8.4, 200, The Tale of Peter Rabbit 
1063651, 8.9, 133, 木民谷的冬天 
3786733, 8.6, 168, 超酷天使大肚子爸 
26220462, 9.4, 92, 摩天轮 
10750284, 9.6, 80, 哈尔罗杰历险记典藏全集 
3807481, 7.5, 505, 墨水心 
26428611, 9.5, 84, 宫西达也恐龙系列 
1077390, 8.5, 176, 彼得兔的故事 
1021177, 8.1, 251, 冰心儿童文学全集(上下) 
2120267, 8.2, 225, 一百条裙子 
2979789, 8.4, 189, 犟龟 
1781949, 8.8, 133, 罐头里的孩子 
4928407, 8.8, 131, 好朋友 
3419707, 8.2, 213, 小英雄和芭蕾公主 
5939282, 8.7, 140, 世界上最大的房子 
1148767, 8.1, 236, 汉娜的手提箱 
6843976, 8.4, 174, 神奇的收费亭 
2984576, 8.9, 114, 狼王梦全本 
3171139, 8.4, 170, 腰门 
1214004, 8.9, 112, 风又三郎 
1077674, 8.7, 131, 一只狗和他的城市 
4822246, 8.4, 166, 南瓜汤 
3772650, 8.3, 184, 生气的亚瑟 
1322319, 8.6, 140, 女儿的故事 
1106466, 9.0, 102, 水仙月四日 
3301378, 8.7, 128, 世界上最美丽的村子--我的家乡 
2181353, 8.2, 194, 开甲壳虫车的女校长 
1045569, 8.4, 160, 宫泽贤治童话 
1915734, 8.5, 144, 狗来了 
5697408, 7.5, 390, 伪伦敦 
1065109, 8.9, 104, 小鹿斑比 
1320410, 9.1, 89, 水仙月四日 
2224276, 9.1, 87, 舒克贝塔德国游 
5325809, 7.9, 237, 女孩的进化史 
1423193, 8.7, 117, 外公的13号古宅 
26328457, 8.4, 145, 童话心理学 
25722936, 8.7, 115, 孩子们的书 
2298455, 8.3, 159, 森林报-春 
2710965, 8.4, 146, Magic Tree House #1 
26596172, 7.7, 285, 写给儿童的名人故事(全套25册） 
25909857, 8.5, 133, 周末图书馆 
4767462, 8.8, 105, 蝴蝶·豌豆花 
4231294, 8.6, 122, 小屁孩日记 
3115952, 8.2, 170, 侦探小组在行动 
26266165, 8.7, 111, 圣诞老爸的来信 
26038436, 8.5, 129, 回忆中的玛妮 
6438494, 9.1, 83, 彼得兔经典故事集-小兔彼得 
1988145, 9.1, 83, 爸爸的办公室 
3112357, 8.6, 119, 睡美人 
5372672, 8.5, 128, 自由在哪里 
2034987, 9.6, 60, 一岁的小鹿 
26394207, 8.0, 195, 给孩子的散文 
11597283, 9.1, 81, 听见颜色的女孩 
7047175, 8.4, 137, 我就是一个人 
1042820, 8.7, 107, 火鞋与风鞋 
4060086, 8.5, 124, 猫武士二部曲之1 
10761531, 9.0, 85, 格林爷爷的花园 
3684940, 9.1, 80, 小公主和矮爸爸 
25745287, 9.2, 74, 眼 
2062998, 9.3, 69, 白比姆黑耳朵 
1853974, 9.5, 61, 飞天小魔女 
1489184, 8.5, 120, 稻草人 
1427526, 8.1, 169, 不老泉 
26902186, 9.9, 48, 遇见孩子就是遇见更好的自己 
20273033, 7.9, 201, 空中城堡 
1151061, 8.3, 139, 屋顶上的小孩 
5907917, 8.4, 125, 绿狗山庄 
1426168, 8.8, 92, 猫和少年魔笛手 
1071463, 8.1, 158, 笨狼的故事 
25837525, 8.9, 85, 蝴蝶·天堂·探险记 
3549894, 9.0, 79, 鹅妈妈童谣 
1462796, 8.4, 123, 艺术的童年 
4021782, 8.0, 175, 少年阿莫的秘密日记 
10567935, 8.3, 134, 风之又三郎 
1440184, 8.4, 124, 阅读儿童文学 
2058153, 9.8, 48, 逼上梁山的豺 
3374048, 8.8, 90, 圣诞老爸 
25917623, 7.7, 225, 女巫一定得死 
1318944, 8.3, 130, 效率专家爸爸 
3620502, 8.4, 120, 查理和大玻璃升降机 
3704331, 9.2, 67, 你不能带气球进大都会博物馆 
25713175, 9.3, 63, 梦想家威利 
1922761, 8.6, 101, 傻狗温迪克 
3620503, 8.5, 110, 小乔治的神奇魔药 
20498342, 9.4, 59, 我的家在紫禁城 
5038453, 8.4, 117, 猫王 
1677118, 8.9, 81, 神奇的玛丽阿姨 
1398969, 9.3, 62, 写给孩子的哲学启蒙书（第1卷） 
3028703, 8.1, 151, 狗牙雨 
1766557, 9.3, 62, Oh
3517509, 8.9, 81, 梦中小屋的安妮 
1394428, 8.8, 85, 黑塞童话选 
4826983, 9.9, 44, 宝宝晚安----儿童睡前故事366 
10604012, 9.3, 61, 爱丽丝漫游奇境 
1584476, 8.7, 92, 红发安妮 
24295824, 8.2, 133, 共读绘本的一年 
10733645, 8.0, 159, 寂静中的惊奇 
4261770, 8.2, 133, 来自鬼庄园的九九 
1161662, 8.1, 143, 兔子坡 
11534101, 9.1, 67, 星星和蒲公英 
5919044, 9.1, 68, 吃六顿晚餐的猫 
3885381, 8.1, 144, 猫女咪妮 
5333931, 9.1, 67, 记忆的碎片 
3620495, 8.9, 77, 独闯天下 
21692819, 8.9, 76, 打开绘本之眼 
1015241, 9.1, 66, 爱克斯探长(数学侦探故事) 
3620496, 9.0, 70, 世界冠军丹尼 
10530105, 8.4, 107, 星期三书店 
3620498, 8.4, 108, 魔法手指 
1257996, 8.6, 92, 谁也不知道的小小国 
10732336, 9.0, 69, 凯迪克与凯特·格林威图画书精选集 
1815468, 8.6, 91, Number the Stars 
3186425, 8.2, 125, 我讨厌书 
5910862, 8.1, 134, 萝铃的魔力（第3部） 
2243169, 9.7, 45, 周锐童话选 
25919839, 9.4, 52, 谁拿了红苹果 
6953246, 9.1, 63, 剑桥艺术学院童书插画完全教程 
1047430, 7.6, 206, 装在口袋里的爸爸 
1043243, 7.8, 160, e班e女孩 
25857845, 9.2, 55, 阿凡提的故事全集 
1965310, 8.5, 87, 乌丢丢的奇遇 
6430661, 8.4, 92, 爸妈太过分 
5908551, 7.8, 154, 种在时光里的向日葵 
5038470, 7.7, 167, 震动 
24843842, 8.9, 64, 遮月亮的人 
3315939, 9.5, 45, 柳林风声·原始森林 
1834946, 8.0, 124, 手斧男孩 
1190569, 9.2, 52, 蓝鲸的眼睛 
5026623, 8.7, 72, 小屁孩日记 
3522260, 8.8, 66, 泥泥的心灵城堡 
1032140, 8.5, 82, 北风的背后 
6778494, 8.7, 69, 灰姑娘 
3873839, 8.7, 69, 男生日记 
26611997, 9.3, 47, 故宫里的大怪兽 
2322350, 9.8, 36, 银线星星 
1085661, 8.0, 118, 小魔怪黏巴达 
6523669, 8.1, 105, 小白的选择-笑猫日记 
1153219, 8.4, 83, 来自无人地带的明信片 
20285341, 8.9, 58, 梦的尽头 
1805593, 8.9, 57, 轻轻公主 
1085121, 8.3, 87, 戴高帽的猫 
3620497, 8.5, 75, 好小子-童年故事 
1459234, 8.9, 56, Momo 
1010172, 9.1, 49, 吹牛大王奇游记 
7060174, 8.6, 68, 图画书应该这样读 
1824868, 8.6, 68, 手心里的阳光 
25877706, 8.7, 62, 老虎来喝下午茶 
6245485, 8.1, 97, 完美的花朵 
25784025, 9.2, 45, 托芙·扬松经典漫画：姆咪谷故事全集 
1449920, 8.5, 70, 帽子里的天空 
5408523, 8.0, 103, 漂亮女孩夏林果 
26344072, 9.3, 42, 不可思议的旅程：彩虹国度 
10761534, 9.0, 50, 我怎样学习地理 
21334468, 8.5, 68, 我……有梦 
3517498, 8.9, 52, 壁炉山庄的安妮 
6953245, 8.5, 67, 童书创作实用指南 
1439350, 8.6, 61, Bridge to Terabithia 
1079254, 10.0, 28, 世界儿童小说宝库 
1146300, 8.8, 53, 北风的背后 
1029928, 8.1, 87, 穿越夜空的疯狂旅行 
21365489, 8.6, 60, 贝克街221号的秘密 
6518947, 9.2, 41, 窗边的小豆豆合集（套装共9册） 
5375937, 8.9, 49, 中国童谣（全八册） 
3519771, 9.2, 40, 儿童文学的乐趣 
19897027, 9.3, 38, 小怪兽 
6391146, 8.9, 47, 皮埃尔摘月亮 
3521989, 9.1, 41, 罗伯特的三次报复行动 
10828425, 8.2, 73, 尖叫的海棠 
1953639, 9.2, 39, 今年你七岁 
3075867, 8.6, 55, 放慢脚步去长大 
24902816, 8.2, 72, 格林童话I 
6396334, 8.6, 55, 最重要的事 
20437595, 8.6, 54, 了不起的大盗奶奶 
1027621, 8.5, 57, 让孩子着迷的101本书 
4860711, 7.3, 159, 野兽国 
3070853, 9.2, 37, 图书馆老鼠 
10736307, 8.0, 80, 最后一朵花 
24841203, 8.7, 48, T.S.斯比维特作品集 
3429457, 9.5, 31, 花的故事·冬 
2078904, 9.0, 40, 胡萝卜须 
20504524, 7.9, 84, 生命，请签收 
4079113, 8.6, 50, 花季的安妮 
26841611, 9.9, 25, 猎云人 
26857084, 9.2, 35, 苏菲的烦恼 
1781440, 7.1, 177, 童话是童话是童话 
6389911, 8.4, 56, 儿童文学小论 中国新文学的源流 
6744676, 8.6, 49, 卡夫卡和旅行娃娃 
1162528, 8.6, 47, 蓝调江南 
2058261, 8.6, 47, 罪马 
26738072, 8.4, 53, 这就是二十四节气 
1017343, 8.6, 46, 哈默林的花衣吹笛人 
2132898, 9.6, 27, 怪老头儿随想录 
26817445, 8.7, 43, 市场街最后一站 
26278419, 8.9, 38, 圣诞夜惊魂 
25723269, 9.4, 28, 魔法树上的居民 
10761604, 7.9, 70, 金子美铃全集（全三卷） 
10575134, 9.1, 32, 好鼠兔 
22047871, 8.9, 36, 让我们温暖太阳 
3058360, 8.0, 63, 乔治开启宇宙的秘密钥匙 
3237107, 9.2, 30, 纽约少年 
6023107, 7.8, 71, 我为什么讨厌学校 
3653470, 8.4, 45, 童书非童书 
25901260, 7.9, 63, 作文里的奇案 
6973023, 9.2, 28, 周作人论儿童文学 
26861867, 9.6, 23, 电的秘密 
2160315, 9.6, 23, 神秘的楼梯-野蔷薇村的故事 
1041638, 8.8, 34, 恰佩克童话集 
6778818, 8.8, 34, 朗读手册II 
1076204, 9.8, 21, 世界儿童小说宝库 
1874697, 8.6, 38, 安妮·雪莉 
26686970, 8.6, 38, 月亮冰激凌 
26413410, 8.1, 52, 寻找鱼王 
1023059, 7.6, 76, 千万别在奶奶家生病 
4826527, 8.3, 45, 跟着姥姥去遛弯儿 
26607285, 8.5, 39, 厨房屋 
1021064, 9.1, 28, 张天翼儿童文学全集（全四册） 
10484903, 8.7, 35, 丁丁当当黑痴白痴-美绘版 
10746176, 8.0, 54, 男孩杰的动物园 
25881282, 8.4, 41, 香梅女皇 
5908824, 8.1, 49, 《开明国语课本（典藏版）》（全八册） 
2677383, 9.0, 28, 门缝里的童年 
2055846, 9.6, 21, 鼹鼠原野的小伙伴 
1036304, 8.1, 46, 中国儿童文学5人谈 
25414272, 8.6, 33, 奇妙国 
26899959, 9.5, 21, 达洋猫动物小说·奇幻冒险五部曲 
26666033, 8.3, 39, 幸福先生 
3653465, 8.3, 39, 童书是童书 
26776954, 8.3, 39, 以书为友 
10519842, 9.7, 19, 怪老头的故事 
2076616, 7.1, 97, 时间的皱纹 
4911123, 9.1, 24, 神奇树屋 
26293005, 7.6, 61, 云朵上的学校 
26308055, 9.0, 25, 欧赫贝的秘密1 
20414891, 8.6, 31, 奥兹国的稻草人 
4187492, 8.4, 34, 猫 
10463968, 8.4, 34, 故事和你说晚安 
26388073, 7.2, 78, 火印 
25758461, 8.1, 38, 书，儿童与成人 
20499707, 8.7, 27, 阿比琳的夏天 
10862491, 9.1, 22, 彼得兔典藏全集（全23册） 
25985354, 8.2, 36, 锯齿形的孩子 
25981701, 8.5, 30, 小莲的花草四季 
3077647, 9.0, 23, 诱骗 
3741374, 8.8, 25, 希腊三部曲（全三册） 
26038523, 8.6, 27, 我摸到了一条鲸鱼 
24541931, 8.7, 25, 不是所有动物都是蓝色的 
26275816, 8.1, 35, 曼哈顿的小红帽 
3479011, 8.6, 26, WIND IN THE WILLOW柳林风 
26285731, 7.3, 62, 山精灵普克 
1819930, 8.7, 24, 总有一天会长大 
6778782, 7.3, 59, 我是你的守护星 
26270313, 7.3, 58, 荒野丛林 
26918931, 8.3, 28, 彼得兔 
25913491, 7.1, 63, 奥当女孩 
1059351, 8.9, 19, 格林童话全集（上下）（成人双语版） 
1192109, 9.0, 18, 以撒辛格童话 
2143434, 8.3, 25, A Series of Unfortunate Events Box: The Complete Wreck (Books 1-13) 
6831113, 7.8, 33, 爱上读书的妖怪 
26576239, 7.2, 49, 查理九世25·稻草人之乡 
6121174, 8.0, 28, 狐狸的钱袋 
23860417, 7.7, 33, 少年周小舟的月亮 
26921701, 8.5, 20, 岛王 
26150640, 8.7, 17, 欢欣岁月 
26291637, 8.5, 18, 地板书 1 
20499710, 7.2, 39, 阁楼里的秘密 
26894809, 8.3, 19, 家有小苗初长成 
26831362, 8.1, 21, 我要是别人就好了 
26267080, 8.0, 22, 独一无二的伊凡 
25813419, 8.4, 17, 一只叫企鹅的猫 
6526931, 7.8, 23, 米兰的秘密花园 
26789619, 7.5, 27, 托尼诺成长记 
26371152, 7.4, 28, 查理九世24·末日浮空城 
21363858, 7.7, 23, 吴姐姐讲历史故事 
25853179, 7.7, 23, 亨利·休格的神奇故事 
25901258, 7.6, 23, 妖精的小孩 
25720722, 7.8, 20, 威利的疑问 
3569162, 7.1, 32, 拇指班长3 乱套的教室 
26905609, 8.0, 17, 用故事说晚安：与孩子共享奇迹般的睡前故事时光 
25830759, 7.4, 24, 查理九世21·沙海谜国 
26800118, 7.7, 18, 床单精灵 
24380077, 7.5, 20, 小小孩的春天 
26796551, 8.1, 14, 《葫芦兄弟》（全13册） 
1016529, 8.2, 13, 英美著名儿童诗一百首 
26810652, 7.9, 15, 小驴托托 第一辑 
25949871, 8.1, 13, 魔宠1·王国守护者 
1081768, 8.2, 12, 儿童睡前故事大全 
26576246, 7.4, 18, 笑猫日记 
3519772, 7.7, 15, 作为神话的童话/作为童话的神话 
26328515, 7.7, 15, 把我埋在墙脚下 
26662231, 8.1, 12, 夜莺之歌 
25896898, 7.6, 14, 写作魔法书 
26666135, 7.9, 12, 爱尔兰童话故事 
26584765, 7.8, 12, 绿山墙的安妮全集 
25901230, 7.8, 12, 给孩子们的故事 
26662176, 7.8, 12, 树国之旅 
1321651, 7.0, 18, 在我吸毒的日子里 
3461500, 7.5, 13, 世界的故事（全五册） 
24680771, 7.1, 16, 夢書迷宮 
25787938, 7.2, 15, 从天而降的幸运 
10955828, 7.2, 13, 天堂里的海龟 
