Tag: 养生 
The number of books: 140 

ID, Rating, Votes, Title
2000641, 8.2, 4354,  求医不如求己 
1440885, 8.0, 5017,  人体使用手册 
1254942, 9.2, 1064,  黄帝内经 
1485625, 9.1, 756,  瑜伽之光 
3433208, 8.5, 1090,  问中医几度秋凉 
1984347, 8.3, 1236,  Power Sleep 
2355018, 8.5, 883,  字里藏医 
1900356, 8.5, 787,  中国健康调查报告 
1091751, 8.9, 499,  瑜伽 
1862145, 8.0, 1187,  YOU：身体使用手册 
5068077, 8.3, 609,  拉伸 
3159897, 8.0, 787,  小言黄帝内经与生命科学 
4106854, 9.2, 237,  四圣心源 
4077879, 8.4, 483,  零起点学中医 
3924442, 8.4, 489,  黄帝内经家用说明书(上古天真论)/国医健康绝学系列 
2339948, 7.9, 851,  黄帝内经　养生智慧 
3374562, 8.5, 382,  营养圣经 
2240612, 7.1, 2207,  不生病的智慧 
2136633, 7.4, 1361,  31岁小美女的养颜经 
3567734, 7.7, 817,  黄帝内经使用手册 
1691802, 8.6, 296,  中医入门 
2041978, 8.6, 285,  本草纲目 
3140556, 7.7, 752,  内因决定外貌 
5411583, 8.6, 279,  中国居民膳食指南 
21330892, 8.8, 230,  黄帝内经　四气调神 
24879935, 8.9, 208,  黄帝内经 上古天真 
2310529, 8.8, 226,  遵生八笺 
3148591, 7.6, 804,  从头到脚说健康 
3662079, 8.5, 287,  呼吸之间 
26292422, 7.7, 678,  顾中一说：我们到底应该怎么吃？ 
4056324, 8.4, 284,  因是子静坐养生法 
5067922, 8.1, 349,  回家吃饭的智慧 
3271484, 9.0, 139,  全注全译黄帝内经(上下) 
3070273, 7.8, 406,  人体复原工程 
24696686, 8.2, 254,  范志红：不懂健康，难做美丽女人 
4166077, 8.2, 228,  这才是中医 
3042606, 7.3, 607,  温度决定生老病死 
1798844, 7.1, 797,  水是最好的药 
2015976, 7.5, 457,  人体经络使用手册 
3924465, 8.0, 262,  手到病自除 
26377453, 7.6, 385,  谷物大脑 
3030861, 8.0, 252,  曲黎敏养生十二说 
25843816, 8.5, 157,  徐文兵、梁冬对话：《黄帝内经　天年》 
6389915, 7.4, 440,  脸要穷养，身要娇养（全新图文修订版） 
3793789, 8.0, 225,  不生病的纪律 
3622394, 7.7, 294,  从头到脚要美丽 
4917068, 8.9, 93,  芳疗百科 
1191099, 8.7, 108,  黄帝内经 
3572716, 9.2, 76,  瑜伽之光 
3885660, 8.2, 156,  生命不仅仅如此 
24294495, 7.7, 248,  脾虚的女人老得快 
25662148, 8.6, 110,  南师所讲呼吸法门精要 
4827425, 8.4, 126,  阴阳一调百病消 
3621280, 7.1, 475,  这样吃最健康 
4209949, 7.6, 264,  胖补气 瘦补血 
3903009, 7.2, 423,  不上火的生活 
1261928, 9.7, 51,  跟我吃　　不会便秘 
1465776, 8.1, 154,  津津有味谭　素食卷 
3527661, 7.5, 284,  医行天下 
24858364, 6.8, 668,  神奇的肌肤能量书 
25917319, 8.6, 99,  徐文兵、梁冬对话　黄帝内经　金匮真言 
3065729, 7.9, 176,  素女经 
3700467, 8.4, 108,  求医不如求己家庭医学全书 
1156370, 8.6, 90,  黄帝内经素问白话解 
3062584, 7.4, 265,  病从寒中来 
10558529, 8.5, 93,  药房里买得到的传世名方 
3354612, 8.5, 93,  骨盆美体操 
5921328, 8.1, 124,  麦肯基疗法 
3077716, 9.5, 47,  四库全书存目丛书 
3038361, 7.4, 248,  父母是孩子最好的医生 
4139324, 6.6, 707,  把吃出来的病吃回去 
2161392, 8.0, 130,  百岁医生教我的生机健康法 
25869853, 8.3, 98,  徐文兵、梁冬对话:黄帝内经　异法方宜 
3607427, 7.7, 161,  中医体质养生 
1911022, 8.6, 74,  老老恒言 
1540270, 9.3, 47,  太极拳全书 
5325416, 8.6, 73,  徐公解梦 
6862134, 7.9, 125,  范志红谈怎样吃最安全 
6990085, 8.1, 102,  这样选购食品最安全 
4229369, 8.1, 100,  24节气养生法 
4140386, 8.3, 82,  舒适快眠的40个方法 
24531830, 9.4, 38,  道家真气 
1783097, 8.0, 96,  津津有味谭　食疗卷 
5281861, 9.2, 42,  健康养颜蔬果汁1+1 
5363501, 8.8, 53,  疾病写在脸上 
4628271, 7.5, 141,  先别急着吃三餐 
3703105, 7.2, 190,  肠道清洁书 
25856623, 8.1, 73,  美国医生谈：我在中国的高水平健康生活 
20270775, 9.0, 40,  肠道黄金书 
5936417, 8.2, 65,  不可替代的牙齿 
2241285, 7.6, 103,  特效穴位使用手册 
3306315, 7.1, 170,  能量倍增 
10454414, 8.1, 66,  真原　 
25770208, 9.3, 31,  八部金刚功 
26842568, 9.9, 23,  调心：把心调好病不找 
26780208, 9.0, 35,  《为我的身体养阳气》 
3434107, 7.4, 112,  YOU：原来可以这样美！　　身体内外兼修手册 
3731307, 8.1, 61,  图解经络穴位按摩速查手册 
6714220, 7.7, 82,  子宫好 女人才好 
4244682, 7.9, 69,  单桂敏灸除百病 
26841235, 8.6, 42,  我要内脏变年轻 
3711542, 9.0, 33,  养生书 
3110954, 9.4, 27,  增演易筋洗髓内功图说 
1524754, 8.5, 41,  随息居饮食谱 
26319654, 7.4, 95,  护肤品全解码 100款超人气护肤品成分大检阅 
1542594, 8.7, 36,  道教与养生 
6059005, 9.2, 27,  保健按摩 
20474818, 8.6, 36,  呼吸之间 
25866991, 7.9, 54,  手印 
1278389, 8.5, 34,  选择健康 
4198061, 7.9, 51,  我的单一饮食之路 
3402881, 6.1, 334,  深睡眠 
4665276, 7.9, 48,  李少波真气运行法 
20442487, 6.7, 142,  瘦孕 
1821723, 8.5, 31,  中华仙学养生全书（全三册） 
4825923, 8.3, 34,  吃出健康很容易 
7057926, 8.4, 31,  新妇科千金方 
1000795, 8.7, 26,  千金方 
11603584, 6.6, 139,  女生这样做，吃不胖、晒不黑、人不老 
2161162, 8.4, 29,  图解艾灸疗法 
2126672, 7.2, 68,  不生病的生活方式 
3090796, 8.2, 26,  饮膳正要 
10537390, 6.6, 87,  　食 
1425821, 7.6, 36,  抗衰老饮食 
6087595, 7.2, 47,  断食法 
3133193, 8.0, 26,  易筋经与洗髓经 
26712712, 8.3, 22,  神奇美肌书：变白，变瘦，变美丽 
26808894, 8.5, 19,  回家吃饭的智慧（全新修订典藏版 上、中、下三册） 
1452480, 7.3, 40,  营养免疫学 
26816643, 8.1, 22,  中国女人要补阴 
3205272, 7.9, 24,  不生病的活法2　实践篇 
24890055, 6.5, 72,  每天1碗沙拉
26691114, 8.1, 21,  我是大医生：医生不说你不懂 
5327991, 6.8, 47,  好肤色，吃出来 
22538495, 5.4, 221,  吃到自然瘦 
10745695, 7.0, 33,  很老很老的老偏方 
6885556, 7.9, 18,  脊椎告诉你的健康秘密 
5344391, 7.0, 28,  湿热体质 
26593827, 7.5, 14,  吃油的革命 
7059588, 7.3, 15,  养生豆浆米糊果蔬汁大全 
