Tag: 几米 
The number of books: 222 

ID, Rating, Votes, Title
1084336, 9.0, 211155, 小王子 
1066462, 8.4, 69170, 向左走·向右走 
3554154, 9.0, 23074, 阿狸·梦之城堡 
4714734, 8.4, 42924, 这些都是你给我的爱 
1358873, 8.5, 34776, 月亮忘記了 
3665874, 9.0, 14615, 星空 
1431836, 8.6, 25613, 我的路 
1056733, 8.3, 38715, 地下铁 
1021847, 8.5, 21128, 我的心中每天开出一朵花 
1915170, 9.2, 7380, 小王子 
1915170, 9.2, 7380, 小王子 
1794844, 8.5, 18938, 有一天啊，宝宝…… 
1358413, 8.5, 17325, 我只能為你畫一張小卡片 
2053249, 8.0, 39496, 麦田里的守望者 
1049354, 8.5, 15061, 又寂寞又美好 
3699108, 8.7, 10840, 我的错都是大人的错 
1367458, 8.4, 16267, 照相本子 
1059937, 8.4, 13448, 微笑的鱼 
3822879, 8.8, 6241, 躲进世界的角落 
1823349, 9.0, 4808, Happy Birth Day 
1061367, 8.4, 10754, 幸运儿 
1914636, 8.4, 10000, 蛤蟆的油 
1914636, 8.4, 10000, 蛤蟆的油 
1367964, 8.2, 13258, 布瓜的世界 
1761056, 8.3, 10722, 蓝石头 
2042063, 8.4, 7946, 伊斯坦布尔 
1031575, 8.1, 12764, 听幾米唱歌 
1026686, 8.3, 9125, 履历表 
1851385, 7.8, 21320, 我的名字叫红 
1003148, 8.3, 7266, 遗失了一只猫 
1063852, 8.8, 3583, 悲剧的诞生 
1026411, 8.2, 7426, 你们 我们 他们 
5243268, 8.5, 4503, 走向春天的下午 
1382829, 8.6, 3883, 萬水千山走遍 
1382829, 8.6, 3883, 萬水千山走遍 
1887754, 8.3, 5727, 失乐园1 
6007431, 8.4, 4497, 我不是完美小孩 
1963312, 8.4, 4466, 失乐园Ⅲ：秘密花开了 
1344548, 8.1, 6875, 150cm Life 
1441707, 8.2, 5533, 小蝴蝶小披风 
6114393, 8.1, 6380, 大家都有病 
10553760, 8.9, 2129, 时光电影院 
1932866, 8.5, 3303, 失乐园2 
1821232, 8.5, 3022, 谢谢你毛毛兔，这个下午真好玩 
1049190, 8.1, 5376, 森林里的秘密 
1013001, 7.9, 7451, 森林唱游 
2046279, 8.5, 2691, 失乐园 IV：魔法失灵了 
2150582, 8.5, 2405, 失乐园-奇迹迷路了 
2970121, 9.0, 1276, 幾米創作10年精選 
3770707, 8.4, 2599, 恋之风景 
1857022, 8.8, 1526, 大剑 1 
1857022, 8.8, 1526, 大剑 1 
5940493, 8.6, 1822, 世界別為我擔心 
2970118, 8.8, 1269, 幾米故事的開始 
1467999, 8.9, 975, 失乐园 Paradise Lost 
2135803, 8.7, 1082, 今天运气怎么这么好 
1965977, 7.4, 5093, 我的抑郁症 
1418345, 8.3, 1336, 英国病人 
1005312, 8.0, 1931, 开始 
20418203, 8.3, 1218, 拥抱 
1026855, 7.8, 2317, 黑白异境 
1389910, 9.2, 461, 辛波絲卡詩選 
25848538, 9.1, 499, 星空 
1823298, 8.9, 589, If you don&#39;t want to be perfect
1980222, 8.2, 1200, 丑陋的中国人 
1822817, 8.3, 951, 你是一条河 
2060432, 7.1, 5071, 红颜露水 
1358367, 8.6, 534, 花とアリス 
1358367, 8.6, 534, 花とアリス 
1069628, 6.7, 8756, 那小子真帅2 
2024548, 9.1, 280, Animal Farm 
1358924, 8.9, 309, 月亮忘記了（精裝） 
3351791, 8.0, 779, 吃掉黑暗的怪兽 
4167914, 9.0, 267, 幾米袖珍本2000-2002 
3686257, 9.1, 229, 星空 (精裝) 
6507880, 8.5, 351, 不睡觉世界冠军 
1629392, 8.9, 233, 向左走向右走 
1346919, 8.4, 373, 小蝴蝶小披風（平裝） 
1629392, 8.9, 233, 向左走向右走 
1368413, 8.5, 332, 微笑的魚（精裝） 
1368084, 8.3, 388, 幸運兒（平裝） 
1765436, 8.5, 302, 藍石頭（精裝） 
6854327, 9.0, 194, 月亮忘记了 
10862974, 8.8, 220, 地下铁 
1947357, 7.3, 1204, 比如，单身 
1947357, 7.3, 1204, 比如，单身 
1782016, 7.9, 522, 飞鸟与鱼 
1346918, 8.6, 256, 小蝴蝶小披風 Shiny and Moony 
1137615, 8.4, 287, 一见钟情 
4265979, 8.3, 308, 我梦游你梦游 
6007433, 8.2, 335, 小完美 
4167915, 8.6, 228, 幾米袖珍本2002-2003 
4167915, 8.6, 228, 幾米袖珍本2002-2003 
1962514, 8.9, 177, 向左走‧向右走（精裝）(2007年新版) 
1343654, 8.6, 218, 幾米地下鐵：一個重新想像的旅程 
1343654, 8.6, 218, 幾米地下鐵：一個重新想像的旅程 
1358703, 8.2, 317, 森林唱遊 
1424343, 8.3, 285, 向左走·向右走 
6007432, 8.7, 195, 我不是完美小孩 
3194045, 8.9, 166, 躲進世界的角落（精裝） 
6389905, 8.5, 213, 童年下雪了 
1342928, 8.3, 251, 森林裡的秘密（精裝） 
1359644, 8.2, 275, 開始(筆記書) 
2137632, 8.9, 147, 天堂之鸟 
1359624, 8.7, 169, 又寂寞又美好（精裝） 
5990204, 8.7, 166, 時光電影院 
1367647, 8.5, 198, 聽幾米唱歌.簽名愛藏版 (小開本) 
25353939, 7.8, 377, 如果我可以许一个愿望 
2160594, 8.8, 142, 我的錯都是大人的錯 
1368412, 8.2, 237, 森林裡的秘密（平裝） 
2154693, 9.0, 121, WE ALL NEED SOMEONE TO KISS US GOODBYE 
1367726, 8.1, 258, 森林唱遊 
19979635, 8.4, 184, 我的心中每天开出一朵花 
1777910, 8.8, 131, 藍石頭 
26825460, 8.4, 173, 我的世界都是你 
1212984, 8.4, 170, 春雨 
1212984, 8.4, 170, 春雨 
25829338, 8.0, 225, 真的假的啊？ 
4724245, 8.9, 106, 最新几米创作精选 
25829338, 8.0, 225, 真的假的啊？ 
4724245, 8.9, 106, 最新几米创作精选 
6966810, 8.1, 199, 星空仰望 
1358895, 8.0, 212, 黑白異境 
5948997, 8.6, 123, 世界別為我擔心 
1398193, 8.5, 133, 梦想的翅膀 
1367965, 8.6, 122, 布瓜的世界（精裝） 
1902741, 9.3, 74, 热带雨林 
1902741, 9.3, 74, 热带雨林 
4191718, 8.5, 130, 走向春天的下午（平裝） 
1440016, 7.6, 300, 雕刻时光留言本 
26610688, 8.0, 192, 忘记亲一下 
5296815, 8.3, 143, 走向春天的下午 
6389906, 8.2, 154, 寂寞上场了 
6389906, 8.2, 154, 寂寞上场了 
4906784, 8.3, 131, 我不是完美小孩（精裝） 
1395419, 8.5, 103, 地下鐵（精裝） 
20452583, 8.6, 94, 並不很久很久以前 
20452583, 8.6, 94, 並不很久很久以前 
1367637, 8.3, 119, 月亮忘記了(小開本) 
19959619, 8.1, 136, 又寂寞又美好 
6389903, 8.4, 104, 奇迹迷路了 
25743662, 8.4, 104, 真的假的啊？ 
6389903, 8.4, 104, 奇迹迷路了 
1141808, 7.7, 180, 几米阅读忧伤的城市 
1141808, 7.7, 180, 几米阅读忧伤的城市 
6518857, 8.1, 122, 我會做任何事！ 
6518857, 8.1, 122, 我會做任何事！ 
1557506, 8.6, 74, 几米向左走·向右走音乐专辑(磁带) 
1042311, 7.2, 258, 亲子银行 
1042311, 7.2, 258, 亲子银行 
7057385, 8.4, 81, 听幾米唱歌 
7057385, 8.4, 81, 听幾米唱歌 
20497398, 8.4, 78, 如果我可以许一个愿望 
6389904, 8.0, 101, 秘密花开了 
6389904, 8.0, 101, 秘密花开了 
4827789, 8.7, 59, 幾米作品全集 
5326835, 7.3, 194, 镜子里的小孩 
4827789, 8.7, 59, 幾米作品全集 
6087549, 7.9, 104, 距离寂寞还有几米 
6087549, 7.9, 104, 距离寂寞还有几米 
25952173, 8.4, 71, 躲进世界的角落 
24866028, 8.2, 81, 并不很久很久以前 
1072208, 7.7, 121, 地下铁电影珍藏纪事 
1072208, 7.7, 121, 地下铁电影珍藏纪事 
3180822, 8.4, 65, 森林唱遊 
6079997, 8.1, 77, 魔法失灵了 
6848531, 8.3, 65, 森林唱游 
25799031, 8.4, 57, 微笑的鱼 
4906783, 8.8, 43, 月亮忘記了（精裝）（2007年新版） 
19959618, 8.4, 55, 我的心中每天开出一朵花 
11542227, 8.6, 47, 幾米袖珍本2004-2006 
11542227, 8.6, 47, 幾米袖珍本2004-2006 
4179341, 8.6, 47, 幾米畫冊: 創作精選 
3168028, 8.6, 45, 森林里的秘密 
1214479, 7.2, 135, 开心辞典 
1214479, 7.2, 135, 开心辞典 
3338075, 8.3, 54, 吃掉黑暗的怪獸 
25803357, 8.1, 61, 真的假的啊？ 
26135620, 8.4, 46, 故事团团转 
26135620, 8.4, 46, 故事团团转 
4906781, 9.0, 32, 向左走‧向右走（平裝）(2008年新版) 
6515913, 8.9, 33, 幾米袖珍本(2004-2006) 
25927079, 8.8, 35, 照相本子 
1012912, 8.0, 58, 距离幸福还有几米：听大师们怎么说 
25802924, 8.2, 50, 布瓜的世界 
1012912, 8.0, 58, 距离幸福还有几米：听大师们怎么说 
6960746, 8.6, 37, 星空电影青春纪念册 
6960746, 8.6, 37, 星空电影青春纪念册 
25830725, 7.5, 80, 我的错都是大人的错 
25830725, 7.5, 80, 我的错都是大人的错 
1442185, 8.8, 32, 失乐园全集 
11542228, 7.2, 92, 1.2.3.木头人 
11542228, 7.2, 92, 1.2.3.木头人 
1627847, 8.1, 44, 几米绘本改编 向左走 向右走电影原声大碟(CD) 
1392945, 8.2, 37, 跟塞斯学素描 
26711049, 8.5, 28, 我的世界都是你 
20477026, 7.5, 53, 我可以做一切 
20002885, 7.6, 47, 小拥抱 
1570197, 7.9, 38, 几米绘本改编 向左走·向右走电影原声大碟(音带) 
20002885, 7.6, 47, 小拥抱 
1570197, 7.9, 38, 几米绘本改编 向左走·向右走电影原声大碟(音带) 
1824204, 9.0, 20, 星空 
25731758, 8.1, 32, 如果我可以许一个愿望 
10554976, 7.4, 45, 星空电影青春纪念册 
25886006, 7.7, 34, 我只能为你画一张小卡片 
19962475, 7.7, 33, 又寂寞又美好 
4906786, 7.9, 25, 聽幾米唱歌（平裝）（2008年新版） 
4906786, 7.9, 25, 聽幾米唱歌（平裝）（2008年新版） 
20002886, 7.8, 20, 拥抱 
11536792, 7.7, 20, 几米经典（套装共5册） 
11536792, 7.7, 20, 几米经典（套装共5册） 
26394431, 7.5, 17, 忘記親一下 
4819146, 7.6, 16, 鏡子裡的小孩 
2121566, 7.7, 15, 音乐美的构成 
1345445, 7.6, 14, 遺失了一隻貓（精裝） 
2364880, 7.2, 17, 寂寞之城 
26655751, 7.9, 11, 走向春天的下午 
20495116, 7.5, 12, 世界别为我担心 
1388439, 7.5, 11, The Rules of Attraction 
1388439, 7.5, 11, The Rules of Attraction 
1367497, 7.4, 11, 1.2.3.木頭人(精裝) 
1367497, 7.4, 11, 1.2.3.木頭人(精裝) 
