Tag: 励志 
The number of books: 280 

ID, Rating, Votes, Title
11622283, 9.2, 13004, 滚蛋吧!肿瘤君 
1775691, 8.3, 51811, 少有人走的路 
1786387, 8.6, 22063, 影响力 
3609132, 8.5, 23118, 把时间当作朋友 
2008284, 8.7, 13118, 佐贺的超级阿嬷 
1056295, 8.3, 18807, 人性的弱点全集 
2194123, 8.4, 15403, 相约星期二 
1033778, 8.2, 21352, 富爸爸，穷爸爸 
2025999, 9.8, 2371, 灌篮高手（全31卷） 
4010196, 8.1, 23302, 世界因你不同 
1048007, 8.2, 19037, 高效能人士的七个习惯（精华版） 
4953695, 8.0, 24655, 拆掉思维里的墙 
10786473, 8.2, 16525, 自控力 
1013502, 7.6, 39363, 钢铁是怎样炼成的 
3826899, 8.6, 5179, 布鲁克林有棵树 
7059662, 8.1, 9948, 考拉小巫的英语学习日记 
1040397, 8.1, 9686, 假如给我三天光明 
1262986, 8.1, 9297, 我不是教你诈 
3413836, 8.4, 5682, 当下的力量 
26210487, 9.1, 1998, 强风吹拂 
1269900, 8.2, 6669, 活法 
2083981, 8.7, 3143, 了凡四训 
5408858, 8.9, 2445, 建筑家安藤忠雄 
1115353, 8.3, 5387, 奇特的一生 
10598170, 8.1, 6839, 我不要你死于一事无成 
3266968, 7.3, 26288, 秘密 
25735727, 8.2, 5217, 站在两个世界的边缘 
3688489, 7.8, 9616, 异类 
1021056, 7.2, 27691, 谁动了我的奶酪？ 
6041708, 8.4, 3432, 世上另一个我(修订版) 
4741216, 7.3, 21622, 我的奋斗 
1161817, 8.7, 2189, 洛克菲勒留给儿子的38封信 
1083403, 8.0, 5414, 世界上最伟大的推销员 
1069805, 8.7, 1875, 给青年的十二封信 
1313181, 8.5, 2344, 富兰克林自传 
3123393, 7.6, 9164, 遇见心想事成的自己 
1135734, 8.6, 1976, 追寻生命的意义 
2065564, 8.1, 3804, 一日重生 
1427679, 7.5, 9661, 做最好的自己 
11507862, 8.2, 3157, 独自上场 
10739290, 7.9, 4861, 30岁前别结婚 
6510070, 8.3, 2619, 人生不设限 
26761696, 7.8, 5159, 精进 
3622904, 7.3, 11953, 不抱怨的世界 
5302113, 8.3, 2297, 三双鞋 
1731825, 7.5, 7919, 读大学，究竟读什么 
10476698, 7.5, 7732, 因为痛，所以叫青春 
1105890, 8.2, 2549, 生命的重建 
1961913, 8.3, 2159, 太傻十日谈 
25870384, 8.4, 1845, 你的生命有什么可能 
20389195, 7.4, 7241, 慢慢来，一切都来得及 
5408860, 8.2, 2010, 风雨哈佛路 
4150038, 8.1, 2305, 海鸥乔纳森 
10512506, 7.8, 3548, 世界上的另一个你 
2980795, 7.7, 4044, 内向者优势 
10773358, 8.1, 2243, 意志力 
3224456, 7.7, 3962, 少有人走的路Ⅱ 
26664352, 8.9, 826, 褚时健传 
1436707, 7.6, 4634, 如何掌控自己的时间和生活 
3410763, 8.6, 1063, 最后的演讲 
26609645, 8.2, 1705, 而立·24 
25777982, 7.6, 3986, 在难搞的日子笑出声来 
26831234, 8.7, 848, 不属于我们的世纪 
4010185, 8.0, 1992, 哪来的天才？ 
6724865, 8.7, 812, 坚不可摧 
2133074, 7.0, 10035, 20几岁，决定女人的一生 
25895442, 6.9, 11558, 你的孤独，虽败犹荣 
4726323, 7.5, 3826, 一万小时天才理论 
24083865, 7.7, 2781, 女人明白要趁早之三观易碎 
2140496, 8.5, 967, 幸福的拾荒者 
2119843, 6.9, 11318, 钝感力 
22994632, 9.0, 550, 成功，动机与目标 
23044177, 8.0, 1684, 挺住，意味着一切 
1100470, 7.5, 3260, 现在，发现你的优势 
5344908, 8.0, 1557, 别独自用餐 
20389192, 7.2, 5434, 30岁前的每一天 
1058229, 8.7, 666, 智慧书 
25917140, 7.2, 4768, 不要让未来的你，讨厌现在的自己 
2054246, 8.0, 1312, 你的误区 
4934590, 8.5, 706, 活出最乐观的自己 
3006483, 7.7, 1932, 每周工作4小时 
26220798, 7.7, 1867, 生命不息，折腾不止 
4006425, 7.7, 1811, 我是一只IT小小鸟 
1065931, 7.8, 1570, 图穷对话录 
2113347, 8.6, 593, 卡耐基经典全集 
25788697, 7.6, 1932, 一切都是最好的安排 
4846035, 7.6, 1930, 干法 
4816212, 7.4, 2473, 真希望我20几岁就知道的事 
25923063, 8.3, 726, 考拉小巫的留学成长日记 
4729468, 7.6, 1802, 全中国最穷的小伙子发财日记 
26693418, 7.5, 1901, 按自己的意愿过一生 
6125682, 7.5, 1921, 力量 
3654465, 7.7, 1441, 少有人走的路III 
4214217, 7.5, 1896, 女人明白要趁早 
3235517, 7.8, 1205, 自慢 
3550398, 7.5, 1861, 时间管理幸福学 
3628749, 9.5, 204, 向世界呼喊吧 
1000972, 8.1, 768, 一生的忠告 
1423818, 7.9, 990, 如何在大学里脱颖而出 
26627876, 8.7, 400, 在艰难的世界里，勇敢前行 
5290239, 8.1, 752, 这一生再也不会有的奇遇 
20434430, 8.0, 814, 你要如何衡量你的人生 
25948154, 7.7, 1186, 扛得住，世界就是你的 
24756947, 9.1, 263, 肖申克的救赎 
4249313, 7.7, 1164, 活在当下 
25885179, 9.3, 213, 我为青春狂 
26590267, 7.5, 1460, 工作前5年，决定你一生的财富 
24737118, 8.0, 747, 不要等到毕业以后 
1491590, 8.0, 746, 人性的优点 
1015133, 7.8, 939, 首先，打破一切常规 
11509401, 6.9, 3767, 正能量 
24699104, 7.0, 2856, 你要去相信，没有到不了的明天 
6515939, 6.8, 3957, 世界如此险恶，你要内心强大 
26362975, 8.0, 628, 藏在这世间的美好 
1775895, 8.5, 366, 心的出路 
11526985, 7.2, 1827, 直到世界尽头 
26656779, 7.5, 1117, 当你的才华还撑不起你的梦想时 
20283087, 8.0, 580, 十年徒步中国 
3194500, 7.9, 640, 一个被称作“它”的孩子 
25985499, 7.6, 942, 这一生，静待时光检验 
26598945, 7.5, 1054, 请尊重一个姑娘的努力 
24755048, 8.2, 452, 当Bob来敲门 
1964884, 7.4, 1224, 为什么幸运的人总幸运倒霉的人老倒霉 
4920383, 7.4, 1211, 这辈子，只能这样吗？ 
1053836, 6.8, 3255, 细节决定成败 
1004325, 6.6, 4596, 致加西亚的信 
1097991, 7.8, 677, 一生的计划 
25852441, 6.9, 2417, 当我足够好，才会遇见你 
21364188, 7.2, 1476, 书都不会读，你还想成功 
4247329, 8.5, 297, 致青年学者 
25876244, 7.4, 1066, 在绝望中寻找希望 
26865082, 7.7, 678, 就这样吧 
25718134, 7.3, 1140, 女不强大天不容 
3613841, 8.1, 402, 自信的秘密 
20273181, 8.1, 407, 生命是长期而持续的累积 
1101606, 8.3, 318, 聪明人的圣经 
26914640, 9.6, 106, 你配得上更好的人生 
4867187, 8.0, 407, 稻盛和夫自传 
7057593, 7.5, 718, 尼采的心灵咒语 
25716909, 7.5, 724, 没有梦想，何必远方 
7952978, 8.8, 186, Wonder 
26422275, 7.3, 907, 向死而生 
26434719, 6.8, 1966, 你一年的8760小时 
26313089, 7.1, 1197, 姑娘，欢迎降落在这残酷世界 
6900326, 7.1, 1167, 好的生活没那么贵 
26417674, 7.9, 407, 当我足够爱，才敢失去你 
26288091, 8.6, 198, 我是伊布 
26907515, 9.7, 87, 一问一世界（青少年版） 
24713564, 7.6, 542, 不要和鲨鱼接吻
26882355, 8.3, 244, 去别处 
5325861, 6.5, 2816, 气场 
4233659, 7.3, 732, 少吃一块糖，最好的大学任你上！ 
6801742, 7.5, 562, 人生定位 
26108383, 6.9, 1329, 人生永远没有太晚的开始 
4169495, 7.5, 559, 让天赋自由 
26775412, 8.9, 136, 最朴素的生活和最遥远的梦想 
26877306, 8.6, 171, 微习惯 
25771613, 7.8, 375, 歐陽靖寫給女生的跑步書 
1220597, 7.7, 413, 高效能人士的第八个习惯 
25855770, 8.1, 263, 就因為「沒時間」，才什麼都能辦到 
2063630, 8.1, 257, 疯狂的功成名就 
26921116, 9.8, 70, 活着就很伟大 
26384723, 7.6, 431, 我比谁都相信努力奋斗的意义 
26897266, 8.8, 135, 全新修订版《考拉小巫的英语学习日记：写给为梦想而奋斗的人》 
25799030, 7.3, 626, 莫急，你要的岁月都会给你 
25782643, 7.3, 624, 你若不勇敢，谁替你坚强 
26781120, 8.2, 219, 优秀到不能被忽视 
26425651, 6.4, 2627, 你只是看起来很努力 
26659614, 7.3, 597, 谢谢自己够勇敢 
25847700, 7.9, 287, 青春是一件多么痛的礼物 
26924263, 9.8, 65, 你就要很独特 
26252929, 8.0, 257, 我只想和你说说话 
25938970, 7.5, 450, 现在的泪，都是当年脑子进的水 
26878947, 8.3, 187, 我不过低配的人生 
25832152, 8.8, 123, 自尊的力量 
24528199, 7.9, 266, 恋爱从失恋开始 
26378417, 7.7, 319, 时间会证明一切 
1050762, 8.0, 230, 10秒钟让自己不同凡响 
26891340, 9.3, 80, 我不过别人指定的生活 
26183838, 7.5, 378, 我想看到的世界 
26757648, 7.7, 299, 并没有如愿以偿的人生 
26412718, 7.2, 546, 我的漂亮朋友 
26178225, 7.5, 364, 巧克力色微凉青春I 
25948155, 7.3, 470, 每一个优秀的人，都有一段沉默的时光 
26915454, 9.7, 59, 《匠人匠心：用一生，做好一件事》 
1085007, 8.0, 211, 敏感的人:如何面对外界压力 
26307520, 8.1, 187, 没有街道的城市 
21966358, 7.8, 253, 就在你所在的地方生根开花 
26900945, 9.5, 64, 世界很小，而你刚好发光 
26728018, 6.7, 1031, 你所谓的稳定，不过是在浪费生命 
26826155, 9.5, 63, 女神从来不慌张 
26852845, 8.4, 134, 仅记住所有快乐 
26627873, 7.2, 442, 格局逆袭 
25923206, 7.4, 344, 只要活着，就会有好事发生 
24706032, 7.4, 335, 本能 
20432499, 6.7, 882, 这辈子最渴望做的那些事 
6110455, 7.9, 195, 唤醒心中的巨人 
26808478, 9.8, 49, 用一双鞋改变世界 
25984823, 7.3, 363, 你的时间有限，不要为别人而活 
20501718, 8.4, 121, 一的力量 
26640794, 7.5, 287, 没事别随便思考人生 
26689692, 8.4, 119, 不完美，才美 
26428516, 6.7, 797, 我只是敢和别人不一样 
25731151, 6.7, 803, 愿我的世界总有你二分之一 
26412672, 7.5, 269, 你可以拥有你想要的生活 
2007012, 8.6, 99, 特异功能三百例 
26937532, 9.6, 51, 在不确定的世界寻找确定的自己 
25892661, 6.9, 530, 就想开间自己的小店 
26895634, 9.6, 49, 不完美，才美II：情绪决定命运 
26266672, 7.3, 297, 你以为没有的，可能在来的路上 
26333102, 7.7, 189, 我不愿让你一个人 
26826894, 8.8, 75, 我们是穷得开朗，所以不用担心 
26742538, 7.4, 258, 我们都是和自己赛跑的人 
26832090, 8.1, 127, 别扯了，时间才不会改变一切 
26811453, 9.5, 48, 5年后，你是什么档次？ 
25941678, 6.8, 542, 他爱的是玫瑰，而你是蔷薇 
26767643, 7.5, 226, 愿所有美好如期而至 
26730678, 7.9, 149, 我不过无比正确的生活 
26925607, 8.7, 75, 不如去闯 
24845767, 7.0, 382, 总有一次哭泣，让人瞬间长大 
26711266, 8.1, 120, 我相信失败 
26892462, 9.4, 48, 职场小白脱菜手册 
26277384, 6.9, 420, 让未来的你，感谢现在的自己 
26289077, 7.6, 179, 这善变的世界，难得有你 
26794518, 7.8, 144, 25岁，如何规划你的人生 
26636282, 6.8, 448, 如果你想过1%的生活 
1799920, 9.1, 54, 你值得成为最优秀的 
26418338, 7.4, 213, 努力，才配有未来 
26650151, 7.3, 237, 谁说咸鱼没有梦想 
25977760, 7.0, 331, 我们都是突然长大的 
26731137, 8.6, 69, 闫小姐不嫁了 
26845275, 8.4, 77, 梦想会证明一切 
1082901, 7.8, 126, 聪明人的训练 
10466739, 7.8, 124, 败者为王 
26808156, 9.3, 41, 你可以活成自己喜欢的模样 
26882462, 6.7, 372, 你从未真正拼过 
26236894, 8.0, 93, 二十几岁决定你的人生主题 
10758623, 8.6, 59, 悠游100年/悠遊100年 
26902288, 9.3, 39, 人生没有白走的路，每一步都算数 
26339251, 6.8, 318, 人生随时可以重来 
26269501, 7.4, 158, 你配得起更好 
26916236, 7.8, 106, 好姑娘光芒万丈 
26699409, 7.1, 213, 明天过得怎么样，取决于今天的你怎么做 
26844750, 7.7, 113, 优秀的人，都敢对自己下狠手 
20429358, 9.8, 29, 做好领导的九大赢招 
26706748, 8.0, 86, 无聊世界的正经事 
26890720, 8.6, 52, 你所羡慕的一切，都是有备而来 
26921601, 8.5, 55, 人生的84000种可能 
26889819, 9.1, 38, 世上没有怀才不遇这件事 
25937939, 7.5, 122, 一个人也能有很好的时候 
26673003, 8.6, 48, 谁不是一边受伤，一边学会成长 
26287447, 7.8, 85, 绝对达成 
26589039, 8.4, 54, 你只需努力，剩下的交给时光 
25927346, 7.0, 184, 趁我们还年轻，趁我还爱你 
26791537, 8.2, 58, 心静的力量 
26613582, 7.7, 83, 世间所有的美好，都是因为坚持 
26342463, 7.1, 142, 你就是脸皮太薄！ 
26140526, 6.2, 464, 你值得拥有最好的一切 
26755104, 7.5, 87, 20几岁，你为什么害怕来不及 
26931365, 9.3, 26, 邓文迪：女人明白要趁早 
26926618, 9.9, 20, 史蒂夫·乔布斯传（漫画版） 
26456492, 7.5, 85, 我不要在庸碌中老去 
26293605, 7.1, 125, 听了那么多大道理，为什么依旧过不好这一生 
26842572, 8.6, 37, 你总是太容易放过自己 
26695289, 7.7, 61, 愿你的生活，既有软肋又有盔甲 
26817186, 7.4, 73, 我们始终独自行走在这个世界 
26865530, 8.2, 38, 夜空的星照亮你前行 
26747695, 6.6, 134, 所有失去的都会以另一种方式归来 
26928768, 8.9, 21, 美好的人，都不会孤独终老 
26914156, 8.1, 27, 你不努力，就别怪世界残酷 
26933776, 8.3, 23, 我敢活成自己想要的样子 
26827374, 8.2, 23, 我只想成为英雄背后的普通人 
26858337, 7.8, 24, 你离考研成功，就差这本书 
26852949, 8.1, 20, 为了梦想，拼尽全力又何妨 
26924276, 7.9, 20, 愿你的青春不负梦想 
26672856, 7.8, 18, 寻海记 
26919454, 8.0, 15, 人生很短，你要做个聪明人 
26845180, 8.1, 14, 年轻不怕一无所有，你知道自己终将闪耀 
26935479, 8.0, 14, 在对的时间做对的事 
26936065, 8.0, 10, 请停止无效努力 
