Tag: 台湾 
The number of books: 718 

ID, Rating, Votes, Title
1361264, 9.0, 53335, 撒哈拉的故事 
3995526, 8.7, 73498, 目送 
3369793, 8.7, 50117, 亲爱的安德烈 
6388661, 8.8, 40964, 这些人，那些事 
1029111, 8.9, 28988, 哭泣的骆驼 
1066462, 8.4, 69171, 向左走·向右走 
4207781, 8.8, 24597, 孩子你慢慢来 
3665874, 9.0, 14615, 星空 
1426971, 8.8, 18279, 野火集 
1056733, 8.3, 38714, 地下铁 
1036490, 8.8, 13991, 万水千山走遍 
4842446, 8.7, 15574, 巨流河 
1021847, 8.5, 21129, 我的心中每天开出一朵花 
2136140, 8.7, 13735, 雨季不再来 
1358413, 8.5, 17325, 我只能為你畫一張小卡片 
5337248, 8.9, 9192, 台北人 
4124727, 8.1, 32542, 孤独六讲 
2068249, 9.0, 7463, 温柔的夜 
1958227, 8.2, 25301, 那些年，我们一起追的女孩 
1760548, 9.2, 5526, 三毛作品集 
1049354, 8.5, 15062, 又寂寞又美好 
3699108, 8.7, 10840, 我的错都是大人的错 
1367458, 8.4, 16267, 照相本子 
3607117, 8.9, 7535, 稻草人手记 
1878708, 8.3, 16473, LA流浪记 
1059937, 8.4, 13448, 微笑的鱼 
1082399, 8.6, 9464, 闹学记 
2376570, 9.3, 3532, 浪漫的逃亡 
3822879, 8.8, 6241, 躲进世界的角落 
1823349, 9.0, 4808, Happy Birth Day 
3713237, 8.8, 6118, 亲爱的三毛 
1076654, 8.7, 6781, 孽子 
2363651, 8.2, 13368, 十四堂人生创意课 
1337171, 9.6, 1943, 五月天之素人自拍 
5040220, 9.0, 3854, 蒋勋说红楼梦（第一辑） 
1791664, 8.8, 4886, 千江有水千江月 
1065239, 8.5, 7298, 我的宝贝 
21346636, 9.4, 2279, 三毛典藏全集 
5337243, 8.6, 5880, 纽约客 
1031575, 8.1, 12764, 听幾米唱歌 
4773224, 8.3, 8425, 生活十讲 
3698390, 8.6, 5290, 送你一匹马 
1049070, 8.4, 7052, 等一个人咖啡 
3723589, 8.6, 5197, 滚滚红尘 
1485495, 8.1, 10965, 楼下的房客 
1427825, 8.5, 5943, 中国人史纲（上中下） 
1351678, 9.0, 2839, 夏宇詩集／Salsa 
1013801, 8.8, 3658, 倾城 
1003148, 8.3, 7266, 遗失了一只猫 
2295324, 8.6, 4485, 地下乡愁蓝调 
1949068, 8.4, 5985, 最好的时光 
4113090, 7.4, 33314, 我们台湾这些年 
1012203, 7.6, 21601, 檞寄生 
1382836, 8.7, 3680, 傾城 
1026411, 8.2, 7426, 你们 我们 他们 
1288916, 8.6, 4046, 伤心咖啡店之歌 
4159088, 7.8, 14062, 理想的下午 
2567590, 8.9, 2701, 殺手.流離尋岸的花 
2123957, 8.2, 7164, 绝对小孩 
5317075, 7.2, 46237, 蔡康永的说话之道 
5243268, 8.5, 4503, 走向春天的下午 
2034893, 7.6, 18719, 那些男孩教我的事 
5367304, 8.3, 5514, 城邦暴力团（上） 
1382840, 8.7, 3157, 背影 
2254582, 8.9, 2403, 以箭为翅 
1877531, 8.8, 2725, 殺手：風華絕代的正義 
3880832, 8.2, 6146, 认得几个字 
3662594, 8.1, 6967, 荒人手记 
6007431, 8.4, 4498, 我不是完美小孩 
1963312, 8.4, 4466, 失乐园Ⅲ：秘密花开了 
2377012, 8.6, 3352, 聆听父亲 
2275502, 8.1, 6809, 十年一觉电影梦 
5355492, 9.1, 1774, 蒋勋说红楼梦（第二辑） 
10553760, 8.9, 2129, 时光电影院 
1478890, 8.5, 3521, 杀手 
1056616, 8.6, 3019, 槭树下的家（席慕蓉作品典藏版） 
1037716, 8.7, 2554, 我的灵魂骑在纸背上 
4208780, 8.1, 5775, 流浪集 
1906681, 8.8, 2209, 猎人们 
3410833, 8.6, 2676, 给青年艺术家的信 
1821232, 8.5, 3022, 谢谢你毛毛兔，这个下午真好玩 
1013001, 7.9, 7451, 森林唱游 
6003716, 9.1, 1428, 蒋勋说红楼梦（第三辑） 
1048441, 8.3, 3889, 透明的哀伤 
5367303, 8.4, 3273, 城邦暴力团（下） 
1082369, 8.4, 3289, 滚滚红尘 
4169341, 8.3, 3693, 水问 
1507256, 8.8, 1915, 吸血鬼猎人/猎命师传奇 
3376905, 8.5, 2749, 绝对小孩2 
1382833, 8.4, 3093, 送你一匹馬 
1038476, 8.7, 2052, 小说稗类 
1341035, 8.2, 3952, 痛快日记 
3759808, 8.6, 2261, 流星雨 
1351677, 9.0, 1375, 夏宇詩集／腹語術 
4246151, 8.0, 4974, 厨房里的人类学家 
4169342, 8.6, 2155, 女儿红 
6398002, 9.1, 1170, 蒋勋说红楼梦（第四辑） 
1859649, 8.1, 3979, 生命的不可思议 
1061572, 8.5, 2293, 随想 
1083883, 8.7, 1762, 席慕蓉经典作品 
6041686, 8.3, 2860, 父后七日 
1440997, 8.6, 1899, 燕子 
1029149, 8.4, 2449, 乌龙院(1-6) 
4269890, 8.5, 2148, 这些年，二哥哥很想你 
2044295, 8.3, 2750, 土耳其手绘旅行 
1072189, 8.8, 1438, 百年思索 
1444177, 8.6, 1819, 地底三万尺 
1347681, 8.8, 1440, 獵命師傳奇 卷一 
5940493, 8.6, 1822, 世界別為我擔心 
3295326, 7.8, 5563, 回眸 
1007890, 8.4, 2300, 什么事都在发生 
1985973, 9.1, 1006, 備忘錄 
2340955, 7.4, 10685, 暖暖 
6937888, 8.5, 1928, 树犹如此 
5990434, 8.4, 2186, 蝙蝠 
1092614, 9.2, 858, 蔡志忠古典漫画（全八册） 
1781120, 7.8, 5193, 可不可以不要上班 
1848895, 8.5, 1885, 異夢 
1033347, 8.7, 1478, 高原的百合花 
3223552, 7.8, 5023, 转山 
1426214, 8.1, 3227, 少林寺第八铜人 
6800763, 9.1, 935, 蒋勋说红楼梦（第五辑） 
2970118, 8.8, 1269, 幾米故事的開始 
4881999, 8.4, 2027, 离魂 
4213445, 8.0, 3322, 击壤歌 
1186209, 8.7, 1336, 张晓风经典作品 
20433554, 9.2, 752, 关山夺路 
5288371, 8.4, 1842, 蒋经国传 
1273759, 8.2, 2413, 人在欧洲 
1083882, 8.5, 1583, 白先勇经典作品 
1459149, 7.8, 4156, 我想跟你走 
1048692, 8.8, 1101, 六祖坛经 
1291570, 8.9, 948, 简媜散文 
3808486, 8.3, 1944, 杀手，无与伦比的自由 
10563025, 9.1, 771, 蒋勋说红楼梦（第七辑） 
4901590, 7.7, 4518, 初夏荷花时期的爱情 
1313317, 8.4, 1682, 三毛私家相册 
10564097, 9.1, 755, 蒋勋说红楼梦（第八辑） 
1001895, 7.8, 3809, 靠自己去成功 
3644095, 7.9, 3185, 越读者 
4774018, 7.7, 4418, 鲸鱼女孩 池塘男孩 
20433556, 8.7, 1098, 昨天的云 
25764295, 8.4, 1568, 百年好合 
1053914, 8.5, 1395, 游园惊梦 
19995933, 8.6, 1234, 蓝色大门 
10354427, 8.2, 2027, 蒋勋说唐诗 
1082414, 8.6, 1240, 我的快乐天堂 
1021261, 8.7, 1026, 烟波蓝：简媜散文精品集 
6730310, 7.7, 3918, 我的不完美 
1062326, 6.9, 17470, 爱尔兰咖啡 
3667132, 8.2, 1849, 侯孝贤电影讲座 
10482102, 8.1, 2137, 蒋勋说宋词 
4621342, 7.8, 3171, 世纪末的华丽 
10466439, 8.5, 1229, 人与土地 
5417810, 8.2, 1790, 三毛1943-1991 
5337250, 8.3, 1544, 寂寞的十七岁 
2222866, 8.3, 1486, 猫奴契约书 
2209903, 8.4, 1305, 暗恋桃花源 红色的天空 
1464824, 7.8, 2906, 交错时光的爱恋 
10570257, 7.9, 2475, 特别的一天 
1438669, 8.6, 1012, 这个动荡的世界 
1028916, 6.9, 14323, 雨衣 
2174792, 8.3, 1385, 清欢 
2377014, 8.2, 1567, 阅读的故事 
3662581, 7.6, 3733, 巫言 
3128801, 8.1, 1765, 写给大家的中国美术史 
11527634, 7.7, 3080, 蒙马特遗书 
20433553, 8.8, 764, 怒目少年 
11527635, 8.1, 1750, 鳄鱼手记 
4173156, 9.6, 361, 细说红楼梦 1-80回 
1775024, 8.5, 1068, 媽，親一下 
1036763, 8.4, 1194, 这本书 
5293823, 7.9, 2264, 四喜忧国 
1053526, 8.4, 1180, 哲学与人生 
10553189, 8.6, 920, 传家 
1051663, 7.6, 3473, 61×57 
1737431, 8.7, 805, 白先勇精选集 
4898688, 8.2, 1460, 精準的失控 
3056620, 7.7, 2812, 声音与愤怒 
1889450, 7.8, 2347, 赖声川的创意学 
4851920, 9.5, 355, 五月天的摇滚本事 
4067778, 8.5, 915, 文字的故事 
10794355, 7.7, 2621, 台湾念真情 
5402205, 8.5, 913, 空灵 
2973270, 7.7, 2543, 六弄咖啡馆 
1864849, 7.5, 3497, 小S之怀孕日记 
10834769, 7.7, 2503, 门外汉的京都 
2324366, 7.6, 2880, 广告拜物教 
2365261, 8.7, 692, 一年甲班34号 
3056241, 8.5, 849, 烈火青春Part1 
4908905, 8.4, 949, Re：没有代表作 
1349683, 8.0, 1562, 亂寫 
24875976, 8.2, 1186, 失落的优雅 
5938219, 7.8, 1992, 昨日书 
3900547, 8.5, 830, 老猫学出版 
10745270, 7.7, 2342, 只剩一个角落的繁华 
1353736, 8.7, 667, 摩擦．無以名狀 
3910220, 7.5, 3166, 十四堂人生创意课Ⅱ 
1035614, 7.5, 3194, 下楼谈恋爱 
1873874, 7.6, 2705, 盛夏光年 
25762598, 8.8, 590, 尽头 
5396845, 8.8, 577, 刹那 
1054567, 9.4, 332, 民法总则 
26371292, 8.1, 1271, 不在他方 
6827451, 8.3, 965, 美，看不见的竞争力 
6826615, 7.8, 1839, 台北小吃札记 
2265482, 8.1, 1210, 遥远的乡愁 
5414639, 8.5, 756, 旧情复燃 
1073749, 7.6, 2457, 李敖有话说 
1026871, 8.0, 1354, 林清玄散文 
1054719, 8.3, 933, 古都 
6026256, 8.7, 591, 红婴仔 
25918820, 7.8, 1764, 吴哥之美 
1067728, 8.6, 652, 六朝怪谈 
1009368, 7.9, 1454, 李敖回忆录 
4896497, 8.2, 970, 一一风荷举 
25803923, 7.9, 1416, 你是我不及的梦 
25830077, 7.8, 1602, 阿尼玛 
6519779, 8.6, 611, TEA FOR TWO 
1289044, 8.1, 1074, 画眉记 
1056501, 8.1, 1082, 传统下的独白 
6826594, 8.2, 941, 故事照亮未来 
1475746, 8.7, 536, 危险心灵 
26584734, 8.4, 727, 乐之本事 
6047925, 8.2, 919, 梦游书 
5423772, 7.8, 1500, 西夏旅馆 
3427973, 8.6, 574, 台灣流行音樂200最佳專輯（1975-2005） 
3662629, 8.3, 792, 黄金盟誓之书 
2174873, 8.3, 792, 玄想 
26831788, 8.0, 1101, 旅行与读书 
3402634, 8.6, 539, 第二本书 
1018416, 8.1, 955, 花忆前身 
25986158, 8.3, 733, 桃花井 
6026129, 8.3, 739, 高处眼亮 
1685483, 7.5, 2139, 不乖蔡康永－同情我可以親我 
1367245, 9.1, 326, 人子 
3872850, 7.2, 3323, 心机母女 
5914555, 8.0, 932, 暴食江湖 
6729209, 7.7, 1363, 遣悲怀 
4924857, 7.2, 2908, 每一次相遇都是奇迹 
25933841, 7.2, 2863, 蔡康永的说话之道2 
10529099, 8.3, 631, 笑红尘 
3178968, 9.0, 317, 妖刀記2 
5914556, 7.6, 1470, 台湾味道 
5421005, 8.9, 332, 烟之外 
1003373, 7.8, 1096, 李敖快意恩仇录 
25699117, 8.1, 744, 都是遗风在醉人 
24859742, 8.2, 653, 我們從未不認識 
1292448, 8.1, 722, 女子与小人 
3338823, 7.8, 1059, 三月曝书 
5411007, 8.0, 813, 胭脂盆地 
4273327, 7.8, 1052, 有所思，乃在大海南 
5323773, 7.9, 907, 我睡了81個人的沙發 
4742289, 8.4, 513, 张晓风精选集 
2973484, 9.3, 223, 苏打志3 
1082281, 7.4, 1786, 小S牙套日记 
4909716, 7.5, 1503, 谁说这辈子只能这样 
1186210, 8.7, 364, 余光中经典作品 
24530428, 7.6, 1262, 许倬云说历史：台湾四百年 
6027733, 7.5, 1439, 因为孤独的缘故 
3924138, 7.2, 2320, 行走台湾 
4201004, 9.4, 196, 民法思维 
10440147, 8.3, 527, 世间的名字 
2344563, 8.9, 290, 邱妙津日記(上下) 
20395651, 7.7, 1073, 我不是一本型录 
1285904, 8.7, 349, 张晓风散文 
6799513, 8.9, 286, 跨国灰姑娘 
1002450, 8.3, 516, 悲情城市 
1931611, 9.6, 159, 苏打志2 
3028846, 8.0, 699, 大医院小医师 
3451827, 8.2, 547, 旅人 
19912127, 7.7, 997, 文茜的百年驿站 
6781409, 6.8, 4249, 窗里窗外 
1373144, 7.5, 1315, 陽具森林 
3901066, 9.6, 157, 蘇打志5 
6047961, 8.2, 534, 天涯海角 
1057645, 8.5, 390, 大学 
1372679, 9.1, 222, 如夢之夢 
7916066, 7.6, 1107, 欲爱书 
5906080, 7.6, 1088, 阿嬷，我回来了 
6100952, 8.0, 665, 公寓导游 
1127426, 7.2, 1990, 窗外 
5333081, 9.1, 223, 妈妈，买绿豆！ 
3616467, 8.3, 464, 第三本书 
1456706, 8.5, 373, 少年大頭春的生活週記 
3237822, 8.7, 306, 张晓风的国学讲坛 
3014318, 7.9, 719, 林依晨的紐約貝果日記 
4189984, 9.5, 158, 周夢蝶詩文集 
7051478, 9.0, 230, 詩60首 
20433557, 8.2, 478, 文学江湖 
25756932, 7.5, 1143, 两个故宫的离合 
6507880, 8.5, 351, 不睡觉世界冠军 
25761068, 8.5, 348, 天桥上的魔术师 
3911404, 8.5, 344, 一把青 
10515067, 8.0, 585, 杨德昌的电影世界 
1434335, 8.8, 260, 讨山记 
1051175, 7.9, 656, 艺术概论 
26738797, 8.0, 567, 小说课（壹） 
1012221, 8.2, 460, 浮生三记 
5986543, 7.5, 1062, 11元的铁道旅行 
1875187, 8.5, 328, 微晕的树林 
26215044, 7.4, 1202, 我们台湾这些年2 
3446452, 7.7, 794, 人生就是不停的戰鬥 
11519297, 7.7, 771, 台湾往事 
1767763, 8.9, 223, 收信快乐 
6038968, 7.4, 1163, 我爱故我在 
1685299, 9.0, 206, 琦君散文 
19963470, 8.0, 534, 掉伞天 
5283569, 8.4, 349, 台湾 
6732077, 7.3, 1336, 艺术里的金钱游戏 
7916067, 7.6, 865, 忘言书 
4050400, 9.1, 185, 爱的3温暖 
2009489, 8.3, 375, 亞細亞的孤兒 
3071714, 7.9, 576, 饮膳札记 
10530617, 9.2, 167, 精品咖啡學 下 
2054019, 9.2, 167, 听听那冷雨 
2137738, 8.8, 232, 有一首歌 
10491606, 7.1, 1703, 寂寞带我去散步 
25836467, 8.2, 402, 正方形的乡愁 
1006460, 8.2, 394, 江山入梦 
25918436, 8.3, 352, 大唐李白·凤凰台 
4201009, 9.5, 129, 民法总则 
1964611, 7.3, 1179, 懸崖邊的貴族 
4220154, 7.6, 769, 9999滴眼泪 
5291640, 7.5, 880, 灵魂的自由 
1043579, 6.6, 3801, 美容大王 
25731355, 8.1, 415, 都市速写簿 
1079892, 7.6, 752, 橘子红了 
26808364, 8.1, 413, 四季红 
6391201, 7.8, 571, 二十二岁之前 
6391164, 8.1, 402, 想我眷村的兄弟们 
2058783, 8.2, 363, 不分 
19963130, 6.7, 2893, 蔡康永爱情短信 
10518072, 8.2, 359, 跟自己的名字赛跑 
3722954, 7.3, 1082, 醒来，在地球的一个角落 
6844364, 8.2, 352, 人生一瞬 
25864000, 7.1, 1417, 台湾这些年所知道的祖国 
1546197, 8.4, 287, 记忆像铁轨一样长 
2275714, 8.1, 386, 慢慢來，比較快 
1580622, 8.4, 289, 謫仙記 
6844359, 8.2, 346, 绿光往事 
20395644, 7.7, 599, 大量流出 
19961797, 7.5, 780, 少年台湾 
4120698, 7.9, 479, 下一站，幸福 
25820165, 8.7, 210, 田园之秋 
10563246, 7.7, 587, 跟我去台北 
1626467, 9.3, 132, 民法学说与判例研究 
4124415, 7.8, 522, 虚拟街头漂流记 
1163747, 8.6, 232, 七里香/无怨的青春/时光九篇(台湾著名女诗人席慕蓉抒情诗合集) 
4282052, 7.7, 584, 传说 
5341156, 7.7, 586, 美的曙光 
1015337, 8.9, 176, 张晓风自选集 
4214113, 7.5, 755, 爱欲修道院 
3288165, 7.3, 966, 阿嬰 
25925760, 8.7, 201, 再见杨德昌 
1892409, 8.2, 316, 口愛 
6444274, 7.4, 790, 太平轮一九四九 
4229407, 7.4, 772, 宝岛眷村 
3036230, 6.8, 1951, 恋物百科全书 
25961455, 8.4, 247, 重读 
1002862, 7.3, 873, 我的住院日记之羊肉炉不是故意的 
20431859, 8.4, 243, 我的山居动物同伴们 
3230874, 8.5, 223, 我妹妹 
1289046, 8.3, 267, 秋千上的女子 
2216174, 8.7, 183, 粉红色噪音 
1018346, 8.0, 355, 我的不安 
3176824, 8.3, 261, 外星童话 
26657573, 8.3, 259, 眼前 
26293322, 8.4, 235, 杨牧诗选 1956-2013 
6970742, 7.7, 489, 我未来次子关于我的回忆 
5355710, 7.7, 486, 时光队伍 
6732242, 8.2, 286, 读者时代 
4882134, 8.0, 350, 白垩纪 
1474793, 8.9, 151, 王鼎钧散文 
20507213, 7.4, 704, 台湾，最美的风景是人 
1907928, 7.9, 381, 禁锢在德黑兰的洛丽塔 
26662811, 8.3, 251, 痖弦诗集 
21348101, 8.8, 159, 88首自選 
4729548, 7.8, 409, 跟云门去流浪 
3039590, 7.1, 1031, 食物恋 
1051217, 7.1, 1022, 玩味 
1147680, 9.2, 115, 余光中集（全九卷） 
3653506, 7.8, 405, 出嫁从夫 
10427207, 8.8, 153, 海邊的房間 
26310686, 8.7, 167, 鸟道 
10539598, 7.8, 397, 飘零一家 
26738798, 8.1, 289, 《小说课》（贰） 
3014502, 8.5, 198, 給冥王星 
2155295, 9.2, 112, 牯嶺街少年殺人事件 
26434974, 7.5, 558, 行云纪 
6519777, 8.2, 254, 姹紫嫣红开遍 
10733279, 7.2, 809, 脚趾上的星光 
10430611, 8.0, 305, 大河尽头 上卷 
2137802, 7.9, 343, 杀夫 
1769541, 8.0, 309, 童女之舞 
26916781, 9.5, 89, 当下四重奏 
20462955, 7.7, 419, 此时众生 
26178736, 8.6, 168, 字型散步 
26315736, 7.7, 414, 树，不在了 
26279028, 7.8, 364, 面包和汤和猫咪好天气 
20516305, 8.4, 194, 复眼人 
1902945, 9.1, 111, 去帝國 
5333573, 7.2, 752, 从台北到北京 
6772445, 7.2, 725, 李欣频的私房50 
1055823, 8.8, 137, 纵欲与虚无之上 
1023050, 8.5, 174, 郑愁予诗的自选 （一） 
3438237, 8.8, 135, 范曉萱100 Mavis 
26781744, 7.2, 699, 台北女孩看大陆 
5423589, 8.4, 185, 給所有明日的聚會 
1915415, 8.7, 141, 白水湖春夢 
3175591, 7.8, 329, 当王子爱上女巫 
19974381, 7.3, 590, 味道台北 
2972020, 8.8, 128, 朱天文作品集 
3230417, 8.2, 216, 經驗匱乏者筆記 
1460568, 8.7, 138, 家變 
26416549, 8.3, 188, 兰屿之歌 清泉故事 
5966160, 8.1, 227, 許舜英購物日記 
26825460, 8.4, 173, 我的世界都是你 
1262065, 7.5, 428, 世间女子 
1786899, 8.1, 225, 又见棕榈 又见棕榈 
1746182, 8.8, 120, 龙应台杂文精品 
4254264, 7.5, 419, 私家台北 
10436653, 7.9, 269, 迷路的诗 
1042831, 7.3, 540, 中国性研究 
26590901, 8.4, 163, 一百年漂泊 
26367370, 8.2, 197, 那时没有王，各人任意而行 
25883291, 8.2, 195, 八百万零一种死法 
26373145, 7.4, 466, 耳朵借我 
25902451, 7.4, 467, 不妥 
25785763, 7.7, 324, 大家都有病2 
25808342, 7.4, 460, 台湾单车环岛笔记 
1925111, 7.8, 283, 不如去流浪 
10568084, 9.3, 81, 其後 
2260824, 8.8, 116, 一葉秋 
3365243, 7.1, 670, 彩妆天王Kevin裸妆圣经 
26422097, 7.6, 345, 这就是台湾
4852033, 8.4, 157, 咖啡馆里的交换故事 
26281185, 7.9, 251, 因为梦见你离开 
3178437, 8.0, 224, 窮中談吃 
6114312, 7.8, 279, 從北京到台灣 
1740578, 8.5, 143, 阮义忠 
21371796, 8.1, 205, 马尔克斯与他的百年孤独 
5998267, 9.4, 74, 周夢蝶詩文集卷一：孤獨國 
10608441, 7.8, 274, 我们 
1981207, 7.7, 305, 一个禅者眼中的男女 
1049404, 8.2, 183, 云门舞集与我 
20499267, 7.5, 376, 时代正在改变 
1870848, 7.8, 268, 浮生再记 
26390716, 8.1, 194, 大唐李白·将进酒 
26578184, 7.6, 327, 家的模样 
3438645, 7.6, 327, 靠窗的位子
4894613, 7.5, 366, 学设计，非去不可 
10733616, 8.5, 136, No. 223 
4140509, 7.6, 324, 魔法妄想症 
4828082, 7.9, 230, 烛光盛宴 
26676586, 8.3, 156, 山丘上的修道院 
1418736, 8.3, 155, 春燈公子 
1442703, 8.9, 97, 月娘照眠床 
10876106, 7.1, 568, 咸鱼的滋味 
25709123, 6.9, 765, 回忆是一种淡淡的痛 
6038174, 9.1, 84, 反景入深林 
20365139, 8.0, 203, 父亲那场永不止息的战争 
6013378, 7.9, 225, 孔子随喜 
1053314, 8.4, 140, 做壹年 
6887668, 8.9, 94, 太陽的血是黑的 
25732271, 8.4, 139, 为众生的悲心 
1374555, 8.8, 102, 十三朵白菊花 
26842329, 9.3, 70, 瞬：陳綺貞歌詞筆記 
25913083, 8.0, 191, 无人是孤岛：侯孝贤的电影世界 
26363718, 8.6, 115, 谁在银闪闪的地方，等你 
24738215, 8.4, 134, 左心房漩涡 
10430422, 7.4, 367, 桥上的孩子 
1364241, 7.8, 232, 蝴蝶 
3906004, 6.7, 966, 爱情是文字最美的结局 
1475861, 7.2, 464, 台湾电影三十年 
10761380, 6.9, 695, 我住宝岛一村 
2122953, 7.2, 455, 我是女王 
19976723, 7.6, 280, 十五颗小行星 
11510806, 8.0, 185, 莳花 
5383670, 7.6, 277, 拟古 
5986054, 7.6, 280, 我，作词家 
3527818, 7.5, 313, 台北故宫 
1478571, 8.2, 150, 原來，我的時代現在才開始 
25895402, 8.9, 87, 郊遊 
10867595, 8.5, 117, 女朋友。男朋友 
24743351, 7.6, 274, 阮义忠的微博生活：一日一世界 
1464766, 7.9, 201, 布魯塞爾的浮木 
25708094, 8.9, 84, 洛夫诗全集（上下） 
6062478, 7.1, 482, 故事效应 
5966157, 8.1, 157, 許舜英古著文本 
4058769, 7.2, 416, 极致之味 
25956953, 8.5, 110, 迷蝶志 
26133987, 6.7, 820, 云去云来 
4853177, 8.2, 140, 杀鬼 
5383057, 7.5, 281, 人人身上都是一个时代 
1089499, 8.0, 165, 将军族 
24376169, 8.4, 115, 山里山外 
10430612, 8.0, 164, 大河尽头 下卷 
26767595, 8.1, 146, 云物如故乡 
26369862, 8.2, 133, 浮光 
5431729, 6.7, 771, 审判美国 
1350784, 8.5, 104, 你不相信的事 
1448971, 9.0, 73, 中华通史（1-10卷） 
25895918, 8.3, 121, 1661，决战热兰遮 
20391664, 7.6, 231, 无关岁月 
1915417, 8.5, 101, 桂花巷 
5993322, 7.3, 322, 她的故事 
4776487, 7.5, 255, 爱情想太多 
26578400, 8.2, 127, 煮海时光 
21323691, 8.7, 86, 室内静物·窗外风景 
19973737, 7.8, 184, 永远的尹雪艳 
10864173, 8.5, 99, 人间随喜 
6139529, 8.3, 114, 他們在島嶼寫作 
3268044, 9.2, 61, 我們 
1509392, 8.5, 94, 精神病院 
5323626, 7.7, 190, 人生最厲害的就是這個BUT 
20453368, 8.6, 86, 《玩具屋》九讲 
2379696, 8.0, 141, 伯母好!我是你兒子的男朋友 
6815802, 7.2, 329, Fw:永真急制 
1024249, 8.1, 129, 番薯人的故事 
1372263, 9.1, 61, 一首詩的完成 
26281820, 8.0, 139, 人物速写 
1009520, 7.9, 151, 雷震传 
26319757, 8.8, 74, 美，看不见的竞争力 
1941018, 7.9, 149, 忘記憂愁的地方 
25890645, 7.5, 216, 脸之书 
1014090, 8.2, 113, 欢喜贼 
3711186, 8.6, 81, 大雄 
5347802, 7.9, 142, 水城台北 
25750940, 8.3, 102, 想乐 
26279891, 8.3, 99, 台湾，请听我说 
2342512, 8.7, 74, 椅子站起來 
4038671, 8.6, 78, 陈映真文选 
5952498, 6.9, 418, 大江大海騙了你 
10732120, 6.9, 425, 一路吃下去 
1775913, 8.6, 77, 戀戀風塵 
24828689, 7.5, 201, 菜市场里的大厨 
2010072, 7.6, 182, 国宴与家宴 
10746174, 8.7, 72, 好想吃榴莲 
10732978, 7.5, 197, 詹宏志私房谋杀 
26751849, 9.3, 48, 傾聽 
4314407, 8.4, 86, 台灣花布 
5341654, 9.4, 45, 「文藝紹興—南宋藝術與文化特展」書畫卷 
5408888, 7.3, 234, 美学的经济 
6890709, 9.5, 42, 天下事，猶未晚 
4709276, 8.4, 84, 改造老房子 
21361154, 7.2, 259, 九歌 
10732977, 7.2, 255, 侦探研究 
25785749, 7.7, 149, 优雅的理性：用经济学眼光看世界 
26846157, 8.7, 64, 我们都是赶路人 
26813986, 8.0, 107, 如果可以这样做农民 
26385621, 7.3, 211, 恋爱课 
3301838, 8.5, 72, 清香流動: 品茶的遊戲 
5918946, 8.1, 99, 桂花雨 
7836044, 8.1, 97, 台湾民主转型的经验与启示 
1027169, 8.3, 83, 郑愁予诗的自选（二） 
25796204, 6.8, 373, 想念，却不想见的人 
3669108, 9.2, 45, 商禽詩全集 
26324816, 8.0, 104, 亲爱的小孩 
1807661, 8.1, 91, 臺灣重遊 
1481542, 7.8, 116, 放鳥過來！：性愛女寫手的嗆辣記事 
11587491, 7.6, 137, 陈春天 
1340813, 8.1, 89, 鬼的狂歡 
4201008, 9.3, 40, 民法物权 
25986420, 8.3, 75, 第九味 
1421907, 8.7, 56, 誰在那邊唱自己的歌 
1351452, 8.5, 65, 自由主義．民族主義與國家認同 
1866838, 8.1, 87, 宮前町九十番地 
10446299, 7.2, 205, 爱LOVE 
26253696, 8.2, 79, 女儿 
11615474, 9.5, 35, 超越聲音藝術 
3117244, 8.5, 62, 陈映真自选集 
2150764, 8.6, 58, 楊牧詩集1 
1368967, 8.3, 71, 台灣書店地圖 
3448774, 8.3, 71, 台北小旅行 
26609131, 9.0, 44, 簡單‧豐盛‧美好 
24382106, 8.4, 65, 短歌行 
4115854, 7.5, 137, 下課後的台灣小旅行 
3272976, 8.0, 88, 戏剧的味/道 
7053841, 6.3, 641, 台湾，你一定要去 
2297975, 8.3, 69, 甜美的剎那 
25881988, 8.4, 64, 歌物件 
3425317, 7.4, 149, 台湾股市大泡沫 
4825365, 7.9, 93, FW 
25943102, 9.0, 43, tag #沒有代表作 
1463684, 8.2, 72, 好一座浮岛 
6810299, 9.2, 38, 劉若瑀的三十六堂表演課 
1336681, 8.8, 48, 沿海岸線徵友 
2043286, 7.9, 91, 儿子的大玩偶 
25789489, 8.3, 67, 小兒子 
26281363, 7.4, 141, Lonely Planet “IN”系列：台湾 
1890143, 8.9, 44, 小宇宙：現代俳句二ＯＯ首 
26869299, 8.8, 46, 两个闺蜜去台湾 
1975667, 8.9, 43, 成為「日本人」 
4007975, 7.8, 94, 靈界的譯者 
26883163, 8.5, 55, 好一座浮岛 
26315806, 8.1, 73, 台湾往事 
4160820, 8.3, 63, 王謝堂前的燕子 
25729086, 8.5, 55, 我為文具著了迷！ 
3757501, 7.8, 89, 愛 該有五個情人 
3380796, 8.0, 74, 喂
6116260, 8.7, 44, 抒情传统与政治现实 
1353575, 7.9, 78, 明信片旅行主義 
25915944, 9.0, 37, 人生三书 
4170301, 8.6, 46, 聲色盒子 
5950149, 7.9, 76, 個人意見 
25740201, 7.5, 106, 文具手帖Season 03：燃燒手帳魂！ 
1464905, 8.4, 52, 大說謊家 
25830648, 7.3, 129, 做事坚定，做人柔软 
11531713, 6.8, 220, 单人旅行 
25740177, 8.2, 58, 奇来后书 
26701176, 6.7, 245, 美丽的权利 
26375776, 7.6, 93, 言花 
7058701, 7.0, 170, 隐居·在旅馆 
2341636, 8.3, 53, 後遺民寫作 
25843109, 7.1, 147, 被误解的台湾史 
3119520, 8.7, 41, 如何现代，怎样文学 
26393801, 9.0, 34, 單車失竊記 
6712822, 8.8, 38, 凝望·時代 
10825645, 7.4, 107, 即将消失的百年美味 
10436510, 8.3, 52, 浮生草 
11580591, 8.3, 51, 人妻日記 
1473190, 8.4, 48, 笔逗言 
26760360, 6.6, 255, 轻描淡写 
26696600, 7.7, 79, 遇见台湾：我曾听过你的歌 
1367493, 8.6, 41, 我的弟弟康雄 
1398028, 8.5, 44, 生活与文化 
25767500, 7.4, 102, 女儿的台湾 父亲的大陆 
25661917, 8.3, 49, 青春之歌 
26253702, 7.6, 84, 写我的书 
2118425, 8.7, 38, 悲情城市 
21817783, 8.1, 57, 温泉洗去我们的忧伤 
10583117, 7.2, 121, 走出白色恐怖 
24703762, 6.9, 165, 文具手帖Season 01: 旅行去! 
1645563, 7.9, 65, 极上之梦:《海上花》电影全纪录 
2341342, 8.8, 35, 台灣民主運動四十年 
25850073, 6.4, 304, 不小心
25714483, 8.0, 58, 台湾老兵口述历史 
25901647, 7.8, 67, 假如，给你一间老房子 
25714423, 8.6, 39, 我的心，我的眼，看見台灣 
4882138, 7.3, 101, 1949大撤退 
1360920, 9.3, 26, 进阶黑白摄影 
6872567, 7.1, 121, 給我看你的手帳吧！ 
23155737, 8.6, 37, 张晓风经典作品系列 
26842354, 9.5, 23, 吉他手的小動作 
4732889, 9.3, 25, 背海的人（上） 
26201987, 8.9, 30, 建筑师王大闳：1942—1995 
10746122, 7.8, 61, 幌马车之歌 
6721974, 7.7, 66, 蔣道設計 
26706618, 8.5, 37, 种地书 
2131804, 9.1, 26, 多桑——吳念真電影劇本 
26320429, 8.3, 41, 东西建筑十讲 
26297881, 8.0, 50, 少年绿皮书 
2294522, 8.2, 43, 給青年知識追求者的信 
1339917, 7.3, 84, 惡女書 
26113847, 8.5, 35, 原來手帳這樣玩 
25743432, 9.1, 25, 彳亍躓頓七十年 
2335795, 7.6, 64, 台北創意散步學 
21345894, 7.1, 100, 汤圆与白香饼 
26148721, 7.7, 59, 寻路青春 
26284598, 7.7, 57, 书滋味 
20512916, 7.6, 62, 第十九層地獄 
2030113, 8.5, 33, 最後的黃埔：老兵與離散的故事 
6068237, 9.3, 22, 楊牧詩集 III 
25708817, 7.4, 72, 文具手帖Season 02：夏の記憶 
1432535, 7.5, 66, 我就是孩子氣 
26678752, 8.7, 28, 我等就来唱山歌 
6718279, 6.2, 264, AV春秋 
1642014, 8.2, 37, 看海的日子 
26702952, 8.1, 39, 两个父亲 
2204030, 8.8, 26, 物与物质文化 
25953659, 7.2, 75, 台共党人的悲歌 
1343342, 7.3, 69, YILAN的台灣生活滋味 
25907847, 8.3, 33, 在遠方相遇 
26767764, 7.9, 42, 无悔 : 陈明忠回忆录 
11541367, 6.2, 234, 阿宅的奇幻事务所 
1371839, 8.0, 39, 月球姓氏 
6788195, 8.4, 30, 忠孝公园 
3557523, 8.4, 30, 如果可以，我只想告訴你快樂的事。 
25814439, 7.4, 57, 祖父的六抽小柜 
5392417, 8.6, 25, 尋百工 
2081784, 8.1, 33, 台北旅遊全攻略 
26841126, 9.0, 20, Design by wangzhihong.com 
10827877, 8.9, 21, 小鎮生活指南 
26341423, 7.4, 51, 银盐热 
26759612, 8.8, 21, TYPOGRAPHY 字誌  Issue 01 
1465005, 8.9, 20, 本事 
26390364, 9.1, 18, 民歌40 
25858001, 7.5, 46, 台湾舌头 
23801448, 7.0, 68, 台湾肚皮 
20472773, 7.5, 44, 我不可告人的乡愁 
26428568, 7.4, 44, 洄澜 
25987746, 7.4, 44, 灣生回家 
5407499, 7.9, 30, 包浩斯 
2275854, 7.5, 40, 我旅途中的男人。們 
6873709, 8.2, 25, 現代「抒情傳統」四論 
26341979, 7.8, 29, 我最亲爱的 
26575905, 8.3, 21, 敵人的櫻花 
25859626, 7.5, 34, 厨房里的双人舞 
1361850, 7.3, 39, 迷園 
1786505, 7.7, 28, 原鄉人 
6314089, 8.1, 21, 二手書店的旅行 
1369313, 8.1, 20, 菜市場魚圖鑑 
6976538, 7.8, 22, 台湾“土改”的前前后后 
26274506, 8.1, 18, A夢 
26337439, 6.5, 49, 关键十六天 
20516538, 8.1, 16, 重構台灣 
26797994, 7.0, 30, 去台北 
26393802, 7.9, 17, 廣告表示：╴╴╴。 
26839598, 5.9, 65, 岩松看台湾 
1387972, 8.0, 13, 台灣－分裂國家與民主化 
3174297, 7.9, 13, 滚滚辽河 
26899884, 7.2, 19, 暗夜传灯人 
3036904, 7.7, 12, 十字架上的校長：張敏之夫人回憶 
26285564, 7.2, 15, 解剖裝幀 
26815775, 7.3, 13, 云水读年 
3874400, 7.6, 10, 回歸現實 
26903963, 7.2, 11, 遇见台湾：邂逅在岛屿的火车上 
