Tag: 哲学 
The number of books: 620 

ID, Rating, Votes, Title
1084336, 9.0, 211098,  小王子 
1017143, 8.5, 129835,  不能承受的生命之轻 
25985021, 9.3, 17295,  人类简史 
1045818, 8.5, 59058,  苏菲的世界 
4242172, 8.3, 84367,  天才在左 疯子在右 
1059258, 9.4, 9723,  道德经 
3026879, 8.8, 13268,  爱的艺术 
1963912, 8.8, 12239,  正见 
5375620, 8.8, 11214,  失控 
3261600, 9.3, 5562,  人生的智慧 
1004821, 8.7, 12774,  理想国 
1008189, 8.9, 8640,  西方哲学史（上卷） 
1021273, 8.8, 9708,  中国哲学简史 
1077528, 8.9, 8047,  通往奴役之路 
2046236, 9.3, 4696,  庄子 
1949420, 9.3, 4696,  孙子兵法 
1964774, 9.0, 6902,  论语 
1291204, 9.4, 3872,  哥德尔、艾舍尔、巴赫 
1277981, 8.8, 8052,  社会契约论 
1060774, 8.7, 8565,  君主论 
2076623, 9.5, 2977,  金刚经 
1431870, 9.1, 4459,  源泉 
1409704, 8.9, 5758,  金刚经说什么 
1034067, 8.8, 6087,  美的历程 
5408882, 9.1, 3985,  公正 
1003986, 8.8, 5831,  病隙碎笔 
2359003, 8.2, 14024,  沉思录 
1012032, 8.6, 7376,  查拉图斯特拉如是说 
1004699, 8.9, 4440,  作为意志和表象的世界 
6152040, 9.1, 3108,  维特根斯坦传 
6425061, 8.6, 5824,  哲学家们都干了些什么？ 
3697494, 9.1, 3029,  洞穴奇案 
1012307, 9.1, 3003,  规训与惩罚 
1045716, 8.7, 4876,  人生中不可不想的事 
1011215, 8.8, 4292,  论语别裁(上下) 
1089398, 8.9, 3525,  西方哲学史（下卷） 
1004322, 8.6, 5216,  第二性 
2212371, 9.0, 3022,  先知 
1287865, 9.4, 1909,  老子 
1071227, 9.0, 2898,  大问题 
1063852, 8.8, 3583,  悲剧的诞生 
1049522, 8.8, 3631,  西西弗的神话 
1036541, 8.7, 4074,  疯癫与文明 
1005193, 8.6, 4665,  重新认识你自己 
1286547, 8.6, 4645,  菜根谭 
1017238, 8.8, 3499,  美学散步 
1015864, 9.0, 2658,  惶然录 
2216583, 8.8, 3396,  沉重的肉身 
3899039, 8.1, 9302,  刺猬的优雅 
1038292, 8.6, 4407,  精神分析引论 
3765331, 8.6, 4373,  恋人絮语 
1216737, 8.9, 2780,  纯粹理性批判 
1040466, 8.9, 2780,  谈美 
2381748, 9.1, 2155,  金刚经 心经 坛经 
1534951, 8.9, 2715,  逃避自由 
1433411, 8.8, 3025,  新教伦理与资本主义精神 
1079252, 8.2, 6824,  爱情笔记 
1065977, 8.6, 3834,  共产党宣言 
1269900, 8.2, 6669,  活法 
2025235, 9.1, 2020,  顾准文集 
3834938, 8.3, 5632,  与神对话（第一卷） 
2033081, 8.2, 6399,  身份的焦虑 
1783111, 8.7, 3117,  存在与时间 
1033248, 8.9, 2423,  幸福之路 
2083981, 8.7, 3143,  了凡四训 
1139360, 9.1, 1877,  毛泽东选集 第一卷 
1400195, 8.7, 2981,  论自由 
2296687, 8.5, 3865,  纸牌的秘密 
1034066, 9.1, 1801,  加缪文集 
2302217, 8.8, 2529,  阿特拉斯耸耸肩（上下） 
1292412, 9.1, 1760,  叔本华思想随笔 
1460340, 8.9, 2205,  人性的，太人性的 
1045201, 8.2, 5713,  哲学的慰藉 
1010204, 8.5, 3706,  宽容 
6811366, 8.3, 4805,  禅与摩托车维修艺术 
1033163, 9.2, 1539,  老子注译及评介 
2149717, 8.9, 2174,  庄子　　（上） 
1079104, 8.6, 3153,  尼采：在世纪的转折点上 
1829799, 8.7, 2740,  爱的觉醒 
1315213, 9.0, 1906,  中国文化要义 
6526752, 8.8, 2399,  生命之书 
1721111, 8.6, 3088,  周国平人生哲思录 
5940553, 8.8, 2371,  当尼采哭泣 
3740431, 8.4, 3953,  灵魂只能独行 
1051919, 9.3, 1327,  庄子今注今译（全三册） 
1066108, 8.6, 3010,  易经杂说 
1849409, 9.1, 1565,  易经 
1489670, 8.7, 2503,  老子他说 
10601137, 7.7, 10955,  你永远都无法叫醒一个装睡的人 
1489494, 8.5, 3116,  人与永恒 
1005354, 9.1, 1484,  逻辑哲学论 
1015748, 8.9, 1842,  开放社会及其敌人（全二卷） 
4745950, 9.2, 1321,  第二性Ⅱ 
3007268, 9.3, 1170,  传习录 
3003032, 9.2, 1281,  浪漫主义的根源 
1070007, 8.8, 1969,  致命的自负 
1071023, 8.6, 2391,  谈谈方法 
1116367, 8.7, 2018,  道德情操论 
1492634, 8.3, 3361,  生活的艺术 
1028268, 8.8, 1726,  正义论 
1051943, 9.1, 1236,  尼各马可伦理学 
1027280, 9.2, 1118,  柏拉图的《会饮》 
1150503, 9.0, 1360,  资本论（第一卷） 
1060531, 8.5, 2396,  忏悔录 
6073019, 9.1, 1180,  斐多 
1468426, 8.7, 1846,  利维坦 
1123740, 9.5, 763,  科学革命的结构 
1077129, 8.5, 2312,  一生的学习 
1438539, 8.7, 1813,  西方美学史 
1022318, 8.7, 1776,  爱弥儿 
1317485, 8.6, 2020,  生命是什么 
1135734, 8.6, 1976,  追寻生命的意义 
1657455, 8.6, 1973,  论人类不平等的起源和基础 
6558202, 9.0, 1240,  容忍与自由 
1004318, 8.3, 2893,  守望的距离：周国平散文集 
1005915, 8.8, 1514,  艺术哲学 
1116338, 9.1, 1058,  叔本华论说文集 
1070410, 8.9, 1301,  柏拉图对话集 
1030898, 8.8, 1454,  复杂 
1034259, 8.5, 2058,  小逻辑 
1252057, 8.9, 1273,  1844年经济学哲学手稿 
10877051, 9.0, 1123,  顾城哲思录 
1315184, 9.0, 1107,  哲学研究 
1036446, 8.9, 1242,  诗学 
1004539, 8.5, 2005,  爱与孤独 
2221115, 9.0, 1055,  庄子　　（下） 
1400030, 8.7, 1443,  推理的迷宫 
1258513, 8.5, 1843,  爱与寂寞 
1016930, 9.0, 1039,  论法的精神（上） 
2060491, 8.9, 1135,  逻辑学导论 
3463292, 9.2, 829,  叔本华美学随笔 
1433192, 9.0, 1010,  普通语言学教程 
1030554, 8.5, 1689,  恶心 
4766921, 8.9, 1054,  解体概要 
1456524, 7.9, 3819,  这个世界会好吗 
1000213, 8.5, 1666,  迎向灵光消逝的年代 
2213463, 8.7, 1282,  拯救与逍遥 
4589142, 9.7, 477,  Book 
1041452, 8.4, 1823,  存在与虚无 
3431988, 9.1, 812,  人的境况 
1137244, 9.1, 807,  判断力批判 
2170983, 9.0, 903,  苏格拉底的申辩 
1253292, 9.1, 793,  老子今注今译 
3750309, 8.4, 1760,  安静的位置 
1005692, 8.4, 1722,  西方哲学史 
1005813, 9.0, 855,  自由秩序原理 
1077196, 8.6, 1288,  蒙田随笔全集（全三册） 
1076280, 8.7, 1150,  第一哲学沉思集 
3260902, 8.8, 1012,  智慧书 
2209227, 8.3, 1839,  一个孤独漫步者的遐想 
1254278, 8.7, 1129,  思想录 
1921589, 8.9, 906,  周易 
1251839, 8.6, 1246,  权力意志 
6310320, 8.7, 1100,  人都是要死的 
1024785, 9.1, 712,  西方现代思想史 
1729284, 8.0, 2608,  单行道 
5422665, 8.0, 2594,  大设计 
1437687, 8.7, 1045,  性经验史 
25978763, 8.9, 832,  僧侣与哲学家 
1276479, 8.8, 928,  发达资本主义时代的抒情诗人 
3389811, 8.7, 996,  西方哲学史（修订第8版） 
4120485, 9.3, 539,  加缪全集（散文卷Ⅰ） 
1393233, 9.2, 583,  古典时代疯狂史 
1787729, 8.4, 1375,  单向度的人 
1911687, 7.4, 5804,  厚黑学 
1070246, 8.6, 1053,  置身于苦难与阳光之间 
1025001, 8.5, 1191,  东方学 
1077428, 9.1, 618,  自然权利与历史 
1030294, 8.8, 834,  林中路 
1021702, 8.6, 1051,  偶像的黄昏 
1070820, 8.7, 924,  上帝与新物理学 
1203421, 9.3, 497,  王阳明全集（全二册） 
25928708, 8.6, 1004,  佛祖都说了些什么? 
2287712, 8.8, 807,  美国精神的封闭 
6965746, 8.2, 1634,  科技想要什么 
2568268, 8.9, 734,  四种爱 
3117247, 9.0, 652,  中国古代思想史论 
3722967, 8.3, 1421,  人生十论 
1022232, 8.6, 989,  中国思想史（全三册） 
4244859, 8.4, 1235,  超越金融 
4898627, 8.3, 1386,  禅者的初心 
26369699, 8.5, 1085,  被讨厌的勇气 
1077833, 8.7, 864,  形而上学 
1970116, 8.1, 1762,  这一代人的怕和爱 
1064101, 8.7, 841,  中国哲学史（上下） 
1223897, 9.1, 562,  实践理性批判 
1247769, 8.6, 939,  家庭、私有制和国家的起源 
1053526, 8.4, 1179,  哲学与人生 
3283762, 9.1, 553,  柏拉图文艺对话集 
1274953, 8.7, 824,  伦理学 
2111791, 8.7, 826,  哲学问题 
1214303, 8.8, 735,  韩非子 
1256282, 8.5, 1021,  心灵自由之路 
10594802, 8.0, 1898,  写给无神论者 
1178535, 8.6, 869,  人性论（上下） 
3241907, 8.3, 1246,  维特根斯坦笔记 
3773959, 8.4, 1101,  只有一个人生 
1035600, 8.6, 846,  福柯的生死爱欲 
1322336, 9.0, 561,  控制论与科学方法论 
3238339, 8.7, 747,  人以什么理由来记忆 
1095849, 8.8, 655,  词与物 
1398463, 9.1, 492,  萨特文集（全八卷） 
1206206, 8.2, 1301,  皇帝新脑 
1160320, 8.8, 658,  政治学 
3213781, 9.1, 488,  启迪 
3117249, 9.0, 542,  华夏美学　美学四讲 
14439405, 8.9, 583,  哲学的故事 
1073143, 8.8, 653,  美学(第一卷) 
1227966, 7.8, 2123,  你的第一本哲学书 
2999785, 8.6, 782,  塔木德 
1073063, 8.6, 779,  人论 
1915375, 8.8, 621,  西方的没落（全二卷） 
1038979, 8.6, 761,  道德理想国的覆灭 
2271222, 9.1, 456,  鬼谷子（第二版） 
2115906, 9.1, 448,  周易译注（全二册） 
3894081, 8.7, 665,  最后的日记 
1058229, 8.7, 666,  智慧书 
1077621, 8.8, 596,  毛泽东选集 第三卷 
3029210, 9.2, 404,  哥德尔证明 
2061863, 8.6, 727,  自私的德性 
1316536, 8.6, 730,  萨特读本 
3389460, 8.9, 530,  空间的诗学 
1319893, 8.1, 1255,  当和尚遇到钻石 
1074030, 8.3, 965,  西方哲学十五讲 
4122992, 8.6, 680,  人生的三路向 
1245533, 8.6, 680,  论优美感和崇高感 
1507315, 9.0, 450,  自然哲学之数学原理 
1017334, 9.0, 446,  没有个性的人 
3132641, 8.8, 536,  中国现代思想史论 
1091964, 9.0, 441,  路易　波拿巴的雾月十八日 
1986050, 8.8, 532,  哲学 科学 常识 
1012380, 8.8, 516,  精神现象学（上卷） 
3401286, 8.2, 982,  冷记忆1 
1918220, 8.4, 769,  性与性格 
20435635, 8.6, 606,  里斯本夜车 
26827590, 8.9, 441,  八万四千问 
1817332, 8.8, 487,  爱因斯坦谈人生 
1110656, 8.8, 488,  语言哲学 
2278535, 8.5, 656,  哲学的邀请 
1722020, 8.7, 528,  最初和最终的自由 
1051659, 8.9, 432,  我与你 
3550249, 8.9, 431,  科学哲学 
3803268, 8.5, 645,  历史决定论的贫困 
1810944, 8.7, 525,  启蒙辩证法 
1392562, 8.5, 648,  康德哲学讲演录 
4189215, 9.2, 320,  灵之舞 
1731081, 9.1, 336,  叔本华论道德与自由 
1069576, 8.5, 602,  西方哲学史 
1652617, 9.3, 285,  任何一种能够作为科学出现的未来形而上学导论 
3265827, 8.9, 403,  人的自我寻求 
2222359, 8.9, 398,  非理性的人 
10540308, 8.4, 644,  走进生命的学问 
1958791, 9.1, 324,  朝霞 
2306659, 9.0, 356,  道德经心释（上下） 
1784921, 8.9, 390,  论道德的谱系 
1270511, 8.1, 921,  湖上闲思录 
1022187, 8.3, 718,  知识考古学 
24721654, 8.8, 424,  红书 
3669381, 8.8, 425,  坏世界研究 
1484492, 8.9, 382,  20世纪思想史 
20273773, 8.2, 789,  人生的意义 
1828292, 8.6, 509,  黑暗时代的人们 
1177968, 8.5, 567,  建筑的永恒之道 
11620497, 8.2, 775,  简单的艺术 
1799770, 8.6, 497,  中国美学十五讲 
1020537, 8.8, 413,  历史的观念 
1810945, 8.5, 547,  东西文化及其哲学 
1852677, 8.5, 549,  爱与生的苦恼 
3784639, 8.6, 489,  超越时空 
6010792, 8.5, 547,  与神对话（第三卷） 
3222065, 8.6, 484,  伦理学与生活 
1271862, 9.2, 278,  偶然、反讽与团结 
4833802, 8.9, 364,  薄伽梵歌 
1074364, 8.9, 361,  哲学史讲演录(第一卷) 
1276771, 8.1, 844,  政府论（上篇） 
1500045, 8.7, 432,  猜想与反驳 
5396636, 9.2, 270,  资本主义与精神分裂 （卷二） 
1927487, 7.7, 1354,  乌托邦 
2285230, 7.8, 1192,  玛雅 
25774978, 8.7, 418,  眼泪与圣徒 
6773583, 9.0, 313,  意识光谱 
5312096, 8.9, 343,  反抗者 
1320925, 8.6, 457,  朝话 
4246032, 9.4, 222,  西方哲学史讲演录 
1083309, 8.9, 339,  论可能生活 
1057095, 8.6, 449,  一切坚固的东西都烟消云散了 
1525734, 8.8, 370,  德意志意识形态 
1071514, 8.8, 372,  西方哲学原著选读(下卷) 
25911978, 7.6, 1475,  知行合一王阳明（1472　1529） 
3236762, 9.0, 300,  事事本无碍 
1895965, 8.6, 427,  鬼谷子 
1052276, 8.9, 318,  路标 
1255584, 8.4, 511,  时间与自由意志 
3546574, 8.8, 342,  扭曲的人性之材 
1811507, 8.6, 415,  历史哲学 
3144300, 9.2, 243,  通向实在之路 
3823020, 8.8, 337,  性、生态、灵性 
26363926, 8.6, 402,  何为良好生活 
17153313, 8.9, 303,  哲学导论 
1070274, 8.5, 445,  人的宗教(修订版) 
3027232, 8.2, 620,  人往低处走 
1913947, 8.3, 541,  万物简史 
5377278, 8.2, 606,  西方哲学简史 
5905979, 8.8, 319,  斜目而视 
4857097, 8.9, 289,  政治思考 
1615235, 8.2, 581,  蒙田随笔 
2281420, 8.8, 315,  巴坦加里的瑜伽经 
1024677, 8.2, 571,  上帝死了 
2249390, 8.5, 407,  弗兰西斯　培根：感觉的逻辑 
3689121, 8.4, 455,  美国 
26319527, 8.1, 614,  性学三论 
4835563, 8.8, 299,  奥义书 
3874395, 8.9, 272,  思想的力量 
1366878, 9.3, 192,  与神对话 
6540232, 8.8, 290,  过去与未来之间 
1032341, 9.2, 204,  帛书老子校注 
1809130, 8.7, 306,  野性的思维 
1048712, 8.4, 407,  柏拉图全集（第一卷） 
1095500, 8.8, 276,  意识形态的崇高客体 
1775264, 8.2, 488,  景观社会 
1778511, 8.6, 326,  象征交换与死亡 
10488580, 9.0, 229,  鬼谷子 
5214612, 8.2, 492,  福柯 
1257434, 7.9, 694,  马斯洛人本哲学 
26320417, 8.9, 245,  自然社会 
2987179, 8.7, 290,  科学究竟是什么 
3865978, 8.7, 290,  神话修辞术/批评与真实 
1197956, 8.8, 261,  权力论 
1040538, 8.2, 476,  中国哲学史大纲 
6139564, 8.9, 236,  雅克　拉康 
4115076, 7.8, 739,  伍迪　艾伦与哲学 
10434858, 8.6, 311,  我们为什么离正义越来越远 
1066008, 8.7, 279,  非此即彼 
1827054, 9.1, 196,  诺斯替宗教 
1462846, 8.8, 249,  克尔凯戈尔日记选 
1963430, 8.7, 269,  欧洲思想史 
1476920, 9.1, 191,  五十奥义书 
1176241, 9.2, 177,  宗教思想史 
1032062, 8.3, 397,  路德维希　费尔巴哈和德国古典哲学的终结 
3743038, 9.5, 140,  写给孩子的哲学启蒙书（共6册） 
10449401, 9.3, 162,  现代性的神学起源 
6431982, 9.1, 190,  说理 
1443662, 9.2, 175,  拒斥死亡 
5028585, 8.5, 318,  关系之镜：两性的真爱 
25867785, 8.8, 239,  正义之心 
2283665, 9.2, 172,  来自德国的大师 
1419432, 8.0, 525,  熵：一种新的世界观 
2296820, 8.8, 235,  现象学的观念 
1034534, 8.0, 519,  人，诗意地安居 
3074160, 9.0, 196,  普鲁斯特与符号 
1072739, 8.5, 301,  时间―影像 
1427824, 8.7, 249,  无政府、国家与乌托邦 
1020182, 8.5, 300,  尼采与柏拉图主义 
26826605, 9.3, 151,  加缪手记 
4712697, 9.0, 190,  康德《纯粹理性批判》句读 
2370421, 9.1, 176,  回忆维特根斯坦 
10485841, 8.8, 223,  作为教育家的叔本华 
1031720, 7.8, 622,  现代西方哲学十五讲 
19964304, 8.0, 471,  爱的多重奏 
11597305, 8.7, 237,  《敌基督者》讲稿 
1085518, 8.4, 309,  临床医学的诞生 
1075311, 8.5, 278,  科学史及其与哲学和宗教的关系 
1391743, 8.3, 342,  四维旅行 
5336230, 8.3, 331,  论诱惑 
1267883, 9.1, 164,  当代政治哲学（上下） 
1320281, 8.5, 276,  数学与知识的探求 
4197707, 9.4, 130,  康德三大批判合集（上下） 
10566979, 8.6, 246,  利维坦的道德困境 
1322413, 8.9, 191,  魏晋玄学论稿 
1315260, 8.7, 222,  时代的精神状况 
2209114, 8.9, 189,  什么是哲学 
2338733, 8.4, 292,  西方的智慧 
25742296, 8.1, 387,  有限与无限的游戏 
4320831, 8.8, 202,  责任与判断 
25859542, 8.0, 437,  耶鲁大学公开课:死亡 
1003013, 8.7, 218,  时尚的哲学 
11589947, 7.8, 544,  这个时代的无知与傲慢 
1101606, 8.3, 318,  聪明人的圣经 
1431735, 8.9, 185,  神圣与世俗 
25923695, 8.0, 436,  电车难题 
2278697, 8.6, 237,  赫拉克利特著作残篇 
4841504, 8.7, 215,  与孤独为伍 
1027384, 9.2, 141,  海德格尔选集（上下） 
6725979, 8.3, 307,  思辨的禅趣 
10785860, 8.6, 229,  现代性 
26278816, 8.7, 204,  耶鲁大学公开课 : 政治哲学 
1059444, 8.2, 329,  二十世纪的教训 
1512490, 8.3, 294,  实用主义 
7057593, 7.5, 718,  尼采的心灵咒语 
25870783, 9.1, 146,  荣耀与丑闻 
25789478, 8.8, 183,  宽忍的灰色黎明 
2979192, 8.6, 218,  矛盾论 
1608312, 8.5, 235,  呻吟语 
21355964, 8.2, 308,  生活的艺术家 
1068301, 8.4, 254,  意识形态与乌托邦 
1053313, 9.0, 153,  巨人与侏儒 
24298157, 8.9, 163,  来日方长 
19970664, 9.4, 113,  柏拉图对话中的神 
3117984, 9.1, 140,  康德《判断力批判》释义 
10355298, 9.2, 128,  论柏拉图的《会饮》 
10581521, 8.8, 170,  西方人文主义传统 
1843001, 8.5, 218,  给莉莉的信 
26214387, 8.2, 287,  安　兰德传 
1049797, 8.4, 237,  科学的反革命 
1245505, 8.5, 218,  自然宗教对话录 
10608218, 7.7, 502,  价值的理由 
4291662, 8.6, 200,  时间的故事 
6710686, 9.0, 141,  生命政治的诞生 
11626392, 7.8, 435,  这不是一只烟斗 
1018272, 8.2, 280,  通向哲学的后楼梯 
1956018, 8.8, 162,  世界哲学史 
1080481, 7.7, 473,  色情史 
1027977, 9.0, 137,  新科学 
1430203, 8.8, 157,  系统的哲学 
5503967, 8.5, 205,  织梦人 
1003692, 8.5, 199,  真实世界的脉络 
1814298, 8.7, 169,  德勒兹论福柯 
23780616, 8.7, 169,  一个悲观主义者的积极思考 
1086511, 8.5, 199,  人类的知识 
5257777, 8.6, 184,  每个人的政治 
2184710, 8.3, 238,  生命的悲剧意识 
1894641, 8.9, 141,  科学与假设 
3222291, 8.5, 195,  意识的解释 
26150390, 7.9, 345,  你会杀死那个胖子吗？ 
5373892, 8.2, 251,  宗教的本质 
1841445, 8.9, 136,  物理学和哲学 
1369755, 9.0, 126,  The Production of Space 
24733022, 8.7, 159,  莱布尼茨不是黄油饼干 
10544787, 8.8, 143,  暴力 
3370214, 8.1, 266,  深奥的简洁 
24699866, 7.5, 527,  反对完美 
26852425, 8.9, 128,  什么是科学 
1322992, 8.3, 212,  理解人性 
1455960, 8.3, 213,  人有人的用处 
26584727, 9.1, 110,  柏拉图四书 
20472904, 9.2, 102,  第一哲学的支点 
26136989, 8.3, 206,  王阳明大传：知行合一的心学智慧（全三册） 
26723539, 8.8, 132,  事件 
3226085, 9.0, 114,  论真理的本质 
1065053, 8.8, 133,  在事实与规范之间 
26004339, 9.2, 97,  伊西斯的面纱 
20549889, 7.0, 919,  厨房里的哲学家 
25752408, 9.2, 97,  黑格尔导论 
24870782, 8.4, 181,  青年王阳明：行动中的儒家思想（杜维明作品系列） 
2284288, 8.7, 141,  善的脆弱性 
1443526, 8.2, 220,  新工具 
3413840, 8.7, 141,  思辨的张力 
1878630, 8.8, 131,  理性与自由 
26609148, 9.1, 103,  声名狼藉者的生活 
1055629, 8.3, 196,  德国悲剧的起源 
20284227, 8.4, 178,  欢迎来到实在界这个大荒漠 
25723773, 9.0, 109,  柏拉图对话录 
25885921, 7.5, 443,  摩托车修理店的未来工作哲学 
1258341, 8.7, 137,  无法还原的象 
2157346, 8.3, 190,  笛卡尔的错误 
1252661, 8.8, 123,  追寻美德 
26667007, 9.2, 91,  思虑20世纪 
26892222, 8.2, 198,  生活的哲学 
3022640, 8.0, 238,  逻辑学十五讲 
2281398, 8.6, 140,  海德格尔思想与中国天道 
2984358, 9.2, 89,  新唯识论 
2141589, 8.7, 128,  眼与心 
6716364, 9.1, 94,  美学 
26590147, 7.7, 321,  正义的可能 
4809797, 8.6, 136,  论生命之短暂 
3349509, 8.5, 146,  科学发现的逻辑 
26581735, 9.0, 98,  黑格尔 
7163150, 8.5, 143,  本真性的伦理 
26683648, 8.6, 131,  民主的不满 
10517695, 6.7, 1184,  你以为你以为的就是你以为的吗 
1082468, 8.8, 112,  维特根斯坦全集（全12卷） 
4313495, 8.4, 154,  哈贝马斯 
6717822, 8.5, 141,  中国思想史 
1464432, 8.7, 121,  水与梦 
1783734, 8.0, 221,  现代性与后现代性十五讲 
1044912, 8.2, 179,  晚学盲言（上下） 
22513668, 8.3, 162,  逻辑要义 
2217312, 9.0, 94,  西方马克思主义探讨 
26612363, 8.1, 192,  每当我找到生命的意义，它就又变了 
10748231, 9.3, 76,  哲学论稿 
1442650, 8.5, 132,  火的精神分析 
1342974, 8.9, 96,  　影I：　　-影像  
1809674, 9.3, 73,  徐梵澄文集 
4861820, 8.1, 182,  简明逻辑学导论 
26853494, 9.2, 77,  行者玄奘 
6529665, 6.8, 872,  马克思为什么是对的 
25712066, 7.7, 263,  当哲学家遇上心理医生 
25963469, 8.5, 125,  好好讲道理 
2082154, 8.8, 98,  历史的起源与目标 
26184242, 8.4, 132,  无穷的开始 
1775813, 8.3, 140,  存在的勇气 
24733797, 8.8, 93,  哥特建筑与经院哲学 
26769136, 8.7, 97,  为什么长大？ 
26411141, 7.4, 330,  世界为何存在？ 
26627933, 8.7, 98,  宋明理学十五讲 
1012962, 8.8, 91,  货币哲学 
10600614, 8.6, 106,  哲学与人生 （第二版） 
1462854, 8.9, 83,  理想的冲突 
1393220, 9.0, 77,  启蒙运动与现代性 
26733566, 8.1, 152,  知识大融通 
26644896, 8.3, 128,  我是谁？ 
25906248, 8.4, 117,  导读德勒兹 
2219765, 9.0, 76,  十力语要 
3561136, 8.8, 87,  逻辑之旅 
25798589, 9.1, 70,  潜能 
1887249, 8.9, 79,  Homo Sacer 
25732544, 8.7, 91,  福柯 / 布朗肖 
1467300, 8.2, 135,  黑格尔导读 
1345857, 8.5, 106,  51　物　 
1146062, 8.2, 136,  色情、耗费与普遍经济 
24301821, 8.5, 104,  要么孤独要么庸俗 
1061216, 8.9, 76,  语言哲学 
24697397, 9.1, 65,  畏惧与颤栗 恐惧的概念 致死的疾病 
4236619, 8.4, 105,  福柯读本 
10482772, 8.5, 98,  寻常物的嬗变 
3057741, 7.8, 180,  推背　 
26879317, 7.9, 160,  王阳明：一切心法 
1068872, 8.3, 113,  结构主义以来：从列维-斯特劳斯到德里达 
1272898, 8.7, 83,  自我的根源 
1292314, 8.4, 103,  理性、真理与历史 
4208898, 8.4, 102,  心灵种种 
26818873, 7.9, 151,  我们都是食人族 
6062279, 9.2, 57,  现象学运动 
26672408, 6.9, 464,  本书书名无法描述本书内容 
26774090, 8.5, 85,  内在体验 
26609146, 9.3, 51,  自我技术 
25813166, 9.4, 48,  无限与视角 
26791174, 8.9, 65,  死亡哲学：耶鲁大学第一公开课 
25733132, 8.8, 69,  康德政治哲学讲稿 
25834607, 7.9, 137,  自由的进化 
1066774, 8.2, 106,  创造进化论 
26159020, 8.8, 67,  视差之见 
26767504, 8.2, 105,  孤独 
26077095, 7.8, 148,  论家用电器 
3111282, 8.7, 72,  世界的逻辑构造 
4219498, 9.7, 39,  李泽厚集 
26689619, 8.7, 71,  落叶：关于生命、爱情、战争与信仰的遗言 
1965596, 8.7, 71,  科学与方法 
4909051, 8.7, 68,  历史讲演录 
1970595, 7.6, 167,  商人为什么需要哲学 
25987241, 8.7, 65,  享受你的症状！ 
26828226, 9.1, 50,  加缪手记：第二卷 
26320047, 8.7, 62,  浪漫主义宣言 
1226635, 8.3, 83,  思维方式 
25873059, 9.4, 40,  康德的先验观念论 
25817569, 8.5, 69,  世界观 
1420947, 9.1, 46,  逻辑与语言 
26770923, 8.2, 83,  与哲学家一起思考 
25932026, 8.5, 67,  导读布朗肖 
25900379, 8.7, 58,  导读利奥塔 
3062835, 8.0, 96,  快乐学哲学 
11607197, 9.2, 42,  近代物理科学的形而上学基础 
1256125, 8.5, 64,  技术与时间 
26828229, 9.4, 37,  加缪手记：第三卷 
1440001, 9.3, 39,  Darwin&#39;s Dangerous Idea: Evolution and the Meanings of Life 
19944239, 8.0, 92,  图像的命运 
1755628, 7.6, 132,  筑就我们的国家 
1723320, 8.9, 47,  梁漱溟全集（第一卷） 
1281180, 7.3, 165,  《耶路撒冷的艾希曼》:伦理的现代困境 
26638771, 8.4, 64,  艺术的共谋 
25810167, 7.7, 112,  哲学百科 
26879423, 9.0, 42,  孩子是个哲学家 
4201181, 8.0, 80,  空钓寒江 
26413998, 9.0, 40,  语言的圣礼：誓言考古学 
26221429, 8.2, 67,  李安哲学 
25873525, 9.1, 37,  哲学的邀请：问题与选择 
25965654, 9.2, 35,  政治的神学 
25822107, 8.3, 58,  未来考古学 
1484111, 8.5, 51,  个人知识 
2072973, 8.5, 50,  有无之间 
26364134, 9.0, 37,  建筑与现代性 
3267936, 8.5, 50,  当代知识论 
1073384, 8.3, 56,  复杂性中的思维 
4859891, 9.9, 23,  数学、科学和认识论 
26770827, 8.6, 44,  不可言明的共通体 
6060527, 9.0, 35,  爱因斯坦文集（全三卷） 
6794355, 8.5, 47,  希望的原理（第1卷） 
1133376, 8.9, 37,  迷途指津 
1915290, 7.8, 76,  现代物理学与东方神秘主义 
26711191, 8.4, 48,  简单的哲学 
25764539, 8.6, 42,  德里达传 
1955325, 8.3, 50,  休谟散文集 
26279443, 8.9, 34,  圣保罗 
1018056, 9.1, 30,  王阳明与明末儒学 
1157323, 8.0, 58,  政治论 
1676619, 8.7, 36,  智慧与魔咒 
26318563, 8.6, 36,  别忘记生活 
26726213, 9.1, 27,  说真话的勇气 
20394055, 8.5, 38,  没有时间的世界 
26808914, 8.2, 45,  文字即垃圾：危机之后的文学 
2978197, 7.6, 68,  经过省察的人生 
25853014, 8.3, 41,  恶的美学历程 
4225862, 8.5, 35,  话语，图形 
25783058, 8.0, 47,  作为生产者的作者 
26760849, 8.5, 33,  自我 
19897857, 8.4, 35,  神话研究（上） 
26177185, 8.8, 27,  政治哲学 
25964041, 8.7, 28,  列宁主义 
24298890, 8.4, 32,  影子简史 
26770824, 7.9, 42,  福柯的最后一课：关于新自由主义，理论和政治 
25725216, 9.0, 22,  雅各布　布克哈特 
26663535, 9.3, 19,  善恶的彼岸 
26865410, 9.5, 17,  入世哲学家 
25913516, 8.8, 22,  悖论研究 
26812868, 8.3, 28,  吃的美德 
26928435, 7.9, 34,  语言的第七功能 
26371104, 7.2, 54,  哲学的快乐 
1839914, 8.8, 19,  Totality and Infinity 
26577425, 8.8, 19,  没有内容的人 
25900373, 7.9, 31,  作为生活方式的哲学 
26539803, 7.4, 42,  没有上帝的宗教 
26694861, 8.3, 23,  影响的剖析 
26562299, 8.4, 19,  根本恶 
26823147, 8.3, 18,  导读鲍德里亚（原书第2版） 
25914626, 8.5, 14,  Knowledge 
26821908, 8.4, 14,  朋友之间 
26868404, 8.3, 10,  灾异的书写 
26899424, 7.8, 12,  艺术与诸众 
26606369, 7.8, 10,  自然的政治 
26816953, 7.4, 10,  图像的肉身 
