Tag: 商务印书馆 
The number of books: 120 

ID, Rating, Votes, Title
1013208, 8.5, 26155, 如何阅读一本书 
1004821, 8.7, 12779, 理想国 
1008189, 8.9, 8644, 西方哲学史（上卷） 
1277981, 8.8, 8056, 社会契约论 
1060774, 8.7, 8566, 君主论 
1089398, 8.9, 3528, 西方哲学史（下卷） 
1038292, 8.6, 4410, 精神分析引论 
1071023, 8.6, 2392, 谈谈方法 
1051943, 9.1, 1236, 尼各马可伦理学 
1439441, 8.9, 1454, 伯罗奔尼撒战争史 
1022318, 8.7, 1778, 爱弥儿 
1057653, 8.7, 1338, 草原帝国 
1076280, 8.7, 1150, 第一哲学沉思集 
1254278, 8.7, 1129, 思想录 
1211052, 8.5, 1242, 罗马帝国衰亡史（上册） 
1427023, 9.0, 663, 希罗多德历史（上下） 
1077833, 8.7, 864, 形而上学 
1274953, 8.7, 824, 伦理学 
2111791, 8.7, 826, 哲学问题 
1043613, 8.4, 1117, 工作与时日 神谱 
1178535, 8.6, 869, 人性论（上下） 
1075249, 8.9, 623, 西方哲学原著选读(上卷) 
1160320, 8.8, 658, 政治学 
1073143, 8.8, 653, 美学(第一卷) 
1013058, 7.8, 2211, 武士道 
25876750, 9.0, 459, 看不见的森林 
1245533, 8.6, 680, 论优美感和崇高感 
1511912, 8.4, 814, 高卢战记 
1455362, 9.3, 323, 历史理性批判文集 
1228193, 8.4, 775, 回忆苏格拉底 
1418669, 8.6, 562, 社会学方法的准则 
1652617, 9.3, 285, 任何一种能够作为科学出现的未来形而上学导论 
1253835, 9.2, 298, 哲学史教程（上卷） 
1020537, 8.8, 413, 历史的观念 
1276771, 8.1, 845, 政府论（上篇） 
1271862, 9.2, 279, 偶然、反讽与团结 
1039771, 8.9, 356, 法哲学原理 
1927487, 7.7, 1356, 乌托邦 
1171881, 8.0, 866, 有闲阶级论 
1053109, 9.0, 294, 封建社会（上、下卷） 
1853552, 8.5, 452, 中世纪的城市 
1050527, 8.8, 333, 逻辑学（上卷） 
2185235, 8.5, 442, 历史是什么? 
1138452, 8.6, 387, 意大利文艺复兴时期的文化 
1316628, 8.5, 381, 法国革命史 
1116359, 8.5, 355, 忏悔录（第一部） 
1031345, 9.2, 156, 哲学史讲演录（第二卷） 
4753726, 8.9, 176, 宗教与科学 
1116325, 8.6, 216, 人类理解论（上下） 
1130172, 8.6, 201, 塔西佗历史 
1228654, 8.6, 200, 物性论 
1042292, 9.1, 133, 哲学史讲演录(第四卷) 
1047120, 8.3, 253, 神学政治论 
1075174, 8.9, 150, 逻辑学（下卷） 
1245516, 8.8, 152, 纯粹现象学通论 
25947167, 8.8, 147, 可爱的契诃夫 
1160154, 8.0, 295, 亚历山大远征记 
1116342, 9.0, 121, 斯宾诺莎书信集 
1010750, 8.7, 152, 伦理学的两个基本问题 
1135056, 8.4, 186, 道德原则研究 
1036860, 8.0, 267, 艺术的起源 
1512933, 8.2, 219, 基督教的本质 
1442127, 8.3, 196, 法律的道德性 
1723738, 8.5, 156, 雅典政制 
1129291, 8.6, 136, 风俗论（上册） 
1248122, 8.5, 149, 数理哲学导论 
1274030, 7.7, 305, 人口原理 
1448236, 8.1, 202, 欧洲文明史 
1090245, 8.4, 150, 欧洲文学史（第2卷） 
1073103, 8.5, 129, 笛卡尔哲学原理 
11604804, 9.1, 81, 权威与个人 
1023494, 7.8, 235, 罗马史（第一卷） 
1890256, 8.3, 143, 阿奎那政治著作选 
25876133, 8.1, 159, 一平方英寸的寂静 
1062638, 8.5, 103, 法学总论 
1061216, 8.9, 76, 语言哲学 
25930692, 7.6, 211, 吃货辞典 
4736004, 8.9, 70, 美国文明的兴起（上下） 
1116324, 8.7, 67, 征服新西班牙信史（全二册） 
25876107, 8.5, 74, 种子的故事 
25767815, 8.6, 68, 自我颠覆的倾向 
1884698, 7.7, 138, 面包与自由 
25759092, 8.7, 58, 教我如何不想她 
3022778, 9.1, 45, 爱因斯坦传（世界名人传记丛书） 
1510740, 8.1, 88, 全部知识学的基础 
1054616, 8.7, 54, 十九世纪历史学与历史学家（上下） 
1003110, 8.1, 75, 美国政府和美国政治（上下） 
2227774, 9.2, 37, 神话辞典 
6800495, 8.6, 52, 哲学语法 
26423783, 8.5, 48, 树的秘密生活 
1532158, 8.4, 50, 马氏文通 
1245512, 8.2, 50, 莱布尼茨与克拉克论战书信集 
2340632, 8.3, 45, 领导者性格 
1033919, 7.3, 93, 政治中的人性 
26637794, 8.7, 33, 希腊史 
5937107, 9.3, 24, 林肯选集 
25902444, 8.2, 44, 史源学实习及清代史学考证法 
5311619, 8.3, 40, 整合思维 
26873471, 9.1, 23, 汉学书评 
1552452, 8.7, 27, 印度文化史 
4202375, 8.4, 32, 英国史（下册） 
26322355, 8.5, 30, 劝读论语和论语读法 
24385452, 8.8, 25, 中世纪哲学（上下） 
1051113, 7.3, 59, 法兰克人史 
6894906, 7.7, 38, 日本的神道 
20473985, 8.0, 25, 精神的婚恋 
10564112, 7.8, 26, 美国史 
26924202, 8.5, 17, 怎样观察一朵花 
26369696, 6.9, 35, 西医的故事 
26865550, 7.6, 19, 德国天才1 
26661751, 8.1, 13, 史籍举要（修订本） 
25873538, 6.6, 33, 莲花上的狮子 
26836487, 7.4, 17, 李希霍芬中国旅行日记 
25981305, 8.2, 11, 中华民国民主宪法十讲 
26835575, 8.1, 11, 十字军史 
26800340, 7.8, 12, 神风特攻队、樱花与民族主义 
26842558, 7.8, 11, 美感论 
26423412, 7.7, 10, 现代学人的信仰 
26640294, 7.3, 11, 上帝之鞭 
25758933, 7.2, 11, 汴京与临安 
