Tag: 国学 
The number of books: 660 

ID, Rating, Votes, Title
1077847, 9.5, 12166,  史记（全十册） 
1003479, 9.1, 21175,  中国历代政治得失 
1059258, 9.4, 9724,  道德经 
1203426, 9.0, 14249,  人间词话 
1046492, 9.3, 8999,  　史大　（上下） 
1014561, 9.0, 9756,  古文观止 
2046236, 9.3, 4697,  庄子 
1964774, 9.0, 6902,  论语 
1949420, 9.3, 4696,  孙子兵法 
1409704, 8.9, 5758,  金刚经说什么 
1072295, 9.3, 3382,  　治通　（全二十　） 
1014763, 9.2, 3333,  三国志（全五册） 
1011215, 8.8, 4292,  论语别裁(上下) 
1108762, 9.3, 2278,  诗经 
1287865, 9.4, 1910,  老子 
1286547, 8.6, 4645,  菜根谭 
1147193, 9.0, 2589,  世说新语 
1139980, 9.3, 1797,  四　章句集注 
1393724, 9.0, 2345,  楚辞 
1000888, 9.0, 2215,  　　　　 
2083981, 8.7, 3143,  了凡四训 
1033163, 9.2, 1539,  老子注译及评介 
2149717, 8.9, 2174,  庄子　　（上） 
1315213, 9.0, 1906,  中国文化要义 
1066108, 8.6, 3010,  易经杂说 
1051919, 9.3, 1327,  庄子今注今译（全三册） 
2747765, 8.9, 1947,  中国古代文化常识 
1849409, 9.1, 1565,  易经 
1489670, 8.7, 2503,  老子他说 
3007268, 9.3, 1170,  传习录 
1015104, 9.3, 1158,  陶渊明集 
1020547, 8.9, 1723,  论语新解 
1032967, 9.1, 1364,  说文解字 
1041366, 9.3, 1014,  管锥编（全五册） 
1254942, 9.2, 1064,  黄帝内经 
1060298, 8.6, 2090,  思考中医 
1002513, 9.2, 1034,  　　注析（全二　） 
1277267, 8.6, 2031,  国史新论 
1107841, 9.0, 1254,  战国策 
1181370, 9.3, 876,  文心雕龙注(上下) 
1029723, 9.2, 965,  汉书（全十二册） 
1921597, 8.9, 1285,  大学　中庸 
1008094, 9.3, 828,  春秋左　注（全四　） 
2377241, 9.6, 627,  世　新　　疏（全三　） 
1921441, 8.9, 1263,  诗经 
1201835, 9.4, 724,  文字学概要 
1092614, 9.2, 858,  蔡志忠古典漫画（全八册） 
1034470, 9.0, 1047,  柳如是别传（全三册） 
3368865, 9.3, 765,  老子道德经注校释 
2221115, 9.0, 1055,  庄子　　（下） 
1524605, 9.4, 630,  宋　三百首（全二册） 
1270551, 9.0, 925,  八十忆双亲 师友杂忆 
2363834, 8.8, 1117,  春秋大义 
1022914, 9.1, 815,  谈艺录 
4124876, 8.2, 2316,  易经的奥秘 
1253292, 9.1, 793,  老子今注今译 
2049128, 8.1, 2617,  丧家狗 
1030526, 8.9, 947,  中国文化史导论 
1491630, 8.7, 1174,  小窗幽记 
1921589, 8.9, 906,  周易 
1017788, 9.1, 730,  古代汉语（第四册） 
1022938, 8.4, 1572,  中国历史研究法 
1004376, 9.2, 632,  世　新　校　（全二　） 
1070380, 9.0, 771,  古代汉语（第三册） 
1065335, 9.1, 686,  朱熹的历史世界(上下) 
2029640, 8.4, 1443,  南怀瑾讲演录 
3787085, 8.5, 1193,  三国史话 
1203421, 9.3, 497,  王阳明全集（全二册） 
1257360, 8.8, 805,  孟子 
3722967, 8.3, 1421,  人生十论 
3117247, 9.0, 652,  中国古代思想史论 
1469028, 9.4, 441,  文　（全六　） 
1064101, 8.7, 841,  中国哲学史（上下） 
1045314, 8.7, 848,  诗词格律 
1928500, 8.7, 830,  三十六计 
1214303, 8.8, 735,  韩非子 
2349498, 9.4, 409,  古诗十九首集释 
1006624, 8.4, 1115,  孟子　注 
2371898, 9.5, 367,  目录学发微 古书通例 
1010189, 9.6, 329,  金明馆丛稿初编 
3802048, 8.9, 620,  我说参同契（上） 
1025373, 8.6, 850,  中国思想通俗讲话 
2701417, 9.3, 420,  史记（全四册） 
3373947, 8.2, 1311,  先秦诸子百家争鸣 
1041622, 9.0, 539,  后汉书（全十二册） 
1028843, 9.6, 313,  王力古汉语字典 
1000804, 9.1, 484,  楞严大义今释 
2355018, 8.5, 883,  字里藏医 
1027427, 8.4, 973,  论语今读 
1056883, 9.2, 420,  读通鉴论（上中下册） 
2052471, 8.7, 690,  诗经别裁 
2271222, 9.1, 457,  鬼谷子（第二版） 
1817494, 8.7, 680,  弟子规 
1528482, 9.3, 377,  声律启蒙 
2115906, 9.1, 448,  周易译注（全二册） 
4917220, 9.3, 375,  楚辞 
1136852, 9.0, 489,  南怀瑾选集（第三卷） 
1807798, 9.0, 475,  洛阳伽蓝记校笺 
1207847, 8.5, 788,  增广贤文 
1045248, 8.9, 514,  如何修证佛法 
4122992, 8.6, 680,  人生的三路向 
5350197, 8.6, 683,  中国文化的命运 
1438098, 9.4, 315,  说文解字注 
1418567, 8.8, 549,  易经系传别讲 
1858458, 8.3, 929,  兵以诈立 
2195980, 9.0, 431,  圆运动的古中医学 
3409620, 9.1, 390,  东周列国志 
5038750, 9.1, 388,  读书指南 
2003451, 7.2, 4256,  于丹《庄子》心得 
4269888, 8.7, 558,  阳明学述要 
2191536, 9.1, 381,  资治通鉴-(柏杨白话版)(全九辑三十六册)(双盒装) 
1982553, 9.1, 366,  古本山海经图说（上下） 
1058276, 8.5, 664,  走近中医 
2029641, 8.1, 1049,  南怀瑾与彼得　圣吉 
5282139, 9.4, 286,  维摩诘的花雨满天（上） 
1882433, 8.9, 443,  孙子兵法　三十六计 
1006453, 8.5, 639,  南怀瑾谈历史与人生 
2136303, 9.0, 387,  章太炎国学讲义 
3465962, 8.9, 417,  素书 
4086800, 9.2, 312,  陈寅恪集 
1039068, 8.5, 616,  孟子旁通 
1015144, 9.3, 285,  元白诗笺证稿 
1065258, 9.2, 302,  唐宋词选释 
2306659, 9.0, 356,  道德经心释（上下） 
1005567, 8.6, 496,  清代学术概论 
4162766, 7.8, 1257,  中国人的精神 
1214305, 8.9, 368,  墨子 
3284954, 9.0, 333,  三字经 
1057881, 9.5, 221,  金明馆丛稿二编 
1810945, 8.5, 547,  东西文化及其哲学 
2275738, 9.2, 278,  细讲弟子规 
1792133, 8.4, 596,  孟子他说1 
1436119, 8.8, 390,  训诂学 
4892923, 9.1, 297,  古典学术讲要 
1034396, 9.1, 294,  荀子集解 
2093771, 9.4, 228,  南怀瑾选集-(全10册) 
4898170, 9.0, 320,  老子他说续集 
1320925, 8.6, 457,  朝话 
2282706, 8.9, 341,  智囊全集 
1014006, 8.8, 372,  中国近三百年学术史（全两册） 
1025808, 8.5, 497,  梦溪笔谈 
3548281, 8.4, 561,  钱文忠解读《三字经》（上） 
1004250, 8.2, 695,  秦汉史 
21649772, 9.2, 252,  白鱼解字 
3223719, 8.2, 644,  围炉夜话 
1817491, 8.8, 349,  幼学琼林 
1009706, 9.1, 269,  中国文学欣赏举隅 
3159897, 8.0, 787,  小言黄帝内经与生命科学 
4106854, 9.2, 237,  四圣心源 
3027232, 8.2, 620,  人往低处走 
1024041, 9.3, 216,  文史通义校注 
3924442, 8.4, 489,  黄帝内经家用说明书(上古天真论)/国医健康绝学系列 
3664747, 8.4, 486,  国学的天空 
1547110, 8.7, 359,  沧浪诗话校释 
1924902, 8.7, 360,  孟子 
1802061, 8.8, 323,  诗经原始(上下) 
1842211, 9.0, 270,  古籍整理概论 
2339948, 7.9, 851,  黄帝内经　养生智慧 
1314463, 9.3, 209,  古书疑义举例五种 
1315921, 9.0, 265,  古史辨自序 
1027880, 9.3, 205,  全宋词（共5册） 
3191679, 8.3, 517,  八戒说禅 
1936511, 8.4, 465,  孟子他说 
1762644, 8.9, 282,  诗经选 
3519722, 9.1, 234,  四书五经 
3893324, 8.2, 557,  我山之石 
2058315, 8.6, 365,  季羡林散文 
1050256, 8.6, 361,  国学概论 
4179027, 8.7, 327,  茶经译注 
1052027, 8.2, 546,  禅宗与道家 
3012590, 9.0, 252,  简帛古书与学术源流 
3168449, 9.6, 154,  唐代政治史略稿 
1659346, 9.0, 244,  千字文 
1051715, 8.1, 582,  道家、密宗与东方神秘学 
1032341, 9.2, 204,  帛书老子校注 
1081402, 8.4, 419,  经典常谈 
3335650, 8.7, 309,  春秋大义2 
2252739, 8.4, 413,  中国古代文化常识 
1040681, 9.3, 186,  先秦　魏　南北朝　（全三　） 
3237822, 8.7, 306,  张晓风的国学讲坛 
1766308, 9.1, 215,  明夷待访录 
10488580, 9.0, 229,  鬼谷子 
1069590, 9.0, 230,  韩非子集解 
1288974, 8.9, 250,  经学历史 
1136843, 8.8, 272,  南怀瑾选集（第四卷） 
1000570, 9.1, 208,  论语集释(全四册) 
1322335, 8.5, 356,  中国哲学十九讲 
1075952, 9.5, 150,  饮冰室合集（全十二册） 
1040538, 8.2, 476,  中国哲学史大纲 
1480858, 9.1, 203,  吕思勉读史札记 
1912129, 9.0, 215,  营造法式 
4812801, 9.1, 199,  太上感应篇 
1035117, 8.8, 256,  定慧初修 
1015059, 9.3, 166,  观堂集林（附别集）（全二卷） 
1038125, 9.4, 153,  十一家注孙子校理 
1691802, 8.6, 296,  中医入门 
1049464, 9.3, 161,  唐诗百话 
1794583, 8.5, 316,  中国方术正考 
2041978, 8.6, 285,  本草纲目 
4039932, 8.6, 281,  内证观察笔记 
2052475, 8.5, 310,  左传 
1045219, 9.1, 184,  菜根潭 
1062729, 9.4, 144,  校勘学释例 
1025576, 7.9, 577,  中国史学入门 
2028991, 9.3, 151,  日知　集　全校本（全三　） 
4881692, 9.0, 190,  了凡四训讲记 
2121038, 8.5, 296,  白话史记（上中下） 
1944495, 8.0, 478,  老子的智慧 
1410929, 9.3, 146,  唐代政治史述论稿 
1597252, 9.2, 155,  二十四史全译1-88 
3027229, 8.0, 467,  去圣乃得真孔子 
4735768, 9.4, 134,  蔡志忠经典漫画 
1678412, 9.1, 167,  名老中医之路 
2280983, 8.5, 276,  武林旧事 
3700358, 8.1, 414,  南怀瑾谈性格与人生 
1322413, 8.9, 191,  魏晋玄学论稿 
1255985, 8.9, 192,  颜氏家训集解 
1017288, 9.1, 161,  尚书今古文注疏 
4168514, 8.8, 197,  弟子规 
6725979, 8.3, 307,  思辨的禅趣 
1076617, 9.2, 141,  经子解题 
1665921, 9.0, 165,  列子集释 
2294877, 8.7, 210,  钱穆与现代中国学术 
1968882, 7.6, 658,  冰鉴 
2273650, 9.0, 164,  后汉书 
5903915, 9.0, 160,  曾文正公全集 
2037610, 9.3, 128,  大学 
1043093, 8.6, 225,  现代儒学的回顾与展望 
1881438, 9.4, 117,  经学抉原 
6725978, 8.3, 284,  逍遥游 
1891413, 8.8, 181,  朱子家训 
2052477, 8.6, 217,  韩非子 
1484437, 9.2, 133,  四库提要叙讲疏 
1608312, 8.5, 235,  呻吟语 
2377166, 9.6, 100,  四库提要辨证（全四册） 
1012135, 8.4, 250,  中国文学论丛 
1399660, 8.9, 161,  国故论衡 
1042938, 9.3, 118,  礼记集解（全三册） 
2379537, 8.9, 158,  人生至理的追寻 
5398195, 7.9, 403,  中国智慧 
1245497, 9.5, 101,  周　正　（全十四　） 
1216821, 8.2, 291,  庄子哲学 
2122295, 8.9, 151,  人物志 
3271484, 9.0, 139,  全注全译黄帝内经(上下) 
1270517, 8.2, 277,  庄老通辨 
4932848, 8.0, 343,  钱文忠解读《弟子规》 
2377211, 9.4, 103,  明儒　案（上下） 
2381658, 8.2, 276,  颜氏家训 
1983357, 9.1, 128,  论语疏证 
1031700, 8.9, 148,  两汉经学今古文平议 
1080119, 8.5, 206,  史籍举要 
20429280, 8.3, 245,  死生有命 富贵在天 
3289288, 8.4, 224,  国学常识 
1024231, 8.9, 143,  孟子正义(全二册) 
2067174, 9.2, 115,  诗三家义集疏 
2340318, 8.3, 239,  人生的艺术 
1012890, 8.0, 318,  文言津逮 
1794589, 8.5, 198,  中国方术续考 
1080820, 9.0, 131,  老子道德　河上公章句 
3672176, 8.5, 196,  庄子四讲 
1162416, 9.3, 105,  毛　　　通　（全三　） 
1161601, 8.5, 195,  宋史（全四十册） 
4269887, 8.9, 140,  讲堂遗录 
3673301, 8.5, 195,  三字经 百家姓 千字文 弟子规 
3706510, 9.1, 118,  中国文化思想史九种 
5292367, 8.3, 230,  国史讲话 
5946467, 8.1, 277,  郦波评说曾国藩家训（上册） 
1955377, 9.4, 96,  老子德道经 
4164620, 9.0, 125,  王阳明《传习录》详注集评 
2183718, 8.8, 145,  武经七书（全二册） 
4876757, 8.3, 225,  弟子规 
2132341, 9.3, 98,  宋元　案（全四　） 
1036823, 9.2, 105,  汉语诗律学 
1443519, 8.5, 179,  周易全解 
1482661, 9.2, 104,  王弼集校释（上下） 
1054439, 8.5, 177,  朱子学提纲 
2006842, 8.8, 138,  失落的天书 
3391909, 9.4, 89,  困学纪闻（全校本）（全三册） 
2275558, 9.0, 117,  中庸 
3237636, 7.4, 554,  老子的帮助 
1545959, 9.3, 95,  三家　注李　吉歌　 
3651353, 8.4, 187,  淮南子 
6517170, 8.2, 228,  文字侦探 
2140639, 9.6, 77,  三才　　（全三　） 
1063704, 9.0, 115,  墨子　　(上下) 
2300690, 8.5, 168,  为学十六法 
2227572, 9.0, 110,  水经注校证 
1907518, 8.3, 194,  气的乐章 
1006705, 9.3, 90,  讲义及杂稿 
1322254, 8.3, 195,  中国文字学 
4289511, 9.1, 102,  鬼谷子集校集注 
2154581, 9.1, 101,  庄子校诠（全二册） 
1019638, 9.0, 107,  白虎通疏证（全二册） 
1040267, 9.0, 108,  两汉思想史（共3册） 
1963593, 8.3, 190,  中国文化导读 
2232923, 8.7, 134,  易经 
25843816, 8.5, 157,  徐文兵、梁冬对话：《黄帝内经　天年》 
1029795, 9.1, 98,  诗集 
1699782, 9.0, 106,  庄子精读 
6116459, 8.8, 121,  论语　大学　中庸 
10473140, 8.8, 121,  潘雨廷先生谈话录 
2984358, 9.2, 89,  新唯识论 
1840205, 9.1, 96,  老子臆解 
1016976, 9.0, 102,  汉语音韵 
6313354, 8.8, 118,  让阳光自然播洒 
2005395, 9.3, 82,  张载集 
2983844, 8.5, 149,  古代天文历法讲座 
1078457, 8.6, 137,  老子校释 
1066155, 8.9, 109,  盐铁论校注 
1975915, 7.7, 317,  图解易经 
1203446, 8.5, 146,  文心雕龙札记 
1030991, 8.5, 147,  庄子现代版（增订本） 
25819935, 8.5, 143,  中国古典文心 
3824576, 9.2, 86,  诗经 
3916129, 8.8, 113,  庄子纂笺 
1012407, 8.9, 105,  先秦诸子系年 
1142429, 8.6, 132,  经学通论 
1214304, 9.1, 92,  孙子兵法　尉缭子　鬼谷子 
1044671, 8.9, 103,  十三经注疏（21册） 
6717822, 8.5, 141,  中国思想史 
2298641, 9.1, 90,  日知录校注 
4190480, 8.9, 103,  周易本义 
4269889, 8.5, 142,  宋明理学概述 
2132673, 9.6, 66,  宗镜录略讲（全二　） 
1044912, 8.2, 179,  晚学盲言（上下） 
1000892, 7.8, 265,  诗经译注 
1814333, 8.4, 152,  有无之境 
1418713, 9.2, 83,  心体与性体 
1536623, 8.4, 152,  庄子浅注 
3007220, 9.0, 94,  近思录 
1049686, 8.8, 106,  盐铁论 
25902064, 8.7, 114,  人生的起点和终站 
1208675, 8.4, 146,  贞观政要 
26596172, 7.7, 285,  写给儿童的名人故事(全套25册） 
1844149, 8.4, 143,  渔人之路和问津者之路 
4714878, 8.6, 120,  愉快的书法 
1048489, 8.7, 111,  周易入门 
5907541, 7.9, 222,  拾贝集 
1052144, 8.9, 94,  淮南鸿烈集解(上下) 
1018106, 8.2, 166,  人间词话：汇编、汇评、汇校本 
1157887, 9.1, 82,  二程集（全二册） 
2233584, 8.3, 152,  中国哲学的特质 
3018753, 8.9, 95,  声律启蒙 
1058845, 8.8, 100,  书信集 
1648545, 9.0, 86,  李可老中医急危重症疑难病经验专辑 
4896169, 9.4, 66,  中华传统蒙学精华注音全本　声律启蒙　笠翁对韵 
5991642, 8.7, 106,  老课本 新阅读 
6534688, 9.2, 75,  古文观止（套装上下册） 
3198489, 8.8, 99,  格言联璧 
3410751, 8.8, 98,  论语本解 
1447844, 9.1, 80,  复性书院讲录 
3182381, 8.3, 145,  中国经典十种 
4274473, 8.9, 92,  林泉高致 
10508055, 8.1, 170,  孟子趣说1 
1015499, 8.9, 90,  国语集解 
1043154, 9.0, 83,  周易尚氏学 
1326760, 8.7, 100,  闻一多诗经讲义 
1045662, 8.7, 101,  商君书锥指 
3885591, 9.3, 66,  熊十力论学书札 
2046475, 9.3, 66,  三礼通论 
2283714, 8.4, 125,  文章作法 
1949692, 8.5, 116,  量守庐学记 
1449466, 9.1, 75,  国语 
26627933, 8.7, 98,  宋明理学十五讲 
5914483, 9.4, 61,  金克木集（全八卷） 
3815817, 9.2, 69,  圆运动的古中医学续集 
10600614, 8.6, 106,  哲学与人生 （第二版） 
1770675, 9.3, 65,  读经示要 
1288936, 8.5, 113,  中国哲学大纲 
2282707, 8.7, 97,  古今谭概 
1169109, 8.5, 111,  春秋繁露义证 
6516502, 9.1, 73,  古文观止译注 
3673340, 8.7, 96,  人物志/中华经典藏书 
6520419, 9.3, 64,  十驾斋养新录 
1010160, 9.0, 78,  唐诗 
2183092, 8.3, 129,  人物志 
2226068, 8.4, 119,  国学入门 
1853029, 9.2, 66,  道藏（1-36册） 
1396360, 9.2, 66,  周易 
2233585, 9.0, 75,  中西哲学之会通十四讲 
3243764, 9.0, 76,  孟子字义疏证 
1593052, 9.1, 71,  廿二史考异（上下） 
1069378, 8.5, 109,  抱朴子内篇校释 
1037631, 8.2, 135,  荣枯鉴 
3714701, 8.8, 85,  黄帝阴符经　黄石公素书释义 
2171746, 8.9, 80,  刘宏毅博士《千字文》讲记 
1042419, 8.4, 116,  孝经译注 
26815874, 9.6, 51,  给大家看的国学常识 
4030658, 8.7, 90,  　氏春秋集　（全二　） 
4932919, 8.3, 122,  黄庭禅 
3237869, 9.2, 63,  陆九渊集 
3907940, 9.1, 68,  历代文史要籍注释选刊　庄子内篇注 
1780119, 8.3, 120,  资治通鉴皇家读本（上中下） 
2978913, 9.2, 63,  孟子 
1909534, 7.9, 168,  中国传统文化十五讲 
1924980, 8.5, 102,  六韬三略译注 
5919564, 7.9, 167,  孔子 
1927927, 8.9, 75,  中国近三百年学术史论 
1011590, 8.1, 137,  中国学术思想史随笔 
1443815, 9.0, 70,  老子解读 
1024840, 8.9, 73,  中国人性论史 先秦篇 
1547509, 9.5, 51,  经义述闻 
26879317, 7.9, 160,  王阳明：一切心法 
2113439, 8.7, 83,  无奈与逍遥 
1719691, 8.3, 113,  心学大师王阳明大传 
1390197, 8.8, 77,  太上感应篇 
1059696, 9.0, 67,  陈寅恪诗集附唐　诗存 
2062906, 9.4, 52,  道藏源流考 
5288935, 9.1, 63,  我说参同契（上中下） 
26857572, 8.8, 75,  处处见生机 
26865812, 8.4, 101,  方太儒道 
3427166, 9.1, 62,  文史通义 
3926283, 8.6, 86,  孙子译注 
1799414, 9.0, 66,  古史辨（一） 
1040695, 8.4, 100,  礼记译注（上、下） 
7058851, 8.8, 74,  梅花易数 
2196686, 9.1, 61,  华阳国志校补图注 
3722952, 8.3, 107,  中国史学发微 
3223402, 9.0, 64,  礼记正义（全三册） 
1065083, 8.3, 106,  国家与学术 
3077716, 9.5, 47,  四库全书存目丛书 
3819957, 9.6, 44,  老子衍 庄子通 庄子解 
5353291, 8.1, 120,  琴史 
2154586, 9.2, 55,  陶渊明诗笺证稿 
3661571, 8.4, 92,  管子 
6401122, 8.2, 109,  中华文化十二讲 
11540041, 8.7, 74,  战国策（全二册） 
3054958, 8.1, 117,  中国文化十一讲 
3622462, 9.5, 45,  经史百家杂钞（上下） 
6541060, 9.3, 50,  群书治要考译（全四册） 
2071107, 9.7, 40,  　　通故（全六　） 
5297423, 8.4, 91,  佛学常识 
2180117, 8.1, 116,  解读易经 
2049870, 8.5, 84,  论衡 
20387639, 8.2, 105,  《庄子》内七篇析义 
1046338, 9.2, 52,  黄元御医学全书 
1547515, 9.3, 49,  经传释词 
5320663, 8.3, 96,  棋经十三篇 
1255800, 8.6, 76,  管子校注 
4219498, 9.7, 39,  李泽厚集 
2043881, 8.6, 76,  《论语》批注 
1084623, 8.7, 70,  梁漱溟先生讲孔孟 
1666270, 9.1, 54,  指月录（上下） 
2216459, 8.3, 93,  冰鉴精解详注 
4097069, 8.9, 61,  儒家哲学 
2989079, 9.0, 57,  尚书正义 
1474752, 8.8, 65,  象山语录 阳明传习录(天地人丛书) 
2230072, 8.2, 100,  增广贤文 
6751277, 6.5, 708,  一生伏首拜阳明 
3134556, 9.2, 50,  国故论衡疏证 
1701780, 8.6, 73,  增广贤文　弟子规　朱子家训 
1010647, 9.0, 56,  今文尚书考证 
1065343, 8.6, 73,  楚辞集注 
2294393, 9.1, 53,  十四朝文学要略 
3926279, 8.4, 83,  焚书 续焚书 
4856539, 8.5, 77,  春秋公羊传译注（上下） 
11627336, 8.8, 63,  中国的历史 
3013085, 8.6, 72,  吕思勉文史四讲 
2003701, 8.5, 78,  张居正讲评《论语》皇家读本 
1762024, 9.7, 37,  　　四先生全集（全54　） 
2239798, 9.1, 51,  黄侃日记（全三册） 
4215068, 9.0, 55,  中国画论研究（上中下） 
4209092, 8.1, 103,  中国书画浅说 
3059567, 9.0, 55,  肇　校　 
1171631, 8.5, 76,  大戴礼记解诂 
2348264, 8.4, 82,  郁离子 
1004543, 9.2, 48,  诸子集成（全八册） 
3722956, 8.4, 80,  文化与教育 
4213624, 8.8, 60,  山海经 
1803143, 8.7, 63,  高岛易断 
2183163, 8.8, 59,  刘宏毅博士《三字经》讲记 
2017468, 9.0, 51,  历代笑话集 
5287386, 9.3, 43,  近思录 
1045564, 8.7, 62,  淮南子集释 
1279906, 8.9, 55,  尔雅校笺 
3184954, 8.6, 67,  论语（中英文对照） 
1066999, 8.5, 70,  辜鸿铭文集(上下) 
3268103, 8.4, 75,  四库提要精读 
1420284, 8.9, 54,  本草纲目 
1047521, 8.7, 61,  礼记 
5329041, 8.7, 60,  庭训格言 
10443152, 9.3, 42,  本经阴符七术 
2158310, 9.0, 50,  春秋大义述 
2122427, 7.8, 117,  百喻经 
1973401, 8.5, 67,  老子古今 
4167567, 7.4, 169,  物演通论 
5376509, 8.5, 66,  　雅注疏 
1617492, 9.1, 45,  诗经 
25755793, 8.2, 81,  唐太宗的枕边书 
1492145, 8.7, 56,  “六十四卦”中的人生哲理与谋略 
5329040, 8.8, 53,  了凡四训 
24840464, 8.8, 52,  章太炎　　　演　 
2246943, 8.9, 49,  世界伟人成功秘诀之分析 
1843084, 8.8, 52,  中国文字学 
6879362, 8.4, 68,  商君书 
1341735, 9.1, 43,  毛　正　（三卷本） 
3924299, 8.1, 84,  问道 
1796754, 9.1, 43,  周予同　　史　著　集 
1606404, 9.4, 36,  曾国藩全集 (全30册) 
4223635, 8.5, 61,  史通通释 
1071435, 8.2, 76,  诗经讲义稿 
1057303, 9.3, 37,  王国维遗书 
3059589, 9.3, 37,  四库全书简明目录 
1596853, 9.1, 41,  饮冰室文集点校 
1532274, 9.2, 39,  黄元吉文集:道德经讲义、乐育堂语录 
1874381, 8.8, 49,  政道与治道 
1614861, 8.5, 58,  论衡校释 
3225202, 8.3, 65,  中国命理学史论 
6732300, 9.1, 39,  周易注 
1271335, 9.0, 41,  春秋公羊学讲疏 
1029094, 8.3, 64,  梁漱溟先生论儒佛道 
4141801, 8.6, 52,  先秦儒家哲学九讲 
10761755, 9.3, 34,  增删卜易 
1332101, 9.3, 34,  老子常清　　 
10488581, 8.4, 57,  尚书 
2382858, 9.4, 32,  燕乐探微 
4214974, 8.4, 57,  汉书艺文志讲疏 
1473359, 9.3, 33,  四库全书总目提要 
2308570, 9.2, 35,  古书疑义举例 
1606406, 9.6, 28,  船山全书 第十六册 
2279272, 8.5, 52,  庄学管窥 
4293809, 9.0, 38,  邵雍集 
5339799, 9.2, 34,  黄帝内经素问校注语译 
3570175, 9.5, 29,  王国维集 
1219393, 8.0, 73,  增广贤文 
1007744, 8.7, 45,  佛学研究十八篇 
1622032, 9.2, 33,  黄宗羲全集（共12册） 
4220081, 8.4, 53,  经学、制度与生活 
2016630, 8.6, 46,  周易古义 老子古义 
1128788, 9.1, 34,  实用古汉语知识宝典 
6893848, 9.0, 36,  尚书正读 
3772060, 8.6, 45,  卜筮正宗 
4856533, 8.7, 42,  风俗通义校注（上下） 
1157084, 8.1, 63,  止学 
3087627, 9.4, 29,  　王堆　墓帛　：　　　　家　 
1876041, 7.5, 103,  傅佩荣解读易经 
6094260, 9.1, 33,  朱子新学案 
3158552, 9.1, 33,  阴符经 关尹子 亢仓子（诸子百家丛书上海古籍影印） 
1850214, 9.1, 33,  黄侃国学讲义录 
1460648, 8.5, 46,  古文辞类纂 
5384440, 8.2, 57,  书丛老蠹鱼 
26895125, 9.3, 29,  北大国学讲座 
20390850, 9.3, 29,  左传（全三册） 
1027159, 8.3, 50,  国史旧闻(全四册) 
1274939, 8.5, 43,  樗下读庄 
4238857, 9.8, 22,  南华真经副墨 
2278230, 8.5, 42,  韩昌黎文集校注 
2346525, 8.9, 33,  二十二子 
10761742, 8.4, 44,  子平真诠评注 
1542594, 8.7, 36,  道教与养生 
1543871, 9.1, 29,  朱子全书(共2箱.27册) 
4927701, 9.2, 27,  四书直解 
1914728, 8.5, 39,  汉学师承记笺释（上下） 
1803193, 8.9, 31,  史微 
1921590, 8.8, 33,  史记志疑 
1254602, 9.7, 21,  周易表解 
3375855, 9.5, 23,  国学要籍研读法四种 
1490561, 8.6, 36,  中国哲学原论　导论篇 
1003003, 8.5, 38,  泰和宜山会语 
21767717, 9.2, 26,  马一浮全集 
19977091, 8.2, 46,  国学知识大全 
3584770, 9.1, 27,  十八家诗钞（上下） 
1547930, 9.2, 26,  庄子　斋口义校注 
2152945, 8.9, 30,  天下才子必读书 
1981433, 9.1, 27,  刘师培史学论著选集 
3901803, 8.9, 30,  原儒 
1925910, 8.5, 37,  商君书.韩非子 
3792695, 8.7, 33,  张子正蒙注 
26436287, 8.9, 29,  孔学古微 
1834247, 9.5, 22,  文镜秘府论汇校汇考(共4册)(附文笔眼心抄) 
1425628, 8.2, 44,  晚明思潮 
1659187, 8.9, 29,  古史辨(全七册) 
26147967, 8.9, 29,  唐浩明评点曾国藩日记 
10577244, 9.1, 26,  群书治要译注 
1577660, 9.1, 26,  朱熹年谱 
1430747, 8.2, 43,  圣贤与圣徒 
1044854, 8.2, 43,  韬晦术 
3036709, 9.5, 21,  春秋左氏传旧注疏证 
1669803, 9.2, 24,  启功讲学录 
1060239, 8.5, 35,  法言　疏（全二　） 
1124177, 9.0, 26,  赵无极中国讲学笔录 
25775565, 9.1, 25,  　　　疏 
4020973, 8.3, 39,  文字学四种 
1256587, 8.9, 27,  汤用彤全集(全7卷) 
6857556, 8.6, 32,  文房四谱 
25748669, 7.7, 57,  皇帝、儒生与孔庙 
4714023, 9.0, 25,  王国维全集 
2059913, 8.7, 29,  册府元龟（全十二册） 
3546468, 8.7, 29,  周　注疏 
2137480, 9.6, 19,  诗毛氏传疏 
2239935, 8.7, 29,  尔雅音训 
1034335, 8.5, 32,  周易大传今注 
1923505, 8.3, 36,  九九消夏录 
1155650, 8.4, 34,  甲骨文编 
3908334, 8.0, 44,  宋元明哲学史教程 
26686263, 9.3, 21,  论语新注新译 
3348538, 9.0, 24,  左氏会笺 
1018567, 8.2, 37,  中华神秘文化辞典 
3337265, 8.4, 33,  仪礼注疏（全三册） 
2362000, 9.5, 19,  李鸿章全集 
5320864, 8.3, 34,  庄子复原本注译 
26322355, 8.5, 30,  劝读论语和论语读法 
6557925, 9.2, 21,  大家小书 
20172570, 8.1, 38,  叶曼拈花 
26853722, 9.4, 19,  朱门 
1896696, 8.9, 24,  读易提要 
26380032, 7.3, 69,  有梦不觉人生寒 
26373233, 8.8, 24,  易经杂说 
26287045, 8.5, 28,  汉字树3 
26388772, 8.5, 27,  习坎庸言 鸭池十讲 
1135064, 8.5, 27,  绎史（共10册） 
26789720, 9.5, 16,  中国经典原境界 
25828087, 8.1, 31,  国学概论讲话 
1014612, 8.0, 33,  史记地名考（上下册） 
26362965, 9.1, 18,  孝　　史 
1053808, 8.3, 27,  海日楼札丛 海日楼题跋（全三册） 
1156371, 8.5, 24,  黄帝内经灵枢白话解 
3413628, 7.2, 57,  太平广记 
3793833, 9.2, 16,  周易外传 
1121529, 8.2, 26,  全唐文 
11441618, 7.8, 32,  东塾读书记 
26678725, 7.4, 42,  四季小品 
4786125, 6.6, 83,  图解麻衣神相 
26891167, 8.5, 20,  红楼梦圆 
3559927, 8.5, 20,  《笠翁对韵》精解 
1992454, 8.3, 21,  纬书集成 
4779441, 8.3, 21,  慎子 
25711771, 8.4, 19,  现代精神与儒家传统（杜维明作品系列） 
1594240, 8.2, 21,  熊十力全集 
26913479, 8.2, 20,  华杉讲透《论语》 
1923574, 8.4, 18,  小仓山房尺牍 
6559627, 8.3, 19,  大一统与儒家思想 
26344861, 8.1, 20,  政治游说 
26751991, 8.0, 20,  传习录 
26353605, 7.7, 24,  尼山书院的二十六堂国学课 
26292211, 8.3, 17,  红楼梦日历 
26389910, 6.7, 50,  朔月 
3116303, 7.6, 23,  竹书纪年 
6742678, 8.4, 15,  伤寒杂病论 
1954589, 8.0, 18,  上海古籍出版社五十年图书总目 
26891572, 8.2, 16,  仪礼图 
3158874, 8.2, 16,  天下郡国利病书 
24532778, 8.0, 16,  王阳明哲学 
20473471, 8.1, 15,  国学教程 
26354420, 6.4, 48,  中华文明的核心价值 
1826124, 7.9, 16,  杜工部集 
4014592, 7.8, 16,  饶宗颐二十世纪学术文集 
1844826, 7.9, 15,  戴震文集 
19980498, 7.9, 15,  五行结构论 
1445777, 8.3, 12,  全唐文补编 
25899619, 7.9, 14,  国学小史 
4889592, 8.0, 12,  新编诸子集成 
26642642, 7.4, 16,  古籍　　 
24853043, 7.8, 13,  经史百家杂钞 
26564686, 7.9, 12,  心是莲花开 
6847793, 8.1, 11,  古典新义 
6713998, 7.7, 12,  钱穆先生全集 
25842216, 8.0, 10,  Trying Not to Try 
7052516, 7.8, 11,  地理点穴撼龙经 
3024425, 8.0, 10,  相学秘籍全编（上下） 
