Tag: 外国文学 
The number of books: 879 

ID, Rating, Votes, Title
1084336, 9.0, 211089,  小王子 
1770782, 8.8, 247516,  追风筝的人 
6082808, 9.2, 93691,  百年孤独 
1068920, 9.3, 73176,  飘（上下） 
1041007, 9.0, 82329,  哈利　波特与魔法石 
1040211, 9.2, 46823,  福尔摩斯探案全集（上中下） 
1071241, 8.9, 70035,  哈利　波特与阿兹卡班的囚徒 
1009257, 8.9, 67945,  哈利　波特与火焰杯 
1083428, 8.8, 80150,  傲慢与偏见 
1858513, 8.9, 61349,  月亮和六便士 
1017143, 8.5, 129832,  不能承受的生命之轻 
4820710, 9.3, 28009,  1984 
1432596, 8.8, 59492,  哈利　波特与混血王子 
10594787, 8.9, 49903,  霍乱时期的爱情 
1141406, 8.5, 101520,  简爱 
1829226, 9.1, 35253,  肖申克的救赎 
1085860, 8.9, 48345,  基督山伯爵 
1046209, 9.1, 34405,  安徒生童话故事集 
2035179, 9.2, 28035,  动物农场 
1336330, 9.3, 21546,  冰与火之歌（卷一） 
1082387, 9.2, 23974,  一九八四　动物农场 
2143732, 8.7, 48327,  灿烂千阳 
1040771, 8.2, 123207,  达　芬奇密码 
1013129, 8.6, 56086,  哈利　波特与凤凰社 
1046265, 8.0, 178472,  挪威的森林 
3006581, 8.9, 30630,  无人生还 
1045818, 8.5, 59057,  苏菲的世界 
2154960, 8.7, 38515,  一个陌生女人的来信 
3608208, 8.6, 45245,  牧羊少年奇幻之旅 
2035162, 9.0, 22358,  刀锋 
1205054, 8.9, 25713,  悲惨世界（上中下） 
4908885, 9.0, 19837,  局外人 
1119522, 8.4, 54293,  呼啸山庄 
1863930, 8.8, 25294,  看不见的城市 
1058661, 8.8, 24280,  飞鸟集 
1400705, 8.1, 78881,  情人 
1086249, 8.6, 30292,  荆棘鸟 
1064275, 8.3, 50177,  老人与海 
1092335, 8.9, 16012,  教父 
1119839, 9.1, 11009,  王尔德童话 
1292416, 8.5, 26372,  香水 
3406401, 9.0, 10972,  悉达多 
26698660, 9.0, 10879,  巨人的陨落 
2035171, 9.0, 10675,  人生的枷锁 
4187411, 8.8, 14394,  万物有灵且美 
1424741, 8.5, 22321,  心是孤独的猎手 
1008988, 8.3, 31797,  了不起的盖茨比 
1159939, 8.5, 21863,  一个陌生女子的来信 
1856494, 9.3, 6325,  卡拉马佐夫兄弟 
1205370, 8.1, 40898,  羊脂球 
25829693, 9.0, 9396,  永恒的终结 
6781808, 9.2, 6913,  杀死一只知更鸟 
26382433, 8.2, 31467,  无声告白 
6789605, 9.0, 8665,  树上的男爵 
1035848, 8.6, 15695,  一千零一夜 
1440972, 9.1, 7386,  博尔赫斯小说集 
2056749, 8.1, 34478,  时间旅行者的妻子 
1016003, 8.0, 40849,  鲁滨逊漂流记 
1013225, 8.3, 23332,  生活在别处 
1082518, 7.9, 47911,  麦田里的守望者 
1865089, 8.4, 19067,  瓦尔登湖 
1083762, 8.7, 11519,  人类的群星闪耀时 
1085470, 8.4, 18495,  海底两万里 
1316648, 8.3, 21532,  查令十字街84号 
1062343, 9.2, 5701,  昨日的世界 
1040104, 8.7, 11004,  魔戒（第一部） 
1228110, 8.2, 24779,  天使与魔鬼 
1001136, 8.8, 9337,  彼得　潘 
26586492, 8.9, 7653,  火星救援 
1258498, 8.3, 18210,  项链 
1006197, 8.4, 15253,  哈姆莱特 
10763902, 7.9, 36433,  偷影子的人 
1794620, 7.8, 43096,  芒果街上的小屋 
26425831, 8.8, 7823,  斯通纳 
4071859, 9.3, 4057,  我在伊朗长大 
1007433, 8.1, 23514,  红与黑 
1465324, 7.7, 51200,  洛丽塔 
1066165, 9.3, 4019,  卡尔维诺文集（第三卷） 
3578470, 9.0, 5767,  德米安 
1186392, 8.7, 8777,  约翰　克利斯朵夫 
24934182, 8.1, 22671,  一个人的朝圣 
26340138, 7.7, 48700,  岛上书店 
1092149, 8.7, 8389,  梵高传 
4011440, 8.0, 25416,  最初的爱情 最后的仪式 
1917972, 7.8, 37082,  在路上 
3537590, 8.3, 15130,  朗读者 
3608235, 8.5, 10822,  失物之书 
1041128, 8.5, 10718,  天蓝色的彼岸 
10560798, 8.7, 7895,  面纱 
1254731, 8.8, 6855,  欧　亨利短篇小说选 
1431870, 9.1, 4459,  源泉 
24382569, 8.6, 8793,  一桩事先张扬的凶杀案 
20392523, 8.5, 10293,  没有人给他写信的上校 
1917078, 8.6, 8826,  风之影 
1022632, 8.7, 7465,  罪与罚 
11584574, 8.5, 9826,  万物静默如谜 
2136484, 8.7, 7394,  如果在冬夜，一个旅人 
1082584, 8.6, 8469,  追忆似水年华 Ⅰ 
3326892, 8.6, 8524,  圣诞忆旧集 
1060117, 8.5, 9754,  不朽 
1883353, 8.8, 6312,  野性的呼唤 
1427288, 8.4, 10811,  小妇人 
1321789, 8.5, 8897,  美丽新世界 
10774752, 9.1, 3866,  毛姆短篇小说精选集 
4010969, 7.8, 29424,  当我们谈论爱情时我们在谈论什么 
6781794, 8.8, 5579,  过于喧嚣的孤独 
1442869, 8.9, 4843,  献给阿尔吉侬的花束 
4292149, 8.5, 8570,  龙文身的女孩 
4714015, 9.0, 4129,  万物既伟大又渺小 
2193877, 8.1, 15680,  你在天堂里遇见的五个人 
1203251, 8.1, 15457,  雾都孤儿 
1013502, 7.6, 39350,  钢铁是怎样炼成的 
3597825, 8.6, 6832,  我的孤独是一座花园 
1418058, 9.1, 3505,  小径分岔的花园 
1007772, 8.2, 12711,  双城记 
1081422, 8.9, 4401,  卡夫卡小说全集（全三册） 
1045352, 8.7, 5768,  二十首情诗与绝望的歌 
1012637, 8.2, 12219,  牛虻 
1052828, 8.4, 8756,  玩笑 
5920385, 8.2, 11854,  肠子 
20326626, 8.6, 6414,  少年Pi的奇幻漂流（插图珍藏版） 
1072319, 8.5, 7334,  长腿叔叔 
2139305, 7.7, 29024,  巴别塔之犬 
24845582, 8.4, 8411,  群山回唱 
5993310, 9.0, 3639,  直捣蜂窝的女孩 
3673771, 9.0, 3452,  项塔兰 
2042063, 8.4, 7944,  伊斯坦布尔 
4105446, 8.1, 12451,  十一种孤独 
1064841, 9.0, 3352,  绿山墙的安妮 
3266345, 8.1, 12330,  三杯茶 
3137289, 8.5, 6520,  姐姐的守护者 
5958726, 8.0, 14280,  质数的孤独 
25884880, 8.9, 3651,  我不知道该说什么，关于死亡还是爱情 
1010472, 8.4, 7302,  安娜　卡列尼娜（上下） 
1016486, 8.3, 8582,  笑忘录 
1255288, 8.0, 13947,  复活 
3014444, 8.7, 4648,  自深深处 
4826530, 9.1, 2794,  我亲爱的甜橙树 
6857344, 8.5, 6092,  夜莺与玫瑰 
4882023, 9.2, 2449,  万物既聪慧又奇妙 
10555486, 8.7, 4591,  分成两半的子爵 
3821057, 8.6, 5260,  搏击俱乐部 
3826899, 8.6, 5178,  布鲁克林有棵树 
1400707, 8.1, 11217,  广岛之恋 
25826936, 9.5, 1692,  冰与火之歌 
3151990, 8.5, 5755,  达摩流浪者 
1069059, 8.1, 10546,  雪国 
20428302, 9.1, 2560,  失明症漫记 
5366382, 8.7, 4195,  夜航西飞 
3594151, 8.1, 10120,  柑橘与柠檬啊 
1982200, 8.7, 4088,  爱德华的奇妙之旅 
2061644, 8.2, 8576,  伤心咖啡馆之歌 
1203244, 8.2, 8562,  三个火枪手 
1005918, 7.9, 13973,  堂吉诃德 
3836566, 8.5, 5235,  玫瑰的名字 
1007952, 9.4, 1719,  蓝熊船长的13条半命 
4149805, 8.5, 5242,  了不起的盖茨比 
1040397, 8.1, 9684,  假如给我三天光明 
1015864, 9.0, 2658,  惶然录 
1013469, 8.6, 4419,  战争与和平（全四册） 
3899039, 8.1, 9302,  刺猬的优雅 
1047138, 7.7, 18971,  少年维特的烦恼 
4242406, 8.5, 5065,  达芬奇密码 
26371317, 8.2, 7827,  24个比利 
2036561, 8.4, 5789,  城堡 
2996596, 8.4, 5794,  特别的猫 
3765331, 8.6, 4373,  恋人絮语 
1092168, 9.1, 2253,  追忆似水年华（上下册） 
10512236, 8.4, 5724,  时间的针脚 
1438816, 9.1, 2221,  给青年诗人的信 
21979017, 9.5, 1444,  魔戒 
1859108, 8.8, 3251,  白痴 
1049957, 8.6, 4225,  浮士德 
1077492, 9.0, 2425,  大师和玛格丽特 
1212469, 8.9, 2750,  荷马史诗　伊利亚特 
1052360, 8.9, 2756,  卡尔维诺文集（第四卷） 
6016234, 8.8, 3055,  奇风岁月 
3246904, 8.1, 8428,  蒂凡尼的早餐 
4171951, 7.5, 24753,  失落的秘符 
4120475, 9.3, 1685,  加缪全集 （小说卷） 
1818583, 9.1, 2096,  斯　茨威格中短篇小说选 
19962936, 8.7, 3394,  只是孩子 
2042633, 9.0, 2334,  金蔷薇 
1006113, 7.8, 13594,  源氏物语 
1079252, 8.2, 6824,  爱情笔记 
3013903, 8.1, 7832,  漫长的告别 
3926717, 8.5, 4239,  雷蒙德　卡佛短篇小说自选集 
1072334, 8.5, 4226,  魔戒前传 
10569619, 8.5, 4186,  自由 
2669319, 9.0, 2204,  Flipped 
1063796, 8.6, 3605,  小说的艺术 
1083435, 8.7, 3181,  契诃夫短篇小说选 
1083477, 7.8, 12203,  包法利夫人 
3769738, 8.7, 3118,  万火归一 
1082147, 9.0, 2147,  热爱生命 
1077778, 8.1, 7360,  爱的教育 
1034922, 8.9, 2398,  莎士比亚喜剧悲剧集 
4202422, 8.3, 5291,  云图 
4737325, 8.2, 6004,  维罗妮卡决定去死 
2296687, 8.5, 3865,  纸牌的秘密 
6097966, 8.1, 6952,  发条橙 
1034066, 9.1, 1801,  加缪文集 
1873900, 8.6, 3356,  变形记 
1882915, 8.9, 2268,  莎士比亚四大悲剧 
2302217, 8.8, 2529,  阿特拉斯耸耸肩（上下） 
10598170, 8.1, 6837,  我不要你死于一事无成 
1417385, 8.9, 2169,  博尔赫斯诗选 
3888123, 8.6, 3207,  写作这回事 
1872158, 8.2, 5551,  蝇王 
1451270, 9.2, 1525,  纪伯伦诗集 
26704403, 9.1, 1667,  二手时间 
1052074, 8.7, 2725,  喧哗与骚动 
1055234, 8.5, 3513,  神曲（全三册） 
5940553, 8.8, 2371,  当尼采哭泣 
5446490, 8.7, 2684,  宇宙奇趣全集 
3003258, 9.2, 1471,  阿莱夫 
2042629, 8.7, 2684,  九三年 
1089049, 9.3, 1336,  莎士比亚全集（全8册） 
1019628, 8.7, 2683,  卡夫卡中短篇小说选 
5993314, 8.0, 7154,  安吉拉　卡特的精怪故事集 
1849791, 8.5, 3390,  铁皮鼓 
1291199, 8.7, 2607,  过于喧嚣的孤独 底层的珍珠 
1035477, 7.8, 9970,  德伯家的苔丝 
11528350, 8.8, 2290,  哈扎尔辞典（阳本） 
1025336, 7.9, 8251,  慢 
1874411, 8.5, 3307,  乞力马扎罗的雪 
2214350, 8.4, 3793,  幻影书 
1083429, 8.7, 2537,  爱伦　坡短篇小说集 
1430530, 8.2, 5085,  汤姆叔叔的小屋 
26672693, 9.0, 1749,  一个叫欧维的男人决定去死 
1057197, 8.1, 5777,  无知 
1417878, 8.5, 3163,  里尔克诗选 
3871911, 8.4, 3597,  大树 
10768068, 8.4, 3527,  寻欢作乐 
1064707, 8.7, 2381,  从卡夫卡到昆德拉 
2243692, 7.8, 8988,  潜水钟与蝴蝶 
3831788, 8.0, 6327,  逃离 
1045365, 8.6, 2649,  恶之花 
2073345, 8.7, 2354,  拜伦 雪莱 济慈 抒情诗精选集 
6041708, 8.4, 3431,  世上另一个我(修订版) 
6797396, 8.5, 2956,  焚舟纪 
3402999, 8.5, 2951,  到灯塔去 
1076330, 8.9, 1776,  奥狄浦斯王 
1051714, 8.2, 4411,  等待戈多 
1026317, 7.7, 9830,  可爱的骨头 
1038196, 8.4, 3172,  尤利西斯 
1469878, 8.6, 2440,  日瓦戈医生 
4266008, 8.3, 3694,  给一个未出生孩子的信 
26695174, 9.0, 1484,  灯塔 
4908872, 8.6, 2427,  都柏林人 
4154988, 8.0, 5654,  纯真博物馆 
2295912, 8.9, 1675,  佩德罗　巴拉莫 
2251691, 8.7, 2114,  弗兰妮与祖伊 
2267630, 8.3, 3589,  凯尔特的薄暮 
1082159, 8.2, 4109,  沉默的羔羊 
6712407, 8.9, 1611,  巴黎评论　作家访谈Ⅰ 
4245064, 8.6, 2349,  冷血 
26628811, 8.7, 2011,  世上最美的溺水者 
1315844, 9.1, 1272,  古拉格群岛（上中下） 
1852700, 9.0, 1402,  神经外科的黑色喜剧 
1011702, 8.1, 4389,  廊桥遗梦 
4732123, 8.5, 2488,  爸爸，我们去哪儿？ 
3393056, 8.2, 3681,  流动的盛宴 
20392525, 7.9, 5821,  枯枝败叶 
1035478, 8.6, 2142,  静静的顿河（全四册） 
4246979, 8.1, 4190,  窄门 
2980471, 8.2, 3616,  赎罪 
2254615, 8.9, 1470,  西线无战事 
1219090, 9.2, 1062,  沙与沫 
10759466, 9.0, 1301,  地下室手记 
1768642, 9.2, 1047,  博尔赫斯短篇小说集 
1042434, 8.0, 4784,  安妮日记 
4173402, 8.4, 2687,  昨日之旅 
1870262, 8.5, 2372,  帕洛马尔 
4882159, 7.6, 9076,  橘子不是唯一的水果 
26357614, 9.0, 1263,  海风中失落的血色馈赠 
21329239, 8.8, 1571,  巴黎烧了吗? 
1780277, 8.7, 1769,  法兰西组曲 
1011228, 8.3, 2948,  远大前程 
1868698, 8.3, 2893,  为什么读经典 
10473355, 8.6, 1961,  木麻黄树 
2214344, 7.5, 10228,  不存在的女儿 
2229229, 8.0, 4455,  穿条纹衣服的男孩 
1186350, 7.8, 6124,  红字 
2065564, 8.1, 3803,  一日重生 
20441569, 9.1, 1088,  被淹没和被拯救的 
2228707, 8.9, 1340,  癌症楼 
4220020, 8.8, 1502,  相助 
1428066, 8.8, 1486,  海上钢琴师 
1001065, 8.4, 2414,  麦克白 
6800379, 8.6, 1845,  2666 
26642866, 8.5, 2090,  萤火虫小巷 
1067293, 8.5, 2090,  青春 
1424569, 8.4, 2392,  婚礼的成员 
26657570, 9.0, 1153,  活着为了讲述 
1837654, 8.7, 1577,  审判 
6844341, 7.6, 7825,  牡蛎男孩忧郁之死 
10764363, 9.2, 913,  是，大臣 
1174721, 8.4, 2275,  丧钟为谁而鸣 
5383175, 8.7, 1557,  童年与故乡 
3228779, 8.7, 1533,  出埃及记 
10519369, 9.4, 726,  万物生光辉 
1807562, 9.2, 895,  加西亚　马尔克斯中短篇小说集 
3908240, 7.8, 5388,  情人 
1397467, 7.9, 4551,  理智与情感 
1048173, 8.0, 3860,  忏悔录 
1088418, 9.0, 1074,  死屋手记 
26729776, 8.2, 2765,  雪人 
10565151, 7.5, 8506,  我是个年轻人 我心情不太好 
3689118, 8.3, 2427,  梦想家彼得 
3733083, 8.8, 1286,  你往何处去 
3010128, 8.6, 1617,  剧院风情 
11542577, 8.6, 1622,  天生就会跑 
3263006, 8.8, 1293,  飞越疯人院 
1885262, 8.6, 1619,  笑面人 
3669671, 8.5, 1804,  我们在此相遇 
10746177, 8.5, 1794,  终结的感觉 
1312558, 8.9, 1132,  文学讲稿 
26451351, 8.6, 1565,  爱情和其他魔鬼 
26431326, 8.9, 1114,  所有我们看不见的光 
26356948, 7.0, 21663,  摆渡人 
26276924, 8.6, 1566,  梦中的欢快葬礼和十二个异乡故事 
1468997, 8.6, 1573,  守望灯塔 
4870150, 8.3, 2298,  44号孩子 
25952961, 8.8, 1233,  博尔赫斯谈话录 
26580084, 8.7, 1346,  烛烬 
10563555, 8.9, 1076,  恐惧 
24875416, 8.3, 2175,  生命最后的读书会 
4621099, 8.3, 2170,  死于威尼斯 
1030554, 8.5, 1689,  恶心 
1982096, 8.4, 1915,  关于来洛尼亚王国的十三个童话故事 
1960035, 8.8, 1167,  盲刺客 
1063401, 8.4, 1888,  精灵宝钻 
1444558, 8.7, 1300,  博尔赫斯谈艺录 
3649661, 8.7, 1297,  说吧，记忆 
1760730, 8.3, 2121,  伍尔夫读书随笔 
3055316, 7.7, 5083,  第十三个故事 
5321895, 8.3, 2060,  那些忧伤的年轻人 
25733467, 9.1, 826,  V字仇杀队 
2061444, 8.6, 1419,  幽灵之家 
25985126, 8.6, 1410,  迷宫中的将军 
3783409, 8.7, 1238,  圣殿春秋（上） 
4151134, 7.8, 4217,  只爱陌生人 
3438303, 8.7, 1250,  抬高房梁，木匠们；西摩：小传 
2265995, 7.1, 14947,  大象的眼泪 
25779593, 8.5, 1547,  马尔克斯：族长的秋天 
2003092, 8.3, 1998,  波多里诺 
25808056, 8.1, 2562,  纸牌屋 
1039840, 7.6, 5618,  查特莱夫人的情人 
2146277, 9.1, 784,  一个政治性人物的肖像 
2160292, 8.1, 2574,  神谕之夜 
1028779, 8.1, 2588,  神奇动物在哪里 
2295122, 8.4, 1720,  卡门 
20501761, 8.2, 2195,  地球上最后的夜晚 
2973335, 8.6, 1330,  微暗的火 
4152770, 8.6, 1346,  根西岛文学与土豆皮馅饼俱乐部 
26053771, 8.6, 1315,  小于一 
10522844, 8.7, 1162,  游戏的终结 
4105444, 8.5, 1467,  复活节游行 
2350407, 8.2, 2122,  寂静的春天 
1430657, 9.3, 611,  卡夫卡全集（全10卷） 
1279212, 7.5, 6007,  十日谈 
26300508, 8.7, 1104,  万物的签名 
6310320, 8.7, 1100,  人都是要死的 
26276279, 7.8, 3537,  苦妓回忆录 
5940829, 8.1, 2285,  写在身体上 
10512506, 7.8, 3546,  世界上的另一个你 
5921802, 7.6, 4845,  邮差总按两遍铃 
4285240, 8.9, 863,  过于喧嚣的孤独 
1041896, 8.3, 1736,  巴黎的忧郁 
26701959, 8.6, 1183,  我脑袋里的怪东西 
1434071, 7.9, 2972,  我们 
4198469, 8.2, 1973,  轻舔丝绒 
3003470, 8.8, 953,  另一个，同一个 
26264154, 8.6, 1164,  悲伤与理智 
1005255, 9.3, 568,  博尔赫斯文集 
3765092, 8.6, 1162,  旧地重游 
26349261, 8.3, 1685,  孤儿列车 
3783412, 8.8, 938,  圣殿春秋（下） 
6897140, 8.3, 1693,  The Fault in Our Stars 
2050779, 8.3, 1639,  魔山 
2073481, 8.6, 1129,  城市与狗 
24089492, 8.8, 902,  恶童日记（珍藏纪念版） 
24107596, 8.0, 2445,  神经漫游者 
26844525, 8.6, 1115,  再见，萤火虫小巷 
3090810, 8.8, 887,  五号屠场 
6861517, 8.5, 1260,  时时刻刻 
6973816, 7.7, 3769,  古董衣情缘 
4120485, 9.3, 539,  加缪全集（散文卷Ⅰ） 
5283663, 8.4, 1407,  另一个波琳家的女孩 
2032523, 8.5, 1230,  失乐园 
20493367, 8.5, 1240,  爱伦　坡暗黑故事全集（上册） 
4213981, 8.4, 1379,  好人难寻 
4714018, 7.5, 5137,  青春咖啡馆 
1082946, 8.8, 884,  我弥留之际 
1047325, 9.2, 584,  老妇还乡 
5988558, 8.3, 1579,  深夜小狗神秘事件 
2245449, 8.7, 961,  爱与黑暗的故事 
5391766, 7.5, 4969,  忽然七日 
6832303, 6.9, 16172,  别相信任何人 
1006991, 8.6, 1053,  一个无政府主义者的意外死亡 
6746290, 8.9, 763,  奥丽芙　基特里奇 
1766685, 8.3, 1513,  黑暗中的笑声 
1428154, 8.8, 851,  费尔南多　佩索阿诗选 
26356515, 8.2, 1715,  S. 
1441980, 9.0, 676,  特朗斯特罗姆诗全集 
6010144, 8.3, 1497,  动物寓言集 
1038656, 8.8, 829,  我曾侍候过英国国王 
1437488, 9.2, 552,  群魔 
2174410, 8.2, 1659,  名利场 
6791412, 8.8, 823,  炽焰燃烧 
2135139, 8.4, 1290,  我为什么要写作 
4203630, 8.5, 1126,  鳄鱼街 
21993104, 8.1, 1862,  白夜 
3253854, 7.7, 3360,  书店的灯光 
21681263, 8.3, 1423,  大鱼 
2280027, 7.6, 3816,  自杀俱乐部 
1090877, 8.8, 797,  献给爱米丽的一朵玫瑰花 
26892080, 9.0, 639,  猎豹 
3127852, 8.6, 983,  推销员之死 
1077638, 8.0, 2082,  耻 
26787935, 8.7, 861,  夜色人生 
19898714, 7.6, 3666,  偶发空缺 
4836697, 8.3, 1376,  看见真相的男孩 
1074155, 8.8, 773,  骑兵军 
26831234, 8.7, 847,  不属于我们的世纪 
25796049, 9.0, 619,  沙之书 
6879215, 7.6, 3642,  乌克兰拖拉机简史 
2283762, 8.5, 1055,  钟形罩 
1880825, 8.2, 1526,  希腊神话 
1083030, 9.0, 624,  双重人格 地下室手记 
2124556, 8.2, 1507,  黑书 
10749924, 8.2, 1474,  天真的和感伤的小说家 
2301475, 8.4, 1156,  人间食粮 
20473505, 8.7, 824,  山月记 
1255006, 9.0, 606,  爱伦　坡集 
1017839, 7.9, 2218,  带着鲑鱼去旅行 
2032117, 7.7, 2966,  纽约三部曲 
1958871, 8.3, 1308,  普宁 
20425489, 9.3, 453,  是，首相 
1331454, 8.7, 801,  西方正典 
1607478, 8.3, 1279,  巴黎伦敦落魄记 
25890145, 8.4, 1115,  线 
1083317, 7.8, 2456,  北回归线 
2568067, 8.1, 1621,  中性 
1321790, 8.1, 1634,  华氏451 
3136267, 8.5, 969,  小城畸人 
5419801, 8.4, 1095,  别样的色彩 
20392524, 7.7, 2841,  恶时辰 
2255871, 8.7, 779,  冠军早餐 囚鸟 
4038610, 8.1, 1596,  回归 
26591906, 8.3, 1208,  浮生梦 
6003394, 8.2, 1368,  爱，始于冬季 
25801080, 8.2, 1385,  我曾这样寂寞生活：辛波斯卡诗选2 
4160472, 8.5, 967,  告诉我，你怎样去生活 
2969263, 8.5, 940,  跳房子 
1603984, 8.1, 1550,  希腊神话故事 
10282582, 8.3, 1186,  隐形怪物 
2036569, 8.2, 1321,  愤怒的葡萄 
2364762, 8.7, 743,  唐璜（上下册） 
26811147, 8.6, 812,  月族 
3327495, 8.3, 1147,  万有引力之虹 
1174722, 7.9, 1946,  太阳照常升起 
26837288, 8.4, 1013,  钓鱼的男孩 
19950612, 7.3, 4957,  伊斯坦布尔假期 
3190550, 8.3, 1135,  巨匠与杰作 
26890281, 8.2, 1255,  漫长的中场休息 
26394018, 9.1, 473,  生活与命运 
5321892, 8.8, 644,  不适之地 
2042631, 7.9, 1893,  弗兰肯斯坦 
3402988, 8.9, 577,  海浪 
1039809, 8.1, 1444,  草叶集 
26276923, 7.9, 1838,  礼拜二午睡时刻 
5448179, 8.0, 1619,  别的声音，别的房间 
10740054, 8.0, 1610,  给樱桃以性别 
5980585, 8.3, 1097,  走在蓝色的田野上 
6874612, 8.1, 1397,  孤独的池塘 
4898547, 8.1, 1413,  祖与占 
26110579, 7.6, 2829,  暗店街 
5326883, 8.3, 1081,  如何读，为什么读 
5299919, 8.6, 760,  国王鞠躬，国王杀人 
4191701, 8.8, 609,  肉桂色铺子 
4299250, 8.6, 756,  读诗的艺术 
1046680, 8.6, 749,  茨维塔耶娃文集：诗歌 
26022097, 8.4, 925,  番石榴飘香 
1042006, 9.3, 377,  十九世纪文学主流（共六册） 
1959270, 8.0, 1516,  小世界 
1373788, 8.2, 1180,  玩偶之家 
25870629, 7.7, 2277,  亲爱的生活 
2971734, 7.3, 4375,  一把雨伞给这天用 
20273030, 8.3, 1013,  哈尔的移动城堡 
4219120, 8.4, 877,  流浪的星星 
1456311, 8.5, 770,  Of Mice and Men 
25724491, 8.3, 971,  突然，响起一阵敲门声 
2568438, 8.6, 693,  权力与荣耀 
11508896, 8.4, 870,  夜航 
6060418, 8.3, 961,  年轻的心在哭泣 
1242927, 9.7, 251,  英国文学名篇选注 
2266567, 9.2, 381,  伊凡　伊里奇的死 
25831096, 8.9, 493,  梦书之城 
4199421, 9.3, 343,  在少女花影下 
3898308, 8.6, 667,  一个青年艺术家的画像 
1017334, 9.0, 445,  没有个性的人 
25940556, 8.3, 923,  锌皮娃娃兵 
5394486, 7.3, 3867,  爱情没那么美好 
6560651, 7.9, 1515,  雨必将落下 
4262685, 8.0, 1323,  戏梦巴黎 
1470235, 8.3, 907,  猫的摇篮 
4191696, 8.8, 532,  狗心 
25985982, 8.5, 714,  遥远的星辰 
26607924, 8.4, 791,  午夜之子 
11528305, 8.2, 1008,  朝圣 
1185912, 8.4, 797,  变形记 
5383804, 9.0, 421,  酒吧长谈 
1051524, 8.3, 880,  断头王后 
2064632, 9.0, 421,  开　闭　开 
1850861, 8.0, 1267,  托斯卡纳艳阳下 
1185883, 8.9, 466,  白轮船 
26269845, 8.1, 1100,  唯有孤独恒常如新 
26689063, 8.2, 972,  卡罗尔 
5406557, 8.1, 1100,  夜色温柔 
10442281, 8.2, 963,  她比烟花寂寞 
2170030, 8.0, 1215,  白鲸 
20435635, 8.6, 606,  里斯本夜车 
2131426, 9.0, 408,  涅朵奇卡　涅茨瓦诺娃 
2375988, 8.0, 1214,  一间自己的屋子 
10432334, 8.3, 854,  Me Before You 
1945004, 8.6, 596,  近距离 
26584387, 7.7, 1763,  一个人的朝圣2 
10483439, 8.4, 731,  上升的一切必将汇合 
1316652, 9.1, 363,  王尔德作品集 
3431637, 8.5, 657,  野棕榈 
10875996, 8.9, 435,  朝圣者之歌 
4882148, 8.2, 919,  遥望 
24935031, 9.3, 303,  战争与和平 
24525766, 8.7, 525,  记忆小屋 
11535042, 8.2, 906,  请以你的名字呼唤我 
10564102, 8.1, 1024,  单身（50周年典藏纪念版） 
26657740, 9.0, 385,  再度觉醒 
26120130, 9.0, 387,  天才的编辑 
1926728, 9.3, 291,  往事与随想 
10604943, 8.3, 773,  爱情半夜餐 
1048047, 8.5, 618,  风沙星辰 
26591790, 8.6, 547,  我还是想你，妈妈 
26577690, 8.5, 607,  伪装成独白的爱情 
25699387, 8.6, 547,  星辰时刻 
20425433, 8.1, 970,  请你安静些，好吗？ 
5043526, 7.6, 1883,  床笫之间 
7046857, 8.3, 763,  长日留痕 
6041086, 7.9, 1234,  恋爱中的骗子 
25746421, 8.2, 844,  公开的秘密 
25900687, 8.6, 532,  夜 
10537645, 8.4, 661,  岛屿书 
26787941, 7.3, 2847,  玛格丽特小镇 
20515828, 8.6, 525,  傅科摆 
19950784, 8.4, 648,  空荡荡的家 
26384735, 9.0, 351,  致未来的诗人 
26745030, 8.8, 426,  陌生女人的来信 
20437599, 8.0, 1023,  自杀 
7007231, 7.9, 1136,  房间 
3668430, 8.4, 622,  明智的孩子 
1042638, 9.3, 267,  西方文学之旅 
24855421, 8.7, 450,  在春天走进果园 
5289426, 7.4, 2269,  在云端 
25881325, 7.0, 4410,  庆祝无意义 
6833935, 8.5, 548,  老无所依 
24856615, 8.8, 399,  阿尔伯特　卡埃罗 
1083316, 8.1, 834,  南回归线 
26895033, 8.9, 358,  知更鸟女孩2 
3888110, 8.7, 430,  天使望故乡 
6712398, 8.4, 586,  母与子 
1801813, 8.3, 638,  血族1：侵袭 
25774978, 8.7, 418,  眼泪与圣徒 
6720777, 9.0, 314,  海明威短篇小说全集（上） 
6720810, 8.5, 504,  马尔特手记 
26819342, 9.1, 280,  波丽娜 
25748132, 8.4, 548,  复明症漫记 
26390426, 8.3, 595,  比利战争 
20425439, 8.4, 539,  我们所有人 
20444771, 8.9, 325,  血色子午线 
5321896, 8.3, 580,  危险的关系 
1858493, 7.8, 1049,  虹 
26792804, 9.1, 265,  魔兽世界编年史 
1050951, 8.2, 641,  米沃什词典 
4845007, 8.2, 632,  南极 
26676528, 8.7, 366,  如何阅读一本文学书 
4619135, 9.0, 277,  押沙龙，押沙龙！ 
4719265, 8.5, 442,  逆天 
26765928, 8.4, 477,  屠夫十字镇 
26285734, 8.1, 670,  6点27分的朗读者 
2093212, 9.0, 268,  青铜骑士 
26318808, 7.5, 1430,  我的脖子让我很不爽 
10473352, 8.9, 287,  浮士德博士 
26863353, 8.9, 287,  贩罪 
24838958, 8.7, 344,  我们的小镇 
25837539, 8.1, 637,  美洲纳粹文学 
26359759, 8.0, 720,  那些我们没谈过的事 
10762880, 8.0, 718,  南方女王 
26654687, 8.0, 710,  你是我的命运 
1916614, 7.8, 902,  我，十三岁，妓女，吸毒者…… 
4233385, 7.7, 1015,  海上大教堂 
26878124, 8.8, 299,  我的天才女友 
24871651, 8.8, 293,  爱达或爱欲 
25747871, 8.4, 435,  恨，友谊，追求，爱情，婚姻 
1185910, 8.9, 267,  埃涅阿斯纪 
26591590, 8.7, 316,  巴黎评论　作家访谈2 
3781776, 9.2, 207,  纳博科夫传（上下册） 
26910597, 8.6, 345,  直到那一天 
26266067, 8.9, 262,  重返美丽新世界 
19950785, 8.3, 466,  雨后 
26773323, 9.1, 218,  莫泊桑短篇小说精选 
26756030, 8.4, 406,  时间之间 
26732624, 8.3, 448,  精神病患 
10955921, 8.4, 404,  骂观众 
26294048, 7.7, 911,  黑羊 
2059994, 8.1, 560,  只要在一起 
26801361, 9.2, 194,  鹿苑长春 
20266046, 8.5, 358,  走出非洲 
20273137, 7.8, 779,  伦敦塔集雨人 
26821757, 8.4, 388,  他们说，我是幸运的 
25996181, 8.3, 435,  真相 
11584608, 7.5, 1147,  世界和其他地方 
4605558, 7.9, 682,  布鲁克林 
20273121, 8.2, 480,  易碎品 
1438394, 8.4, 382,  更多的人死于心碎 
26802228, 8.8, 262,  寻找光的小女孩 
1484616, 9.0, 222,  鱼王 
26264210, 7.8, 739,  几乎没有记忆 
26342182, 8.7, 285,  天堂之火 
26346222, 8.3, 419,  美好的事物无法久存 
26653460, 8.3, 421,  烟雾弥漫你的眼 
20559350, 8.3, 421,  抛锚 
25803529, 9.3, 172,  现代英文选评注 
26298590, 8.4, 372,  出轨 
3194500, 7.9, 640,  一个被称作“它”的孩子 
3024319, 8.0, 569,  东方故事集 
10809021, 8.5, 337,  学生托乐思的迷惘 
20273136, 8.6, 307,  水的空白 
26631867, 9.0, 211,  现实与欲望 
3324036, 8.5, 332,  茫茫黑夜漫游 
3434097, 8.5, 333,  大饭店 
6784965, 7.7, 790,  渴望之书 
21714777, 8.3, 399,  巴西：未来之国 
24861167, 8.3, 393,  一个人消失在世上 
26108007, 7.8, 673,  我已经结婚了  我心情还不好 
26849452, 8.5, 307,  静默 
26642648, 8.5, 307,  美好的七年 
3583331, 8.6, 281,  布登勃洛克一家 
1855132, 8.2, 420,  我在另一个世界等你 
26611176, 8.9, 216,  永不言弃 
26375108, 8.4, 337,  新手 
26270304, 9.0, 195,  七夜 
24738206, 9.1, 180,  曼德施塔姆夫人回忆录 
4856199, 7.4, 1095,  而河马被煮死在水槽里 
6010156, 8.1, 459,  狂野之夜！ 
20380988, 8.1, 461,  众生安眠 
22606931, 8.5, 299,  寒鸦行动 
1962078, 8.6, 268,  校园秘史 
5312097, 8.5, 293,  维特根斯坦的侄子 
1812843, 7.7, 709,  在中国屏风上 
26905360, 9.4, 138,  夜莺 
3826293, 8.2, 392,  教授与疯子 
26826605, 9.3, 149,  加缪手记 
26666138, 8.9, 196,  这是不是个人 
4105424, 7.8, 592,  恋爱中的男人 
21690069, 8.3, 337,  幻世浮生 
26840830, 8.9, 195,  爱德华　巴纳德的堕落 
26791409, 8.7, 228,  奇爱博士 
6085417, 8.4, 305,  遗产 
26248587, 7.6, 738,  美好古董衣店 
26707942, 7.2, 1268,  知更鸟女孩 
26253801, 8.9, 189,  一个市民的自白 
26310659, 8.9, 188,  莎士比亚 
25805143, 8.5, 264,  他方世界 
26794876, 9.2, 146,  一日谈 
1461987, 9.1, 157,  桤木王 
26258374, 8.6, 240,  爱丽尔 
6313462, 8.6, 239,  礼拜五或太平洋上的灵薄狱 
26794598, 8.2, 347,  过去的痛 
26922895, 9.8, 96,  其实你没那么爱他 
4869637, 8.1, 380,  福楼拜的鹦鹉 
1479703, 9.2, 143,  赫尔曼　黑塞小说散文选 
15047243, 7.9, 476,  卡波蒂短篇小说全集 
5404221, 8.4, 280,  在德黑兰读《洛丽塔》 
22693008, 8.2, 339,  兔子共和国 
20434037, 8.1, 373,  谜一样的眼睛 
26900889, 9.1, 151,  佛罗伦萨的神女 
26682066, 8.5, 250,  我的奋斗1 
1411023, 8.3, 299,  独居日记 
1780564, 8.7, 201,  米德尔马契（全二册） 
26710042, 9.1, 143,  多莱尔的希腊神话书 
26653000, 8.1, 348,  金翅雀 
26819479, 8.6, 214,  小说药丸 
6535063, 9.8, 88,  堂吉诃德 
6784957, 8.3, 279,  性本恶 
26840109, 8.4, 249,  单程票 
26717204, 8.8, 176,  毛姆经典短篇集 
1026534, 8.5, 228,  布拉格精神 
25751322, 7.6, 586,  植物的记忆与藏书乐 
5996568, 8.6, 207,  人性的污秽 
1535600, 8.2, 297,  黑暗的心 
24737018, 8.7, 185,  玉米人 
26429208, 9.5, 103,  猜猜我有多爱你 
26758995, 8.3, 264,  罗茜计划 
1949579, 9.0, 144,  康拉德小说选 
26869695, 9.0, 142,  棕色的世界 
26640439, 8.9, 154,  死缓 
26861449, 9.4, 103,  阁楼里的女孩 
25913219, 8.5, 206,  孤独的精确度 
26895254, 9.1, 125,  雪中的印记 
6124813, 8.1, 296,  纽约兄弟 
3571559, 7.5, 589,  驱魔人 
26609809, 6.8, 1666,  火车上的女孩 
25887908, 8.6, 187,  提堂 
25751315, 9.0, 136,  艾丽丝　门罗作品 
4121656, 8.4, 221,  水之乡 
5299768, 8.6, 182,  希腊左巴 
26723433, 7.6, 504,  冬日笔记 
26377363, 8.4, 214,  在你说“喂”之前 
26220631, 8.3, 238,  霍夫曼博士的魔鬼欲望机器 
1029368, 8.2, 260,  情感教育 
26798156, 8.4, 212,  哀伤的墙 
11604737, 8.7, 163,  芬尼根的守灵夜（第一卷） 
4891196, 7.7, 436,  智血 
24523682, 7.6, 488,  裸体午餐 
1317853, 8.8, 151,  斯特林堡文集（全五册） 
26837789, 8.7, 162,  不存在的父亲 
26864850, 8.4, 205,  香蕉的低语 
26378466, 7.9, 336,  生日故事集 
26534971, 7.5, 534,  蓝狗的眼睛 
25702794, 8.3, 224,  银行家的情人 
4229633, 8.1, 267,  奥斯卡　瓦奥短暂而奇妙的一生 
25913147, 7.7, 408,  因为深爱，所以放手 
26686803, 9.0, 121,  葬礼竞技会 
1433163, 8.9, 131,  星　雪　火 
2973325, 8.2, 239,  纠正 
26286330, 8.7, 150,  俄罗斯文学讲稿 
19975229, 8.8, 139,  时间之线 
26866448, 8.6, 160,  皮囊之下 
3189896, 7.6, 432,  教书匠 
1363379, 7.7, 380,  索多　120天 
5247161, 9.5, 83,  费　陀思妥耶夫斯基全集（全22卷） 
26704178, 8.4, 181,  我们飞 
26755625, 8.2, 219,  妈妈走的那一年 
10763918, 8.3, 200,  一路两个人 
20453483, 8.3, 198,  塞万提斯的未婚妻 
4832482, 7.9, 297,  真实的颜色 
1154561, 7.9, 283,  抵达之谜 
26348734, 8.4, 176,  听客溪的朝圣 
26823134, 8.1, 228,  困扰种种 
26864983, 8.5, 157,  思家小馆的晚餐 
26853742, 8.7, 132,  疯子的自由 
26718529, 8.1, 223,  奥丁的子女 
26818183, 9.0, 106,  失忆的爱丽丝 
26716997, 8.5, 150,  隐秘的幸福 
26594676, 9.4, 79,  古典传统 
26372186, 9.1, 96,  爱与战争的日日夜夜 
26430928, 7.4, 458,  如何独处 
26253701, 8.6, 137,  船夫日记 
26752646, 8.0, 231,  天意 
26657701, 8.4, 160,  若非此时，何时？ 
26666917, 7.8, 282,  笼中的爱人 
25985298, 8.7, 124,  巫术师 
25841074, 9.7, 63,  契诃夫小说全集 
26848972, 8.1, 203,  这里是没有我们存在的地方 
26613544, 7.4, 435,  月亮的光是借来的 
24872823, 9.1, 91,  博尔赫斯全集：诗歌卷 (上册) 
25871958, 8.2, 188,  一个自杀者的传说 
1339959, 9.0, 98,  魔鬼　篇 
26366422, 7.8, 267,  怪房客 
26756565, 8.6, 123,  一加一 
26695251, 9.1, 86,  痛苦与狂喜：众神之巅 
26305332, 8.6, 124,  A Little Life 
26274359, 9.1, 84,  夏威夷史诗 
19894080, 8.0, 204,  名声 
2136135, 7.3, 429,  充满奇想的一年 
26871658, 8.8, 100,  爱有失落时 
26789635, 8.6, 117,  殡葬人的秘密 
25986620, 8.7, 106,  阁楼上的疯女人 
10345585, 7.3, 411,  与往事说再见 
26412776, 7.9, 207,  巴塞尔姆的60个故事 
11597313, 8.3, 143,  地下世界 
26793129, 8.9, 88,  电灯光 
26861450, 8.4, 125,  丹麦女孩 
26575658, 7.9, 195,  被掩埋的巨人 
26888764, 8.4, 124,  寂然的狂喜 
26676298, 8.1, 160,  我要渐渐忘记这个世界了 
26451509, 9.2, 69,  先人祭 
26881067, 8.8, 90,  我在伦敦买了一头狮子 
26637781, 8.4, 121,  自决之书 
10567283, 7.8, 210,  恶棍来访 
26390071, 8.4, 122,  两个故事 
26431618, 8.8, 88,  君士坦丁堡最后之恋 
26717934, 8.4, 120,  新年快乐 
26321331, 8.5, 109,  沙漏做招牌的疗养院 
10593454, 6.7, 795,  怪屋女孩 
21325488, 9.3, 61,  俄国文学史（上下卷） 
26787943, 8.4, 112,  消失的殖民星球 
25982261, 9.7, 46,  福楼拜文集（全5册） 
26391031, 8.5, 96,  未知量 
26835827, 8.9, 71,  想象地名私人词典 
26793134, 8.8, 76,  人之链 
26834592, 8.8, 75,  夏日遇见狄更斯 
26641528, 8.8, 75,  诺拉　韦伯斯特 
26926061, 9.8, 40,  呼叫助产士 
1767750, 9.0, 63,  Infinite Jest 
10774651, 8.4, 95,  费玛 
4199233, 9.1, 58,  人间喜剧 
26787782, 9.2, 54,  我的世纪，我的野兽 
26295983, 8.1, 117,  苏珊　桑塔格谈话录 
26677797, 9.2, 53,  里尔克诗全集 珍藏版（全四卷） 
3141960, 9.1, 56,  世界童话精选百篇 
26603456, 8.2, 106,  危地马拉传说 
26835895, 8.7, 71,  猫的私人词典 
11511203, 8.8, 66,  驭风少年 
2002962, 8.4, 88,  生活之恶 
26890960, 8.9, 61,  疗愈美术馆 
10746178, 7.8, 142,  修补匠 
26852835, 8.8, 64,  柏林孤谍 
26365959, 8.2, 97,  模仿者 
4894979, 8.4, 83,  已知的世界 
25873393, 8.3, 88,  肖像与观察 
26666023, 8.5, 75,  睡美人与魔纺锤 
26602780, 8.5, 75,  乡村生活图景 
26808761, 9.1, 50,  试刊号 
26644964, 8.3, 82,  耶鲁文学小历史 
11614503, 9.4, 39,  20世纪中外散文经典 
26798155, 8.0, 97,  古拉格气象学家 
6863525, 8.1, 90,  卡门 
4909050, 8.4, 70,  半轮黄日 
26828229, 9.4, 37,  加缪手记：第三卷 
26743551, 7.2, 195,  月亮是夜晚的伤口 
26830844, 7.7, 118,  这也会过去 
26775352, 8.1, 82,  水印 
26662757, 8.7, 54,  六桩不可能犯罪 
26791405, 7.6, 126,  八百万种走法 
26844939, 7.9, 96,  只有她知道 
26892801, 8.5, 59,  华生手稿 
1033350, 8.4, 64,  水与土 
5381541, 8.7, 52,  时间与河流 
26704405, 8.3, 65,  树敌 
26394190, 9.1, 39,  鹿特丹的伊拉斯谟 
26870270, 8.2, 68,  第十个人 
26803285, 8.2, 68,  驶入深海 
26902280, 9.6, 29,  田野调查.被遗忘的村落 
26640080, 9.2, 35,  采摘幻想的女孩 
26862163, 8.4, 56,  她他 
26574813, 9.1, 36,  婚变 
26909793, 8.7, 45,  佩拉宫的午夜 
26852985, 8.1, 66,  惧恨拉斯维加斯 
26264163, 8.1, 66,  跳舞女郎 
26436987, 8.7, 40,  史诗 
26377477, 8.9, 36,  文章家与先知 
26763167, 8.1, 56,  狼的恩赐 
26775452, 9.6, 23,  陀思妥耶夫斯基文集（布面精装珍藏本） 
26787948, 8.7, 36,  不止信仰 
3090839, 7.7, 70,  黑王子 
26802170, 9.1, 27,  科雷马故事 
26760973, 8.4, 40,  战略高手 
26916869, 8.7, 33,  去他的戒律 
26806567, 8.5, 37,  高能预警 
26681250, 8.7, 33,  矮子当道 
26910978, 9.1, 26,  蓝色笔记本 
26831765, 9.1, 25,  远方之镜 
26862352, 9.1, 24,  莫扎特，请入席 
26321442, 8.3, 35,  The Door 
26671886, 8.9, 25,  清洗 
26827210, 8.1, 38,  林中秘族 
26596019, 9.2, 21,  The Invention of Nature 
26286752, 8.3, 33,  影舞 
26760972, 8.4, 30,  危险关系 
26838224, 8.4, 28,  排队 
26928435, 7.9, 34,  语言的第七功能 
26878104, 7.6, 38,  痛苦的中国人 
26911045, 8.4, 18,  陌生的女儿 
26899141, 7.8, 23,  千百种罪 
26937732, 9.7, 10,  黑暗时代的她们 
26910947, 7.6, 22,  动物园　第三工厂 
26879082, 8.2, 13,  吉诃德大神父 
