Tag: 奇幻 
The number of books: 639 

ID, Rating, Votes, Title
1041007, 9.0, 82345, 哈利·波特与魔法石 
1071241, 8.9, 70051, 哈利·波特与阿兹卡班的囚徒 
1009257, 8.9, 67963, 哈利·波特与火焰杯 
2295163, 8.9, 53386, 哈利·波特与死亡圣器 
1432596, 8.8, 59509, 哈利·波特与混血王子 
1336330, 9.3, 21562, 冰与火之歌（卷一） 
1013129, 8.6, 56100, 哈利·波特与凤凰社 
1986291, 9.5, 10266, 冰与火之歌（卷三） 
1464203, 9.4, 11859, 冰与火之歌（卷二） 
1948901, 8.4, 57444, 盗墓笔记 
5916880, 8.6, 36602, 华胥引（全二册） 
1321017, 8.8, 18630, 九州·缥缈录 
1919201, 8.5, 24673, 七夜雪 
3210843, 9.2, 8401, 冰与火之歌·卷四·群鸦的盛宴（全两册） 
20381804, 9.4, 6007, 冰与火之歌·卷五·魔龙的狂舞（全三册） 
1431779, 8.9, 10840, 九州·缥缈录Ⅱ·苍云古齿 
1882933, 8.1, 35728, 鬼吹灯之精绝古城 
1040104, 8.7, 11008, 魔戒（第一部） 
1071794, 8.9, 7660, 魔戒（第三部） 
6964047, 9.3, 4429, 冰与火之歌（卷一） 
2253753, 8.8, 8027, 九州·缥缈录Ⅲ·天下名将 
1418999, 9.2, 4604, 银河英雄传说 
2271450, 8.7, 8962, 镜·神寂 
3851790, 8.9, 6653, 九州·缥缈录V·一生之盟 
2334065, 9.4, 3445, 塔希里亚故事集 
1058759, 8.8, 7193, 魔戒（第二部） 
1926103, 8.0, 24109, 鬼吹灯之云南虫谷 
1220219, 8.6, 7459, 阴阳师 
1916726, 7.9, 22122, 鬼吹灯之龙岭迷窟 
20326626, 8.6, 6416, 少年Pi的奇幻漂流（插图珍藏版） 
2382711, 8.6, 6493, 镜·龙战 
2382709, 8.6, 6324, 镜·辟天 
1326828, 8.4, 8098, 镜·双城 
1321018, 8.2, 9780, 九州·羽传说 
6964051, 9.5, 1783, 冰与火之歌（卷一） 
1938591, 7.8, 19815, 鬼吹灯之昆仑神宫 
6973805, 9.4, 1957, 冰与火之歌（卷一） 
25826936, 9.5, 1697, 冰与火之歌 
1437858, 8.7, 4248, 天行健（全4册） 
1007952, 9.4, 1719, 蓝熊船长的13条半命 
3115476, 8.8, 3398, 热夜之梦 
1161852, 8.2, 7991, 天意 
1410145, 8.3, 6592, 诛仙3 
21979017, 9.5, 1445, 魔戒 
6016234, 8.8, 3059, 奇风岁月 
1420794, 8.2, 6975, 诛仙4 
2057550, 8.5, 4351, 魅生·妖颜卷 
3034184, 8.0, 9404, 鬼吹灯Ⅱ之四巫峡棺山 
1357739, 9.3, 1634, 空之境界（下） 
1232186, 8.9, 2531, 黑暗精灵三部曲 
1400048, 8.5, 4330, 搜神记Ⅰ-神农使者 
1072334, 8.5, 4226, 魔戒前传 
3337017, 9.4, 1379, 塔希里亚故事集Ⅱ 
1478487, 7.8, 12148, 曼珠沙华 
3908795, 9.3, 1518, Fate/Zero Vol.2 [王者们的狂宴] 
3122477, 8.8, 2612, 魅生·涅槃卷 
3091122, 9.0, 2052, 百鬼夜行抄1 [東立] 
3908784, 9.1, 1732, Fate/Zero Vol.1 [第四次圣杯战争秘话] 
1433572, 9.2, 1508, 随风而来的玛丽阿姨 
6434543, 8.1, 6280, 龙族Ⅱ 
1221329, 8.6, 3103, 阴阳师·飞天卷 
1452923, 8.0, 7317, 九州·斛珠夫人 
2330635, 8.6, 3015, 九州·秋林箭 
2212325, 8.6, 3051, 魅生·幻旅卷 
1467382, 8.4, 3807, 镜·龙战（上） 
2201813, 7.5, 16385, 藏地密码1 
4737329, 7.8, 9035, 龙族Ⅰ 
1288939, 8.7, 2402, 阴阳师·龙笛卷 
3191247, 8.7, 2377, 好兆头 
4219728, 9.4, 1083, 塔希里亚故事集Ⅲ 
1939182, 8.0, 6306, 美国众神 
3903387, 7.7, 10276, 香蜜沉沉烬如霜 
1420740, 8.6, 2465, 阴阳师·生成姬 
1449957, 9.1, 1351, 烙印勇士1 
1507256, 8.8, 1915, 吸血鬼猎人/猎命师传奇 
1422079, 9.0, 1484, 十二國記：月之影·影之海（上） 
1262039, 8.6, 2394, 阴阳师·付丧神卷 
5291181, 8.3, 3569, Blood X Blood：血族传说 
3364853, 7.7, 9020, 月食 
10488617, 9.3, 1058, 冰与火之歌·卷二·列王的纷争（上） 
1426673, 8.6, 2334, 搜神记Ⅲ·灵山十巫 
20473089, 8.6, 2267, 有顶天家族 
2340300, 7.6, 9749, 鬼吹灯Ⅱ之三·怒晴湘西 
1029475, 8.1, 4207, 若星汉天空 
10608470, 9.5, 794, 冰与火之歌·卷三·冰雨的风暴（上） 
1975809, 7.8, 6449, 海上牧云记 
2148947, 8.7, 1804, 阴阳师·太极卷 
10608473, 9.6, 703, 冰与火之歌·卷三·冰雨的风暴（下） 
10488616, 9.3, 905, 冰与火之歌·卷二·列王的纷争（中） 
3198422, 8.6, 1937, 光明王 
10608472, 9.5, 735, 冰与火之歌·卷三·冰雨的风暴（中） 
1010898, 7.6, 8382, 格列佛游记 
10763905, 7.8, 5878, 西游日记 
1430871, 8.5, 2135, 亵渎1·轮回·月陨 
1878819, 8.6, 1882, 蛮荒记1·鲲鹏 
3241893, 7.8, 5856, 藏地密码4 
2265750, 8.3, 2737, 九州志 
1921362, 7.8, 5718, 诛仙7 
25735699, 7.9, 4665, 三生三世 枕上书·终篇 
2217788, 9.5, 652, 三鹿人成功之路 
1469429, 8.4, 2142, 相思门 
3338175, 7.9, 4367, 诗翁彼豆故事集 
4199686, 8.0, 3724, 羽·青空之蓝 
2040824, 8.1, 3219, 九州·铁浮图 
1389027, 9.1, 919, 十二國記：東之海神·西之滄海 
26578003, 8.2, 2623, 无心法师 第一卷 
2143487, 8.0, 3467, 茅山后裔1 
4842735, 8.4, 2001, 海妖 
1976047, 8.5, 1746, 阴阳师·晴明取瘤 
24283160, 8.7, 1345, 间客 
1063401, 8.4, 1888, 精灵宝钻 
2298769, 8.1, 2821, 殷商舰队玛雅征服史 
25778124, 8.7, 1292, 七王国的骑士 
2302080, 7.9, 3636, 神之右手 
20472730, 7.8, 4184, 龙族Ⅲ 
1028779, 8.1, 2589, 神奇动物在哪里 
3674734, 8.2, 2202, 涿鹿 
1452766, 8.5, 1504, 宾克的魔法 
20381803, 9.4, 582, 冰与火之歌·卷五·魔龙的狂舞（下） 
4922018, 7.6, 5392, 斗破苍穹 2 
2351259, 8.2, 2105, 大漠荒颜·帝都赋 
1921433, 8.6, 1271, 蛮荒记2·青帝 
4937547, 7.9, 3151, 我的征途是星辰大海 
7056972, 9.4, 549, 塔希里亚故事集Ⅴ 
1786536, 7.7, 4192, 九州·朱颜记 
1393280, 7.7, 4204, 花镜 
2567960, 7.6, 4969, 镜·织梦者 
5366006, 8.4, 1554, Blood X Blood：血族传说大结局 
11628194, 9.2, 624, 冰与火之歌·卷四·群鸦的盛宴（上） 
5264447, 7.5, 5389, 三千鸦杀 
4313949, 8.0, 2503, 奥汀的祝福 
1726544, 8.3, 1666, 卧底 
3866397, 7.7, 3793, 鹿男 
2924564, 7.9, 2807, 彼岸花 
1742707, 8.4, 1426, 佣兵天下1 
2302798, 8.5, 1226, 吸血鬼莱斯特 
1919221, 8.0, 2334, 人间六道之修罗道 
4920036, 7.3, 7117, 临界·爵迹 Ⅱ 
11628195, 9.3, 524, 冰与火之歌·卷四·群鸦的盛宴（下） 
1461652, 8.2, 1744, 纳尼亚传奇：狮子、女巫和魔衣柜 
1283275, 8.5, 1200, 都市妖奇谈一 
1450536, 8.9, 768, 猎物者 
4920037, 7.1, 9902, 临界·爵迹 I 
2057291, 8.1, 1915, 守夜人 
2133270, 8.6, 1003, 魔法的颜色 
11628197, 9.2, 543, 冰与火之歌·卷四·群鸦的盛宴（中） 
5276802, 8.6, 991, 饕餮娘子之岁寒记 
5363651, 7.8, 2643, 浮生物语 
1320621, 8.6, 934, 都市妖奇谈二 
26303224, 8.1, 1686, 说部之乱 
2244881, 8.4, 1160, 宝珠鬼话之锁麒麟 
26725405, 7.9, 2168, Harry Potter and the Cursed Child 
1022582, 8.4, 1131, 瞬间收藏家 
25934300, 8.6, 857, 塞拉菲尼抄本 
1823247, 7.4, 4477, 飞天 
1364537, 8.8, 688, 十二國記·華胥之幽夢 
3336960, 8.5, 951, 沧海明月·凝碧卷 
2372401, 8.1, 1550, 九州志Ⅱ 
1316584, 8.7, 738, 玩具修理者 
1420524, 8.1, 1488, 夜谈蓬莱店 
1928374, 8.4, 1004, 道可道 
3084855, 7.6, 2965, 星辰变1 
1461898, 8.5, 881, 蜀山剑侠传 
3816883, 8.3, 1111, 黑暗的左手 
6018589, 9.5, 329, George R. R. Martin&#39;s A Game of Thrones 4-Book Boxed Set 
3587025, 8.1, 1411, 九州·星痕 
26267087, 8.7, 692, 猎魔人1：白狼崛起 
3191257, 8.2, 1200, 乌有乡 
3698543, 8.4, 937, 胡林的儿女 
1084341, 7.8, 2028, 神奇的魁地奇球 
1836272, 8.7, 678, 山海经 
1950094, 8.5, 840, 疯狂植物园 
1863160, 8.7, 657, 十二國記 - 前傳 - 魔性之子 
25808738, 9.1, 433, 阴阳师典藏合集 
2176700, 8.1, 1289, 鬼吹灯之精绝古城（上下）（漫画版） 
20273030, 8.3, 1013, 哈尔的移动城堡 
3174112, 8.9, 517, 陰陽師：夜光杯卷 
6779980, 7.4, 3519, 天命 
1859615, 8.6, 707, 荒原 
1054380, 9.1, 420, 龙族（一） 
1783560, 8.8, 560, 龍槍編年史 1 秋暮之巨龍 
26425832, 9.3, 348, 纸上中洲 
26390937, 9.1, 413, 猎魔人2：宿命之剑 
2049339, 8.3, 963, 变化的位面 
1000353, 8.6, 681, 纳尼亚王国传奇（全7册） 
1962224, 9.2, 378, 龙与地下城怪物图鉴 
25831096, 8.9, 493, 梦书之城 
2003209, 8.0, 1369, 蜘蛛男孩 
1919733, 8.6, 658, 彼得潘 
25768277, 8.0, 1329, 苗疆蛊事1 
3543364, 8.9, 477, 狐说 
6952187, 8.2, 1011, 宵山万华镜 
3177087, 7.3, 3663, 风玫瑰 
4839148, 8.7, 564, 阿拉桑雄狮 
3236601, 7.9, 1446, 恶魔法则1 
2010276, 7.6, 2180, 神墓1·潜龙出渊 
25832787, 8.8, 501, 惊悚乐园1 
1131441, 8.2, 946, 刺客正传Ⅰ·刺客学徒 
2136038, 7.0, 5923, 诛仙8（大结局） 
2226171, 8.1, 1043, 守日人 
2343823, 8.1, 1048, 笔冢随录·生事如转蓬 
1834139, 7.9, 1351, 云荒往世书·云散高唐 
3864624, 8.3, 825, 九州幻想·四年 
26783041, 9.3, 301, 睡魔1：前奏与夜曲 
6890100, 8.6, 565, 缥缈·提灯卷 
4895136, 7.8, 1468, 鸭川小鬼 
3543627, 8.7, 506, 黑暗之塔 
2969999, 7.7, 1669, 九州·死者夜谈 
10786074, 8.1, 993, 如意蛋 
1003925, 8.4, 687, 风姿物语No.1 
3680885, 7.8, 1419, 回声 
1771843, 8.3, 745, 三张牌 
1464421, 8.4, 657, 亚尔斯兰战记 
2988328, 8.8, 435, 瑪莉的音樂盒#上 
1340583, 9.5, 237, The Return of the King 
20532619, 8.6, 522, 魅生·十师卷（全二册） 
2373242, 9.2, 301, 酉阳杂俎 
2984725, 8.0, 1036, 鬼吹灯之龙岭迷窟①（漫画版） 
24751077, 9.3, 272, 飓光志第一卷：王者之路（全三册） 
2052380, 8.6, 514, 巫师与玻璃球 
3315767, 8.1, 900, 笔冢随录Ⅱ·万事皆波澜 
1776832, 9.2, 285, Sandman 
2216512, 7.7, 1467, 冒死记录 
1493257, 8.6, 501, 三千界 
26775078, 8.9, 369, 非人哉 
4718389, 8.1, 837, 江湖异闻录 
1364507, 9.4, 237, 冰與火之歌三部曲（卷三）劍雨風暴 
4082857, 8.1, 833, 九州志·葵花·玄之殇陨 
1461655, 8.2, 732, 纳尼亚传奇：黎明踏浪号 
3021566, 7.9, 1028, 我是传奇 
10770739, 7.7, 1324, 哑舍Ⅱ 
4709682, 8.7, 401, 绿林记 
1607466, 8.4, 543, 妖言惑众 
11505944, 8.3, 603, 天鹅·余辉 
10537633, 8.2, 660, 克苏鲁神话 
5984284, 7.5, 1641, 斗破苍穹3·寻找异火 
2329083, 8.3, 588, 佣兵天下 
26792804, 9.1, 266, 魔兽世界编年史 
2272936, 8.5, 460, 图解山海经 
3016791, 8.3, 566, 逆流河 
2354896, 8.5, 464, 幽冥仙途 
3059430, 8.1, 685, 萨布莉尔 
1889764, 8.7, 361, 燃犀奇谈 
1461653, 7.9, 863, 纳尼亚传奇：凯斯宾王子 
24882313, 8.5, 433, 地海传奇2：地海古墓 
5936069, 8.2, 593, 九州·雪焚城 
4219418, 7.7, 1087, 九州·刺客王朝·葵 
1489844, 7.7, 1106, 华音流韶之天剑伦 
26341728, 8.4, 466, 山河表里 
26435000, 9.1, 244, 猎魔人3：精灵之血 
1084416, 8.6, 387, 地海传奇Ⅱ 
1460275, 7.7, 1067, 逝雪 
10198949, 8.3, 511, 魁拔之书 
1258564, 8.5, 411, 刺客正传Ⅲ·刺客任务（上下） 
1461658, 8.1, 628, 纳尼亚传奇：能言马与男孩 
5063873, 8.2, 555, 地师（1、2、3、4） 
1067243, 8.0, 692, 伊拉龙 
4922017, 7.1, 2429, 斗破苍穹 1 
1786264, 8.0, 687, 黑质三部曲·之三·琥珀望远镜 
3898902, 7.7, 996, 九州·龙痕 
26647621, 7.0, 2878, 龙族Ⅳ 
4848427, 7.8, 865, 血色童话 
3897534, 8.1, 573, 世界之眼（上下卷） 
1227812, 8.1, 555, 刺客正传II：皇家刺客（上下） 
1771840, 7.5, 1172, 枪侠 
5355649, 8.1, 533, 九州·龙渊 
1778558, 7.8, 761, 沙门空海之大唐鬼宴·卷之三·胡术 
2040795, 7.6, 993, 佛本是道1 
26792696, 8.9, 237, 镜（全6册） 
5391812, 7.8, 744, 风港 
4128025, 7.3, 1473, 羽翼·深蓝 
10618121, 8.1, 498, 扮鬼脸 
25880067, 7.5, 1024, 安珀志1：安珀九王子 
20394783, 7.9, 613, 浮生物语2 
3188317, 8.5, 325, 摩合罗传Ⅰ 
26307399, 9.0, 204, 吉尔莫·德尔·托罗的奇思妙想 
1430684, 7.3, 1338, 永恒之井 
4814387, 8.1, 483, 2050年的母系氏族 Ⅰ 
1458377, 8.2, 419, 大魔法师 
4828417, 7.9, 588, 贞观幽明谭 
1966337, 7.3, 1286, 紫诏天音 
1822785, 8.5, 308, 风姿物语1·暹罗结义 
25880068, 8.0, 507, 安珀志4：奥伯龙之手 
1764444, 7.5, 960, 仙楚1·轩辕 
3237656, 8.4, 331, 龙枪终结版·灵魂之战三部曲 
3375956, 7.9, 563, 黑白灰姑娘 
2149618, 7.8, 638, 氏族之王 
5984933, 9.3, 152, 超魔杀帝国 
3058812, 8.2, 404, 阿布霍森 
1256220, 8.9, 207, 阿巴拉岛 
1787843, 7.6, 801, 兽血沸腾（第一卷） 
2302816, 9.0, 185, 中国奇幻十人选——捕梦天王·骑桶人 
4744976, 8.8, 218, 时光之轮4·暗影渐起（上下） 
4214004, 8.5, 283, 转生真龙（上下卷） 
1485503, 8.2, 381, 长老 
1441505, 9.0, 184, 龙枪编年史 
1055445, 8.7, 237, 魔法灰姑娘 
25782292, 8.7, 231, 巫魔师 
10560806, 8.9, 195, 迷雾之子3·永世英雄（上下册） 
26707942, 7.2, 1270, 知更鸟女孩 
25880072, 7.7, 634, 安珀志2：阿瓦隆之枪 
25805143, 8.5, 264, 他方世界 
26628814, 7.1, 1447, 龙与地下铁 
6715001, 8.2, 357, 九州·丧乱之瞳 
10545776, 8.4, 285, 迷雾之子1·最后帝国（上下册） 
25742768, 8.4, 281, 地海传奇4：地海孤儿 
22693008, 8.2, 339, 兔子共和国 
10546893, 8.3, 308, 弑君者传奇（第一日）风之名 
26545120, 9.7, 100, 塔希里亚故事集Ⅷ 
1449981, 6.3, 6112, 无极 
26111149, 7.3, 962, 第一日 
1225062, 8.7, 205, 汤姆的午夜花园 
3111483, 9.1, 147, 吾命騎士（卷2） 
5406471, 8.9, 167, 夜色玛奇莲I 
25880088, 7.7, 550, 安珀志3：独角兽之兆 
10540821, 7.8, 483, 龙缘 
25836027, 7.6, 615, 献给死者的音乐 
1151918, 8.2, 311, 吸血鬼猎人D 
1085756, 8.3, 283, 地海传奇Ⅲ 
26767242, 8.6, 207, 亲爱的阿道夫 
26722307, 7.9, 408, 暗夜独行客 
1842679, 7.4, 760, 狂神6 
4100304, 8.1, 320, 巫术族的预言-萝铃的魔力-上下册 
26895508, 9.7, 87, 睡魔2：玩偶之家 
25921286, 7.5, 621, 民调局异闻录1·苗乡巫祖 
11523417, 7.8, 435, 神渊古纪·烽烟绘卷 
19967857, 8.0, 337, 冰与火之歌漫画 
25758245, 8.2, 275, 浮生物语3（上） 
24358147, 8.1, 303, 战争之潮 
3571559, 7.5, 589, 驱魔人 
1050866, 8.3, 246, 法老的诅咒 
10589434, 7.3, 762, 七夜谈 
1441589, 7.9, 359, 上帝掷骰子 
1485497, 7.3, 757, 狂神2·堕落天使 
10580819, 8.9, 144, 金字塔 
4604958, 8.1, 295, 波西.杰克逊与神火之盗 
10580817, 8.8, 155, 大法 
25908098, 8.0, 317, 千香引·雏凤星现 
6424415, 7.2, 844, 山海经密码 
24757288, 8.2, 255, M代表魔法 
25760119, 9.0, 129, 《霍比特人》的艺术 
5347698, 7.7, 438, 娑婆气 
3464724, 8.1, 283, 巫颂（第一部） 
5416595, 8.0, 299, 九州·澜州战争 
4176604, 7.8, 376, 阿尔萨斯：巫妖王的崛起 
2356605, 7.7, 418, 布莱克伍德庄园 
3079250, 8.4, 205, 不存在未出版的错误条目 
4124525, 9.2, 106, 龙与地下城4.0 玩家手册 
3807481, 7.5, 505, 墨水心 
26765930, 9.4, 90, 努门诺尔与中洲之未完的传说 
1460136, 9.0, 117, The Chronicles of Narnia Boxed Set 
25880074, 7.5, 489, 安珀志 5：混沌王庭 
4124683, 9.4, 90, 龙与地下城4.0 怪物图鉴 
3315757, 8.2, 228, 道者无心·海内篇Ⅰ 
6265773, 7.4, 537, 巨龙的颂歌 
4124694, 9.2, 99, 龙与地下城4.0 地下城主指南 
6014664, 9.2, 99, 烈火魔尘 
26598799, 9.5, 80, 冰与火之歌的世界 
25725506, 7.2, 680, 羽·苍穹之烬 
25921287, 7.5, 467, 民调局异闻录2·清河鬼戏 
2040860, 7.4, 521, 冰火魔厨 
6311231, 7.6, 402, 神的平衡器 
19966285, 8.6, 148, 陰陽師：醍醐卷 
24283497, 7.5, 438, 狐狸的故事 
3276278, 8.2, 203, 人類衰退之後 1 
25921288, 7.5, 429, 民调局异闻录3·血海鬼船 
10546528, 7.5, 419, 伊岚翠 
5954635, 8.5, 154, 时光之轮6·混沌之王（上下） 
20469397, 8.6, 142, 暗黑破坏神Ⅲ：凯恩之书 
24715870, 7.9, 262, 战士（套装上下册） 
25897996, 8.2, 197, 浮生物语3（下） 
3025616, 8.0, 236, 夜市 
26617142, 8.4, 161, 最后的猎巫人 
26652880, 7.4, 455, 遗落的南境1：湮灭 
25922733, 7.3, 510, 哑舍Ⅳ 
10593893, 7.6, 355, 秘境之匣 
21714358, 8.3, 174, 地火明夷 1 
4783285, 7.8, 284, 明日歌·山河曲1 
26148066, 8.3, 169, 第一律法 [卷一] 
5697408, 7.5, 390, 伪伦敦 
24523684, 8.6, 130, 弑君者传奇（ 第二日）智者之惧 
10566123, 8.4, 152, 山海经 
26281603, 9.0, 95, 渡鸦之影1·血歌（上下） 
24529806, 8.8, 109, 神秘的陌生人 
26586126, 8.4, 148, 黑糖匣 
26600719, 7.8, 261, 哑舍·零 
1423193, 8.7, 117, 外公的13号古宅 
3056871, 8.0, 213, 夜之琴女与耶稣之笛 
25885287, 7.6, 324, 明日绽放的花蕾 
26781555, 8.3, 159, 山海变1·指间错 
26847177, 8.9, 99, 猎魔人4：轻蔑时代 
6712400, 7.5, 361, 莫雷尔的发明 
1385745, 8.8, 106, 如何當一隻好狗 
25923242, 7.9, 233, 如何不相离 
3546460, 9.3, 76, 旅人之忆 
3987585, 8.8, 107, 漆原友紀作品集 
3735921, 7.2, 525, 骑士幻想夜 
5915713, 6.4, 1837, 爵迹•燃魂书 
24760789, 8.1, 187, 烟与镜 
6059239, 7.7, 278, 魅灵之书 
2253601, 7.6, 314, 牛顿加农炮 
26125800, 7.5, 348, 民调局异闻录6·无边冥界 
10795878, 7.3, 438, 仙逆1·天逆珠子 
25719562, 8.2, 169, 闻香榭之二 玉露无心 
25814398, 7.9, 220, 鸭川六景 
4025048, 7.8, 242, 阿努比斯之门 
2203368, 7.1, 563, 蔷薇的第七夜 
26789635, 8.6, 117, 殡葬人的秘密 
25868123, 7.5, 330, 战争罪行 
1804944, 7.3, 419, 狂神4 
6425903, 7.7, 259, 鱼馆幽话 
19894102, 7.8, 234, 九州·暗月将临 
10558240, 8.0, 190, 咬时代 
2150985, 6.6, 1145, 光之子（上中下） 
26369156, 7.6, 281, 猫饭奇妙物语 
3753880, 7.3, 407, 千面之城 
26812570, 9.1, 77, 魔兽世界：伊利丹 
2407931, 9.1, 77, The Witcher: The Last Wish 
6424142, 7.9, 200, 骑誓·海渊骑士的破晓 
26125718, 7.4, 345, 民调局异闻录5 ·赌城妖灵 
1082632, 7.2, 428, 最后的独角兽 
1220201, 8.1, 161, 撒玛坎护身符 
1426168, 8.8, 92, 猫和少年魔笛手 
22933018, 6.7, 876, 斗破苍穹 
1365337, 9.0, 79, 魔戒電影設定聖典1 
3753881, 7.6, 261, 记忆之岛 
25839365, 7.8, 211, 巨龙的黄昏 
10508104, 8.6, 105, 镇魂街 2 
4847645, 8.0, 172, 波西·杰克逊与巨神之咒 
3753879, 7.8, 209, 彼方之旅 
19954996, 7.3, 356, 浮生物语外传 
25982408, 9.1, 72, 青春奇妙物语② 
10593454, 6.7, 796, 怪屋女孩 
26289352, 7.3, 348, 奇谭怪事录 
1677118, 8.9, 81, 神奇的玛丽阿姨 
1448712, 7.8, 202, 指环王与哲学 
5299852, 7.9, 179, 九州幻想·天空之城 
26603435, 6.9, 577, 无心法师 第四卷 
2024174, 7.9, 175, 流枫川志 
6533098, 8.4, 113, 时光之轮7 剑之王冠（上、下册） 
20504955, 7.8, 190, The Ocean at the End of the Lane 
26656291, 8.4, 110, 上帝的图书馆 
25923098, 7.3, 320, 楚墓 
10433307, 9.7, 47, A Dance with Dragons 
3786933, 7.3, 322, 骑士幻想夜Ⅱ 
2339084, 8.5, 99, 黑暗学徒（共6本） 
26835827, 8.9, 73, 想象地名私人词典 
5912701, 7.6, 221, 查理九世1·黑贝街的亡灵 
4882044, 8.4, 106, 威尼斯之石 
20273032, 8.0, 147, 迷宫之屋 
5910862, 8.1, 134, 萝铃的魔力（第3部） 
25927836, 9.8, 42, 所有的邪恶 
25922739, 8.2, 120, 十字弓·玫瑰之刃 
3894769, 7.8, 174, 妖怪公寓 
5993317, 8.4, 103, 白云苍狗 
26834592, 8.8, 75, 夏日遇见狄更斯 
3745104, 8.5, 93, 少年吸血鬼阿曼德 
1151090, 8.0, 135, 魔幻家族 
24838956, 9.1, 60, 时光之轮11·迷梦之刃（上下） 
24876892, 8.8, 71, 人字旁 
3786931, 7.3, 269, 骑士幻想夜Ⅰ 
25793692, 8.0, 133, 闻香榭之三 沉香梦醒 
26609967, 6.9, 445, 他与月光为邻 
5367352, 8.0, 131, 波西·杰克逊与迷宫之战 
25767897, 9.1, 58, 霍比特人官方年历2014 
7153478, 8.3, 101, 时光之轮8·匕首之路（上下） 
24748959, 7.8, 155, 十号酒馆·判官 
26261238, 7.0, 372, 超禁忌游戏Ⅰ 
25816346, 8.3, 96, 恶魔呼唤 
26851278, 9.1, 55, 浮生物语4（下） 
25954325, 8.0, 121, 废物庄园 
2012562, 8.3, 95, Fantastic Beasts and Where to Find Them 
25775380, 8.1, 111, 无尽长门Ⅰ 
24737061, 7.8, 146, 猎人行 
4050577, 8.3, 94, 猫头鹰王国1-暗算 
26811966, 8.1, 110, 无影人 
25997575, 6.9, 386, 天之炽1 
5909528, 7.8, 141, 沉寂的星球 
25957855, 9.3, 47, 乌有王子2·战士先知 
25900685, 9.2, 50, 时光之轮12·末日风暴（上下） 
25919864, 7.7, 155, 奥术神座1·女巫笔记 
10545414, 7.5, 180, 九州·戏中人 
26666023, 8.5, 75, 睡美人与魔纺锤 
1421001, 7.3, 219, 武器屋 
26283241, 7.2, 237, 光与暗的生灵 
26264178, 8.5, 71, 梦歌 
26289676, 7.7, 138, 从天而落 
6985984, 7.5, 169, 白夜灵异事件簿 
25857006, 8.3, 81, 乌有王子1·前度的黑暗 
1449920, 8.5, 70, 帽子里的天空 
6516924, 7.3, 189, 骑誓·龙骑士的千年誓约 
26878529, 8.0, 96, 山海经传奇 
1439350, 8.6, 61, Bridge to Terabithia 
26594195, 9.0, 47, 渡鸦之影Ⅱ 
21869680, 8.6, 60, 镇魂街3 
1029928, 8.1, 87, 穿越夜空的疯狂旅行 
10437285, 7.2, 206, 三界宅急送 
20488050, 8.3, 74, 时光之轮10·光影歧路（上下） 
24854772, 9.0, 47, 冰与火之歌漫画：权力的游戏（第2卷） 
24845557, 9.2, 42, 骨力·风神：张旺白描作品集 
26874330, 7.5, 145, 脑洞W 
26461338, 8.3, 73, 陰陽師 蒼猴卷 
2309907, 7.6, 133, 天使微积分 
1861809, 7.4, 160, 東京異聞 
26675529, 8.0, 91, 爱因斯坦与上海神秘人 
25900117, 8.8, 51, 特洛伊2·雷霆之盾 
25958712, 8.0, 90, 陰陽師 醉月卷 
4178273, 7.3, 172, 萨满桥 
2263939, 7.4, 150, 邪神传说6 
26671170, 7.1, 205, 神圣懒汉的冒险 
26602859, 8.0, 86, 文学少女侦探 
25941181, 7.4, 145, 哑舍5 
24722919, 7.4, 144, 九州·殇翼 
20431818, 9.5, 32, 地海六部曲(繆思十週年紀念套書) 
20312477, 6.9, 248, 斗破苍穹25·净莲妖火 
4827982, 6.7, 327, 忘川堂夜话 
6862480, 7.6, 114, 烟雾和骨头的女儿 
26666026, 7.9, 86, 饕餮娘子3：蜜语楼 
26338191, 9.0, 41, 魔法活船3·命运之船（上下） 
20450684, 7.0, 210, 光与专属少年 
25777845, 7.4, 135, 浮珑 
7047307, 8.2, 65, 查理九世12·失落的海底城 
26338190, 8.9, 41, 魔法活船2·疯狂之船（上下） 
3411680, 7.5, 116, 鬼譚草紙 
26648683, 7.0, 193, 我所创造的怪物 
6129292, 7.1, 172, 移動迷宮 
26721099, 7.9, 78, 冰龙 
24089340, 7.4, 122, 反西游记 
25660555, 7.8, 84, 十三绣衣使 第壹卷 
4926253, 8.6, 47, At the Mountains of Madness 
26904095, 8.2, 61, 博物学家的神秘动物图鉴 
25900091, 8.5, 48, 特洛伊3·诸王陨落 
3337298, 9.1, 33, 约翰·豪奇幻艺术工场 
1753749, 7.7, 83, Rip Van Winkle 
10763427, 8.2, 56, 查理九世15·海龟岛的狩猎者 
1345458, 8.6, 41, 中國妖怪事典 
26299615, 8.1, 57, 如何创作科幻小说与奇幻小说 
26822901, 7.1, 135, 采珠勿惊龙：鬼雨法螺 
26763167, 8.1, 56, 狼的恩赐 
10432664, 6.1, 520, 2012·末夜 
21993097, 9.5, 25, Special Edition Harry Potter Paperback Box Set 
26823150, 7.7, 74, 脏工作 
6100926, 6.8, 185, 被置换的孩子 
1110162, 8.4, 44, 中国狐文化 
24380530, 8.6, 38, 黑质三部曲 
26612858, 8.2, 49, 住在身体里的人 
20385484, 7.5, 82, 绿物语 
10772870, 7.3, 96, 妖物 
26806567, 8.5, 37, 高能预警 
26721089, 8.0, 52, 怪屋女孩2：空城 
26636393, 7.6, 70, 饕餮记 
26261244, 7.3, 90, 血族3：永夜 
25833222, 8.0, 51, 寻找杰克 
21371565, 8.1, 47, 一鬼夜行 
26417932, 8.3, 41, 时光之轮前传 新春 
26745463, 7.6, 65, 米米朵拉 
10605863, 7.2, 93, 汗血宝马 
26899959, 9.5, 21, 达洋猫动物小说·奇幻冒险五部曲 
1492241, 7.2, 93, 恶魔事典 
5912709, 7.6, 65, 查理九世3·恶灵栖息的乌鸦城 
26827251, 7.8, 55, 山 • 十二记 
6867624, 8.8, 29, The Once and Future King 
4884908, 7.6, 61, 圖解克蘇魯神話 
1484267, 7.6, 61, 南总里见八犬传（全四册） 
6110445, 9.2, 23, 梦之守护者 
11604560, 7.2, 87, 魔符 
25857034, 7.4, 68, 生命之书 
2291660, 7.9, 46, The Lightning Thief 
24715997, 7.0, 95, 潘宫的秘密1 
20496320, 7.6, 56, 白夜灵异事件薄2 
26651639, 8.3, 33, 开始写吧！——科幻、奇幻、惊悚小说创作 
7056742, 7.1, 82, 十二金剪 
25930023, 7.9, 43, 忘尘阁之一 噬魂珠 
11541367, 6.2, 234, 阿宅的奇幻事务所 
26545212, 7.9, 42, 破碎之海Ⅰ 
26306661, 7.0, 89, 刺客信条：黑旗 
26274437, 7.8, 44, 英伦魔法拾遗 
25940818, 6.6, 133, 刺客信条：秘密圣战 
24879931, 8.4, 30, 海上宴 
26201918, 7.5, 56, 蛊真人 
25713202, 7.9, 40, 所罗门之戒 
11520569, 7.9, 39, 翅鬼 
10531432, 8.0, 36, 愛麗絲漫遊奇境 
25751571, 7.4, 54, 处女座：完美年华初相见 
26713079, 8.6, 24, 赫伯特的奇幻人生 
1863794, 6.6, 114, 魔法的历史 
25723676, 7.5, 48, 巫城记 1：梅律辛 
3026840, 8.0, 34, 真理之劍 1 巫師第一守則（上） 
26411937, 7.7, 40, 玛拉兹英灵录 卷一 
26339863, 8.6, 23, 獵魔士Ⅲ 
24876144, 8.4, 25, 歌门鬼城 
26435484, 7.2, 55, 刺客信条：大革命 
24702226, 8.0, 30, 皇帝魂 
25891894, 7.8, 31, 冬日传奇 
1459156, 8.4, 22, 奇幻文學寫作的十堂課《The Writer&#39;s Complete Fantasy Reference》 
25957889, 7.2, 48, 《分歧者》三部曲 
7161897, 6.4, 103, 龙族4 
10749901, 8.2, 24, 《遗产》三部曲 
2004395, 8.2, 23, 夜夜春梦 
26786935, 8.4, 20, 盗贼联盟 
26818782, 6.8, 61, 爵迹：雾雪零尘 
24720111, 7.2, 43, 神秘岛/潘宫的秘密4 
26862572, 8.2, 20, 诗人和鲸鱼 
25817159, 6.4, 72, 夜晚马戏团 
25837941, 7.1, 38, 唐朝诡事录2 
26751728, 7.7, 25, 哑舍Ⅴ 
25966508, 7.2, 33, 狩猎2·湄公蛇窟 
26451335, 7.8, 21, 法外之徒 
26358901, 7.3, 28, 忘尘阁2玲珑心 
26824306, 7.5, 23, 被删除的人 
26824352, 6.5, 51, 爵迹：永生之海 
26881696, 7.6, 21, 古文物专家的鬼故事 
24389756, 8.1, 16, 帕迪多街車站 
26616769, 7.7, 19, 阿瓦隆迷雾 3：鹿王 
24859376, 7.7, 19, 纯净 
26822062, 7.7, 19, 青春奇妙物语④ 
6790065, 7.5, 21, 巨齿鲨 
24757008, 8.2, 14, 第一法則 終部曲 
26430276, 7.0, 28, 阿瓦隆迷雾 2：卡米洛王后 
26589197, 8.0, 15, 荆棘王子 
1428448, 8.1, 14, Tales of the Cthulhu Mythos 
26286399, 8.0, 14, 古代志怪小说鉴赏辞典 
25733653, 5.2, 204, 大主宰1 
26642040, 6.7, 31, 刺客信条：启示录 
26415590, 6.4, 38, 韩国异闻录 
10540254, 7.3, 19, 黑夜鸟之黑夜陨歌 
26704111, 7.6, 15, 阿瓦隆迷雾4：橡树之囚 
25944664, 6.7, 26, The Bone Clocks 
1416363, 7.0, 21, 惡魔事典《Dictionary of Demons and Devils》 
1426312, 7.6, 14, 教你如何“混饭吃” 
10542033, 7.4, 14, 藏地密碼第二季 2: 雀母王城 
24680771, 7.1, 16, 夢書迷宮 
26021870, 7.3, 14, 鬼马女神捕1·绝密卧底（上） 
26358363, 7.5, 11, Uprooted 
10739049, 6.7, 17, 龙族-5 
10542031, 7.2, 12, 藏地密碼第二季 1: 絕戶蠱毒 
26729926, 6.9, 14, 异乡人2 
26896735, 7.3, 11, 饕餮记2 
17647718, 7.4, 10, Hollow City 
