Tag: 小说 
The number of books: 958 

ID, Rating, Votes, Title
1007305, 9.5, 112465,  红楼梦 
3259440, 9.1, 172549,  白夜行 
1770782, 8.8, 247514,  追风筝的人 
1008145, 8.9, 179336,  围城 
1082154, 9.1, 119705,  活着 
6082808, 9.2, 93691,  百年孤独 
1068920, 9.3, 73176,  飘（上下） 
5363767, 9.2, 73701,  三体Ⅲ 
3066477, 9.2, 74246,  三体Ⅱ 
3211779, 8.9, 118949,  嫌疑人X的献身 
1200840, 9.0, 93679,  平凡的世界（全三部） 
2567698, 8.8, 124811,  三体 
1041007, 9.0, 82329,  哈利　波特与魔法石 
25862578, 8.6, 167240,  解忧杂货店 
1019568, 9.2, 52529,  三国演义（全二册） 
1255625, 9.1, 53323,  天龙八部 
1071241, 8.9, 70035,  哈利　波特与阿兹卡班的囚徒 
1009257, 8.9, 67945,  哈利　波特与火焰杯 
1083428, 8.8, 80150,  傲慢与偏见 
1873231, 8.8, 77434,  明朝那些事儿（壹） 
1858513, 8.9, 61349,  月亮和六便士 
1017143, 8.5, 129832,  不能承受的生命之轻 
1039487, 8.8, 67764,  哈利　波特与密室 
2295163, 8.9, 53372,  哈利　波特与死亡圣器 
4820710, 9.3, 28009,  1984 
1432596, 8.8, 59492,  哈利　波特与混血王子 
10594787, 8.9, 49903,  霍乱时期的爱情 
1141406, 8.5, 101520,  简爱 
1829226, 9.1, 35253,  肖申克的救赎 
1085860, 8.9, 48345,  基督山伯爵 
1002299, 8.9, 47729,  笑傲江湖（全四册） 
2035179, 9.2, 28035,  动物农场 
1089243, 8.8, 52312,  黄金时代 
1090043, 8.5, 82932,  倾城之恋 
1336330, 9.3, 21546,  冰与火之歌（卷一） 
1029791, 8.7, 56201,  许三观卖血记 
1082387, 9.2, 23974,  一九八四　动物农场 
1057244, 8.6, 63766,  边城 
1827374, 9.0, 32388,  东方快车谋杀案 
1255624, 8.8, 43386,  神雕侠侣 
2143732, 8.7, 48327,  灿烂千阳 
1040771, 8.2, 123207,  达　芬奇密码 
1013129, 8.6, 56086,  哈利　波特与凤凰社 
1046265, 8.0, 178472,  挪威的森林 
1044547, 8.9, 31189,  射雕英雄传（全四册） 
3006581, 8.9, 30630,  无人生还 
1449351, 8.8, 34494,  呐喊 
2154960, 8.7, 38515,  一个陌生女人的来信 
3608208, 8.6, 45245,  牧羊少年奇幻之旅 
1080370, 8.6, 45007,  情书 
2035162, 9.0, 22358,  刀锋 
4742918, 8.3, 73684,  1Q84 BOOK 1 
1205054, 8.9, 25713,  悲惨世界（上中下） 
1022060, 8.3, 72817,  狼图腾 
3646172, 8.4, 58533,  恶意 
1948901, 8.4, 57419,  盗墓笔记 
1986291, 9.5, 10263,  冰与火之歌（卷三） 
1464203, 9.4, 11855,  冰与火之歌（卷二） 
4908885, 9.0, 19837,  局外人 
1003000, 8.4, 53940,  悟空传 
1119522, 8.4, 54293,  呼啸山庄 
1082334, 8.3, 64577,  穆斯林的葬礼 
1212893, 8.8, 26565,  鹿鼎记（全五册） 
5916880, 8.6, 36587,  华胥引（全二册） 
1461903, 8.0, 114035,  何以笙箫默 
1863930, 8.8, 25294,  看不见的城市 
1254588, 8.9, 21250,  城南旧事 
1085799, 8.6, 35099,  白鹿原 
4885241, 8.4, 47246,  1Q84 BOOK 2 
1963684, 8.6, 32732,  半生缘 
1401425, 8.3, 56135,  兄弟（上） 
3426869, 8.3, 54625,  三生三世 十里桃花 
1400705, 8.1, 78881,  情人 
5275059, 7.9, 116787,  1988：我想和这个世界谈谈 
1086249, 8.6, 30292,  荆棘鸟 
3879301, 8.1, 73785,  微微一笑很倾城 
1051193, 8.6, 28438,  麦琪的礼物 
1192090, 8.7, 24092,  球状闪电 
1088065, 8.6, 28141,  阿Q正传 
1092335, 8.9, 16012,  教父 
1014278, 8.4, 36286,  红玫瑰与白玫瑰 
1529893, 8.0, 76540,  莲花 
1258490, 9.2, 10234,  基地 
1020459, 8.4, 34343,  此间的少年 
1059419, 8.1, 58581,  海边的卡夫卡 
1029553, 8.7, 20374,  西游记（全二册） 
2297697, 8.6, 23139,  ZOO 
1024197, 8.3, 39165,  巴黎圣母院 
3017857, 8.5, 26822,  金锁记 
1292416, 8.5, 26372,  香水 
1018577, 8.9, 13751,  霸王别姬 青蛇 
4231381, 8.5, 25834,  那些回不去的年少时光 
2209098, 7.9, 78729,  致我们终将逝去的青春 
1919201, 8.5, 24669,  七夜雪 
3406401, 9.0, 10972,  悉达多 
6880158, 8.7, 17185,  陆犯焉识 
1291809, 8.5, 24050,  世界尽头与冷酷仙境 
3210843, 9.2, 8397,  冰与火之歌　卷四　群鸦的盛宴（全两册） 
26698660, 9.0, 10879,  巨人的陨落 
4011670, 8.3, 33131,  人间失格 
1080309, 8.4, 28092,  尘埃落定 
2256039, 7.8, 88416,  杜拉拉升职记 
2035171, 9.0, 10675,  人生的枷锁 
4187411, 8.8, 14394,  万物有灵且美 
1424741, 8.5, 22321,  心是孤独的猎手 
1008988, 8.3, 31797,  了不起的盖茨比 
1088022, 8.9, 11754,  亮剑 
1394364, 8.8, 13700,  银河系漫游指南 
20381804, 9.4, 6002,  冰与火之歌　卷五　魔龙的狂舞（全三册） 
1159939, 8.5, 21863,  一个陌生女子的来信 
1013380, 8.1, 45015,  茶花女 
1008357, 8.5, 21603,  水浒传（全二册） 
1060852, 8.8, 13277,  呼兰河传 
1856494, 9.3, 6325,  卡拉马佐夫兄弟 
25829693, 9.0, 9396,  永恒的终结 
2022979, 8.1, 41143,  喜宝 
1205370, 8.1, 40898,  羊脂球 
4732378, 8.7, 14160,  那些回不去的年少时光　终场 
6781808, 9.2, 6912,  杀死一只知更鸟 
5038409, 9.0, 8903,  金色梦乡 
26382433, 8.2, 31467,  无声告白 
2567919, 8.3, 26214,  匆匆那年（上下） 
3598313, 8.0, 45448,  西决 
6789605, 9.0, 8665,  树上的男爵 
1004992, 8.8, 11461,  张爱玲文集 
1440972, 9.1, 7386,  博尔赫斯小说集 
1882933, 8.1, 35670,  鬼吹灯之精绝古城 
1963310, 8.2, 29791,  大地之灯 
1449348, 8.8, 10993,  彷徨 
2056749, 8.1, 34478,  时间旅行者的妻子 
5337248, 8.9, 9184,  台北人 
1013225, 8.3, 23332,  生活在别处 
1020961, 8.7, 12069,  棋王 
2326571, 8.6, 14124,  琅琊榜 
4874131, 8.2, 27894,  东霓 
1043815, 8.2, 27899,  骆驼祥子 
1082518, 7.9, 47910,  麦田里的守望者 
1085883, 8.6, 14022,  青铜时代 
3633461, 8.6, 13695,  一句顶一万句 
3920130, 8.6, 13625,  告白 
1418686, 8.6, 13548,  红拂夜奔 
1082349, 8.2, 25777,  长恨歌 
1316648, 8.3, 21532,  查令十字街84号 
1958227, 8.2, 25294,  那些年，我们一起追的女孩 
3012517, 8.5, 15021,  小姨多鹤 
1228110, 8.2, 24779,  天使与魔鬼 
3266609, 8.8, 9462,  流浪地球 
1962929, 8.0, 35156,  佳期如梦 
3136271, 8.6, 12459,  罗生门 
1213546, 8.3, 20027,  变形记 
4238754, 8.0, 33168,  失恋33天 
2243213, 7.9, 40253,  山楂树之恋 
26586492, 8.9, 7653,  火星救援 
1015452, 8.2, 22824,  国境以南 太阳以西 
1065970, 7.8, 47939,  彼岸花 
1856025, 8.9, 7254,  道连　葛雷的画像 
6953273, 8.6, 11181,  盗墓笔记 
10763902, 7.9, 36433,  偷影子的人 
25733470, 8.3, 17505,  村上春树：没有色彩的多崎作和他的巡礼之年 
2250587, 7.6, 67256,  一个人的好天气 
1005521, 8.1, 24791,  伊豆的舞女 
26425831, 8.8, 7823,  斯通纳 
3311253, 9.0, 5939,  额尔古纳河右岸 
1418999, 9.2, 4603,  银河英雄传说 
3803820, 8.4, 14297,  人生 
3518332, 8.9, 6824,  绿毛水怪 
4074636, 7.6, 65255,  放学后 
1465324, 7.7, 51200,  洛丽塔 
1066165, 9.3, 4019,  卡尔维诺文集（第三卷） 
1007433, 8.1, 23514,  红与黑 
3268399, 8.5, 12058,  上海堡垒 
3578470, 9.0, 5767,  德米安 
1186392, 8.7, 8777,  约翰　克利斯朵夫 
3079029, 8.8, 7633,  大秦帝国 
24934182, 8.1, 22671,  一个人的朝圣 
1020670, 8.2, 19211,  舞！舞！舞！ 
26340138, 7.7, 48700,  岛上书店 
1039752, 7.8, 39314,  且听风吟 
1026425, 7.4, 92936,  三重门 
1322455, 8.8, 7231,  遥远的救世主 
1082150, 8.3, 15654,  白银时代 
3391248, 8.6, 9597,  金阁寺 
1025753, 8.2, 18063,  妻妾成群 
4011440, 8.0, 25416,  最初的爱情 最后的仪式 
1917972, 7.8, 37082,  在路上 
3537590, 8.3, 15129,  朗读者 
1016300, 7.2, 142798,  梦里花落知多少 
10560798, 8.7, 7895,  面纱 
1254731, 8.8, 6855,  欧　亨利短篇小说选 
1431870, 9.1, 4459,  源泉 
6518605, 9.3, 3525,  三体全集 
1316622, 8.4, 12245,  诛仙1 
1926103, 8.0, 24087,  鬼吹灯之云南虫谷 
24382569, 8.6, 8793,  一桩事先张扬的凶杀案 
20392523, 8.5, 10293,  没有人给他写信的上校 
1917078, 8.6, 8826,  风之影 
1022632, 8.7, 7465,  罪与罚 
2180619, 8.0, 23336,  偷书贼 
1187842, 9.0, 4881,  你一生的故事 
2136484, 8.7, 7394,  如果在冬夜，一个旅人 
3326892, 8.6, 8524,  圣诞忆旧集 
1060117, 8.5, 9754,  不朽 
1058679, 8.7, 7243,  人　兽　鬼 
1082138, 8.3, 13147,  在细雨中呼喊 
22714154, 8.7, 6991,  繁花 
1054917, 8.5, 9353,  沧浪之水 
1031740, 8.1, 18236,  寻羊冒险记 
1752755, 8.6, 7964,  第九个寡妇 
1261153, 8.4, 10752,  青蛇 
1427288, 8.4, 10811,  小妇人 
1076654, 8.7, 6780,  孽子 
1321789, 8.5, 8897,  美丽新世界 
2331434, 7.7, 36476,  原来你还在这里 
10774752, 9.1, 3866,  毛姆短篇小说精选集 
4010969, 7.8, 29424,  当我们谈论爱情时我们在谈论什么 
1760432, 9.2, 3355,  受戒 
26278687, 7.8, 28691,  皮囊 
1220219, 8.6, 7456,  阴阳师 
1212080, 8.4, 10042,  奇鸟行状录 
1442869, 8.9, 4843,  献给阿尔吉侬的花束 
6781794, 8.8, 5579,  过于喧嚣的孤独 
4292149, 8.5, 8570,  龙文身的女孩 
2193877, 8.1, 15680,  你在天堂里遇见的五个人 
3394338, 7.5, 49178,  他的国 
1926700, 7.7, 32171,  关于莉莉周的一切 
1013502, 7.6, 39350,  钢铁是怎样炼成的 
1418058, 9.1, 3505,  小径分岔的花园 
3616310, 7.6, 38785,  小团圆 
1073744, 9.0, 3970,  四世同堂（上下） 
3335362, 8.5, 8031,  大教堂 
1007772, 8.2, 12711,  双城记 
1000517, 8.8, 5174,  故事新编 
1081422, 8.9, 4401,  卡夫卡小说全集（全三册） 
1012637, 8.2, 12219,  牛虻 
1052828, 8.4, 8756,  玩笑 
5920385, 8.2, 11854,  肠子 
1791664, 8.8, 4885,  千江有水千江月 
20326626, 8.6, 6414,  少年Pi的奇幻漂流（插图珍藏版） 
2230208, 8.1, 13982,  我的前半生 
1078250, 8.2, 11682,  洗澡 
2139305, 7.7, 29024,  巴别塔之犬 
1098643, 8.7, 5476,  聊斋志异 
24845582, 8.4, 8411,  群山回唱 
5993310, 9.0, 3639,  直捣蜂窝的女孩 
3532347, 9.5, 2019,  金庸全集 
3297466, 9.2, 2821,  我的团长我的团（上部） 
2340609, 9.0, 3529,  2001太空漫游 
3673771, 9.0, 3452,  项塔兰 
4934552, 8.8, 4513,  玩火的女孩 
5337243, 8.6, 5876,  纽约客 
3131626, 9.0, 3416,  荒原狼 
2052049, 9.0, 3449,  海伯利安 
4105446, 8.1, 12451,  十一种孤独 
1851385, 7.8, 21317,  我的名字叫红 
4127527, 8.2, 10475,  厨房 
5502995, 7.6, 31062,  1Q84 BOOK 3 
3155622, 8.3, 8921,  庆余年　壹 
3194071, 8.6, 5615,  少年巴比伦 
4922655, 8.4, 7600,  酥油 
5958726, 8.0, 14280,  质数的孤独 
1016486, 8.3, 8582,  笑忘录 
1848256, 8.0, 14102,  东京奇谭集 
3191044, 7.8, 20155,  华莱士人鱼 
1255288, 8.0, 13947,  复活 
1421975, 8.7, 4777,  只有你　到 Calling You 
1830445, 9.0, 3121,  阿城精选集 
3673651, 7.7, 23522,  岛 
1062991, 8.4, 7060,  北京法源寺 
10555486, 8.7, 4591,  分成两半的子爵 
3821057, 8.6, 5260,  搏击俱乐部 
3826899, 8.6, 5178,  布鲁克林有棵树 
1043485, 8.1, 11269,  檀香刑 
2133254, 8.2, 9523,  流血的仕途 
6789551, 8.8, 3882,  不存在的骑士 
25826936, 9.5, 1692,  冰与火之歌 
1458164, 8.3, 7877,  她是女子，我也是女子 
3151990, 8.5, 5755,  达摩流浪者 
1069059, 8.1, 10546,  雪国 
3506871, 7.6, 26480,  曾有一个人，爱我如生命 
20428302, 9.1, 2560,  失明症漫记 
2161892, 8.5, 5575,  九故事 
1064828, 8.4, 6452,  好笑的爱 
1032431, 9.0, 2898,  卡尔维诺文集（第五卷） 
3003477, 9.2, 2234,  虚构集 
1015584, 8.0, 12174,  看上去很美 
1400059, 8.7, 4163,  心 
25752955, 9.0, 2812,  来自新世界 （上下） 
3594151, 8.1, 10120,  柑橘与柠檬啊 
2061644, 8.2, 8576,  伤心咖啡馆之歌 
3987362, 8.8, 3565,  春雪 
3389984, 8.6, 4631,  俗世奇人 
1005918, 7.9, 13973,  堂吉诃德 
3836566, 8.5, 5235,  玫瑰的名字 
3010130, 7.7, 19733,  悲观主义的花朵 
4149805, 8.5, 5242,  了不起的盖茨比 
3264642, 8.7, 3976,  似水流年 
6773643, 8.2, 8035,  橘生淮南　暗恋 
3899039, 8.1, 9302,  刺猬的优雅 
1013469, 8.6, 4419,  战争与和平（全四册） 
4242406, 8.5, 5065,  达芬奇密码 
26371317, 8.2, 7827,  24个比利 
2036561, 8.4, 5789,  城堡 
1092168, 9.1, 2253,  追忆似水年华（上下册） 
10512236, 8.4, 5724,  时间的针脚 
21979017, 9.5, 1444,  魔戒 
1859108, 8.8, 3251,  白痴 
3013624, 9.1, 2237,  棋王.　王.孩子王 
1465007, 8.2, 7422,  生死疲劳 
1077492, 9.0, 2425,  大师和玛格丽特 
3406518, 8.5, 4668,  追随她的旅程 
5269222, 8.5, 4692,  一朵桔梗花 
26264967, 8.3, 6099,  神们自己 
6016234, 8.8, 3055,  奇风岁月 
4171951, 7.5, 24753,  失落的秘符 
3246904, 8.1, 8428,  蒂凡尼的早餐 
4169424, 7.9, 11632,  蛙 
1763806, 8.5, 4577,  万寿寺 
4120475, 9.3, 1685,  加缪全集 （小说卷） 
1818583, 9.1, 2096,  斯　茨威格中短篇小说选 
2267883, 7.9, 11625,  色，戒 
2146279, 9.0, 2304,  心灵的焦灼 
1049477, 8.0, 9423,  一半是海水一半是火焰 
3013903, 8.1, 7832,  漫长的告别 
2376336, 8.4, 4950,  未央歌 
4116629, 8.9, 2535,  希区柯克悬念故事集 
26210487, 9.1, 1994,  强风吹拂 
1056023, 8.5, 4204,  鼠疫 
3926717, 8.5, 4239,  雷蒙德　卡佛短篇小说自选集 
4105411, 8.1, 7743,  第八日的蝉 
3018339, 7.7, 15298,  万物生长 
1072334, 8.5, 4226,  魔戒前传 
10569619, 8.5, 4186,  自由 
2669319, 9.0, 2204,  Flipped 
5367304, 8.3, 5511,  城邦暴力团（上） 
1083435, 8.7, 3181,  契诃夫短篇小说选 
1008074, 7.5, 22012,  失乐园 
3769738, 8.7, 3118,  万火归一 
1082147, 9.0, 2147,  热爱生命 
3061282, 7.6, 17368,  山月不知心底事 
3432304, 9.1, 1866,  大江东去（共三部） 
4202422, 8.3, 5291,  云图 
3259428, 8.5, 3978,  斜阳 
4143051, 8.6, 3419,  荆棘之城 
3662594, 8.1, 6967,  荒人手记 
2296687, 8.5, 3865,  纸牌的秘密 
6085181, 8.1, 6931,  二号首长 
1873900, 8.6, 3356,  变形记 
1792984, 8.2, 5957,  一个女人的史诗 
2302217, 8.8, 2529,  阿特拉斯耸耸肩（上下） 
3075281, 8.6, 3316,  世界上所有的夜晚 
1165173, 8.8, 2549,  务虚笔记 
4173403, 7.7, 13021,  温柔的叹息 
3264665, 8.6, 3248,  三十而立 
5395724, 8.5, 3696,  华丽人生 
24541883, 8.1, 6493,  消失的爱人 
1819978, 8.5, 3631,  温莎墓园日记 
1316606, 8.6, 3162,  　　　 
1872158, 8.2, 5551,  蝇王 
1000856, 7.9, 8897,  我是猫 
3277199, 8.1, 6300,  多田便利屋 
1456692, 8.5, 3547,  金瓶梅 
5940553, 8.8, 2371,  当尼采哭泣 
1052074, 8.7, 2725,  喧哗与骚动 
5446490, 8.7, 2684,  宇宙奇趣全集 
10807374, 8.7, 2649,  浮生若梦1 
2042629, 8.7, 2684,  九三年 
5288327, 8.3, 4626,  鸟，看见我了 
1849791, 8.5, 3390,  铁皮鼓 
1291199, 8.7, 2607,  过于喧嚣的孤独 底层的珍珠 
11528350, 8.8, 2290,  哈扎尔辞典（阳本） 
3391246, 8.2, 5143,  潮骚 
3302645, 8.1, 5933,  我在雨中等你 
1083429, 8.7, 2537,  爱伦　坡短篇小说集 
2214350, 8.4, 3793,  幻影书 
1874411, 8.5, 3307,  乞力马扎罗的雪 
26672693, 9.0, 1748,  一个叫欧维的男人决定去死 
2165076, 9.0, 1744,  玻璃球游戏 
3391245, 8.4, 3702,  假面自白 
2201813, 7.5, 16380,  藏地密码1 
1057197, 8.1, 5777,  无知 
3785741, 8.0, 6619,  死神的精确度 
1006073, 7.6, 13002,  七月与安生 
1444077, 9.2, 1359,  汪曾祺小说经典 
3871911, 8.4, 3597,  大树 
10768068, 8.4, 3527,  寻欢作乐 
3640067, 8.7, 2376,  革命之路 
6742586, 7.8, 8833,  我不是潘金莲 
1050566, 8.0, 6374,  一地鸡毛 
3842847, 8.6, 2701,  深河 
3191247, 8.7, 2377,  好兆头 
3831788, 8.0, 6327,  逃离 
4881998, 8.4, 3485,  猜火车 
1939182, 8.0, 6304,  美国众神 
3024497, 8.4, 3481,  天浴 
6041708, 8.4, 3431,  世上另一个我(修订版) 
4832553, 8.2, 4539,  侯卫东官场笔记 
3124386, 9.0, 1607,  大唐狄公案 
26886310, 9.1, 1415,  有匪1 
6797396, 8.5, 2956,  焚舟纪 
3402999, 8.5, 2951,  到灯塔去 
24736899, 8.0, 6112,  雪国 
1014144, 8.3, 3881,  大卫　科波菲尔（上下） 
11612936, 7.6, 11854,  古董局中局 
1010349, 8.0, 5845,  丰乳肥臀 
1469878, 8.6, 2440,  日瓦戈医生 
1038196, 8.4, 3172,  尤利西斯 
1317899, 8.1, 4955,  生死场 
4908872, 8.6, 2427,  都柏林人 
4154988, 8.0, 5654,  纯真博物馆 
10764013, 8.8, 1870,  克罗诺皮奥与法玛的故事 
2295912, 8.9, 1675,  佩德罗　巴拉莫 
2251691, 8.7, 2114,  弗兰妮与祖伊 
6890671, 8.2, 4110,  一天 
1290398, 8.4, 3058,  白蛇 
26680113, 8.6, 2323,  那个不为人知的故事 
1088812, 8.3, 3469,  第二十二条军规 
26628811, 8.7, 2011,  世上最美的溺水者 
1315844, 9.1, 1272,  古拉格群岛（上中下） 
26413027, 7.5, 12615,  虚无的十字架 
1059330, 8.3, 3386,  午夜凶铃 
1852700, 9.0, 1402,  神经外科的黑色喜剧 
20473089, 8.6, 2266,  有顶天家族 
1124305, 8.1, 4422,  扶桑 
26331014, 8.3, 3324,  怨　撞　1　食骨 
4175473, 8.6, 2195,  波斯少年 
4732123, 8.5, 2488,  爸爸，我们去哪儿？ 
3316438, 8.3, 3174,  孤独及其所创造的 
20392525, 7.9, 5821,  枯枝败叶 
1035478, 8.6, 2142,  静静的顿河（全四册） 
4246979, 8.1, 4190,  窄门 
2980471, 8.2, 3616,  赎罪 
2254615, 8.9, 1470,  西线无战事 
10759466, 9.0, 1301,  地下室手记 
1768642, 9.2, 1047,  博尔赫斯短篇小说集 
5395162, 9.0, 1298,  天人五衰 
1091904, 9.1, 1168,  丰饶之海（上下） 
4882159, 7.6, 9076,  橘子不是唯一的水果 
1972266, 7.7, 7645,  余欢 
6041089, 8.3, 3020,  家鸭与野鸭的投币式寄物柜 
1975809, 7.8, 6448,  海上牧云记 
26357614, 9.0, 1263,  海风中失落的血色馈赠 
3606570, 8.3, 2981,  鹤唳华亭 
25924242, 8.9, 1397,  爱在黎明破晓前&amp;爱在日落黄昏时 
6718314, 8.0, 4549,  晚来寂静 
10473355, 8.6, 1961,  木麻黄树 
1200843, 8.1, 3832,  芙蓉镇 
4898551, 8.2, 3306,  四叠半神话大系 
26265745, 8.2, 3227,  清明上河图密码 
2228707, 8.9, 1340,  癌症楼 
1771464, 8.6, 1904,  微物之神 
3003466, 8.7, 1692,  恶棍列传 
3041463, 8.3, 2820,  时间回旋 
21460732, 8.3, 2811,  秒速五厘米 
26284304, 8.1, 3746,  簪中录 
4220020, 8.8, 1502,  相助 
21692813, 7.6, 8392,  眠 
25892399, 7.9, 5004,  余生皆假期 
2062599, 8.4, 2427,  雪 
6800379, 8.6, 1845,  2666 
26642866, 8.5, 2090,  萤火虫小巷 
26210607, 8.4, 2395,  时间移民 
1067293, 8.5, 2090,  青春 
20424609, 8.1, 3618,  妩媚航班 
1805988, 8.5, 2092,  庆熹纪事 
21346008, 8.5, 2060,  米格尔街 
24715686, 8.7, 1607,  仿生人会梦见电子羊吗？ 
10764363, 9.2, 913,  是，大臣 
1837654, 8.7, 1577,  审判 
2160230, 8.5, 2044,  细雪 
3290028, 8.5, 2037,  孤城闭 
1174721, 8.4, 2275,  丧钟为谁而鸣 
26821461, 8.8, 1376,  北鸢 
3228779, 8.7, 1533,  出埃及记 
1119590, 8.0, 3885,  老残游记 
1807562, 9.2, 895,  加西亚　马尔克斯中短篇小说集 
1088418, 9.0, 1074,  死屋手记 
26729776, 8.2, 2765,  雪人 
10565151, 7.5, 8506,  我是个年轻人 我心情不太好 
3733083, 8.8, 1286,  你往何处去 
3010128, 8.6, 1617,  剧院风情 
3669671, 8.5, 1804,  我们在此相遇 
10746177, 8.5, 1794,  终结的感觉 
1455933, 7.5, 8141,  你好，忧愁 
1042053, 8.1, 3111,  儒林外史 
26451351, 8.6, 1565,  爱情和其他魔鬼 
26431326, 8.9, 1114,  所有我们看不见的光 
26356948, 7.0, 21663,  摆渡人 
26276924, 8.6, 1566,  梦中的欢快葬礼和十二个异乡故事 
3866885, 8.5, 1786,  沉默 
1468997, 8.6, 1573,  守望灯塔 
26578003, 8.2, 2621,  无心法师 第一卷 
4870150, 8.3, 2298,  44号孩子 
25716611, 8.5, 1748,  花街往事 
1982427, 9.0, 988,  大明王朝1566 
26580084, 8.7, 1346,  烛烬 
10563555, 8.9, 1076,  恐惧 
3623831, 8.1, 2920,  温故一九四二 
1030554, 8.5, 1689,  恶心 
4621099, 8.3, 2170,  死于威尼斯 
6527141, 8.2, 2517,  停车暂借问 
24529235, 8.4, 1882,  刀背藏身 
1960035, 8.8, 1167,  盲刺客 
11511232, 8.9, 1028,  大师的盛宴 
5321895, 8.3, 2060,  那些忧伤的年轻人 
6885715, 7.7, 4978,  蓝另一种蓝 
2061444, 8.6, 1419,  幽灵之家 
26286208, 7.7, 4889,  没有女人的男人们 
3783409, 8.7, 1238,  圣殿春秋（上） 
3920144, 8.6, 1412,  春宵苦短，少女前　吧！ 
4151134, 7.8, 4217,  只爱陌生人 
1415226, 8.7, 1244,  奥兰多 
25779593, 8.5, 1547,  马尔克斯：族长的秋天 
2003092, 8.3, 1998,  波多里诺 
25808056, 8.1, 2562,  纸牌屋 
19965972, 7.5, 6648,  我读书少，你可别骗我 
20501761, 8.2, 2195,  地球上最后的夜晚 
2973335, 8.6, 1330,  微暗的火 
4799445, 7.9, 3421,  太阳黑子 
24715669, 8.9, 936,  少数派报告 
10522844, 8.7, 1162,  游戏的终结 
6529759, 9.4, 567,  水蛇腰 
4105444, 8.5, 1467,  复活节游行 
25957554, 8.0, 2765,  在不安的世界安静的活 
26261735, 8.5, 1413,  编舟记 
26295450, 8.7, 1113,  软件体的生命周期 
5348044, 8.0, 2736,  敦煌 
24540864, 6.8, 24522,  第七天 
26300508, 8.7, 1104,  万物的签名 
25764295, 8.4, 1568,  百年好合 
20470849, 8.3, 1768,  神的九十亿个名字 
20279665, 9.2, 655,  “太空漫游”四部曲 
26674263, 8.4, 1569,  司藤（上下） 
6310320, 8.7, 1100,  人都是要死的 
1144385, 7.8, 3602,  镜花缘 
25955474, 8.0, 2677,  坏小孩 
25696089, 7.4, 7065,  1980年代的爱情 
26276279, 7.8, 3537,  苦妓回忆录 
5940829, 8.1, 2285,  写在身体上 
5921802, 7.6, 4845,  邮差总按两遍铃 
26701959, 8.6, 1183,  我脑袋里的怪东西 
1434071, 7.9, 2972,  我们 
4198469, 8.2, 1973,  轻舔丝绒 
3175259, 8.3, 1725,  锅匠，裁缝，士兵，间谍 
3765092, 8.6, 1162,  旧地重游 
26349261, 8.3, 1685,  孤儿列车 
25852518, 7.6, 4683,  南方有令秧 
6897140, 8.3, 1693,  The Fault in Our Stars 
24107596, 8.0, 2445,  神经漫游者 
2050779, 8.3, 1639,  魔山 
1440243, 8.7, 1015,  索拉里斯星 
2073481, 8.6, 1129,  城市与狗 
1393473, 8.8, 898,  遍地风流 
26844525, 8.6, 1115,  再见，萤火虫小巷 
3090810, 8.8, 887,  五号屠场 
6861517, 8.5, 1260,  时时刻刻 
26285194, 9.1, 660,  故事新编 
5390091, 8.7, 986,  人皮论语 
20493367, 8.5, 1240,  爱伦　坡暗黑故事全集（上册） 
4213981, 8.4, 1379,  好人难寻 
4714018, 7.5, 5137,  青春咖啡馆 
1082946, 8.8, 884,  我弥留之际 
2245449, 8.7, 961,  爱与黑暗的故事 
5391766, 7.5, 4969,  忽然七日 
25796061, 9.3, 528,  杜撰集 
6832303, 6.9, 16172,  别相信任何人 
6746290, 8.9, 763,  奥丽芙　基特里奇 
26356515, 8.2, 1715,  S. 
26613724, 7.6, 4042,  余罪 
5366440, 8.6, 1047,  禁色 
6010144, 8.3, 1497,  动物寓言集 
1437488, 9.2, 552,  群魔 
1038656, 8.8, 829,  我曾侍候过英国国王 
2174410, 8.2, 1659,  名利场 
6791412, 8.8, 823,  炽焰燃烧 
4203630, 8.5, 1126,  鳄鱼街 
25756947, 7.4, 5538,  地狱 
5423775, 8.2, 1621,  隔壁女子 
21681263, 8.3, 1423,  大鱼 
2280027, 7.6, 3816,  自杀俱乐部 
26892080, 9.0, 639,  猎豹 
26787935, 8.7, 861,  夜色人生 
19898714, 7.6, 3666,  偶发空缺 
1470622, 8.2, 1556,  二十年目睹之怪现状 
26831234, 8.7, 847,  不属于我们的世纪 
25796049, 9.0, 619,  沙之书 
6879215, 7.6, 3642,  乌克兰拖拉机简史 
11527635, 8.1, 1749,  鳄鱼手记 
2283762, 8.5, 1055,  钟形罩 
2124556, 8.2, 1507,  黑书 
26303224, 8.1, 1685,  说部之乱 
20473505, 8.7, 824,  山月记 
1030789, 8.6, 918,  爱因斯坦的梦 
24319078, 7.7, 2936,  我心中尚未崩坏的部分 
26725405, 7.9, 2164,  Harry Potter and the Cursed Child 
26367367, 8.6, 908,  宵待草夜情 
1607478, 8.3, 1279,  巴黎伦敦落魄记 
10345560, 7.8, 2453,  离别之音 
26689989, 8.0, 1874,  余罪2 
25890145, 8.4, 1115,  线 
1083317, 7.8, 2456,  北回归线 
2568067, 8.1, 1621,  中性 
1321790, 8.1, 1634,  华氏451 
26669243, 8.2, 1394,  慈悲 
26280924, 8.4, 1089,  看海的人 
26735064, 7.3, 5461,  孤独小说家 
3136267, 8.5, 969,  小城畸人 
20392524, 7.7, 2841,  恶时辰 
26591906, 8.3, 1208,  浮生梦 
25744411, 8.6, 856,  被嫌弃的松子的一生 
6003394, 8.2, 1368,  爱，始于冬季 
25737793, 8.5, 966,  阳光劫匪 
2969263, 8.5, 940,  跳房子 
26242908, 7.6, 3174,  如果世上不再有猫 
10282582, 8.3, 1186,  隐形怪物 
26687879, 8.1, 1506,  一首小夜曲 
2036569, 8.2, 1321,  愤怒的葡萄 
3327495, 8.3, 1147,  万有引力之虹 
3774646, 8.2, 1313,  平面国 
4882013, 8.1, 1475,  异常 
26811147, 8.6, 812,  月族 
2079345, 8.1, 1485,  侠隐 
1146304, 8.6, 817,  日光流年 
26837288, 8.4, 1013,  钓鱼的男孩 
26890281, 8.2, 1255,  漫长的中场休息 
26394018, 9.1, 473,  生活与命运 
26841146, 8.3, 1123,  人间乐 
5321892, 8.8, 644,  不适之地 
3816883, 8.3, 1111,  黑暗的左手 
26276923, 7.9, 1838,  礼拜二午睡时刻 
25802944, 8.2, 1241,  大唐李白　少年游 
24862771, 9.0, 513,  熔炉 
5448179, 8.0, 1619,  别的声音，别的房间 
6874612, 8.1, 1397,  孤独的池塘 
26110579, 7.6, 2829,  暗店街 
26821459, 7.8, 2043,  茧 
4191701, 8.8, 609,  肉桂色铺子 
26576515, 8.1, 1368,  清明上河图密码 2 
24872210, 9.2, 403,  无愁河的浪荡汉子　朱雀城 
10581659, 8.3, 1030,  老妓抄 
26672441, 8.5, 803,  收山 
21778349, 8.2, 1135,  苦水音乐 
1456311, 8.5, 770,  Of Mice and Men 
25724491, 8.3, 971,  突然，响起一阵敲门声 
1950154, 8.8, 564,  小说鉴赏 
2568438, 8.6, 693,  权力与荣耀 
6060418, 8.3, 961,  年轻的心在哭泣 
26760976, 8.4, 839,  怒 
25831096, 8.9, 493,  梦书之城 
26647727, 7.8, 1801,  手机里的男朋友 
1017334, 9.0, 445,  没有个性的人 
4000908, 8.9, 486,  金瓯缺 
5394486, 7.3, 3867,  爱情没那么美好 
6560651, 7.9, 1515,  雨必将落下 
4262685, 8.0, 1323,  戏梦巴黎 
1470235, 8.3, 907,  猫的摇篮 
25985982, 8.5, 714,  遥远的星辰 
26607924, 8.4, 791,  午夜之子 
25919825, 8.4, 792,  大河湾 
25897333, 7.5, 2630,  我讲个故事，你可别当真啊 
3266349, 8.3, 891,  恋情的终结 
26746839, 8.5, 692,  清明上河图密码3 
26689063, 8.2, 972,  卡罗尔 
5406557, 8.1, 1100,  夜色温柔 
25767862, 7.1, 5063,  如果蜗牛有爱情 
10432334, 8.3, 854,  Me Before You 
2170030, 8.0, 1215,  白鲸 
20435635, 8.6, 606,  里斯本夜车 
2131426, 9.0, 408,  涅朵奇卡　涅茨瓦诺娃 
10483439, 8.4, 731,  上升的一切必将汇合 
26584387, 7.7, 1763,  一个人的朝圣2 
26305561, 8.0, 1165,  如何阅读一本小说 
11535042, 8.2, 906,  请以你的名字呼唤我 
10564102, 8.1, 1024,  单身（50周年典藏纪念版） 
5423772, 7.8, 1500,  西夏旅馆 
26648238, 7.7, 1711,  且将生活一饮而尽 
3138839, 8.6, 566,  大师 
3861531, 8.2, 894,  荒野侦探 
25896617, 7.4, 2709,  第十一根手指 
10604943, 8.3, 773,  爱情半夜餐 
25699387, 8.6, 547,  星辰时刻 
7046857, 8.3, 763,  长日留痕 
20425433, 8.1, 970,  请你安静些，好吗？ 
6041086, 7.9, 1234,  恋爱中的骗子 
26931507, 7.7, 1587,  罗曼蒂克消亡史 
25900687, 8.6, 532,  夜 
26787941, 7.3, 2847,  玛格丽特小镇 
20515828, 8.6, 525,  傅科摆 
10608453, 8.7, 473,  盲视 
19950784, 8.4, 648,  空荡荡的家 
25732311, 9.0, 354,  64 
25808977, 8.4, 635,  全息玫瑰碎片 
1069507, 9.1, 321,  战争风云：1939－1941（上下） 
6885341, 8.1, 897,  别让我走 
26686802, 8.8, 422,  真幌站前狂骚曲 
26284529, 7.6, 1710,  群山之巅 
7007231, 7.9, 1136,  房间 
26043287, 8.0, 989,  我的拖延症女友 
4191638, 8.4, 621,  10 1/2章世界史 
26872990, 7.9, 1092,  余生，请多指教 
25881325, 7.0, 4410,  庆祝无意义 
26787931, 7.7, 1403,  精神科的故事：在游泳池 
24871460, 8.4, 589,  幻之光 
3888110, 8.7, 430,  天使望故乡 
6813370, 8.2, 716,  雾中回忆 
3174506, 8.5, 507,  一个自行发完病毒的病例 
26923390, 9.0, 311,  长夜难明 
1960287, 8.4, 547,  蒙着眼睛的旅行者 
26394876, 8.9, 335,  小说机杼 
26301984, 8.2, 683,  白色流淌一片 
10537633, 8.2, 659,  克苏鲁神话 
26791998, 8.3, 585,  山中的糖果 
20444771, 8.9, 325,  血色子午线 
26314932, 8.4, 518,  言叶之庭 
4619135, 9.0, 277,  押沙龙，押沙龙！ 
4719265, 8.5, 442,  逆天 
26765928, 8.4, 477,  屠夫十字镇 
6802423, 7.7, 1089,  哦！爸爸们 
26712094, 8.2, 596,  汽油生活 
26757657, 8.3, 519,  望春风 
26735085, 7.7, 1083,  奇迹 
26461519, 8.0, 735,  面包会有的 
26863353, 8.9, 287,  贩罪 
10473352, 8.9, 287,  浮士德博士 
10774932, 8.0, 728,  柠檬桌子 
26654687, 8.0, 710,  你是我的命运 
25736982, 9.4, 188,  菲利普　迪克作品集（全5册） 
4233385, 7.7, 1015,  海上大教堂 
1186176, 8.3, 497,  海上花列传 
26878124, 8.8, 299,  我的天才女友 
24871651, 8.8, 293,  爱达或爱欲 
1256406, 8.8, 292,  苦炼 
25747871, 8.4, 435,  恨，友谊，追求，爱情，婚姻 
26891238, 9.6, 152,  红色 
26910597, 8.6, 345,  直到那一天 
26769999, 7.8, 834,  死神的浮力 
19950785, 8.3, 466,  雨后 
26756030, 8.4, 406,  时间之间 
26732624, 8.3, 448,  精神病患 
26821903, 7.9, 689,  精神科的故事：空中秋千 
26807576, 8.4, 399,  赡养人类 
5043454, 7.9, 672,  盛开的樱花林下 
26821757, 8.4, 388,  他们说，我是幸运的 
25996181, 8.3, 435,  真相 
25959838, 8.0, 596,  巴托比症候群 
1484616, 9.0, 222,  鱼王 
26264210, 7.8, 739,  几乎没有记忆 
26346222, 8.3, 419,  美好的事物无法久存 
26298590, 8.4, 372,  出轨 
26738797, 8.0, 565,  小说课（壹） 
26866300, 9.1, 197,  光芒纪　微光 
26797395, 8.2, 447,  夏日启示录 
26846483, 8.6, 299,  不然你搬去火星啊 
3324036, 8.5, 332,  茫茫黑夜漫游 
26810629, 8.4, 351,  岁月如风小少年 
24861167, 8.3, 393,  一个人消失在世上 
26108007, 7.8, 673,  我已经结婚了  我心情还不好 
26889865, 7.5, 980,  我不知道该如何像正常人那样生活 
26849452, 8.5, 307,  静默 
26871657, 7.7, 742,  第十三天 
26642648, 8.5, 307,  美好的七年 
3583331, 8.6, 281,  布登勃洛克一家 
26882320, 9.0, 196,  嗨，好久不见 
26375108, 8.4, 337,  新手 
1962078, 8.6, 268,  校园秘史 
24153098, 7.5, 918,  差分机 
5312097, 8.5, 293,  维特根斯坦的侄子 
26905360, 9.4, 138,  夜莺 
26931701, 9.2, 159,  长安十二时辰 
3826293, 8.2, 392,  教授与疯子 
26855761, 8.6, 262,  匣心记1 
26384985, 7.3, 1183,  我有个恋爱想和你谈下 
26868615, 8.3, 349,  不懂浪漫的男朋友 
4105424, 7.8, 592,  恋爱中的男人 
26666138, 8.9, 196,  这是不是个人 
26840830, 8.9, 195,  爱德华　巴纳德的堕落 
26791409, 8.7, 228,  奇爱博士 
26808364, 8.1, 412,  四季红 
26805297, 7.5, 848,  我必须恋爱的理由 
26303593, 8.4, 302,  三个胡安在海边 
26248587, 7.6, 738,  美好古董衣店 
26899537, 9.3, 140,  长安十二时辰 上 
26874195, 9.8, 100,  户口本 
26707942, 7.2, 1268,  知更鸟女孩 
26253801, 8.9, 189,  一个市民的自白 
25805143, 8.5, 264,  他方世界 
1461987, 9.1, 157,  桤木王 
4869637, 8.1, 380,  福楼拜的鹦鹉 
1069210, 7.6, 682,  痴人之爱 
26922895, 9.8, 96,  其实你没那么爱他 
26890756, 8.5, 252,  你是我的虚荣 
26728131, 8.0, 420,  安尼尔的鬼魂 
26856953, 7.7, 588,  夏目友人帐 
26900889, 9.1, 151,  佛罗伦萨的神女 
26682066, 8.5, 250,  我的奋斗1 
26315820, 8.4, 272,  火花 
24523678, 8.2, 334,  白噪音 
2257283, 9.1, 143,  唐人小说 
26803179, 8.4, 261,  平原上的摩西 
26653000, 8.1, 348,  金翅雀 
26819479, 8.6, 214,  小说药丸 
26840109, 8.4, 249,  单程票 
26767242, 8.6, 207,  亲爱的阿道夫 
26722307, 7.9, 407,  暗夜独行客 
25981277, 8.2, 294,  抚顺故事集 
26813101, 8.4, 240,  暗杀大师：寻找伦勃朗 
26758995, 8.3, 264,  罗茜计划 
1358404, 7.5, 639,  穿KENZO的女人 
26640439, 8.9, 154,  死缓 
26853566, 8.2, 280,  出家 
3056906, 8.3, 250,  夏日的庭院 
26904479, 8.1, 304,  余罪7 
26882355, 8.3, 243,  去别处 
26791930, 8.2, 270,  生于一九八四 
26895254, 9.1, 125,  雪中的印记 
26907029, 9.1, 125,  天真人类 
6124813, 8.1, 296,  纽约兄弟 
25887908, 8.6, 187,  提堂 
3571559, 7.5, 589,  驱魔人 
26609809, 6.8, 1666,  火车上的女孩 
26801234, 7.9, 363,  我二十九岁的夏天 
4121656, 8.4, 221,  水之乡 
5299768, 8.6, 182,  希腊左巴 
26849731, 8.1, 286,  看了高兴的爱情故事 
26377363, 8.4, 214,  在你说“喂”之前 
26798156, 8.4, 212,  哀伤的墙 
11604737, 8.7, 163,  芬尼根的守灵夜（第一卷） 
4891196, 7.7, 436,  智血 
24523682, 7.6, 488,  裸体午餐 
26837789, 8.7, 162,  不存在的父亲 
26916781, 9.5, 89,  当下四重奏 
26864850, 8.4, 205,  香蕉的低语 
26659419, 7.8, 376,  谋杀电视机 
26882668, 9.4, 92,  金沙古卷1.青铜之门 
26686803, 9.0, 121,  葬礼竞技会 
2973325, 8.2, 239,  纠正 
26848052, 8.8, 140,  别爱上任何人 
26866448, 8.6, 160,  皮囊之下 
26819925, 8.6, 156,  君の名は。 
26870405, 7.9, 296,  龙头凤尾 
26704178, 8.4, 181,  我们飞 
26742636, 9.0, 112,  鸟人 
26755625, 8.2, 219,  妈妈走的那一年 
10763918, 8.3, 200,  一路两个人 
26652086, 8.3, 195,  你的一切好与坏我都眷恋 
1154561, 7.9, 283,  抵达之谜 
26756561, 9.1, 101,  小谎言 
26823134, 8.1, 228,  困扰种种 
26901311, 8.7, 134,  血日苍茫 
26864983, 8.5, 157,  思家小馆的晚餐 
26818183, 9.0, 106,  失忆的爱丽丝 
26303995, 8.5, 154,  飞毡 
26716997, 8.5, 150,  隐秘的幸福 
26895400, 9.2, 90,  镜像人之末世如你 
25897884, 9.0, 102,  13．67 
26617142, 8.4, 161,  最后的猎巫人 
26752646, 8.0, 231,  天意 
26657701, 8.4, 160,  若非此时，何时？ 
26666917, 7.8, 282,  笼中的爱人 
26742634, 8.1, 207,  白昼的死角 
25985298, 8.7, 124,  巫术师 
26848972, 8.1, 203,  这里是没有我们存在的地方 
26934539, 9.8, 59,  长大后的世界 
25841074, 9.7, 63,  契诃夫小说全集 
26896979, 8.7, 121,  嫡谋 
26534892, 8.2, 182,  未来的序曲 
26366422, 7.8, 267,  怪房客 
26756565, 8.6, 123,  一加一 
26781555, 8.3, 159,  山海变1　指间错 
26897494, 9.4, 71,  香初上舞 
26305332, 8.6, 124,  A Little Life 
25897763, 8.2, 172,  周期表 
26274359, 9.1, 84,  夏威夷史诗 
26825826, 7.6, 298,  同栖生活 
26757433, 7.4, 377,  来信勿拆 
26871658, 8.8, 100,  爱有失落时 
26789635, 8.6, 117,  殡葬人的秘密 
10529737, 7.9, 216,  美丽失败者 
26911011, 8.3, 143,  名丽场 
26880577, 8.3, 141,  世界上到底有没有百分之百的异性恋 
26889862, 8.6, 109,  我还是很喜欢你 
26861450, 8.4, 125,  丹麦女孩 
26575658, 7.9, 195,  被掩埋的巨人 
26676298, 8.1, 160,  我要渐渐忘记这个世界了 
26881067, 8.8, 90,  我在伦敦买了一头狮子 
26811334, 8.2, 143,  疼 
26431618, 8.8, 88,  君士坦丁堡最后之恋 
26717934, 8.4, 120,  新年快乐 
26923541, 8.6, 99,  一定要给你个惊喜 
10593454, 6.7, 795,  怪屋女孩 
26787943, 8.4, 112,  消失的殖民星球 
26899538, 8.5, 102,  长安十二时辰 下 
26851547, 8.1, 141,  软埋 
26656291, 8.4, 110,  上帝的图书馆 
24853136, 8.2, 127,  火车梦 
25767395, 6.9, 525,  神的拉面 
26762116, 7.9, 159,  疯癫老人日记 
26834592, 8.8, 75,  夏日遇见狄更斯 
26890239, 8.9, 69,  千门八将1 
26825931, 9.1, 61,  一曲终了 
1767750, 9.0, 63,  Infinite Jest 
26870160, 8.5, 89,  黑锅 
10774651, 8.4, 95,  费玛 
26854325, 8.6, 78,  喜剧作家 
26878059, 9.5, 45,  人若犯我（全二册） 
1316444, 7.7, 165,  舞姬 
26907263, 9.4, 46,  全世界我只想和你在一起 
26921077, 8.9, 61,  回望 
26811966, 8.1, 110,  无影人 
26785388, 7.2, 268,  　者之　 
26879246, 8.8, 64,  飘二代 
26365959, 8.2, 97,  模仿者 
4894979, 8.4, 83,  已知的世界 
26897973, 7.5, 179,  中国特色的译文读者 
26666023, 8.5, 75,  睡美人与魔纺锤 
26602780, 8.5, 75,  乡村生活图景 
26698665, 7.4, 196,  夜晚属于恋人 
26808761, 9.1, 50,  试刊号 
26852313, 8.5, 71,  马口鱼的诱惑 
26717780, 7.2, 216,  孤独旅店：收留无处安放的孤单心事 
26798155, 8.0, 97,  古拉格气象学家 
6863525, 8.1, 90,  卡门 
26915737, 9.1, 44,  这一切并没有那么糟 
26844939, 7.9, 96,  只有她知道 
26868921, 8.7, 53,  新新日报馆：机械崛起 
26892801, 8.5, 59,  华生手稿 
26870270, 8.2, 68,  第十个人 
26914805, 9.5, 31,  九幽 
26771731, 8.2, 65,  朱　 
26574813, 9.1, 36,  婚变 
26852985, 8.1, 66,  惧恨拉斯维加斯 
26854188, 8.3, 55,  罪恶生涯 
26823153, 8.6, 42,  在一个陌生的房间 
26844800, 7.3, 113,  小镇忧郁青年的十八种死法 
26870406, 8.2, 52,  湖边小屋 
26763167, 8.1, 56,  狼的恩赐 
26823150, 7.7, 73,  脏工作 
26822709, 8.9, 32,  聋哑时代 
26922279, 8.4, 40,  雨中你的自由泳非常美丽 
26916869, 8.7, 33,  去他的戒律 
26853122, 8.6, 35,  抢走我名字的人 
26910978, 9.1, 26,  蓝色笔记本 
25744975, 6.4, 234,  江山不悔（上下） 
26904330, 8.4, 34,  100颗子弹1 
26321442, 8.3, 35,  The Door 
26838224, 8.4, 28,  排队 
26894747, 8.5, 25,  爷爷和我 
26928435, 7.9, 34,  语言的第七功能 
26927491, 9.2, 17,  白夜照相馆 
26878104, 7.6, 38,  痛苦的中国人 
26900138, 9.0, 16,  万万没想到 
26921701, 8.5, 20,  岛王 
26911045, 8.4, 18,  陌生的女儿 
26921427, 7.9, 22,  迷你 
26899141, 7.8, 23,  千百种罪 
25975764, 7.3, 21,  睡在豌豆上 
26721362, 8.0, 14,  大象 
26920860, 7.3, 15,  脱轨 
26220177, 7.0, 15,  Revival 
