Tag: 当代 
The number of books: 962 

ID, Rating, Votes, Title
1008145, 8.9, 179403, 围城 
1082154, 9.1, 119778, 活着 
3066477, 9.2, 74296, 三体Ⅱ 
1200840, 9.0, 93715, 平凡的世界（全三部） 
2567698, 8.8, 124907, 三体 
20427187, 8.8, 108310, 看见 
3995526, 8.7, 73498, 目送 
4238362, 8.6, 82642, 送你一颗子弹 
1089243, 8.8, 52343, 黄金时代 
1054685, 9.0, 36566, 沉默的大多数 
1023045, 8.6, 68329, 我们仨 
1029791, 8.7, 56234, 许三观卖血记 
1057244, 8.6, 63802, 边城 
3369793, 8.7, 50117, 亲爱的安德烈 
5414391, 9.0, 28832, 寻路中国 
1022060, 8.3, 72848, 狼图腾 
1003000, 8.4, 53967, 悟空传 
1082334, 8.3, 64608, 穆斯林的葬礼 
1767945, 8.8, 24729, 一只特立独行的猪 
4207781, 8.8, 24597, 孩子你慢慢来 
1401425, 8.3, 56144, 兄弟（上） 
1014578, 9.0, 17230, 我的精神家园 
1963684, 8.6, 32746, 半生缘 
5275059, 7.9, 116810, 1988：我想和这个世界谈谈 
1209899, 9.0, 15719, 我与地坛 
1192090, 8.7, 24107, 球状闪电 
1011754, 8.9, 17159, 海子的诗 
3239549, 9.1, 11275, 夹边沟记事 
1020459, 8.4, 34351, 此间的少年 
1018577, 8.9, 13753, 霸王别姬 青蛇 
6880158, 8.7, 17202, 陆犯焉识 
1080309, 8.4, 28101, 尘埃落定 
1088022, 8.9, 11758, 亮剑 
1060852, 8.8, 13292, 呼兰河传 
1391191, 8.5, 21431, 京华烟云 
23008971, 9.0, 8967, 平如美棠 
20424526, 8.9, 10255, 邓小平时代 
1033825, 8.7, 13502, 顾城的诗 
3598313, 8.0, 45456, 西决 
4884218, 8.8, 11276, 我的阿勒泰 
3344676, 8.1, 34116, 常识 
5337248, 8.9, 9192, 台北人 
1050339, 7.8, 60560, 文化苦旅 
1020961, 8.7, 12073, 棋王 
1085883, 8.6, 14024, 青铜时代 
3633461, 8.6, 13726, 一句顶一万句 
1418686, 8.6, 13550, 红拂夜奔 
1082349, 8.2, 25791, 长恨歌 
3012517, 8.5, 15026, 小姨多鹤 
10522856, 9.0, 7112, 冬牧场 
4872671, 8.2, 24859, 佛祖在一号线 
2243213, 7.9, 40260, 山楂树之恋 
3311253, 9.0, 5947, 额尔古纳河右岸 
3803820, 8.4, 14313, 人生 
1052990, 8.9, 6781, 草房子 
3518332, 8.9, 6824, 绿毛水怪 
6518605, 9.4, 3539, 三体全集 
4881850, 9.0, 5879, 阿勒泰的角落 
20463108, 8.3, 16385, 观念的水位 
5269439, 8.4, 13755, 城门开 
1692648, 8.9, 6540, 一个人的村庄 
1026425, 7.4, 92952, 三重门 
1082150, 8.3, 15658, 白银时代 
1025753, 8.2, 18072, 妻妾成群 
3010133, 8.4, 12562, 琥珀·恋爱的犀牛 
1143694, 8.2, 16634, 动物凶猛 
1883991, 9.3, 3463, 王小波全集 
1082138, 8.3, 13152, 在细雨中呼喊 
1005358, 9.2, 3657, 寻找家园 
22714154, 8.7, 6999, 繁花 
1054917, 8.5, 9362, 沧浪之水 
1752755, 8.6, 7968, 第九个寡妇 
1049219, 7.4, 71659, 长安乱 
1003284, 8.1, 17890, 退步集 
1076654, 8.7, 6781, 孽子 
1003986, 8.8, 5835, 病隙碎笔 
1096790, 8.6, 7445, 黑铁时代 
1760432, 9.2, 3361, 受戒 
26278687, 7.8, 28750, 皮囊 
3544376, 9.1, 3666, 顾城的诗顾城的画 
2026211, 8.9, 4732, 士兵突击 
1082522, 8.2, 13323, 家 
3394338, 7.5, 49187, 他的国 
1000517, 8.8, 5177, 故事新编 
1029159, 7.5, 47350, 八月未央 
1061242, 8.8, 4967, 写在人生边上 
1764991, 8.9, 4263, 我的阴阳两界·革命时期的爱情 
1078250, 8.2, 11684, 洗澡 
3297466, 9.2, 2822, 我的团长我的团（上部） 
1453210, 7.4, 50278, 一座城池 
3511129, 9.4, 2170, 我的团长我的团（下部） 
1777932, 8.6, 5901, 寻找无双·东宫西宫 
5337243, 8.6, 5880, 纽约客 
2988943, 8.3, 9014, 青灯 
3194071, 8.6, 5619, 少年巴比伦 
1082578, 9.0, 3333, 理想国与哲人王 
1026036, 8.6, 5476, 北岛诗歌集 
1703544, 7.5, 35462, 兄弟（下） 
1830445, 9.0, 3125, 阿城精选集 
1062991, 8.4, 7061, 北京法源寺 
1043485, 8.1, 11275, 檀香刑 
4238144, 9.1, 2650, 岁朝清供 
1822857, 9.0, 2983, 王小波全集（第二卷 杂文） 
1082577, 8.7, 4334, 黑铁时代 
1015584, 8.0, 12176, 看上去很美 
2016749, 8.1, 10051, 金陵十三钗 
1460313, 8.4, 6308, 哥伦比亚的倒影 
5333599, 8.2, 8600, 春天责备 
3389984, 8.6, 4634, 俗世奇人 
3264642, 8.7, 3978, 似水流年 
1436716, 9.1, 2417, 黄金时代白银时代 
3010130, 7.7, 19737, 悲观主义的花朵 
3333989, 8.1, 9172, 荒废集 
4113090, 7.4, 33315, 我们台湾这些年 
3013624, 9.1, 2243, 棋王.樹王.孩子王 
1829614, 8.6, 4223, 琼美卡随想录 
1465007, 8.2, 7425, 生死疲劳 
1032581, 8.4, 5521, 胭脂扣 生死桥 
3662230, 8.5, 4781, 七十年代 
1063245, 7.6, 20603, 通稿2003 
3406518, 8.5, 4670, 追随她的旅程 
4169424, 7.9, 11637, 蛙 
1763806, 8.5, 4582, 万寿寺 
1477437, 8.9, 2692, 唐人故事 
1001204, 7.9, 11561, 山居笔记 
1049477, 8.0, 9425, 一半是海水一半是火焰 
1020241, 7.6, 19098, 千年一叹 
2034893, 7.6, 18719, 那些男孩教我的事 
1009160, 7.3, 34580, 像少年啦飞驰 
2015357, 9.1, 2021, 王小波全集（第六卷） 
3018339, 7.7, 15304, 万物生长 
10607710, 8.0, 9055, 世间的盐 
1382840, 8.7, 3157, 背影 
1767310, 9.0, 2122, 黄金时代 黑铁时代 
2309689, 8.0, 8511, 圈子圈套1 
3448867, 9.0, 2108, 采桑子 
1062455, 8.4, 4577, 康熙大帝（共四册） 
3880832, 8.2, 6146, 认得几个字 
1792984, 8.2, 5962, 一个女人的史诗 
3662594, 8.1, 6967, 荒人手记 
1456183, 8.2, 5943, 我的帝王生涯 
3075281, 8.6, 3317, 世界上所有的夜晚 
1777823, 8.1, 6924, 八十年代访谈录 
6085181, 8.1, 6934, 二号首长 
1165173, 8.8, 2550, 务虚笔记 
3264665, 8.6, 3252, 三十而立 
1819978, 8.5, 3632, 温莎墓园日记 
1034108, 7.2, 35128, 零下一度 
1151873, 8.2, 5434, 我是你爸爸 
3274851, 8.0, 7349, 原谅我红尘颠倒 
3621542, 8.4, 4007, 蓝房子 
5288327, 8.3, 4626, 鸟，看见我了 
25639223, 8.3, 4604, 身边的江湖 
2982257, 8.9, 2084, 面朝大海 春暖花开 
1863163, 8.4, 3903, 异兽志 
1733250, 8.4, 3804, 韩寒五年文集（上下） 
1136988, 8.9, 1950, 命若琴弦 
10561209, 8.9, 1956, 全职高手1·放逐斗神 
20278799, 7.6, 13124, 三十六大 
1705507, 8.0, 6473, 胭脂扣 
1444077, 9.2, 1361, 汪曾祺小说经典 
6742586, 7.8, 8857, 我不是潘金莲 
1050566, 8.0, 6382, 一地鸡毛 
3024497, 8.4, 3481, 天浴 
1055301, 8.5, 3044, 世界上最疼我的那个人去了 
1853323, 7.9, 7198, 圈子圈套2 
4832553, 8.2, 4541, 侯卫东官场笔记 
2042907, 7.8, 8431, 品三国（下） 
4912688, 8.5, 2893, 干校六记 
11602267, 8.9, 1762, 羊道·春牧场 
1010349, 8.0, 5847, 丰乳肥臀 
1015375, 8.7, 2207, 现代化的陷阱 
1949925, 8.1, 4872, 沉落的黄昏 
1290398, 8.4, 3060, 白蛇 
10601137, 7.6, 10960, 你永远都无法叫醒一个装睡的人 
1151876, 8.1, 4545, 顽主 
3033668, 7.8, 7328, 闪开，让我歌唱八十年代 
1007313, 8.4, 2996, 留德十年 
1023000, 8.6, 2298, 常识与通识 
3604331, 8.4, 2937, 午夜之门 
6864307, 7.4, 14965, 像我这样笨拙地生活 
1124305, 8.1, 4427, 扶桑 
11602263, 9.1, 1233, 羊道·深山夏牧场 
2237621, 8.4, 2819, 十八岁出门远行 
1073253, 8.8, 1718, 闲话闲说 
1963395, 8.5, 2462, 鱼丽之宴 
4169342, 8.6, 2155, 女儿红 
1812895, 8.2, 3700, 东宫·西宫 
1972266, 7.7, 7647, 余欢 
1888215, 8.4, 2650, 即兴判断 
26309691, 8.3, 2993, 月光落在左手上 
1071921, 8.1, 3865, 现实一种 
2297786, 7.6, 8758, 北京，北京 
6718314, 8.0, 4551, 晚来寂静 
20366370, 8.6, 1982, 变革中国 
1200843, 8.1, 3833, 芙蓉镇 
3176760, 8.4, 2466, 革命时期的爱情 
3197635, 8.9, 1354, 结局或开始 
2375977, 8.4, 2412, 香椿树街故事 
1883990, 8.8, 1477, 白银时代/2010/黑铁时代 
4894980, 7.8, 5907, 心术 
3018322, 7.6, 8302, 活着活着就老了 
1041414, 8.6, 1868, 威尼斯日记 
1029370, 9.1, 1052, 记忆与印象 
1006341, 8.0, 4134, 红粉 
1072189, 8.8, 1438, 百年思索 
1734830, 9.2, 924, 汪曾祺精选集 
3239913, 8.0, 4022, 推拿 
1000696, 8.2, 2983, 饥饿的女儿 
1768332, 8.3, 2603, 喜福会 
1281653, 7.8, 5342, 秦腔 
1047851, 7.7, 6267, 晃晃悠悠 
2257188, 7.6, 7528, 致女儿书 
6937888, 8.5, 1928, 树犹如此 
1050349, 8.1, 3311, 上海的金枝玉叶 
21458706, 8.4, 2157, 出梁庄记 
1397889, 8.5, 1892, 穗子物语 
1438536, 8.9, 1183, 王小波经典作品 
3464389, 9.1, 937, 大淖记事 
26261240, 7.7, 5932, 古董局中局 3 
1083509, 8.1, 3166, 人面桃花 
4919996, 8.7, 1393, 张枣的诗 
3652211, 8.6, 1576, 爱默生家的恶客 
25748787, 7.7, 5540, 平生欢 
25716611, 8.5, 1750, 花街往事 
1949674, 8.1, 2959, 我纷纷的情欲 
4059800, 8.0, 3454, 私语书 
3623831, 8.1, 2923, 温故一九四二 
1055054, 8.3, 2206, 刺青时代 
3518334, 8.8, 1213, 我的阴阳两界 
1260251, 8.7, 1355, 茶人三部曲（全三册） 
4229282, 8.5, 1704, 革命年代 
4833920, 7.4, 8981, 十八岁给我一个姑娘 
6527141, 8.2, 2518, 停车暂借问 
1030470, 7.9, 3781, 香草山 
2018527, 8.9, 1053, 王小波全集(第八卷) 
24882288, 7.5, 7329, 古董局中局 2 
1006737, 7.8, 4319, 米 
2279868, 7.7, 5097, 风声 
20433554, 9.2, 752, 关山夺路 
2031604, 8.8, 1153, 离婚 
1008660, 8.4, 1832, 马桥词典 
1086468, 8.5, 1618, 黑骏马 
1312995, 8.5, 1596, 周国平作品精选 
1397659, 8.0, 3167, 国画 
1276297, 9.0, 909, 顾城诗全编 
6759059, 8.0, 3173, 二号首长2 
1053331, 8.5, 1583, 王朔自选集 
1056055, 8.2, 2323, 罂粟之家 
1083882, 8.5, 1583, 白先勇经典作品 
1079475, 8.3, 2056, 那多三国事件簿之桃园三结义 
1002871, 8.0, 3017, 武则天 
1046385, 7.1, 14611, 毒 
3395241, 9.1, 788, 豆汁记 
1143696, 7.9, 3400, 永失我爱 
4799445, 7.9, 3421, 太阳黑子 
1428106, 7.7, 4625, 双面胶 
1139941, 8.1, 2514, 秋 
4901590, 7.7, 4518, 初夏荷花时期的爱情 
1001895, 7.8, 3809, 靠自己去成功 
1468916, 8.6, 1292, 王朔文集 谐谑卷 
24827456, 8.6, 1277, 万箭穿心 
6100947, 7.6, 5134, 刘氏女 
3026876, 7.8, 3696, 少女小渔 
24540864, 6.8, 24545, 第七天 
25696089, 7.4, 7070, 1980年代的爱情 
5350804, 8.0, 2650, 中国在梁庄 
1053914, 8.5, 1395, 游园惊梦 
1202550, 8.8, 984, 地久天长 
4903361, 8.3, 1773, 侯卫东官场笔记2 
1009931, 7.7, 4182, 潘金莲之前世今生 诱僧 
20433556, 8.7, 1098, 昨天的云 
1058360, 8.2, 1959, 红高粱家族 
1024854, 7.3, 8052, 成都，今夜请将我遗忘 
3225748, 7.9, 3001, 路上有惊慌 
5949045, 7.5, 5642, 李可乐抗拆记 
1417905, 7.1, 11822, 废都 
10556006, 8.8, 928, 状元媒 
6048071, 8.6, 1132, 七声 
1793990, 8.9, 815, 早晨从中午开始 
1393473, 8.8, 899, 遍地风流 
1086466, 8.4, 1409, 北方的河 
1078566, 7.6, 4306, 桃之夭夭 
1493523, 8.3, 1577, 读库0601 
4621342, 7.8, 3171, 世纪末的华丽 
2377002, 7.9, 2676, 和我们的女儿谈话 
5337250, 8.3, 1544, 寂寞的十七岁 
3264655, 8.5, 1202, 未来世界 
1025562, 8.1, 1967, 城北地带 
1048931, 7.6, 4120, 天堂向左，深圳往右 
1876936, 7.8, 3038, 新结婚时代 
4929998, 8.3, 1488, 侯卫东官场笔记3 
3518333, 8.8, 837, 寻找无双 
1962885, 8.1, 1908, 山河入梦 
2248892, 8.5, 1155, 一本杂志和一个时代的体温 
1983487, 8.6, 1030, 王小波全集(第九卷) 
2027824, 8.7, 881, 风景 
5975571, 8.0, 2030, 天香 
1038861, 7.8, 2709, 手机 
3662581, 7.6, 3733, 巫言 
1127699, 8.1, 1774, 慢船去中国 
2995941, 8.3, 1368, 没有指针的钟 
1084078, 7.9, 2318, 钟鼓楼 
3160327, 8.0, 2010, 无出路咖啡馆 
20433553, 8.8, 764, 怒目少年 
1069754, 8.2, 1522, 红处方 
2339264, 8.6, 953, 人为什么活着 
1482322, 8.0, 1969, 绿化树 
3225756, 8.2, 1495, 灰故事 
4061754, 8.1, 1702, 黑花黄 
4137182, 8.3, 1315, 荣辱二十年 
26303224, 8.1, 1686, 说部之乱 
1002073, 7.7, 2999, 维以不永伤 
2326423, 8.3, 1310, 真水无香 
5349040, 8.3, 1296, 侯卫东官场笔记4 
26650970, 7.4, 4861, 古董局中局 4 
1734828, 8.5, 1015, 苏童精选集 
1921699, 9.5, 377, 汪曾祺小说 
1081604, 7.8, 2494, 秦俑 满洲国妖艳——川岛芳子 
1839882, 9.2, 483, 史铁生自选集 
21370840, 7.6, 3352, 打工女孩 
26669243, 8.2, 1406, 慈悲 
1415311, 8.1, 1591, 美食家 
2071207, 8.4, 1089, 到黑夜想你没办法 
26425892, 8.5, 972, 我的凉山兄弟 
10946178, 8.0, 1830, 无尾狗 
1090109, 7.7, 2796, 红岩 
1881118, 7.6, 3307, 解密 
1085777, 8.4, 1078, 贫嘴张大民的幸福生活 
1468918, 8.4, 1080, 王朔文集 挚情卷 
1468917, 8.4, 1082, 王朔文集 矫情卷 
5387711, 8.3, 1211, 侯卫东官场笔记5 
1041912, 7.9, 2036, 黄昏里的男孩 
5910655, 8.3, 1201, 古炉 
1077474, 7.9, 2006, 舒婷的诗 
1025533, 7.7, 2694, 玉观音 
1016832, 8.4, 1054, 我负丹青 
1010512, 8.6, 849, 1901年 
3662115, 7.6, 3089, 河岸 
6808941, 8.0, 1721, 七日谈 
4154985, 8.2, 1328, 天工开物·栩栩如真 
25934176, 8.4, 1043, 雪隐鹭鸶 
1146304, 8.6, 819, 日光流年 
2079345, 8.1, 1487, 侠隐 
1151872, 7.8, 2236, 玩的就是心跳 
1285961, 8.3, 1151, 根鸟 
1000993, 8.1, 1469, 女生日记-中华儿童文学金奖书库 
26309861, 8.4, 976, 摇摇晃晃的人间 
1069227, 7.9, 1844, 世事如烟 
25784438, 8.2, 1231, 不留心，看不见 
3723236, 8.0, 1607, 我与父辈 
1009381, 8.5, 872, 少年血 
1037951, 8.3, 1071, 食指的诗 
2284204, 7.4, 3868, 道士下山 
1073535, 9.1, 452, 人与自我 
2250331, 7.8, 2044, 高兴 
1051163, 7.1, 6529, 同学少年都不贱 
4887519, 8.6, 748, 给姑娘陛下 
1080350, 9.1, 450, 春秋来信 
26148896, 8.5, 829, 北平无战事 
1126440, 8.1, 1332, 妇女生活 
1791682, 7.4, 3724, 空中小姐 
10453121, 7.3, 4445, 下面，我该干些什么 
26672441, 8.5, 806, 收山 
2300636, 7.4, 3626, 我叫刘跃进 
24872210, 9.2, 404, 无愁河的浪荡汉子·朱雀城 
1046276, 8.1, 1301, 温暖和百感交集的旅程 
1071402, 8.5, 814, 南方有嘉木 
26272073, 8.1, 1278, 一生里的某一刻 
1039060, 7.9, 1633, 玉米 
1056806, 7.8, 1879, 动什么，别动感情 
1062346, 8.0, 1413, 王贵与安娜 
2365114, 7.8, 1844, 中国纪事 
3769019, 8.5, 777, 闪亮的日子 
2568438, 8.6, 693, 权力与荣耀 
1014310, 7.3, 3980, 痛并快乐着 
5414639, 8.5, 756, 旧情复燃 
5996623, 8.2, 1078, 侯卫东官场笔记6 
1822817, 8.3, 951, 你是一条河 
26341546, 8.9, 504, 大灭绝时代 
1205283, 9.4, 314, 汪曾祺全集(1) 
1151877, 7.8, 1775, 千万别把我当人 
1026871, 8.0, 1354, 林清玄散文 
1045578, 8.7, 602, 长河 
1770956, 8.6, 671, 活着的事 
1029739, 8.0, 1343, 生命的留言 
6026256, 8.7, 591, 红婴仔 
1986050, 8.8, 533, 哲学 科学 常识 
1851303, 8.3, 909, 达马的语气 
3662614, 7.9, 1492, 淡江记 
1006970, 7.9, 1489, 上海的风花雪月 
6840152, 8.0, 1297, 甘南纪事 
3878514, 7.9, 1478, 苍黄 
7916072, 7.6, 2269, 杨氏女 
1394402, 8.4, 790, 死水微澜 
1052477, 7.6, 2249, 中国式离婚 
1028406, 8.8, 523, 与鲁迅相遇 
25897333, 7.5, 2630, 我讲个故事，你可别当真啊 
6780861, 7.7, 1906, 春尽江南 
1024733, 7.7, 1915, 鲜血梅花 
23186549, 7.8, 1665, 我们家 
1734833, 8.2, 963, 余华精选集 
3880354, 8.7, 560, 金山 
6783708, 8.1, 1102, 怒河春醒 
1023478, 7.9, 1395, 怀念声名狼藉的日子 
1289044, 8.1, 1074, 画眉记 
1018664, 8.5, 676, 等待野蛮人 
4917570, 9.0, 403, 旧人旧事 
2030442, 8.3, 839, 年轮 
3415661, 8.1, 1059, 水在时间之下 
11632290, 8.7, 535, 未名湖畔的爱与罚 
1858594, 7.3, 3392, 暗算 
1051324, 7.8, 1570, 铁屋中的呐喊 
1899764, 8.4, 739, 长征 
1005411, 7.8, 1534, 透明的红萝卜 
1059716, 8.6, 590, 水乳大地 
6047925, 8.2, 919, 梦游书 
1067960, 8.1, 1022, 青衣 
5423772, 7.8, 1500, 西夏旅馆 
1081485, 8.3, 799, 记忆碎片 
1070598, 7.9, 1323, 上海的红颜遗事 
24862876, 7.4, 2717, 黄雀记 
5275073, 7.9, 1289, 白雪乌鸦 
4732153, 7.7, 1691, 过得去 
5408346, 8.6, 561, 九栋 
1063418, 7.7, 1671, 没有一条道路是重复的 
10522858, 8.5, 620, 马雁诗集 
1007396, 8.1, 991, 男生日记 
1072847, 7.7, 1682, 鱼和它的自行车 
4215678, 7.9, 1272, 我城 
20394952, 8.1, 985, 九篇雪 
1214006, 7.9, 1248, 王朔文集 
1080223, 9.2, 314, 人与国家 
2188233, 8.2, 865, 中国当代文学史 
1080753, 8.2, 846, 受活 
1443976, 8.2, 846, 三寸金莲 
1071187, 9.0, 366, 老舍幽默诗文集 
6529831, 8.1, 945, 侯卫东官场笔记7 
1018416, 8.1, 955, 花忆前身 
5423777, 8.1, 928, 睡觉大师 
1017172, 7.8, 1371, 大浴女 
2052760, 8.1, 940, 我能否相信自己 
1038744, 7.2, 3454, 来来往往 
6810540, 7.9, 1201, 红高粱 
1444225, 7.3, 2895, 那么，爱呢？ 
25789686, 8.3, 725, 相遇 
26712353, 8.7, 473, 血疫 
1084079, 7.9, 1188, 少年天子 
4882008, 8.4, 648, 亚特兰蒂斯之心 
1042633, 8.7, 469, 梦也何曾到谢桥 
2258056, 8.7, 470, 逍遥津 
1838307, 8.8, 424, 史铁生精选集 
26284529, 7.6, 1713, 群山之巅 
1072368, 7.5, 2002, 我爱比尔 
5288540, 7.6, 1710, 朱雀 
1490736, 7.7, 1488, 古典爱情 
1075045, 7.7, 1481, 上海王 
2372670, 7.9, 1129, 兔子，跑吧 
1018178, 7.9, 1115, 浮躁 
11527556, 8.8, 413, 五味 
19987957, 7.3, 2665, 寡人有疾 
4210280, 7.6, 1690, 除非灵魂拍手作歌 
4191638, 8.4, 621, 10 1/2章世界史 
25713688, 8.3, 683, 蒋公的面子 
10618099, 8.5, 554, 奇迹集 
6901550, 8.1, 864, 侯卫东官场笔记8 
2002992, 8.4, 601, 爱，是不能忘记的 
1641034, 8.7, 441, 路遥全集 
1014374, 8.4, 604, 东藏记 
5946558, 8.3, 671, 莲生与阿玉 
6889351, 8.7, 436, 建筑的诗学 
1086449, 7.6, 1630, 男人的一半是女人 
5416922, 8.8, 395, 萨勒姆的女巫 
1457149, 7.8, 1225, 英儿 
20375477, 8.6, 485, 这世间所有的白 
1023598, 7.4, 2196, 支离破碎 
1477232, 7.9, 1074, 乔家大院 
3449304, 8.5, 529, 哈佛大学建筑系的八堂课 
1082236, 8.4, 586, 我没有自己的名字 
3075270, 8.6, 473, 起舞 
1033922, 8.0, 907, 英格力士 
1975960, 7.1, 3460, 所以 
6729209, 7.7, 1363, 遣悲怀 
10536368, 8.2, 704, 纸上卧游记 
1962249, 8.3, 630, 换位 
1042814, 9.2, 261, 人与世界 
1289045, 8.0, 876, 采薇歌 
5912249, 7.4, 2040, 生于一九九叉 
1011180, 8.7, 410, 顾准日记 
1960287, 8.4, 547, 蒙着眼睛的旅行者 
4026740, 7.7, 1270, 荒野猎人 
1428004, 8.2, 679, 羊的门 
5421005, 8.9, 332, 烟之外 
1029698, 7.6, 1483, 英国情人 
1978928, 8.1, 774, 永远有多远 
1292354, 7.6, 1464, 空山 
1262965, 8.2, 684, 中国当代文学史教程 
1048411, 7.6, 1476, 战栗 
1082556, 8.6, 446, 白先勇自选集 
1444504, 8.3, 615, 四面墙 
2216376, 8.3, 605, 零号特工 
10567171, 8.0, 855, 生命册 
1434480, 7.6, 1447, 你别无选择 
2999641, 8.2, 676, 现实一种:余华中短篇小说集 
1505559, 8.1, 756, 上种红菱下种藕 
26791998, 8.3, 588, 山中的糖果 
1122859, 8.6, 433, 越过云层的晴朗 
5914551, 8.1, 725, 我在故宫看大门 
1015952, 8.6, 425, 邓小平时代 
20452802, 7.8, 1031, 带灯 
10785589, 7.8, 1044, 我想陪你去麦加 
6127284, 8.5, 452, 酒徒 
5980472, 7.4, 1772, 霜降 
3183086, 8.2, 623, 巴珑 
1011637, 7.7, 1156, 梅次故事 
5978079, 7.8, 1008, 百家姓 
1547677, 8.0, 776, 等待 
1072541, 8.4, 491, 中国现当代文学名篇十五讲 
1327414, 8.5, 447, 唐山大地震 
4309094, 8.3, 552, 体育时期 
1042863, 8.0, 782, 向日葵 
1005993, 7.6, 1321, 压伤的芦苇 
1029326, 8.5, 437, 神木 
23780549, 7.8, 977, 愿你的道路漫长 
1461195, 8.1, 652, 我的丁一之旅 
3894842, 7.5, 1412, 格萨尔王 
1424665, 7.6, 1203, 我们的钱瑗 
4117261, 7.1, 2572, 赴宴者 
1963629, 7.9, 804, 密语者 
23134220, 8.3, 509, 上课记2 
7063852, 8.2, 559, 石泉城 
1078516, 7.9, 793, 心灵史 
2068070, 7.6, 1174, 启蒙时代 
2030664, 6.7, 5318, 我的千岁寒 
1005939, 8.1, 614, 故乡天下黄花 
4747442, 8.2, 556, 知青变形记 
1043416, 8.2, 549, 人有病  天知否 
1028977, 8.7, 329, 玻璃屋顶 
1064566, 7.6, 1148, 私人生活 
1025960, 8.0, 684, 愤怒 
1045653, 7.2, 2088, 心碎你好 
26384375, 7.8, 855, 平乐镇伤心故事集 
1437160, 7.7, 983, 平原 
2979012, 8.0, 668, 十八相送 
26757657, 8.2, 527, 望春风 
24869869, 8.4, 423, 慢骑中国 
1963368, 8.0, 658, 青木川 
1074879, 8.3, 472, 轻功是怎样炼成的 
3058259, 8.0, 664, 你不是一个俗人 
10566848, 7.8, 841, 黑夜飞行 
1988741, 7.0, 2760, 驻京办主任 
2568082, 8.2, 522, 闯关东 
1772173, 7.4, 1445, 诱僧 
1420339, 8.0, 654, 博士的爱情算式 
3160326, 7.8, 821, 雌性的草地 
7154690, 8.3, 467, 王小波全集 第一卷 
1068866, 7.6, 1066, 小鲍庄 
1143899, 7.7, 935, 一点正经没有 
1040361, 8.1, 575, 曾在天涯 
1491734, 8.2, 513, 私人生活的变革 
10742745, 8.1, 568, 模范青年 
1119332, 7.4, 1395, 怀念狼 
1434426, 8.5, 372, 一个大学校长的自白 
1770953, 8.5, 365, 写作的事 
1475258, 7.3, 1593, 青瓷 
26274801, 7.5, 1171, 沉默也会歌唱 
2073471, 8.2, 490, 慢船去中国 
2973153, 8.1, 544, 白沙 
1207147, 7.3, 1577, 一塌糊涂 
10517247, 8.5, 353, 在新疆 
1162565, 8.3, 435, 羽蛇 
1060204, 7.6, 990, 历史的天空 
25958626, 7.9, 673, 橄榄成渣 
20433557, 8.2, 478, 文学江湖 
25761068, 8.5, 348, 天桥上的魔术师 
1888581, 8.4, 386, 我爱美元 
19977690, 8.3, 424, 天堂蒜薹之歌 
1291021, 7.9, 670, 狗日的粮食 
1005242, 7.8, 733, 古船 
26313575, 8.2, 466, 各自爱 
1980793, 8.5, 339, 王晋康科幻小说精选（全4册） 
3075276, 8.6, 311, 逆行精灵 
1427726, 8.1, 522, 耻辱者手记 
1051928, 9.1, 197, 跨越边界的社区 
14449069, 8.0, 565, 春在绿芜中 
25800697, 7.1, 1921, 妈阁是座城 
6875218, 8.5, 329, 富春山居图卷 
1779578, 9.2, 176, Vitamin D 
25913504, 7.2, 1582, 邹氏女 
25804642, 7.5, 999, 谈话的泥沼 
26359462, 7.6, 861, 床畔 
3703510, 7.1, 1795, 谜踪之国 I 
1101677, 8.8, 234, 问题与方法 
10512240, 7.9, 581, 燕巢与花事 
1962248, 8.3, 377, 好工作 
1274288, 7.6, 844, 离婚指南 
1455679, 7.4, 1070, 无知者无畏 
1857446, 6.6, 4194, 碧奴 
1077926, 7.6, 812, 菩萨蛮 
2159124, 8.4, 330, 高山下的花环 
1822820, 7.6, 824, 不谈爱情 
25910582, 8.0, 506, 成长，请带上这封信 
1200827, 8.0, 503, 白门柳（全三册） 
14278377, 8.5, 300, 不堪抄 
2159149, 8.6, 266, 书海泛舟记 
3081123, 9.2, 162, China
2008235, 7.5, 912, 丑闻笔记 
24849840, 8.0, 495, 静默有时，倾诉有时 
10521376, 7.1, 1609, 北京小兽 
1930752, 8.0, 485, 吴川是个黄女孩 
5281331, 7.7, 697, 再不相爱就老了 
1320797, 8.3, 347, 毕淑敏作品精选 
1077917, 7.5, 888, 四十一炮 
1824720, 8.7, 237, 最美的夏天-阳光姐姐嘉年华 
1750013, 7.8, 586, 曼哈顿的中国女人 
25874670, 8.3, 339, 大地上的事情 
6097359, 8.0, 470, 花与舌头 
1073873, 7.7, 661, 荒山之恋 
10508059, 7.5, 859, 屋顶长的一棵树 
3194284, 8.1, 421, 我们时代的叙事 
5336223, 7.0, 1829, 地铁 
10440961, 8.1, 415, 告别的年代 
1398460, 7.9, 514, 余秋雨散文 
10563468, 7.5, 841, 隐身衣 
3627948, 8.4, 303, 持灯的使者 
3735996, 8.4, 303, 西征记 
23774736, 7.4, 976, 春天在哪里 
1006691, 8.8, 208, 年月日 
3110731, 7.3, 1098, 风雅颂 
1201867, 8.5, 272, 十面埋伏 
3359745, 8.7, 227, 隐匿者 
6952009, 8.1, 401, 灰舞鞋 
1291345, 8.3, 326, 我的世界下雪了 
6391201, 7.8, 571, 二十二岁之前 
25725064, 7.2, 1242, 炸裂志 
1027989, 7.6, 718, 爸爸爸 
1316684, 8.1, 398, 血色黄昏 
1025559, 7.4, 910, 一个人的战争 
10775763, 7.2, 1212, 补玉山居 
10426427, 8.4, 281, 白银时代 
1054384, 7.9, 476, 西方美术史十五讲 
1088525, 8.4, 281, 1957年的夏季 
10946179, 7.3, 1030, 通俗爱情 
3075279, 8.2, 341, 秧歌 
1034262, 7.9, 456, 西川的诗 
1393894, 7.8, 511, 白狗秋千架 
1082652, 8.4, 271, 爸爸在天上看我 
1084407, 8.4, 268, 乌泥湖年谱 
1059113, 7.8, 502, 与往事干杯 
2327728, 8.4, 268, 踏着月光的行板 
3288165, 7.3, 966, 阿嬰 
26803179, 8.4, 265, 平原上的摩西 
1469266, 7.7, 560, 冈底斯的诱惑 
5321791, 7.3, 945, 中文系 
20499688, 8.1, 347, 黄鸡白酒 
1398449, 8.1, 347, 贾平凹散文 
24704186, 7.6, 617, 荒芜城 
6105339, 7.6, 622, 煤老板自述三十年 
2059360, 8.1, 341, 人啊，人！ 
1011647, 8.3, 283, 扎根 
1088900, 8.1, 344, 洞房·少女小渔 
1104719, 8.5, 229, 严歌苓文集（共7册） 
4229407, 7.4, 772, 宝岛眷村 
1080828, 7.3, 880, 小城之恋 
6856711, 7.8, 464, 不许流光入梦来 
26236436, 7.2, 991, 我们夜里在美术馆谈恋爱 
24760962, 8.6, 203, 王道士的孤独之心俱乐部 
1011911, 8.3, 266, 花腔 
25981277, 8.2, 294, 抚顺故事集 
3183810, 7.2, 987, 酒国 
1010173, 7.5, 652, 绿袖子 
1043085, 8.1, 325, 孝庄秘史 
1019391, 7.6, 579, 爱与痛的边缘 
1013396, 8.0, 358, 无字（第一部） 
1022229, 7.9, 395, 玫瑰门 
1061596, 8.3, 264, 69届初中生 
1047178, 8.5, 213, 昌耀的诗 
2237535, 7.7, 491, 烦恼人生 
1220840, 7.5, 626, 1949年：中国知识分子的私人记录 
24870163, 7.6, 556, 万物皆有伤心处 
26598482, 7.3, 801, 密林中 
3623828, 8.2, 279, 故乡相处流传 
3430536, 7.0, 1261, 上流社会知识竞赛 
1907928, 7.9, 381, 禁锢在德黑兰的洛丽塔 
26171466, 9.2, 119, 筚路维艰:中国社会主义路径的五次选择 
2177833, 8.6, 190, 再解读 
3225885, 7.7, 473, 跑步穿过中关村 
25784952, 8.1, 301, 读库1306 
20502629, 8.6, 186, 黄连.厚朴 
1278751, 7.7, 459, 白夜 
3779927, 7.9, 369, 与希罗多德一起旅行 
4213460, 7.9, 371, 一个人的诗歌史 
3036665, 7.3, 765, 罪全书 
1961473, 8.2, 267, 官人 
24845389, 7.7, 456, 潜意识 
1981397, 7.8, 401, 三个六月 
1853457, 7.8, 403, 美元硬过人民币 
2996046, 7.8, 404, 哦，香雪 
6946737, 8.6, 180, 当代中国的启蒙与反启蒙 
25788888, 7.9, 350, 我亲爱的精神病患者 
1001911, 7.3, 723, 灵魂饭 
1946854, 8.5, 193, 高女人和她的矮丈夫 
2995375, 8.1, 281, 天狗 
1067070, 7.3, 707, 米尼 
3072313, 7.4, 622, 不失者 
10480987, 7.3, 705, 郁闷的中国人 
2138402, 7.8, 375, 塔铺 
1146285, 8.5, 188, 瓦城上空的麦田 
6971752, 7.2, 793, 对照记@1963 
3002467, 8.6, 168, 厚土 
1260663, 8.5, 184, 日本故事 
3741483, 7.9, 332, 大动乱的年代 
1929042, 8.9, 130, 一九四零年以来的艺术 
3550069, 8.0, 290, 哺乳期的女人 
1375398, 8.5, 182, 毕司沃斯先生的房子 
1039758, 7.8, 358, 石榴树上结樱桃 
2137818, 7.9, 318, 伏羲伏羲 
25755752, 8.4, 195, 监狱琐记 
24699651, 7.7, 398, 吃饭 
24742929, 8.6, 163, 碎琉璃 
10563199, 8.9, 128, 国家记忆（2） 
4917225, 7.0, 1001, 余震 
24533414, 7.4, 576, 涂自强的个人悲伤 
1200845, 7.3, 634, 沉重的翅膀 
1421014, 7.2, 737, 我和你 
26932735, 9.9, 65, 从尊敬一事无成的自己开始 
1425007, 8.1, 248, 玛卓的爱情 
3070554, 7.8, 343, 人到中年 
1081206, 7.1, 835, 作女 
6959636, 8.6, 157, 写碑之心 
1132974, 7.1, 811, 组织部来了个年轻人 
5989228, 7.8, 331, 十四首素歌 
1003664, 7.5, 473, 深喉 
1078244, 7.0, 945, 青春之歌 
20257127, 8.2, 220, 从小李到老李 
2213491, 8.1, 239, 心灵独白：余杰自选集 
6953465, 8.7, 141, 花瓣饭 
1425023, 9.2, 97, 矮纸集 
10442344, 7.7, 364, 九歌.绿衣 
26412956, 9.5, 79, 首席医官 
2237615, 8.1, 236, 无主题变奏 
1317879, 7.9, 291, 九月寓言 
11601093, 7.5, 456, 成为和平饭店 
1847633, 8.2, 210, 香港的情与爱 
1434521, 7.7, 355, 知识分子都到哪里去了 
5502410, 6.7, 1383, 北京的腔调 
1019984, 8.2, 206, 雾月牛栏 
2060498, 7.2, 642, 我要成为世界的一部分 
11538355, 6.9, 974, 我曾爱过你，想起就心酸 
3115481, 8.9, 114, 刘以鬯小说自选集 
1262065, 7.5, 428, 世间女子 
1786899, 8.1, 225, 又见棕榈 又见棕榈 
1133947, 8.3, 187, 中国现当代文学专题研究 
1797988, 8.1, 223, 浮生胡言 
24739078, 8.0, 242, 彼年此时 
1425031, 8.7, 131, 逝川 
26774892, 8.1, 216, 我们爱过又忘记 
2036954, 7.8, 294, 欲望电影 
1082653, 8.3, 179, 往事 
1260580, 7.7, 325, 欲望的旗帜 
1939040, 8.2, 195, 我与上一代人的战斗 
1425034, 7.9, 265, 虚构 
6785420, 7.9, 265, 辛亥年 
24226729, 7.1, 688, 晚安玫瑰 
20472036, 7.2, 589, 众声喧哗 
1200841, 7.2, 586, 许茂和他的女儿们 
4953489, 8.3, 177, 九月里的三十年 
1280291, 8.2, 192, 云破处 
2252403, 7.5, 406, 盂兰变 
1930501, 8.4, 157, 毕飞宇小说 
2992485, 8.9, 105, 此时此地 
1679588, 8.8, 113, 那儿 
1002471, 8.1, 203, 他们不得不从河堤上走回去 
1069857, 8.6, 132, 天下第一楼 
2974027, 8.6, 133, 韩少功散文 
2184297, 8.2, 186, 佛的孤独 
2136481, 8.1, 204, 艺术不是惟一的方式 
10756546, 8.2, 182, 遗弃 
25764376, 8.1, 200, 父亲到死，一步三回头 
2150585, 8.2, 184, 黑白 
2307682, 7.4, 432, 北京人在纽约 
1044912, 8.2, 179, 晚学盲言（上下） 
10794790, 7.6, 333, 六人晚餐 
4189138, 7.5, 375, 重返1976 
26586126, 8.4, 148, 黑糖匣 
1830011, 8.3, 163, 徐冰：烟草计划 
3779926, 8.0, 214, 芒克的诗 
20381893, 7.3, 466, 小镇奇人异事 
21361336, 8.8, 106, 我妹 
1051169, 8.5, 134, 威尼斯之死 
10825209, 7.6, 317, 在电影院遇见弗洛伊德 
21716347, 7.4, 396, 日夜书 
20381889, 7.8, 251, 外星人防御计划 
1029375, 8.0, 204, 纪实和虚构 
1692012, 8.0, 202, 烟波江南Ⅰ·梨花落·碧玉钗 
1690488, 8.0, 201, 四牌楼 
6124301, 7.0, 649, 赫本啊赫本 
25931861, 6.5, 1399, 洗澡之后 
1146287, 8.0, 190, 淡绿色的月亮 
1427546, 8.6, 114, 曹文轩精选集 
5500743, 7.8, 228, 更与何人说 
2237618, 8.0, 187, 迷舟 
2339902, 8.2, 157, 一个人的呐喊 
1946554, 7.9, 208, 最后的村庄 
1398447, 7.9, 204, 冯骥才散文 
10770916, 7.5, 311, 逃跑家 
1143017, 8.8, 95, 浮生琐忆 
3581499, 6.6, 1085, 月色撩人 
1165463, 8.3, 141, 人间鲁迅 
10763466, 7.1, 508, 中间代·代表作 
19976869, 8.0, 182, 一池疏影落寒花 
1127683, 8.5, 118, 从两个蛋开始 
23860457, 7.7, 242, 躺下去会舒服点 
3002454, 8.0, 177, 旧址 
10571973, 7.4, 338, 你所不知道的夜晚 
5944469, 7.4, 339, 幸福来敲门 
5924683, 8.1, 158, 阮郎归 
3321606, 7.9, 191, 底牌1 
3796226, 7.3, 357, 一个啤酒主义者的独白 
26374862, 8.1, 150, 奔跑的月光 
6811699, 7.5, 272, 火车环岛台湾自由行 
1021141, 7.8, 198, 流水三十章 
3753878, 7.2, 389, 恋人版中英词典 
1082108, 7.3, 339, 德龄公主 
1034603, 6.9, 578, 红X 
26767595, 8.1, 146, 云物如故乡 
26259092, 7.5, 264, 山上有神 
1921338, 7.5, 264, 灵与肉 
26074846, 8.2, 133, 我们的天真填满整个宇宙 
4730228, 8.3, 118, 大地雅歌 
4731789, 7.7, 204, 少年张冲六章 
25756940, 7.3, 324, 瞻对：终于融化的铁疙瘩 
1972077, 7.3, 312, 王安忆读书笔记 
1170538, 8.0, 151, 肖开愚的诗 
1011762, 7.3, 307, 钱钟书传 
10542980, 7.6, 219, 北京，最后的纪念 
1014978, 7.5, 238, 天鹅绒 
25937456, 7.3, 301, 我的九十九次死亡 
26183356, 7.4, 253, 以奋斗者为本 
26307908, 7.7, 185, 野蛮生长 
3797441, 9.2, 56, 大漠祭 
25931615, 7.8, 163, 胎心、异物及其他 
1440035, 8.3, 106, 须兰小说选 
1062409, 7.8, 164, 西省暗杀考 
4018960, 7.7, 173, 对镜成三人 
3713398, 7.8, 150, 左边 
19964266, 7.6, 183, 重新做人 
25723256, 8.3, 98, 爱是与水和星同行的旅程 
1763355, 9.8, 37, 牟宗三先生全集(全33册) 
1751281, 7.8, 145, 作品与展场 
10746178, 7.8, 142, 修补匠 
2053682, 9.5, 43, 老舍幽默文集 
4104387, 8.9, 61, 人类传播理论 
25876241, 7.2, 269, 飘窗 
19941417, 7.8, 140, 戏年 
20413517, 8.1, 105, 春梦 
2224611, 8.0, 115, 没有纽扣的红衬衫 
3202440, 7.5, 186, 暴风骤雨 
3201500, 8.0, 116, 走下坡路的男人 
26897973, 7.5, 182, 中国特色的译文读者 
25871715, 8.2, 96, 性学入门 
1223750, 7.2, 254, 创业史（全二册） 
6061723, 9.0, 54, 当代艺术家 安东尼奥•洛佩兹•加西亚 
11503110, 7.9, 118, 纸上蹁跹 
3124541, 7.3, 217, 她们 
20563218, 7.1, 268, 十三亿种活法 
2245227, 8.3, 84, 差异 
24876757, 8.3, 83, 俞心樵诗选 
25831578, 8.3, 83, 永远的菲利普 
26342533, 8.2, 87, 新的一天 
2250803, 8.5, 70, 郭店楚简校读记 
25918783, 7.3, 203, 苦菜花，甘蔗芽 
2038399, 9.1, 48, 风也萧萧 雨也萧萧 
2012816, 7.8, 121, 20世纪中国艺术史 
2184558, 7.7, 133, 当代艺术 
24940983, 8.1, 93, 严歌苓作品集：谁家有女初长成 
4062447, 9.5, 37, 光学原理 
1908392, 8.2, 84, 金庸小說的女子 
1103137, 7.6, 144, 世界当代艺术史 
1042830, 7.9, 104, 故乡面和花朵（全四册） 
5373473, 6.9, 292, 红豆 
26662022, 7.4, 158, 情史失踪者 
21359062, 7.6, 128, 北去来辞 
25938049, 7.5, 139, 天体悬浮 
1974711, 7.7, 116, 当代文学理论导读 
1262214, 7.2, 193, 妇女闲聊录 
26359066, 7.2, 187, 一瓢纽约 
2010598, 8.9, 46, 走向混沌 
26683050, 9.5, 33, 你是前所未有的
26364493, 8.2, 74, 一座营盘 
25923591, 5.7, 2107, 老师好美 
25893458, 7.6, 120, 空巢 
25809574, 7.4, 144, 少年游 
3156693, 7.8, 99, 共产主义下的广州 
2043286, 7.9, 91, 儿子的大玩偶 
25834799, 7.8, 99, 阵痛 
1274958, 8.7, 50, 狱里狱外 
1661862, 8.4, 61, 弗兰克·劳埃德·赖特 
3376687, 7.5, 126, 苍河白日梦 
25882262, 7.2, 171, 蟠虺 
26711232, 8.7, 49, 世间始终你好 
19957710, 8.7, 48, 自由诗篇 
26331084, 8.5, 54, 哀眠 
3008800, 8.6, 50, 先秦文化史讲义 
26380073, 8.2, 66, 三人成宴 
25790082, 7.6, 106, 读懂中国改革 
1040279, 9.6, 28, 史铁生 
26393373, 7.7, 95, 世间所有的寂静 此刻都在这里 
1020520, 8.0, 75, 林白文集（全四册） 
24852538, 8.4, 56, 大馆奴 
20563018, 8.0, 72, 1966－1970：暗淡岁月 
25839997, 8.1, 63, 文学史微观察 
1352699, 8.5, 48, 鐵漿 
5254355, 8.2, 58, 这里不平静 
3121288, 8.2, 57, 清水里的刀子 
1987651, 8.0, 63, 思凡 
25961341, 7.6, 84, 三个三重奏 
24861020, 8.4, 45, 要么庸俗 要么孤独 
25912904, 8.2, 51, 行动中的绘画 
10199106, 9.1, 30, 谁在幸福地生活 
4937488, 8.1, 55, 解读延安 
1340509, 8.3, 45, 肉體學校 
25839984, 8.6, 37, 夜雨赏荷 
26428578, 8.6, 36, 接下来，我问，你答 
11907998, 8.1, 50, My Beloved World 
1425011, 8.1, 47, 秋风醉了 
2137809, 8.1, 47, 老井 
3337102, 7.3, 90, 下落不明的生活 
26320673, 8.5, 36, 在我的开始是我的结束 
26414452, 7.2, 92, 陪都重庆 
1088443, 9.4, 22, 伤寒论临证指要 
1491535, 8.5, 35, 中国当代文学思潮史 
25871620, 7.2, 91, 道济群生录 
5348123, 6.2, 287, 班主任 
11595929, 6.8, 130, 王澍建筑地图 
1753875, 6.9, 115, 天怒 
26692133, 6.6, 158, 匿名 
26840483, 8.2, 38, Hillbilly Elegy 
26772461, 6.4, 193, 我们为什么总是看错人 
6813419, 8.4, 31, You Are Not So Smart 
24695948, 7.4, 61, 希特勒与20世纪德国 
3294275, 8.2, 34, 一千个春天-婚姻的自述 
1135242, 7.9, 41, 当代西方史学理论 
1588110, 7.6, 50, 溥杰自传 
1143960, 7.9, 39, 解放的速度 
1223754, 6.9, 90, 艳阳天（全三册） 
1223753, 7.4, 53, 上海的早晨（全四册） 
1084280, 8.0, 34, 阎连科 
24860612, 7.7, 41, 绝响 
1047635, 7.7, 39, 生死恋歌 
11510636, 8.3, 27, 无鸟的夏天 
1419704, 7.3, 54, 音乐移动群星:霍金传 
26742950, 8.1, 30, 仿佛若有光：女主播抑郁症日记 
3925810, 7.9, 34, 幻想数学大战5 
6730933, 8.0, 31, 捕风记 
1881721, 8.8, 18, 当代俄罗斯中短篇小说选 
26665637, 5.8, 230, 愿你成为最好的女子 
24714746, 8.8, 17, 民主课 
25846427, 7.2, 42, 一曲薰风 
25763562, 7.1, 35, 策展的挑战 
26802289, 7.6, 18, 天吾手记 
26411941, 7.3, 17, 星球大战：传承1 
