Tag: 当代文学 
The number of books: 854 

ID, Rating, Votes, Title
1082154, 9.1, 119712,  活着 
1200840, 9.0, 93682,  平凡的世界（全三部） 
1089243, 8.8, 52313,  黄金时代 
1054685, 9.0, 36543,  沉默的大多数 
1029791, 8.7, 56202,  许三观卖血记 
1022060, 8.3, 72818,  狼图腾 
1085799, 8.6, 35100,  白鹿原 
1767945, 8.8, 24715,  一只特立独行的猪 
1401425, 8.3, 56135,  兄弟（上） 
1014578, 9.0, 17227,  我的精神家园 
1209899, 9.0, 15714,  我与地坛 
1011754, 8.9, 17157,  海子的诗 
3239549, 9.1, 11259,  夹边沟记事 
1018577, 8.9, 13751,  霸王别姬 青蛇 
6880158, 8.7, 17186,  陆犯焉识 
1080309, 8.4, 28093,  尘埃落定 
1033825, 8.7, 13500,  顾城的诗 
3610681, 9.2, 6158,  海子诗全集 
5337248, 8.9, 9186,  台北人 
1050339, 7.8, 60550,  文化苦旅 
1020961, 8.7, 12069,  棋王 
1085883, 8.6, 14022,  青铜时代 
3633461, 8.6, 13695,  一句顶一万句 
1418686, 8.6, 13548,  红拂夜奔 
1082349, 8.2, 25778,  长恨歌 
3012517, 8.5, 15022,  小姨多鹤 
10522856, 9.0, 7110,  冬牧场 
2243213, 7.9, 40254,  山楂树之恋 
3311253, 9.0, 5939,  额尔古纳河右岸 
3803820, 8.4, 14299,  人生 
1052990, 8.9, 6782,  草房子 
3518332, 8.9, 6824,  绿毛水怪 
5269439, 8.4, 13753,  城门开 
1692648, 8.9, 6539,  一个人的村庄 
1322455, 8.8, 7231,  遥远的救世主 
1025753, 8.2, 18063,  妻妾成群 
1143694, 8.2, 16628,  动物凶猛 
1883991, 9.3, 3462,  王小波全集 
1082138, 8.3, 13147,  在细雨中呼喊 
1005358, 9.2, 3653,  寻找家园 
22714154, 8.7, 6991,  繁花 
1752755, 8.6, 7964,  第九个寡妇 
1261153, 8.4, 10752,  青蛇 
1076654, 8.7, 6780,  孽子 
1036613, 8.9, 5047,  茶馆 
1760432, 9.2, 3356,  受戒 
1096790, 8.6, 7444,  黑铁时代 
3544376, 9.1, 3665,  顾城的诗顾城的画 
1764991, 8.9, 4262,  我的阴阳两界　革命时期的爱情 
3297466, 9.2, 2821,  我的团长我的团（上部） 
1777932, 8.6, 5900,  寻找无双　东宫西宫 
3511129, 9.4, 2170,  我的团长我的团（下部） 
2988943, 8.3, 9012,  青灯 
3194071, 8.6, 5615,  少年巴比伦 
1026036, 8.6, 5476,  北岛诗歌集 
1703544, 7.5, 35457,  兄弟（下） 
1830445, 9.0, 3121,  阿城精选集 
1062991, 8.4, 7060,  北京法源寺 
1043485, 8.1, 11269,  檀香刑 
4238144, 9.1, 2649,  岁朝清供 
1015584, 8.0, 12174,  看上去很美 
2016749, 8.1, 10047,  金陵十三钗 
1460313, 8.4, 6308,  哥伦比亚的倒影 
3389984, 8.6, 4632,  俗世奇人 
3264642, 8.7, 3976,  似水流年 
1436716, 9.1, 2417,  黄金时代白银时代 
3010130, 7.7, 19733,  悲观主义的花朵 
1311280, 9.0, 2616,  灵魂的事 
3013624, 9.1, 2237,  棋王.　王.孩子王 
1465007, 8.2, 7422,  生死疲劳 
1032581, 8.4, 5521,  胭脂扣 生死桥 
3662230, 8.5, 4781,  七十年代 
3406518, 8.5, 4669,  追随她的旅程 
4169424, 7.9, 11632,  蛙 
1763806, 8.5, 4577,  万寿寺 
1477437, 8.9, 2692,  唐人故事 
1049477, 8.0, 9423,  一半是海水一半是火焰 
2015357, 9.1, 2019,  王小波全集（第六卷） 
3339812, 9.3, 1593,  木心作品八种 
3018339, 7.7, 15298,  万物生长 
3448867, 9.0, 2105,  采桑子 
3432304, 9.1, 1866,  大江东去（共三部） 
3662594, 8.1, 6967,  荒人手记 
1456183, 8.2, 5941,  我的帝王生涯 
1792984, 8.2, 5957,  一个女人的史诗 
3075281, 8.6, 3316,  世界上所有的夜晚 
1398441, 9.1, 1770,  汪曾祺散文 
1165173, 8.8, 2549,  务虚笔记 
3264665, 8.6, 3249,  三十而立 
1819978, 8.5, 3631,  温莎墓园日记 
1207819, 8.1, 6294,  过把瘾就死 
1151873, 8.2, 5433,  我是你爸爸 
3274851, 8.0, 7349,  原谅我红尘颠倒 
5288327, 8.3, 4626,  鸟，看见我了 
25639223, 8.3, 4596,  身边的江湖 
3297888, 8.4, 3993,  云雀叫了一整天 
1016595, 8.3, 4480,  雍正皇帝（全三册） 
1136988, 8.9, 1950,  命若琴弦 
1444077, 9.2, 1359,  汪曾祺小说经典 
1705507, 8.0, 6471,  胭脂扣 
6742586, 7.8, 8833,  我不是潘金莲 
1050566, 8.0, 6374,  一地鸡毛 
3024497, 8.4, 3481,  天浴 
3264644, 8.8, 2076,  地久天长 
1055301, 8.5, 3044,  世界上最疼我的那个人去了 
1010349, 8.0, 5845,  丰乳肥臀 
5367303, 8.4, 3272,  城邦暴力团（下） 
1008732, 8.4, 3213,  失败之书 
1290398, 8.4, 3058,  白蛇 
2345727, 7.5, 12821,  蜗居 
2032964, 9.1, 1298,  正红旗下 
1023000, 8.6, 2297,  常识与通识 
3146656, 8.4, 2924,  五月女王 
1124305, 8.1, 4424,  扶桑 
2237621, 8.4, 2816,  十八岁出门远行 
1370750, 8.6, 2076,  突然我　起你的　 
6718314, 8.0, 4549,  晚来寂静 
1071921, 8.1, 3864,  现实一种 
2297786, 7.6, 8756,  北京，北京 
1083883, 8.7, 1760,  席慕蓉经典作品 
1200843, 8.1, 3832,  芙蓉镇 
3176760, 8.4, 2465,  革命时期的爱情 
1883990, 8.8, 1477,  白银时代/2010/黑铁时代 
2375977, 8.4, 2411,  香椿树街故事 
1041414, 8.6, 1868,  威尼斯日记 
1029370, 9.1, 1052,  记忆与印象 
1734830, 9.2, 924,  汪曾祺精选集 
1006341, 8.0, 4133,  红粉 
10877051, 9.0, 1123,  顾城哲思录 
3239913, 8.0, 4019,  推拿 
1000696, 8.2, 2980,  饥饿的女儿 
26821461, 8.8, 1377,  北鸢 
1281653, 7.8, 5342,  秦腔 
1047851, 7.7, 6267,  晃晃悠悠 
1288913, 8.3, 2511,  半生为人 
1397889, 8.5, 1891,  穗子物语 
1438536, 8.9, 1183,  王小波经典作品 
3464389, 9.1, 936,  大淖记事 
1083509, 8.1, 3166,  人面桃花 
4919996, 8.7, 1393,  张枣的诗 
25716611, 8.5, 1748,  花街往事 
3623831, 8.1, 2920,  温故一九四二 
1055054, 8.3, 2206,  刺青时代 
1186209, 8.7, 1336,  张晓风经典作品 
6527141, 8.2, 2517,  停车暂借问 
1030470, 7.9, 3781,  香草山 
1006737, 7.8, 4318,  米 
2279868, 7.7, 5095,  风声 
1008660, 8.4, 1832,  马桥词典 
1086468, 8.5, 1616,  黑骏马 
1312995, 8.5, 1596,  周国平作品精选 
1276297, 9.0, 909,  顾城诗全编 
1397659, 8.0, 3167,  国画 
1056055, 8.2, 2322,  罂粟之家 
1053331, 8.5, 1583,  王朔自选集 
1083882, 8.5, 1582,  白先勇经典作品 
3395241, 9.1, 788,  豆汁记 
4799445, 7.9, 3421,  太阳黑子 
1143696, 7.9, 3400,  永失我爱 
6529759, 9.4, 567,  水蛇腰 
1468916, 8.6, 1292,  王朔文集 谐谑卷 
24827456, 8.6, 1273,  万箭穿心 
1732996, 8.9, 911,  顾城 
6100947, 7.6, 5130,  刘氏女 
3026876, 7.8, 3695,  少女小渔 
24540864, 6.8, 24523,  第七天 
25696089, 7.4, 7066,  1980年代的爱情 
1053914, 8.5, 1395,  游园惊梦 
1202550, 8.8, 984,  地久天长 
1058360, 8.2, 1958,  红高粱家族 
2287508, 8.0, 2577,  多余的素材 
1417905, 7.1, 11819,  废都 
25852518, 7.6, 4683,  南方有令秧 
10556006, 8.8, 927,  状元媒 
6048071, 8.6, 1132,  七声 
1793990, 8.9, 814,  早晨从中午开始 
4054726, 9.2, 602,  围城 / 人　兽　鬼 
1393473, 8.8, 898,  遍地风流 
1086466, 8.4, 1409,  北方的河 
1078566, 7.6, 4305,  桃之夭夭 
2377002, 7.9, 2676,  和我们的女儿谈话 
2016626, 8.9, 772,  王小波全集(第七卷):中篇小说 
1025562, 8.1, 1967,  城北地带 
6844469, 8.1, 1943,  走夜路请放声歌唱 
25731506, 8.0, 2245,  乱时候，穷时候 
3518333, 8.8, 837,  寻找无双 
1962885, 8.1, 1906,  山河入梦 
24877320, 7.8, 2850,  龙族Ⅲ 
2027824, 8.7, 881,  风景 
5975571, 8.0, 2028,  天香 
3662581, 7.6, 3733,  巫言 
6902319, 9.0, 634,  夜行记 
1038861, 7.8, 2707,  手机 
1084078, 7.9, 2318,  钟鼓楼 
3160327, 8.0, 2007,  无出路咖啡馆 
1753077, 9.3, 464,  王小波文集 
1130366, 7.9, 2321,  生活秀 
1482322, 8.0, 1969,  绿化树 
26303224, 8.1, 1685,  说部之乱 
1734828, 8.5, 1015,  苏童精选集 
1026884, 8.5, 1009,  左手的掌纹 
26669243, 8.2, 1394,  慈悲 
2071207, 8.4, 1089,  到黑夜想你没办法 
1881118, 7.6, 3305,  解密 
1090109, 7.7, 2796,  红岩 
1415311, 8.1, 1590,  美食家 
1085777, 8.4, 1078,  贫嘴张大民的幸福生活 
6534894, 8.7, 773,  我会像青草一样呼吸 
1468918, 8.4, 1080,  王朔文集 挚情卷 
1468917, 8.4, 1081,  王朔文集 矫情卷 
5910655, 8.3, 1201,  古炉 
1041912, 7.9, 2036,  黄昏里的男孩 
1077474, 7.9, 2005,  舒婷的诗 
1025533, 7.7, 2693,  玉观音 
3336960, 8.5, 951,  沧海明月　凝碧卷 
1205303, 9.5, 348,  汪曾祺全集(2) 
1095433, 8.1, 1511,  顽主 
2079345, 8.1, 1485,  侠隐 
1146304, 8.6, 818,  日光流年 
1151872, 7.8, 2236,  玩的就是心跳 
21770836, 8.5, 898,  八九十枝花 
3222662, 8.2, 1254,  谁家有女初长成 
1442455, 8.8, 639,  王小波作品精选 
1222849, 8.2, 1254,  另一种妇女生活 
1069227, 7.9, 1843,  世事如烟 
3723236, 8.0, 1605,  我与父辈 
26309861, 8.4, 974,  摇摇晃晃的人间 
1009381, 8.5, 872,  少年血 
10508054, 7.6, 2893,  云中人 
3546250, 7.9, 1800,  寄居者 
1037951, 8.3, 1071,  食指的诗 
2250331, 7.8, 2043,  高兴 
1915716, 8.5, 836,  负暄琐话 
1791682, 7.4, 3723,  空中小姐 
1076323, 8.4, 933,  也是亚当，也是夏娃 
1126440, 8.1, 1332,  妇女生活 
1206319, 8.7, 661,  我的遥远的清平湾 
10453121, 7.3, 4445,  下面，我该干些什么 
24872210, 9.2, 403,  无愁河的浪荡汉子　朱雀城 
1046276, 8.1, 1301,  温暖和百感交集的旅程 
2300636, 7.4, 3624,  我叫刘跃进 
26672441, 8.5, 803,  收山 
1875581, 7.8, 1945,  西班牙三棵树 
1039060, 7.9, 1631,  玉米 
1062346, 8.0, 1413,  王贵与安娜 
1822817, 8.3, 951,  你是一条河 
1151877, 7.8, 1775,  千万别把我当人 
1205283, 9.4, 314,  汪曾祺全集(1) 
1018881, 9.0, 441,  穆旦诗全集 
1086227, 9.1, 400,  合欢树 
6840152, 8.0, 1296,  甘南纪事 
23186549, 7.8, 1664,  我们家 
6780861, 7.7, 1905,  春尽江南 
1024733, 7.7, 1915,  鲜血梅花 
6783708, 8.1, 1102,  怒河春醒 
3880354, 8.7, 560,  金山 
1008062, 8.4, 773,  后宫 
5423585, 8.6, 605,  树枝的疏忽 
1023478, 7.9, 1395,  怀念声名狼藉的日子 
1734833, 8.2, 961,  余华精选集 
3197630, 9.1, 376,  一代人远和近 
3415661, 8.1, 1059,  水在时间之下 
2030442, 8.3, 839,  年轮 
1858594, 7.3, 3391,  暗算 
1005411, 7.8, 1534,  透明的红萝卜 
1059716, 8.6, 590,  水乳大地 
1067960, 8.1, 1020,  青衣 
1438954, 8.1, 1029,  米 
24862876, 7.4, 2714,  黄雀记 
4039235, 8.7, 511,  王小波全集（第五卷 长篇小说 剧本） 
20394952, 8.1, 984,  九篇雪 
1063418, 7.7, 1671,  没有一条道路是重复的 
5300108, 8.1, 990,  尾巴 
1072847, 7.7, 1682,  鱼和它的自行车 
2188233, 8.2, 865,  中国当代文学史 
1214006, 7.9, 1248,  王朔文集 
1018584, 8.5, 613,  青春念想 
6902317, 8.6, 547,  革命时期的爱情 
1080753, 8.2, 846,  受活 
1443976, 8.2, 846,  三寸金莲 
5399267, 8.7, 492,  北岛作品精选 
25835907, 8.0, 1059,  天使坠落在哪里 
3851799, 8.1, 926,  天行者 
1017172, 7.8, 1371,  大浴女 
5423777, 8.1, 928,  睡觉大师 
1038744, 7.2, 3454,  来来往往 
6810540, 7.9, 1200,  红高粱 
25789686, 8.3, 722,  相遇 
1794267, 8.8, 426,  朦胧诗选 
4109197, 8.5, 575,  最慢的是活着 
2258056, 8.7, 470,  逍遥津 
26284529, 7.6, 1710,  群山之巅 
5288540, 7.6, 1705,  朱雀 
1072368, 7.5, 1999,  我爱比尔 
10199131, 8.9, 377,  似水柔情 
1490736, 7.7, 1488,  古典爱情 
1018178, 7.9, 1115,  浮躁 
1462101, 8.4, 613,  北岛诗选 
1771267, 7.5, 1952,  熬至滴水成珠 
3545884, 8.7, 451,  牛天赐传 
19987957, 7.3, 2663,  寡人有疾 
2002992, 8.4, 601,  爱，是不能忘记的 
1014374, 8.4, 604,  东藏记 
5946558, 8.3, 671,  莲生与阿玉 
1477232, 7.9, 1073,  乔家大院 
1457149, 7.8, 1225,  英儿 
1082236, 8.4, 586,  我没有自己的名字 
3075270, 8.6, 473,  起舞 
1801964, 8.4, 578,  刘震云精选集 
6784996, 8.2, 723,  声音乐团 
1033922, 8.0, 907,  英格力士 
6729209, 7.7, 1363,  遣悲怀 
3427190, 8.5, 506,  生死场 呼兰河传 
1960287, 8.4, 547,  蒙着眼睛的旅行者 
26301984, 8.2, 683,  白色流淌一片 
1428004, 8.2, 679,  羊的门 
1262965, 8.2, 684,  中国当代文学史教程 
1978928, 8.1, 774,  永远有多远 
1292354, 7.6, 1464,  空山 
1048411, 7.6, 1475,  战栗 
1082556, 8.6, 446,  白先勇自选集 
1029698, 7.6, 1483,  英国情人 
10567171, 8.0, 854,  生命册 
1434480, 7.6, 1446,  你别无选择 
2999641, 8.2, 676,  现实一种:余华中短篇小说集 
1505559, 8.1, 755,  上种红菱下种藕 
2974036, 8.4, 536,  周国平散文 
1025103, 8.5, 477,  伪满洲国（上下） 
1122859, 8.6, 433,  越过云层的晴朗 
4218689, 8.2, 663,  哀悼乳房 
1019586, 8.6, 433,  红瓦 
25731990, 8.3, 572,  我是落花生的女儿 
1021677, 9.1, 265,  中国一九五七 
20452802, 7.8, 1030,  带灯 
6127284, 8.5, 451,  酒徒 
3097837, 8.1, 689,  汪国真经典诗文 
1070775, 8.2, 613,  小城三月 
1042863, 8.0, 782,  向日葵 
1029326, 8.5, 437,  神木 
1072541, 8.4, 490,  中国现当代文学名篇十五讲 
26757657, 8.3, 519,  望春风 
3015561, 8.1, 644,  第二次握手 
4117261, 7.1, 2572,  赴宴者 
4742299, 8.5, 408,  北极村童话 
1943703, 8.1, 632,  一个红卫兵的自白 
1007212, 8.6, 372,  断裂丛书第2辑 
1987262, 8.3, 506,  王小波全集(第十卷):未竟稿 
1043416, 8.2, 550,  人有病  天知否 
2068070, 7.6, 1174,  启蒙时代 
1078516, 7.9, 793,  心灵史 
4747442, 8.2, 556,  知青变形记 
3561920, 8.4, 446,  昆仑殇 
1064566, 7.6, 1148,  私人生活 
26761291, 9.0, 251,  人间草木 
1005939, 8.1, 613,  故乡天下黄花 
6953461, 8.8, 297,  一坛猪油 
3874387, 7.8, 882,  河流的秘密 
1025960, 8.0, 684,  愤怒 
26384375, 7.8, 855,  平乐镇伤心故事集 
1084445, 8.1, 593,  觅渡 
1437160, 7.7, 983,  平原 
1963368, 8.0, 658,  青木川 
10566848, 7.8, 840,  黑夜飞行 
2568082, 8.2, 522,  闯关东 
1036864, 8.5, 382,  余光中散文 
20452319, 8.0, 650,  让“死”活下去 
7154690, 8.3, 466,  王小波全集 第一卷 
1161387, 8.7, 314,  无梦楼随笔 
1068866, 7.6, 1066,  小鲍庄 
1003908, 8.4, 414,  南渡记 
1040361, 8.1, 575,  曾在天涯 
10742745, 8.1, 568,  模范青年 
1119332, 7.4, 1394,  怀念狼 
7175432, 8.9, 256,  张枣随笔选 
26274801, 7.5, 1171,  沉默也会歌唱 
1866781, 8.3, 438,  当代小说二十家 
1963124, 8.3, 440,  看女人 
1038010, 7.3, 1567,  血玲珑 
2973153, 8.1, 544,  白沙 
1129261, 8.9, 244,  格里格海的细雨黄昏 
1962875, 7.7, 868,  林海雪原 
1162565, 8.3, 435,  羽蛇 
1060204, 7.6, 990,  历史的天空 
26892411, 8.9, 240,  人类要是没有爱情就好了 
19977690, 8.3, 424,  天堂蒜薹之歌 
25761068, 8.5, 347,  天桥上的魔术师 
1005242, 7.8, 733,  古船 
3075276, 8.6, 311,  逆行精灵 
11586903, 7.9, 656,  夏目漱石的百合 
2117303, 7.8, 719,  大校的女儿 
25800697, 7.1, 1916,  妈阁是座城 
25843055, 9.1, 194,  花花朵朵坛坛罐罐 
1436892, 8.7, 275,  杨绛作品集 
1813467, 9.0, 211,  周国平文集（全3卷） 
26561444, 7.7, 790,  少女哪吒 
1200849, 7.8, 680,  李自成 
26359462, 7.6, 859,  床畔 
1499588, 8.2, 425,  桃花灿烂 
1101677, 8.8, 234,  问题与方法 
1962248, 8.3, 377,  好工作 
6722956, 7.9, 583,  十一味爱 
26801831, 7.3, 1269,  在宇宙间不易被风吹散 
2054019, 9.2, 166,  听听那冷雨 
1200827, 8.0, 503,  白门柳（全三册） 
1857446, 6.6, 4194,  碧奴 
2159124, 8.4, 330,  高山下的花环 
1822820, 7.6, 824,  不谈爱情 
2221690, 9.6, 120,  晚饭花集 
25810522, 8.2, 387,  1966年 
1077917, 7.5, 888,  四十一炮 
25718134, 7.3, 1140,  女不强大天不容 
1012241, 8.3, 339,  朦胧诗新编 
1099206, 8.9, 198,  “灰阑”中的叙述 
1012703, 7.8, 593,  林家铺子 
1073873, 7.7, 661,  荒山之恋 
1079892, 7.6, 752,  橘子红了 
10563468, 7.5, 839,  隐身衣 
3627948, 8.4, 303,  持灯的使者 
3735996, 8.4, 303,  西征记 
1398460, 7.9, 514,  余秋雨散文 
1063443, 8.4, 301,  全家福 
23774736, 7.4, 976,  春天在哪里 
1949195, 8.3, 331,  有只鸽子叫红唇儿 
1006691, 8.8, 208,  年月日 
3110731, 7.3, 1098,  风雅颂 
6952009, 8.1, 401,  灰舞鞋 
1291345, 8.3, 326,  我的世界下雪了 
1201867, 8.5, 272,  十面埋伏 
4267117, 8.4, 299,  严歌苓作品精选 
20259784, 8.6, 246,  大崩溃 
25725064, 7.2, 1240,  炸裂志 
1316684, 8.1, 398,  血色黄昏 
1027989, 7.6, 718,  爸爸爸 
2089279, 7.1, 1446,  我的非正常生活 
5389759, 8.4, 294,  Shit My Dad Says 
4260927, 8.0, 438,  鬼魅丹青 
1025559, 7.4, 910,  一个人的战争 
10775763, 7.2, 1212,  补玉山居 
1480348, 8.0, 432,  晚霞消失的时候 
10427334, 8.2, 352,  大时代的边上 
1580622, 8.4, 288,  　仙　 
1737434, 8.4, 281,  萧红精选集 
3075279, 8.2, 341,  秧歌 
1121284, 8.4, 274,  无非男女 
5295745, 8.6, 229,  蒙古往事 
1084407, 8.4, 268,  乌泥湖年谱 
2327728, 8.4, 268,  踏着月光的行板 
1091456, 8.4, 268,  树下 
1469266, 7.7, 558,  冈底斯的诱惑 
5321791, 7.3, 945,  中文系 
20493284, 7.6, 637,  寻欢者不知所终 
26803179, 8.4, 261,  平原上的摩西 
20499688, 8.1, 347,  黄鸡白酒 
26051883, 7.6, 615,  老生 
1879937, 8.6, 217,  迟子建作品精选 
1398449, 8.1, 347,  贾平凹散文 
1795716, 8.3, 285,  今夜有暴风雪 
2148199, 8.1, 346,  现在让我们赞美富人 
1391644, 8.5, 230,  方方作品精选 
3182667, 8.2, 305,  异旅人 
25976633, 8.0, 370,  我自己的陌生人 
1080828, 7.3, 879,  小城之恋 
1002400, 8.2, 298,  城的灯 
25981277, 8.2, 294,  抚顺故事集 
26280494, 7.3, 862,  活着之上 
1011911, 8.3, 266,  花腔 
26236436, 7.2, 990,  我们夜里在美术馆谈恋爱 
3594808, 8.9, 158,  萧红十年集 
1013396, 8.0, 358,  无字（第一部） 
1022229, 7.9, 395,  玫瑰门 
1061596, 8.3, 264,  69届初中生 
1828111, 7.3, 824,  最后一个匈奴 
2237535, 7.7, 491,  烦恼人生 
26853566, 8.2, 280,  出家 
26598482, 7.3, 800,  密林中 
1474793, 8.9, 151,  王鼎钧散文 
3623828, 8.2, 277,  故乡相处流传 
3824350, 8.3, 255,  天一言 
1084077, 8.2, 277,  黄河东流去 
1260250, 7.7, 477,  抉择 
1801804, 8.0, 334,  王安忆精选集 
2177833, 8.6, 190,  再解读 
24318970, 8.4, 227,  立春 
1045231, 7.3, 783,  花儿与少年 
1004795, 7.0, 1223,  有了快感你就喊 
26791930, 8.2, 270,  生于一九八四 
20502629, 8.6, 186,  黄连.厚朴 
1278751, 7.7, 459,  白夜 
2131083, 8.6, 185,  涉渡之舟 
1067521, 8.9, 143,  谁翻乐府凄凉曲 
1853457, 7.8, 403,  美元硬过人民币 
2996046, 7.8, 404,  哦，香雪 
1676983, 8.5, 197,  苏童 
6101205, 8.2, 260,  你们忘了这个世界吗 
25788888, 7.9, 350,  我亲爱的精神病患者 
1001911, 7.3, 723,  灵魂饭 
1946854, 8.5, 193,  高女人和她的矮丈夫 
2995375, 8.1, 281,  天狗 
5411419, 8.7, 160,  生命流泪的样子 
6953464, 8.6, 176,  亲亲土豆 
2137802, 7.9, 343,  杀夫 
1067070, 7.3, 707,  米尼 
1461192, 7.4, 623,  笨花 
2138402, 7.8, 375,  塔铺 
1146285, 8.5, 188,  瓦城上空的麦田 
1049976, 7.8, 373,  望着你 
26791407, 6.5, 2491,  孤独深处 
1958071, 9.4, 94,  求 
1260663, 8.5, 184,  日本故事 
25850540, 7.6, 457,  耶路撒冷 
3550069, 8.0, 290,  哺乳期的女人 
2137818, 7.9, 318,  伏羲伏羲 
6139702, 7.6, 445,  纸上王国 
24533414, 7.4, 575,  涂自强的个人悲伤 
26294820, 8.0, 284,  白蛇 
1052127, 7.7, 393,  活动变人形 
1098103, 7.6, 443,  周渔的火车 
11591741, 8.7, 150,  一匹马两个人 
5241280, 8.5, 175,  革命/叙述 
1200845, 7.3, 634,  沉重的翅膀 
1421014, 7.2, 737,  我和你 
1010995, 8.8, 137,  二十世纪中国文学史论(第一卷) 
25857414, 7.9, 303,  剩下的都属于你 
1425007, 8.1, 248,  玛卓的爱情 
11591743, 8.2, 228,  白雪猪头 
3070554, 7.8, 343,  人到中年 
1081206, 7.1, 835,  作女 
25981276, 8.3, 204,  双行星与小卷兽 
1132974, 7.1, 810,  组织部来了个年轻人 
1003664, 7.5, 473,  深喉 
1288888, 8.4, 185,  半个我正在疼痛 
1078244, 7.0, 945,  青春之歌 
3105372, 8.1, 245,  谈话录 
2012685, 7.3, 614,  废都 
26870405, 7.9, 297,  龙头凤尾 
1889528, 8.4, 181,  格非作品精选 
6953465, 8.7, 141,  花瓣饭 
2044903, 8.3, 200,  等你，在雨中 
2237615, 8.1, 236,  无主题变奏 
1317879, 7.9, 291,  九月寓言 
11601093, 7.5, 456,  成为和平饭店 
4122941, 7.6, 402,  锦瑟无端 
1847633, 8.2, 210,  香港的情与爱 
1044619, 8.1, 231,  暗示 
1945579, 8.3, 189,  波　 
1019984, 8.2, 206,  雾月牛栏 
3684926, 8.2, 208,  动物凶猛 
2060051, 7.9, 279,  为不高兴的欢乐 
3177130, 9.0, 108,  席慕容诗歌精品 
1129288, 7.8, 311,  朋友 
26593903, 8.5, 155,  洗牌年代 
26291216, 6.5, 1930,  我们生活在巨大的差距里 
26303995, 8.5, 154,  飞毡 
7161754, 8.5, 154,  出麦田记 
3179444, 8.4, 167,  蒲柳人家 
6081356, 9.2, 90,  史铁生作品系列（纪念版） 
1425034, 7.9, 264,  虚构 
1260580, 7.7, 325,  欲望的旗帜 
26774892, 8.1, 214,  我们爱过又忘记 
2349671, 8.6, 136,  古桥头 
3215462, 9.2, 88,  白海参 
1200841, 7.2, 586,  许茂和他的女儿们 
1876271, 8.4, 162,  　域 
24226729, 7.1, 687,  晚安玫瑰 
20472036, 7.2, 589,  众声喧哗 
1280291, 8.2, 192,  云破处 
1709524, 7.3, 518,  绝对隐私 
1438470, 7.8, 284,  我能否相信自己 
1025968, 8.8, 116,  二十世纪中国文学史论（第二卷） 
1930501, 8.4, 157,  毕飞宇小说 
2974027, 8.6, 133,  韩少功散文 
2184297, 8.2, 186,  佛的孤独 
1428428, 8.9, 106,  灵地的缅想 
1157019, 8.5, 142,  那山那人那狗 
3889680, 7.4, 430,  坚硬如水 
2150585, 8.2, 184,  黑白 
2307682, 7.4, 432,  北京人在纽约 
10794790, 7.6, 333,  六人晚餐 
1810990, 8.1, 199,  白金的女体塑像 
20428320, 7.9, 240,  扶桑 
20381893, 7.3, 466,  小镇奇人异事 
3154493, 8.0, 213,  荷花淀 
4891534, 8.5, 136,  傅雷书信选 
2983286, 8.0, 210,  卡夫卡是谁 
21716347, 7.4, 396,  日夜书 
1028117, 8.7, 112,  晚翠文谈新编 
1739906, 7.7, 282,  北方的盐 
25913830, 7.7, 275,  六个字母的解法 
1029375, 8.0, 204,  纪实和虚构 
10588869, 6.8, 891,  牛鬼蛇神 
6397056, 8.0, 203,  到世界上去 
2122639, 7.9, 222,  白水青菜 
1690488, 8.0, 201,  四牌楼 
19967508, 6.7, 1011,  我开始轻视语言 
1660790, 8.6, 118,  50-70年代中国文学经典再解读 
6967530, 8.3, 152,  乔家的儿女 
24878188, 9.5, 63,  汪曾祺全集（全十六卷） 
26530414, 9.3, 71,  边城 
26583471, 8.3, 146,  蘑菇圈 
5296499, 8.9, 91,  4444 
3546866, 7.8, 232,  上海往事 
7055241, 8.3, 147,  我去钱德勒威尔参加舞会 
6138325, 7.7, 259,  时光，请等一等 
4273408, 7.8, 229,  一段　情，　　人成　 
1084631, 7.6, 283,  什么是垃圾，什么是爱 
2237618, 8.0, 187,  迷舟 
1084075, 7.5, 320,  将军吟 
6518250, 7.9, 206,  武昌城 
1946554, 7.9, 208,  最后的村庄 
26650614, 8.4, 130,  多湾 
1398447, 7.9, 204,  冯骥才散文 
10763466, 7.1, 508,  中间代　代表作 
3581499, 6.6, 1084,  月色撩人 
4918257, 6.4, 1578,  风语 
1011527, 9.0, 81,  刘震云自选集（上下卷） 
26333998, 6.8, 764,  少帅 
23860457, 7.7, 242,  躺下去会舒服点 
4744011, 8.4, 125,  “新启蒙”知识档案 
10571973, 7.4, 338,  你所不知道的夜晚 
1003264, 8.3, 136,  韩少功自选集 
5944469, 7.4, 339,  幸福来敲门 
25996933, 8.5, 114,  独坐 
5924683, 8.1, 158,  阮郎归 
7065576, 8.1, 158,  睡眠是条大河 
1145495, 8.4, 124,  毕飞宇文集 
25909313, 7.3, 361,  阳光猛烈，万物显形 
3812678, 8.4, 120,  莫言自选集 
1010977, 8.1, 154,  天下粮仓 
1089499, 8.0, 165,  将军族 
1021141, 7.8, 198,  流水三十章 
1073386, 8.1, 148,  艾青诗选 
1146675, 7.9, 179,  我爱小丸子 
26278884, 8.4, 114,  文化不是味精 
1921338, 7.5, 264,  灵与肉 
1425004, 8.1, 145,  访问梦境 
26586174, 8.0, 157,  万物停止生长时 
10607835, 7.7, 208,  《读书》十年（二） 
6743285, 7.9, 172,  相爱的日子 
26851547, 8.1, 141,  软埋 
21370689, 8.1, 137,  东岸纪事（上下） 
20473670, 8.2, 127,  斗鸡 
19973737, 7.8, 184,  永远的尹雪艳 
4837840, 6.9, 530,  光年 
3554728, 8.6, 93,  富　　 
24699038, 8.4, 108,  我只在乎你 
1071958, 7.7, 198,  残雪自选集 
1200847, 7.5, 244,  都市风流 
1014978, 7.5, 238,  天鹅绒 
1023815, 7.4, 263,  北京病人 
3130181, 8.1, 131,  编辑部的故事 
26348958, 7.9, 155,  小镇姑娘 
6440761, 7.5, 232,  浮夸 
26307908, 7.7, 185,  野蛮生长 
10554312, 8.1, 127,  英华沉浮录 3 
1256656, 8.8, 73,  菰蒲深处 
1427790, 8.6, 84,  三更有　　　枕 
2363683, 8.1, 124,  是谁在深夜说话 
26301836, 7.3, 272,  你的孤独，比这个世界更动人 
1492425, 8.9, 67,  张承志作品精选 
2154744, 8.8, 72,  迟子建文集（全四册） 
24876892, 8.8, 71,  人字旁 
25733162, 7.5, 218,  今夜星光灿烂 
7175433, 8.3, 103,  戈麦的诗 
26270396, 8.3, 101,  试验 
6794522, 7.8, 158,  对抗语文 
1801805, 7.8, 154,  张贤亮精选集 
3766512, 8.2, 108,  中国当代文学主潮 
2296562, 7.5, 207,  天空线下 
1874477, 7.8, 154,  第三代诗新编 
26854325, 8.6, 78,  喜剧作家 
6256440, 8.8, 68,  我的阅读史 
10578488, 6.8, 490,  栖 
3099625, 8.3, 98,  郑小琼诗选 
1988700, 7.9, 137,  马原自选集 
5302122, 8.4, 89,  现代派文学辞典 
4087460, 7.2, 279,  小说密码 
4202250, 7.4, 218,  再见，如果还会再见 
6759294, 7.7, 158,  发现小说 
4091806, 7.7, 154,  那五 
21668148, 8.3, 91,  西藏秘密 
11443351, 7.7, 155,  谁比谁傻多少 
26742811, 8.4, 84,  兽性大发的兔子 
25922753, 8.2, 97,  胡子有脸 
3202440, 7.5, 186,  暴风骤雨 
1223750, 7.2, 254,  创业史（全二册） 
5988567, 8.0, 112,  我的现实 我的主义 
2224611, 8.0, 114,  没有纽扣的红衬衫 
26897973, 7.5, 179,  中国特色的译文读者 
4109557, 7.5, 177,  1980的情人 
1659233, 8.4, 81,  1956:百花时代 
5377301, 8.4, 81,  且行且歌 
26846157, 8.7, 64,  我们都是赶路人 
20563218, 7.1, 268,  十三亿种活法 
1084405, 7.7, 141,  新星 
24876757, 8.3, 83,  俞心樵诗选 
5922198, 8.0, 105,  游园惊梦 
26342533, 8.2, 87,  新的一天 
25918783, 7.3, 203,  苦菜花，甘蔗芽 
20271210, 7.3, 201,  留一个房间给你用 
2150589, 8.1, 95,  赤脚医生万泉和 
2203532, 8.6, 64,  李零自选集 
24940983, 8.1, 93,  严歌苓作品集：谁家有女初长成 
1200839, 7.4, 178,  冬天里的春天（全二册） 
26628289, 7.3, 199,  一直爱下去 
26591589, 8.6, 63,  来自邻人的光 
3618428, 6.6, 474,  潜伏 
2047229, 7.3, 196,  桑青与桃红 
7062628, 8.3, 79,  许子东讲稿-张爱玲.郁达夫.香港文学-卷二 
1018747, 7.6, 143,  中国当代文学关键词十讲 
4267151, 7.7, 129,  一生中最高兴的一天 
20502674, 8.9, 51,  异教时辰书 
1444078, 8.2, 83,  林斤澜小说经典 
4120366, 8.6, 62,  灵魂之旅 
1069365, 8.8, 55,  批评空间的开创--二十世纪中国文学研究 
4077909, 7.9, 105,  重返八十年代 
5373473, 6.9, 292,  红豆 
1056927, 8.1, 86,  在北大课堂读诗 
6866113, 8.8, 52,  周晓枫散文选集 
6877611, 7.6, 131,  张马丁的第八天 
1132512, 7.7, 120,  坚硬的稀粥 
26662022, 7.4, 157,  情史失踪者 
1196141, 8.7, 55,  新历史主义与文学批评 
21359062, 7.6, 128,  北去来辞 
1069420, 7.7, 116,  为了忘却的集体记忆 
25938049, 7.5, 139,  天体悬浮 
1065235, 8.1, 83,  被当作鬼的人 
1003978, 8.1, 82,  表意的焦虑 
1822767, 8.1, 82,  凤凰琴 
25786061, 7.5, 138,  鱼王 
1087507, 8.8, 50,  刘震云 
24944326, 7.4, 152,  旅人来自不同星球 
25923591, 5.7, 2105,  老师好美 
3448092, 7.7, 111,  春香 
25893458, 7.6, 120,  空巢 
26701731, 8.4, 63,  爱你就像爱生命 
25909786, 8.6, 55,  北极村童话 
6125474, 8.4, 63,  艺妓芙蓉 
1757273, 8.3, 67,  边缘 
25798973, 7.8, 99,  触：台湾娘子上凉山 
25834799, 7.8, 99,  阵痛 
1291718, 8.2, 71,  残雪 
5412795, 8.3, 66,  我BOOK1 
26313932, 8.5, 56,  批评的准备 
1788257, 9.1, 39,  归来的陌生人 
3266390, 8.4, 60,  一九四九：　痕　　　　家文　 
26673118, 8.7, 49,  扶桑 
1420340, 7.8, 95,  月亮背面 
21318646, 8.1, 73,  迷冬 
1334641, 8.3, 63,  旋　 
3200846, 8.3, 63,  方方自选集 
26717879, 6.3, 545,  极花 
1475141, 8.2, 66,  往事恍如昨 
1054583, 7.7, 97,  当代文学关键词 
1020520, 8.0, 75,  林白文集（全四册） 
26260130, 8.1, 69,  病隙碎笔 
24155698, 6.9, 219,  一号命令 
20379521, 7.5, 112,  萝卜菜籽结牡丹 
25716757, 7.5, 109,  移民 
24737171, 6.7, 255,  53种离别 
25839997, 8.1, 63,  文学史微观察 
6308767, 8.1, 63,  梅雨 
5275104, 8.2, 59,  典型文案 
25722313, 8.0, 68,  文革轶事 
26005623, 8.2, 58,  吾血吾土 
3121288, 8.2, 57,  清水里的刀子 
1015166, 8.3, 53,  流年 
25817366, 7.7, 84,  褐色鸟群 
1982415, 6.9, 185,  道德颂 
4088399, 7.9, 69,  大平原 
25878646, 8.4, 48,  刘晓东 
1987651, 8.0, 63,  思凡 
25723968, 7.5, 96,  寻他千百度 
26760360, 6.6, 255,  轻描淡写 
26340272, 7.4, 103,  我的旅行方式 
24721546, 7.9, 67,  悲恸之地 
25780829, 8.1, 58,  隐形的女人 
10825206, 6.7, 220,  代表作　新女性 
26774737, 9.2, 29,  材料与注释 
26766251, 9.7, 23,  告别放映室 
4187232, 9.2, 29,  当代文学的概念 
6064282, 8.8, 36,  满树榆钱儿 
1957586, 7.7, 75,  口述历史下的老舍之死 
26348835, 9.1, 30,  大胆使用了绿色 
2069245, 8.7, 37,  冯骥才分类文集（全16卷） 
3169443, 8.7, 37,  许地山选集 
1426704, 7.4, 96,  最后的情人 
20444732, 6.4, 308,  中国情人 
19941513, 7.4, 95,  方圆四十里 
1084084, 6.9, 160,  东方（全三册） 
3247600, 8.1, 54,  典型文坛 
26822709, 8.9, 32,  聋哑时代 
3002457, 8.7, 36,  万里无云 
1874697, 8.6, 38,  安妮　雪莉 
24324978, 6.8, 167,  这边风景（上下） 
3154464, 8.8, 33,  长夜 
26734228, 8.1, 50,  鬼吹灯全集 
26602991, 8.1, 49,  未来之书 
2137809, 8.1, 47,  老井 
3605809, 8.2, 44,  西藏，系在皮绳结上的魂 
26320673, 8.5, 36,  在我的开始是我的结束 
4133076, 7.4, 81,  真空家乡 
1223730, 7.0, 116,  山乡巨变 
3223683, 8.3, 40,  方舟 
26745463, 7.6, 65,  米米朵拉 
25722228, 7.5, 71,  香港的情与爱 
4212299, 8.0, 47,  零度看　──重　　　玲 
26610125, 7.5, 68,  我想和你虚度时光 
1866134, 8.9, 27,  中国黑色幽默小说大观 
10426917, 9.0, 25,  回首我　的　代 
5348123, 6.2, 287,  班主任 
26692133, 6.6, 158,  匿名 
1506468, 7.5, 61,  喊山 
26171370, 7.4, 64,  浮出海面 
19941416, 8.2, 36,  古斯特城堡 
25998266, 7.1, 82,  一切坚固的都烟消云散 
26600276, 8.4, 30,  我的诗篇 
1005334, 8.0, 38,  哀妇人 
1214921, 8.0, 38,  为了报仇写小说 
26852526, 8.2, 33,  甲骨时光 
1075457, 7.6, 49,  伤口咚咚咚 
6100839, 8.5, 27,  中国当代文学制度研究 
1223754, 6.9, 90,  艳阳天（全三册） 
1084280, 8.0, 34,  阎连科 
26785210, 7.6, 44,  在屋顶上牧云 
6720698, 6.9, 80,  五香街 
25735495, 8.5, 25,  历炼精魂 
22226574, 8.8, 21,  身体地图 
26342613, 7.8, 36,  罂粟之家 
2027850, 7.4, 47,  西望长安 
25812256, 7.8, 35,  南方的诗学 
5298344, 8.5, 23,  中国布衣 
26681350, 7.1, 56,  神圣家族 
1186661, 7.7, 35,  人之窝 
26851548, 7.7, 32,  朝霞 
6529676, 8.1, 25,  当代文学的“历史化” 
26797702, 6.5, 87,  独药师 
2060640, 8.3, 22,  潜在写作 
21345926, 8.4, 20,  感伤时代的文学 
26927492, 8.7, 16,  追随他的记忆 
2978217, 8.0, 23,  有话好好说 
2040844, 7.2, 39,  乾清门内 
1065263, 7.1, 41,  逆水女人:世纪贼王张子强之妻罗艳芳自述 
26690458, 8.1, 20,  日熄 
26944997, 9.8, 10,  我的决胜21点 
4065256, 8.0, 20,  哈金诗选 
26820293, 7.8, 19,  龙楼雀 
6756114, 8.1, 16,  忧国 
25903874, 7.8, 18,  杨绛全集 
26695660, 7.4, 22,  潮起潮落：新中国文坛沉思录 
26612811, 7.6, 16,  极品笨妖怪2-神秘原野 
25746682, 7.7, 13,  落在纸上的雪 
26742681, 7.7, 11,  新世纪第一个十年小说研究 
26795190, 4.7, 220,  春盏 
26312987, 7.4, 10,  众妙之门 
