Tag: 德国 
The number of books: 280 

ID, Rating, Votes, Title
1043008, 8.9, 27844, 格林童话全集 
1002898, 9.1, 15607, 父与子全集 
1004699, 8.9, 4440, 作为意志和表象的世界 
1063852, 8.8, 3583, 悲剧的诞生 
1216737, 8.9, 2780, 纯粹理性批判 
1460340, 8.9, 2205, 人性的，太人性的 
1417878, 8.5, 3163, 里尔克诗选 
1192706, 9.1, 1232, 大盗贼 
1125731, 8.8, 1645, 第三帝国的兴亡（上中下） 
2254615, 8.9, 1470, 西线无战事 
1042434, 8.0, 4784, 安妮日记 
1008459, 9.0, 1195, 毛毛 
1116338, 9.1, 1058, 叔本华论说文集 
1034259, 8.5, 2058, 小逻辑 
1462523, 9.2, 904, 生命的肖像 
1486658, 9.2, 828, 奥菲利娅的影子剧院 
4621099, 8.3, 2170, 死于威尼斯 
1220559, 8.7, 1318, 胡桃夹子 
1027085, 8.3, 1838, 叔本华人生哲学 
1251839, 8.6, 1246, 权力意志 
1021702, 8.6, 1051, 偶像的黄昏 
2257333, 9.2, 560, 松鼠先生和月亮 
1223897, 9.1, 562, 实践理性批判 
1060489, 8.7, 743, 驼背小人 
5376976, 8.7, 749, 德意志的另一行泪 
5299919, 8.6, 760, 国王鞠躬，国王杀人 
1915375, 8.8, 621, 西方的没落（全二卷） 
2042511, 8.5, 816, 第五个 
2004426, 8.8, 581, 叔本华文集：悲观论集卷 
1081197, 8.7, 643, 歌德谈话录 
1048672, 8.0, 1425, 尼采生存哲学 
1949782, 8.7, 613, 快乐的科学 
1245533, 8.6, 680, 论优美感和崇高感 
2382544, 8.7, 607, 园圃之乐 
3055691, 8.2, 1056, 威尼斯之死 
1012380, 8.8, 516, 精神现象学（上卷） 
1455362, 9.3, 323, 历史理性批判文集 
1315172, 9.1, 385, 道德形而上学原理 
2159604, 8.2, 931, 寻访行家 
1205388, 8.5, 661, 茵梦湖 
10875996, 8.9, 435, 朝圣者之歌 
3867627, 9.3, 307, 松鼠先生和第一场雪 
1731081, 9.1, 336, 叔本华论道德与自由 
10537645, 8.4, 661, 岛屿书 
1958791, 9.1, 324, 朝霞 
1784921, 8.9, 390, 论道德的谱系 
2382542, 9.2, 295, 毕希纳全集 
1074364, 8.9, 361, 哲学史讲演录(第一卷) 
2050776, 8.7, 430, 凯旋门 
1031293, 8.9, 350, 荷尔德林文集 
1310760, 8.2, 706, 塔楼之诗 
1444141, 9.1, 276, 演讲与论文集 
1035562, 8.6, 429, 在通向语言的途中 
23788376, 9.0, 290, 门将之死 
1002562, 8.7, 387, 论道德的谱系 善恶之彼岸 
4139701, 8.2, 653, 杜伊诺哀歌 
1811507, 8.6, 415, 历史哲学 
4067659, 8.0, 790, 德语课 
1165637, 8.5, 456, 特拉克尔诗集 
1949061, 8.6, 400, 不合时宜的沉思 
10546119, 8.3, 524, 弯曲的脊梁 
10473352, 8.9, 287, 浮士德博士 
1024677, 8.2, 571, 上帝死了 
4232373, 8.1, 641, 幸福 
1760082, 9.1, 230, 丹东之死 
6127332, 9.1, 226, 肚子里有个火车站 
5350834, 8.8, 291, 尼伯龙根的指环 
1005360, 8.7, 319, 面向思的事情 
3169416, 8.8, 283, 黑塞画传 
1096240, 8.2, 496, 机械复制时代的艺术作品 
1442791, 8.8, 275, 我和小姐姐克拉拉 
1275842, 9.0, 228, 充足理由律的四重根 
1312942, 8.6, 327, 隆美尔战时文件 
5264480, 8.2, 464, 呼吸秋千 
1019945, 8.2, 465, 拉贝日记 
2134572, 7.8, 728, 夏屋，以后 
6127333, 9.1, 199, 牙齿大街的新鲜事 
2283665, 9.2, 172, 来自德国的大师 
2074254, 7.9, 596, 挖鼻孔真好玩 
2050878, 8.7, 262, 爸爸、妈妈、我和她 
3583331, 8.6, 281, 布登勃洛克一家 
19967328, 8.5, 311, 漂泊的灵魂 
4729341, 8.7, 257, 梦中的塞巴斯蒂安 
5394500, 7.8, 636, 幸福，在幸福远去的时代 
1521371, 8.6, 272, 德国景观设计（全两册） 
10485841, 8.8, 223, 作为教育家的叔本华 
3037075, 8.3, 357, 瞧
4105424, 7.8, 592, 恋爱中的男人 
25782292, 8.7, 231, 巫魔师 
1812687, 8.4, 303, 电影的本性 
6527144, 8.8, 206, 狱中书简 
10875994, 8.2, 364, 温泉疗养客 
2165045, 8.4, 289, 婚约 
1479703, 9.2, 143, 赫尔曼·黑塞小说散文选 
4841504, 8.7, 215, 与孤独为伍 
1034274, 9.2, 144, 5月35日 
1027384, 9.2, 141, 海德格尔选集（上下） 
1315175, 8.7, 210, 实用人类学 
3244055, 7.9, 447, 群 
1007886, 8.7, 204, 游戏中的科学 
25870783, 9.1, 146, 荣耀与丑闻 
5264477, 8.0, 398, 心兽 
1214171, 8.1, 353, 阴谋与爱情 
1888070, 8.3, 293, 尼采诗集 
20260181, 7.8, 468, 罪责 
4859499, 8.7, 190, 月之花 
1075836, 7.0, 1342, 一口气读完世界历史 
1315237, 8.5, 209, 永久和平论 
26647781, 8.8, 159, 从俾斯麦到希特勒 
1768046, 8.5, 205, 从黑格尔到尼采 
5333443, 8.4, 222, 抽象与移情 
23780616, 8.7, 169, 一个悲观主义者的积极思考 
1264138, 9.0, 133, 德国民法总论 
2000789, 8.1, 291, 里芬施塔尔回忆录 
1061780, 8.1, 290, 六人 
4836690, 7.4, 616, 十三封自杀告别信 
1444079, 9.3, 101, 席勒文集（全六卷） 
6784956, 8.1, 269, 四川好人 
1398181, 8.9, 132, 法哲学 
1552060, 9.2, 103, 摹仿论 
4173412, 8.3, 210, 德国历史中的文化诱惑 
4202381, 9.0, 116, 逻辑学讲义 
19974112, 8.7, 143, 魂斷威尼斯 
4734056, 8.1, 244, 词语破碎之处 
1055629, 8.3, 196, 德国悲剧的起源 
2131594, 9.2, 96, 布莱希特戏剧集（全三册） 
1123098, 8.5, 165, 布莱希特论戏剧 
26861418, 9.1, 101, 奥斯维辛 
1426482, 8.5, 161, 纳粹德国（上下册） 
2677507, 8.9, 117, 善与恶的彼岸 
1042765, 8.6, 144, 金钱、性别、现代生活风格 
2346568, 8.9, 112, 大革命与诗化小说 
1779818, 8.6, 142, 现代戏剧理论 
10594777, 7.8, 297, 蚂蚁的眼泪 
5363500, 7.7, 332, 柏林风格小屋 
1136453, 8.6, 138, 论学者的使命 人的使命 
5326144, 8.8, 117, 后戏剧剧场 
1490598, 7.8, 288, 尼伯龙根之歌 
25736477, 9.1, 93, 德意志文学简史 
1534948, 8.9, 107, 隐面人 
11540911, 8.5, 147, 那些拯救我们的人 
3275016, 7.5, 390, 忧郁星期天 
3057481, 7.5, 384, 猫与鼠 
1059717, 9.1, 90, 论德国宗教和哲学的历史 
3025632, 7.9, 243, 德国，一个冬天的童话 
2994232, 8.6, 130, 德国新媒体插画教程1 
2056790, 8.8, 109, 布莱希特戏剧选（共两册） 
1644956, 8.5, 138, 尼贝龙根之歌 
6784955, 8.3, 158, 伽利略传 
10748231, 9.3, 76, 哲学论稿 
5936256, 7.9, 232, 希特勒的民族帝国 
1963579, 8.1, 191, 柏林日记 
10518812, 9.1, 86, 松鼠先生找幸福 
1824389, 8.3, 155, 宫廷文化 
6012778, 8.0, 206, 纳粹与理发师 
25697240, 8.2, 172, 生命的思索：史怀哲自传 
26362202, 8.3, 146, 破案后 
1082930, 8.2, 158, 德军总参谋部 
1279284, 8.7, 105, 浪漫派 
1074192, 9.2, 74, 米切尔. 恩德作品集 
1770311, 8.7, 104, 莱尼和他们 
4912683, 8.0, 185, 极权制造 
2244595, 8.5, 120, 克莱斯特作品精选 
1059588, 7.6, 277, 德国通史 
3807118, 8.6, 108, 荷尔德林后期诗歌（上中下） 
4814377, 9.0, 81, 同一与差异 
6784101, 7.9, 201, 十个人的德意志 
1813839, 8.5, 117, 世界历史与救赎历史 
4742975, 8.8, 92, 法兰克福学派 
10774937, 8.6, 105, 拉斯克-许勒诗选 
4882022, 9.1, 74, 马克斯·韦伯社会学文集 
5606376, 7.4, 327, 物理属于相爱的人 
1983155, 7.8, 201, 德国人 
20481425, 8.4, 117, 东进（套装共2册） 
3136257, 8.2, 137, 柏林，亚历山大广场 
25710178, 8.4, 113, 情感堵塞 
6429635, 7.7, 209, 克利与他的教学笔记 
1987339, 7.6, 229, 爱的怯懦 
25804656, 7.5, 248, 1913 
1185730, 8.2, 126, 海德格尔存在哲学 
19967333, 8.6, 93, 美丽的青春 
25948965, 8.6, 91, 特拉克尔全集 
5921812, 7.4, 276, 记忆碎片 
2157277, 8.3, 113, 莱辛剧作七种 
4276351, 8.0, 142, O侯爵夫人 
3063118, 8.1, 130, 我的世纪 
25805715, 8.3, 108, 柏林1961 
1074789, 8.7, 81, 先验唯心论体系 
1945505, 7.9, 152, 美狄亚 声音 
10589329, 8.3, 105, 多难而伟大的十九世纪 
25751861, 7.3, 277, 德国式家居收纳术 
25725197, 9.0, 62, 合法性与正当性 
2568280, 7.2, 291, 希特勒万岁，猪死了！ 
19967341, 7.8, 150, 东方之旅 
25794332, 8.1, 113, 反社会的人 
19971138, 8.8, 66, 泥泞中的老虎 
1270863, 7.9, 132, 哥特形式论 
1915690, 8.7, 70, 雄猫穆尔的生活观 
3397116, 8.3, 91, 纳粹上台前后我的生活回忆 
6784954, 7.8, 139, 大胆妈妈和她的孩子们 
25728153, 8.0, 114, 民主德国的秘密读者 
2026930, 8.9, 58, 悲剧的超越 
4074708, 8.2, 93, 巴黎的学习岁月 
24699319, 9.4, 42, 哲学史讲演录（新校重排本） 
26804200, 8.7, 61, 希姆莱兄弟 
10774935, 8.3, 81, 诺瓦利斯作品选集 
26611925, 7.8, 119, 咖喱香肠的诞生 
3413773, 7.5, 159, 士兵如何修理留声机 
1076404, 7.9, 108, 德国哲学十论 
26209335, 9.1, 45, 月亮熊 
4224723, 8.3, 75, 一个德国人的故事 
1805523, 9.2, 41, 近代私法史（上下册） 
1659070, 8.6, 59, 小丑之见 
25803880, 7.7, 111, 黑塞诗选 
1009832, 7.9, 92, 格言集 
1900230, 8.8, 47, 黑色方尖碑 
10505843, 7.6, 116, 默哀时刻 
3344647, 8.7, 49, 智者纳坦（研究版） 
1154562, 8.3, 61, 惊马奔逃 
4276377, 7.9, 82, 施特恩巴尔德的游历 
26397584, 7.7, 91, 单向街 
10473369, 8.2, 61, 爱这个世界 
1259309, 9.2, 33, 当代哲学主流（下卷） 
3629814, 8.0, 69, 德意志帝国 
6535816, 7.9, 73, 永远活在希特勒阴影下吗？ 
25881177, 8.6, 44, 技术世界中的民间文化 
1907689, 8.1, 62, 里斯本之夜 
10519380, 7.5, 100, 德国人会死绝？ 
1030869, 8.1, 60, 一个热爱艺术的修士的内心倾诉 
26761467, 8.6, 40, 在绿荫天使的羽翼下 
25751865, 7.0, 149, 德国式厨房规则 
7163020, 7.6, 83, 德国史 
1062043, 7.8, 69, 批评家之死 
1665386, 8.5, 42, 德语高级写作 
21371526, 8.9, 32, 法学导论 
2324879, 8.0, 57, 世界主义与民族国家 
3865980, 8.3, 46, 决定时刻 
5350232, 8.0, 57, Parvenüs und Profiteure. Korruption in der NS-Zeit 
1905729, 8.2, 48, 音乐美学观念史引论 
10576528, 7.8, 64, 冰雪紀行 
1945509, 8.8, 33, 哲学的主要问题 
3916156, 8.6, 36, 历史主义的兴起 
1321317, 9.3, 25, 德国刑法学总论（第1卷） 
26862170, 7.9, 57, 冰雪纪行 
4913793, 8.8, 31, 浪漫派的将来之神 
26418235, 7.5, 73, 德意志之魂 
2345233, 7.8, 58, 布莱希特诗选 
4113960, 7.1, 105, 德国史 
6194577, 9.2, 24, 乌尔姆设计 
19897857, 8.4, 35, 神话研究（上） 
5985163, 8.4, 35, 中国现代性与德意志文化 
25865026, 7.5, 66, 希特勒回來了 
24883769, 8.0, 45, 万物有灵 
1241746, 8.7, 28, 一个无用人的生涯 
24862257, 8.4, 32, 希特勒传 
10521374, 8.2, 36, 历史科学基本概念辞典 
25853747, 8.4, 30, 希特勒与德国人 
26574812, 8.5, 28, 布鲁门贝格 
26662118, 8.5, 28, 比空气轻 
10809025, 8.0, 36, 人类的曙光 
26602615, 7.4, 54, 梦游者 
25876946, 7.6, 42, 第十三章 
2337483, 7.8, 36, 戈培尔日记 
2008832, 8.0, 30, Goodbye to Berlin 
26800348, 7.2, 54, 十二月 
26593737, 8.1, 26, 回形针行动 
24738734, 8.9, 17, 叙事和图画 
26276885, 8.3, 22, 书籍的世界 
26338007, 7.8, 27, 佛罗伦萨之夜 
26022681, 7.8, 27, 艺术想怎样？ 
25943580, 7.2, 40, 全球热恋 
26383139, 7.2, 31, 屋顶上的一架飞机 
26330005, 6.7, 45, 不中用的狗 
25720722, 7.8, 20, 威利的疑问 
26836487, 7.4, 17, 李希霍芬中国旅行日记 
26334688, 8.2, 11, 地方法院 
26272567, 7.6, 12, 非自由主义的失败 
26577097, 7.4, 13, 此前发生的事 
26706614, 7.6, 10, 德意志的乡愁 
26826909, 7.4, 10, 海德格尔与妻书 
