Tag: 心理 
The number of books: 880 

ID, Rating, Votes, Title
4242172, 8.3, 84370,  天才在左 疯子在右 
1775691, 8.3, 51805,  少有人走的路 
1786387, 8.6, 22060,  影响力 
2340100, 8.1, 52187,  遇见未知的自己 
3026879, 8.8, 13269,  爱的艺术 
1012611, 8.3, 29455,  乌合之众 
1476651, 9.0, 9355,  社会心理学 
1032501, 8.7, 11246,  心理学与生活 
1056295, 8.3, 18805,  人性的弱点全集 
3057556, 9.0, 5449,  狂热分子 
4953695, 8.0, 24654,  拆掉思维里的墙 
10786473, 8.2, 16520,  自控力 
1022632, 8.7, 7466,  罪与罚 
2328458, 9.1, 3920,  社会性动物 
1442869, 8.9, 4846,  献给阿尔吉侬的花束 
3158482, 8.9, 4370,  新世界 
4180711, 8.2, 11341,  拖延心理学 
3223711, 8.1, 12486,  怪诞行为学 
1761759, 8.9, 3128,  超越死亡 
4071842, 8.6, 4438,  路西法效应 
1038292, 8.6, 4408,  精神分析引论 
26371317, 8.2, 7836,  24个比利 
1504957, 8.6, 4371,  学会提问 
3413836, 8.4, 5680,  当下的力量 
6952036, 9.2, 1989,  对伪心理学说不 
1201821, 8.0, 10486,  梦的解析 
1534951, 8.9, 2715,  逃避自由 
3533221, 8.5, 4355,  非暴力沟通 
2033081, 8.2, 6399,  身份的焦虑 
2143904, 8.9, 2335,  进化心理学 
10747883, 8.0, 8087,  怦然心动的人生整理魔法 
1147347, 8.8, 2455,  改变心理学的40项研究 
5940553, 8.8, 2373,  当尼采哭泣 
10785583, 8.2, 5346,  思考，快与慢 
3266968, 7.3, 26284,  秘密 
3143537, 9.3, 1276,  津巴多普通心理学 
3688489, 7.8, 9615,  异类 
1437973, 8.7, 2334,  亲密关系 
2275635, 8.9, 1738,  如何说孩子才会听，怎么听孩子才肯说 
3033690, 8.0, 5706,  24重人格 
1874488, 8.1, 4793,  别做正常的傻瓜 
1223845, 7.6, 10883,  男人来自火星 女人来自金星 
3800022, 8.2, 4104,  活出全新的自己 
2080764, 8.3, 3347,  为何家会伤人 
1444900, 8.7, 1865,  爱的五种语言 
26275861, 8.6, 2084,  沟通的艺术（插图修订第14版） 
1193621, 8.5, 2369,  决策与判断 
3908032, 7.3, 16126,  怪诞心理学 
7058059, 8.0, 4723,  我们心中的怕和爱 
3123393, 7.6, 9164,  遇见心想事成的自己 
10546850, 8.9, 1408,  内在的天空 
3059083, 9.0, 1263,  LIAR.GAMEⅠ 
1135734, 8.6, 1976,  追寻生命的意义 
3032690, 9.3, 900,  被人遗忘的人：中国精神病人生存状况 
25782902, 8.3, 2798,  反脆弱 
1288844, 8.2, 3183,  设计心理学 
2376506, 8.8, 1483,  生命的轨迹 
20507212, 8.0, 3992,  习惯的力量 
1035517, 7.6, 7677,  男人这东西 
1274469, 8.4, 2251,  自杀论 
26761696, 7.8, 5155,  精进 
1927902, 7.6, 7194,  九型人格 
5975576, 7.7, 6045,  冷浪漫 
20492550, 7.8, 5092,  清醒思考的艺术 
2372450, 8.6, 1628,  改变，从心开始 
1178089, 9.0, 1033,  给心理治疗师的礼物 
3035600, 8.5, 1842,  心灵的七种兵器 
3622904, 7.3, 11953,  不抱怨的世界 
1258513, 8.5, 1843,  爱与寂寞 
10563555, 8.9, 1076,  恐惧 
3900987, 7.7, 5361,  引爆点 
20270670, 8.3, 2213,  为何爱会伤人 
1105890, 8.2, 2549,  生命的重建 
3318174, 8.3, 2200,  这书能让你戒烟 
5253757, 7.9, 3885,  怪诞行为学2 
24875416, 8.3, 2175,  生命最后的读书会 
2026939, 7.4, 8755,  女心理师（上） 
3671442, 8.5, 1644,  修炼当下的力量 
4809796, 8.2, 2430,  韩国漫画血型书 
2116916, 8.8, 1139,  动机与人格 
2307720, 8.2, 2342,  幸福的方法 
1944205, 8.9, 969,  追寻记忆的痕迹 
10539126, 8.5, 1491,  社会动物 
1067049, 8.8, 1032,  孩子，把你的手给我 
1006614, 8.7, 1155,  我们内心的冲突 
3786755, 7.2, 10771,  每天懂一点色彩心理学 
1313174, 8.5, 1399,  荣格自传 
6792322, 8.6, 1251,  认知与设计 
1316093, 8.3, 1805,  超越自卑 
1051097, 8.7, 1098,  我们时代的神经症人格 
3035606, 8.5, 1376,  七个心理寓言 
2125973, 9.3, 585,  心理学导论 
1788302, 8.5, 1357,  重塑心灵 
10773358, 8.1, 2242,  意志力 
2980795, 7.7, 4044,  内向者优势 
3224456, 7.7, 3961,  少有人走的路Ⅱ 
2282946, 7.8, 3388,  直面内心的恐惧 
1429566, 8.4, 1466,  变态心理学（第9版） 
1476003, 8.8, 915,  　　者1 
3684193, 8.9, 820,  叔本华的治疗 
2070807, 8.5, 1227,  懂得爱 
1911687, 7.4, 5806,  厚黑学 
2241168, 8.4, 1328,  内在的探索 
1437488, 9.2, 552,  群魔 
1132110, 8.4, 1302,  谁在我家 
25858916, 8.3, 1390,  感谢自己的不完美 
6052834, 8.2, 1584,  亲密关系 
1314262, 8.0, 2087,  情感化设计 
26369699, 8.5, 1085,  被讨厌的勇气 
4836697, 8.3, 1376,  看见真相的男孩 
1965977, 7.4, 5093,  我的抑郁症 
1083030, 9.0, 625,  双重人格 地下室手记 
6966843, 7.8, 2641,  重遇未知的自己 
1069754, 8.2, 1521,  红处方 
3116096, 8.4, 1168,  象与骑象人 
1018360, 8.6, 936,  性心理学 
1024279, 8.0, 1979,  普通心理学 
4934733, 8.3, 1314,  真实的幸福 
19949881, 8.8, 735,  绝非偶然 
1936756, 8.6, 922,  诊疗椅上的谎言 
1256282, 8.5, 1021,  心灵自由之路 
4149893, 7.0, 10193,  每天懂一点好玩心理学 
5337231, 8.2, 1461,  我爱问连岳Ⅳ 
3389960, 8.0, 1845,  自卑与超越 
20475794, 8.1, 1620,  身体知道答案 
1218321, 9.1, 520,  个人形成论 
3298988, 8.5, 973,  直视骄阳 
1081971, 8.0, 1840,  拯救乳房 
2347737, 8.1, 1568,  深夜加油站遇见苏格拉底 
26304087, 9.2, 456,  孩子：挑战 
22994632, 9.0, 549,  成功，动机与目标 
4932095, 7.6, 3120,  好好爱自己 
1038977, 8.6, 815,  谈判是什么 
1857295, 9.0, 531,  荣格心理学入门 
3005066, 8.1, 1446,  在爱中修行 
3690451, 8.3, 1110,  我遗失了时间 
3277343, 8.1, 1434,  生命四元素 
3420606, 8.7, 703,  正面管教 
1227966, 7.8, 2123,  你的第一本哲学书 
5248376, 8.6, 762,  一味 
3712855, 8.3, 1085,  为何越爱越孤独 
1220789, 8.1, 1385,  爱上双人舞 
10773362, 8.2, 1201,  随机漫步的傻瓜 
24722609, 7.6, 2737,  催眠师手记 
1507437, 8.4, 933,  人格裂变的姑娘 
2328178, 9.0, 487,  态度改变与社会影响 
3432953, 8.9, 528,  爱情刽子手 
1047205, 8.2, 1142,  性学三论・爱情心理学 
3642050, 8.3, 1014,  宽恕就是爱 
11601993, 8.1, 1266,  安静 
3171735, 9.3, 359,  行为科学统计 
4742971, 7.9, 1627,  错把妻子当帽子 
4892883, 8.5, 772,  爱是一切的答案 
4053315, 8.3, 958,  一念之转 
1310112, 8.3, 960,  诫律 
6725495, 7.6, 2465,  必须犯规的游戏 
1931769, 9.1, 390,  心理学 
4929897, 7.8, 1696,  情商：为什么情商比智商更重要 
4934590, 8.5, 706,  活出最乐观的自己 
3005076, 8.7, 563,  再活一次 
1930235, 9.0, 421,  社会心理学 
1918220, 8.4, 769,  性与性格 
5980113, 8.8, 496,  伯恩斯新情绪疗法 
1101447, 7.7, 1838,  不要用爱控制我 
19963287, 9.0, 410,  诸神的面具 
3759379, 9.1, 372,  父母效能训练手册 
3597938, 7.4, 2917,  A型人说明书 &amp; B型人说明书 
6157548, 7.6, 2061,  房间里的大象 
22993829, 7.7, 1766,  我们这儿是精神病院 
2113347, 8.6, 593,  卡耐基经典全集 
1187550, 8.1, 1019,  人格心理学 
2241170, 8.6, 582,  自我的真相 
4710580, 8.7, 521,  智慧的觉醒 
3006742, 8.5, 636,  改变 
3321968, 7.7, 1692,  说谎 
2344105, 8.1, 978,  把妹　人之　男方法 
24839553, 7.3, 3088,  拖拉一点也无妨 
1007667, 8.2, 868,  心理学的故事 
3582354, 8.0, 1108,  找回你的生命礼物 
1065003, 8.5, 609,  中毒的父母 
2285530, 9.1, 342,  弗洛伊德及其后继者 
4165838, 8.0, 1092,  接纳不完美的自己 
1327007, 8.6, 551,  悲剧心理学 
3265827, 8.9, 403,  人的自我寻求 
4816212, 7.4, 2473,  真希望我20几岁就知道的事 
1764940, 8.3, 726,  爱是一种选择 
2340059, 7.6, 1805,  心理控制术 
24721654, 8.8, 424,  红书 
20437599, 8.0, 1023,  自杀 
3016336, 8.5, 571,  我们为什么不说话 
3149514, 8.0, 1016,  战胜拖拉 
2173025, 7.5, 2054,  放下。爱 
1184872, 8.4, 632,  捕捉儿童敏感期 
24878420, 7.8, 1265,  明智行动的艺术 
1002815, 7.7, 1470,  登天的感觉 
4216680, 9.0, 333,  心理类型 
3654465, 7.7, 1441,  少有人走的路III 
6125682, 7.5, 1921,  力量 
4254672, 7.6, 1647,  不抱怨的世界2 
3784639, 8.6, 489,  超越时空 
26807400, 8.9, 361,  成功心理学 
4263247, 8.4, 587,  为什么大猩猩比专家高明 
25752046, 8.1, 828,  心如钢铁地追求幸福 
5336008, 8.3, 640,  瞬变 
1053204, 7.7, 1363,  弗洛伊德心理哲学 
26178426, 7.6, 1555,  稀缺 
2893591, 8.5, 518,  King
26923390, 9.0, 315,  长夜难明 
6773583, 9.0, 313,  意识光谱 
25982794, 7.1, 3402,  世界上所有童话都是写给大人看的 
1450606, 8.3, 627,  爱的序位 
2141865, 8.5, 509,  家庭会伤人 
6797700, 8.4, 560,  自我与本我 
1829139, 7.2, 2826,  “色”眼识人 
6859959, 9.0, 305,  健全的社会 
1214804, 8.6, 448,  未发现的自我 
4726852, 8.5, 491,  正念的奇迹 
26390426, 8.3, 596,  比利战争 
3236762, 9.0, 300,  事事本无碍 
1879497, 8.5, 485,  新家庭如何塑造人 
26434548, 8.0, 847,  别和她说话 
1292428, 8.6, 440,  神经症与人的成长 
3004272, 8.3, 599,  天资差异 
1477442, 9.0, 291,  为自己的人 
10545691, 7.9, 921,  好好修养爱 
2183559, 8.6, 416,  发展心理学 
4864832, 9.4, 203,  为什么学生不喜欢上学? 
1193622, 8.2, 623,  自我 
3823020, 8.8, 337,  性、生态、灵性 
6890201, 7.1, 2923,  我知道你不知道的自己在想什么 
1006005, 8.5, 453,  过犹不及 
1141543, 7.8, 1013,  金融心理学 
4249313, 7.7, 1164,  活在当下 
26183848, 7.3, 2045,  完美关系的秘密 
5356341, 8.0, 778,  男人来自火星，女人来自金星2 
24753186, 7.3, 2038,  邪恶催眠师 
1913947, 8.3, 541,  万物简史 
1950407, 9.0, 270,  客体关系心理治疗 
3276681, 7.7, 1094,  他其实没那么喜欢你 
2382924, 8.1, 664,  色彩的性格 
1491590, 8.0, 746,  人性的优点 
4258808, 8.3, 535,  还我本来面目 
10747362, 7.9, 840,  活出全新的自己 
2970296, 8.1, 643,  情绪的解析 
4275052, 8.1, 643,  九型人格 
11509401, 6.9, 3767,  正能量 
1065750, 8.2, 578,  我是谁 
4062809, 8.6, 369,  改善情绪的正念疗法 
4151190, 8.2, 567,  完美的爱，不完美的关系 
5906066, 8.2, 565,  请理解我 
4843911, 7.1, 2563,  魔鬼搭讪学 
1173442, 8.9, 280,  精神分析案例解析 
4821765, 8.0, 706,  火星上的人类学家 
3622446, 6.9, 3544,  FBI教你破解身体语言 
26319527, 8.1, 614,  性学三论 
5361804, 8.5, 397,  焦虑的意义 
2082044, 8.1, 612,  金赛性学报告 
26605978, 8.4, 429,  超越智商 
6957796, 8.4, 434,  爱得太多的女人 
1008949, 9.1, 224,  分裂的自我 
6065757, 7.2, 2009,  FBI心理分析术 
6858459, 8.1, 585,  当下的力量Ⅱ 
6515939, 6.8, 3957,  世界如此险恶，你要内心强大 
1829801, 8.2, 508,  忧郁 
1775895, 8.5, 366,  心的出路 
2984241, 8.6, 324,  思维改变生活 
23708491, 7.7, 896,  设计师要懂心理学 
4010184, 7.4, 1354,  本能 
2072469, 8.0, 610,  死亡回忆 
1039222, 7.8, 786,  荣格性格哲学 
6712304, 7.3, 1562,  怪诞心理学2 
1257434, 7.9, 694,  马斯洛人本哲学 
4246667, 7.6, 986,  粘住 
4062735, 8.5, 352,  对生命说是 
3875750, 7.8, 765,  完美伴侣 
4159343, 7.7, 879,  潜意识的力量 
5937126, 9.2, 191,  认知神经科学 
2244869, 7.4, 1298,  瞬　　得信任的冷　　 
4032570, 8.5, 348,  进化的大脑 
1315575, 8.3, 418,  找寻逝去的自我 
5999507, 8.4, 380,  妈妈及生命的意义 
26260187, 7.8, 741,  零秒思考 
1315234, 8.1, 522,  图腾与禁忌 
3248660, 8.3, 407,  语言的魔力 
10809021, 8.5, 337,  学生托乐思的迷惘 
1475128, 8.8, 251,  人的潜能和价值 
2848329, 9.1, 194,  Making up the Mind 
1067830, 8.9, 229,  人对抗自己 
1964884, 7.4, 1224,  为什么幸运的人总幸运倒霉的人老倒霉 
4920383, 7.4, 1211,  这辈子，只能这样吗？ 
26808809, 8.6, 295,  当我遇见一个人 
25697495, 8.7, 269,  情感依附 
5910460, 7.5, 1024,  看不见的大猩猩 
1778062, 8.9, 228,  荣格文集 
26663916, 8.2, 442,  沟通圣经 
26712787, 8.2, 434,  可爱的诅咒 
1443662, 9.2, 175,  拒斥死亡 
4137809, 7.8, 678,  让大脑自由 
4265573, 8.1, 484,  赌客信条 
1023775, 8.6, 293,  不正常的人 
1879344, 8.8, 242,  精神分析与宗教 
26910673, 7.3, 1313,  巨婴国 
4309584, 8.6, 284,  孩子的宇宙 
3822285, 8.7, 263,  自我导向行为 
5976544, 8.1, 471,  交易心理分析 
25867785, 8.8, 239,  正义之心 
20434393, 8.0, 534,  销售无处不在 
1428482, 8.6, 286,  心理神探 
3771081, 7.6, 872,  为什么男人爱说谎 女人爱哭 
3755086, 8.8, 237,  发展心理学-儿童与青少年-第八版 
26594509, 8.3, 377,  别和她说话2：X的现身 
25753360, 7.2, 1517,  本色 
2327264, 8.5, 311,  日益亲近 
2303128, 8.5, 311,  简析荣格 
1734002, 8.0, 520,  你不知道的自己 
2144124, 7.8, 649,  日本人的传说与心灵 
1037056, 8.3, 367,  唤起心中的巨人 
26275063, 8.6, 274,  活得明白 
1162945, 8.6, 271,  弗洛伊德文集（全8册） 
1974521, 8.7, 250,  变态心理学与心理治疗 
3796598, 8.6, 267,  爱情与工作的每日禅 
4330526, 8.4, 322,  幻想即现实 
25913619, 7.9, 538,  理性动物 
5916004, 8.5, 291,  欲望的演化 
10571219, 8.2, 388,  必要的丧失 
6759296, 7.9, 547,  五岁时，我杀了我自己 
1324893, 8.1, 429,  犯罪心理画像 
2145946, 8.4, 315,  萨提亚家庭治疗模式 
21764541, 8.7, 238,  爱的五种能力 
1331882, 9.3, 147,  存在心理治　（上） 
1476458, 8.5, 285,  自我实现的人 
23780851, 8.4, 315,  金刚经修心课 
5301484, 8.2, 383,  不一样的恋爱心理学 
26805083, 9.5, 125,  心理治疗之路 
3712854, 7.8, 588,  梦知道答案 
21329705, 8.5, 281,  灵性开悟不是你想的那样 
3405756, 7.9, 524,  生活的暗面 
6507262, 7.5, 842,  如何让你爱的人爱上你 
1053711, 8.4, 301,  自我分析 
5246820, 7.5, 838,  津巴多时间心理学 
10761494, 7.4, 970,  女心理师 
3613841, 8.1, 402,  自信的秘密 
3772058, 7.5, 826,  吸引力法则 
1316723, 8.4, 296,  日常生活的精神病理学 
7916282, 8.0, 448,  汉尼拔崛起 
1862776, 8.0, 454,  心理学改变生活 
2252637, 8.0, 443,  诱惑的艺术 
3422625, 8.5, 266,  幸福的真意 
1020427, 8.6, 244,  爱与意志 
4087655, 7.9, 493,  注意力曲线 
5417235, 7.9, 487,  失败的逻辑 
4159753, 9.3, 136,  Your Brain at Work 
2125536, 8.5, 260,  懂得生命 
4262114, 6.8, 2363,  女人这东西 
26852595, 9.7, 102,  解梦大师 
10484712, 7.7, 610,  驱动力 
1931681, 8.9, 182,  罗杰斯著作精粹 
6714584, 8.2, 345,  轮回 
26293066, 7.7, 595,  你是一切的答案 
3123690, 7.9, 464,  旷野无人 
3324610, 7.4, 870,  摇摆 
1969445, 8.5, 253,  卡耐基经典励志全集 
20477116, 9.0, 163,  对权威的服从 
25839107, 7.4, 858,  魔鬼约会学 
1443869, 8.5, 250,  人类的性存在 
6510688, 8.0, 405,  看见成长的自己 
1444770, 7.7, 566,  男人约会往北，女人约会往南 
1064649, 8.8, 184,  分析心理学的理论与实践 
2239428, 7.5, 722,  职场和恋爱中的九型人格 
4087584, 7.4, 804,  害羞心理学 
3662227, 8.4, 258,  私密的神话 
5990487, 7.2, 1075,  我的自闭症男友 
1799255, 8.5, 238,  精神分析入门 
1970825, 8.3, 286,  自杀与美好生活 
7054138, 7.3, 906,  洗脑术 
6851587, 8.3, 280,  神话的力量 
25763679, 9.0, 151,  不确定世界的理性选择 
11442509, 8.4, 249,  读懂恋人心 
20414886, 9.3, 120,  让孩子心悦诚服 
3717178, 7.0, 1399,  错觉 
1076574, 8.4, 253,  激发无限的潜力 
3094686, 7.6, 590,  　座　　桑　　　 
1132712, 7.6, 585,  NLP简快心理疗法 
1393623, 8.3, 270,  实验心理学 
1440592, 7.9, 413,  用脑拿订单 
26590889, 8.3, 268,  情绪急救:应对各种日常心理伤害的策略和方法 
26606002, 7.8, 448,  恰如其分的自尊 
4832469, 7.8, 456,  第五位莎莉 
1470118, 8.9, 157,  大众行为与公园设计 
4199618, 8.2, 294,  做梦的艺术 
1836957, 8.4, 238,  痊愈的本能 
1266211, 9.1, 133,  论意识操纵（上下） 
26869695, 9.0, 142,  棕色的世界 
25920297, 7.7, 486,  丘吉尔的黑狗 
1784676, 8.9, 153,  占有还是生存 
3681639, 8.2, 286,  正念 
4934611, 7.2, 939,  九型人格心灵密码学 
4194978, 8.6, 192,  完整的成长 
26603828, 8.1, 301,  我们与生俱来的七情 
3601801, 8.7, 173,  变态心理学 
1053405, 8.9, 146,  人类的破坏性剖析 
3695857, 8.0, 329,  我与躁郁症共处的30年 
3030535, 7.8, 412,  自我训练 
3540367, 8.4, 224,  印象洗脑术 
20472028, 7.9, 371,  我们为何如此不安 
1908685, 8.1, 291,  精神焦虑症的自救（病理分析卷） 
24845389, 7.7, 456,  潜意识 
26324187, 7.7, 441,  每一种孤独都有陪伴 
3578482, 8.6, 182,  释梦 
6101341, 8.4, 216,  回到当下的旅程 
6784219, 9.4, 97,  生物心理学 
26702041, 7.7, 432,  天生变态狂 
25753137, 9.3, 105,  心理治疗中的依恋 
5339693, 8.4, 212,  母爱的羁绊 
4169495, 7.5, 559,  让天赋自由 
5401757, 7.6, 488,  恋爱戒律 
3084973, 8.9, 139,  心理治疗师的问答艺术 
1879499, 8.6, 178,  罗杰斯心理治疗 
4164215, 7.7, 439,  当一切改变时，改变一切 
3427154, 7.8, 383,  犯罪心理学 
1444813, 8.4, 208,  灵魂的黑夜 
2486955, 8.4, 208,  How to Write a Lot 
4030358, 7.9, 341,  心灵午夜密谈 
26846721, 8.8, 145,  如何在爱中修行 
26296233, 8.4, 204,  重塑大脑，重塑人生 
1042832, 8.3, 225,  走出抑郁 
6759677, 8.7, 158,  走出恐惧 
3513006, 7.8, 372,  失落的致富经典 
1086761, 7.7, 419,  可以吃的女人 
6391211, 8.7, 155,  给未来的记忆 
3425151, 8.9, 133,  焦虑情绪调节手册 
10799765, 7.6, 464,  盖洛普优势识别器2.0 
2054643, 8.5, 183,  生理心理学 
3352074, 8.1, 268,  萨提亚冥想－内在和谐、人际和睦与世界和平 
11524189, 8.4, 203,  在爱情中我们寻找什么 
26257557, 8.7, 154,  热锅上的家庭 
26411095, 7.6, 454,  当我们阅读时，我们看到了什么 
24859467, 8.7, 153,  谁说了算？ 
25910698, 8.2, 237,  迷人的假象 
6861142, 8.1, 263,  心灵的面具 
3312040, 8.1, 262,  谁会认错 
1463494, 7.8, 360,  Why Men Love Bitches 
4188027, 8.5, 181,  活在爱中的秘诀 
6810273, 8.5, 182,  我即我脑 
4722181, 7.5, 509,  小心，无良是一种病 
1171983, 8.6, 167,  洞察未来 
1322992, 8.3, 212,  理解人性 
1459390, 9.4, 91,  弗洛姆文集：我相信人有实现自己的权利 
25805198, 8.3, 214,  初学者的冥想书 
6194593, 7.6, 443,  人类性幻想 
3345059, 8.6, 161,  心理医生为什么没有告诉我 
2281620, 8.5, 175,  艾瑞克森催眠治疗理论 
25747577, 6.9, 1138,  7天治愈拖延症 
5262349, 9.1, 110,  心理治疗之路 
1445816, 8.3, 209,  不必火星撞地球 
1684120, 7.6, 430,  思维的版图 
3075277, 7.0, 965,  隐疾 
26042854, 7.5, 473,  理智向左 疯狂向右 
1197815, 8.9, 123,  团体心理治疗 
3023839, 8.1, 243,  苦痛和疾病的社会根源 
5437075, 8.1, 246,  解读绝望 
26892353, 9.3, 91,  蜥蜴脑法则 
6800930, 9.0, 113,  人格心理学 
25846315, 9.2, 98,  The Sense of Style 
1478704, 9.1, 104,  心理治疗入门 
3192038, 7.9, 287,  广告心理 
2075107, 7.2, 674,  邪恶心理学 
1801977, 8.3, 194,  施蛰存精选集 
26924263, 9.8, 65,  你就要很独特 
26285299, 8.3, 191,  创造力 
5291811, 7.6, 398,  认识自己，接纳自己 
4030556, 8.5, 161,  哈佛经典谈判术 
20476804, 7.7, 355,  不诚实的诚实真相 
2157346, 8.3, 190,  笛卡尔的错误 
2141624, 7.5, 435,  躁狂抑郁多才俊 
6990052, 7.6, 391,  哈佛幸福课 
4015086, 8.2, 206,  “现在全明白了！”－你我他的自我认识之路 
6068005, 8.6, 146,  原型与集体无意识-荣格文集（第五卷） 
5301258, 8.6, 145,  个人觉醒的力量 
26853742, 8.7, 132,  疯子的自由 
25832152, 8.8, 123,  自尊的力量 
20616993, 6.6, 1602,  洗脑术 
5398731, 7.4, 481,  童话的心理分析 
4872667, 8.1, 224,  爱自己 
1444091, 7.8, 306,  认知心理学 
4256998, 7.5, 430,  爱情心理学 
1331881, 9.4, 81,  存在心理治　（下） 
24528199, 7.9, 266,  恋爱从失恋开始 
1843275, 8.4, 168,  超越自由与尊严 
6852021, 7.6, 374,  与内心的小孩对话 
6861475, 9.3, 85,  意识探秘 
5326322, 7.6, 374,  心里住着狮子的女孩 
20480678, 7.0, 808,  逆转 
10563327, 7.3, 530,  人生中最美妙的事都是免费的 
3063890, 7.4, 464,  天才向左 疯子向右 
1159821, 8.4, 161,  意识的宇宙 
2304415, 8.9, 108,  倾听孩子 
6076154, 6.4, 2182,  跟乐嘉学性格色彩 
1879498, 8.2, 194,  萨提亚治疗实录 
26879144, 8.7, 125,  落差 
1050762, 8.0, 230,  10秒钟让自己不同凡响 
25801138, 8.7, 125,  是什么带来力量 
21249031, 8.6, 135,  灵性亲密关系 
5037451, 6.8, 1045,  每天懂一点恋爱心理学 
1755137, 8.6, 134,  谈话疗法 
25833051, 8.6, 132,  幸福的婚姻 
10537771, 8.9, 105,  登天之梯 
1581309, 8.3, 169,  神经衰弱和强迫观念的根治法 
25718139, 7.4, 441,  每个人都会死，但我总以为自己不会 
4022709, 7.4, 441,  助推 
1232744, 8.8, 114,  神经质的实质与治疗 
3000055, 8.0, 225,  五十分钟的一小时 
11538005, 8.8, 114,  0-6岁A+育儿法 
21722944, 7.3, 499,  为什么有些人永不受伤 
5372542, 8.1, 200,  情感勒索 
25744065, 8.3, 168,  决断力 
24527645, 8.1, 199,  心的处方笺 
1852584, 8.7, 119,  异常心理学 
1219421, 8.2, 176,  实验心理学 
6516304, 7.8, 255,  分心不是我的错 
1085007, 8.0, 211,  敏感的人:如何面对外界压力 
26328457, 8.4, 145,  童话心理学 
25885237, 7.9, 233,  编剧心理学 
4619523, 8.6, 124,  回家 
10825209, 7.6, 317,  在电影院遇见弗洛伊德 
5036712, 8.4, 145,  The Lovely Bones MTI可爱的骨头 
21241284, 8.8, 104,  我穿越疯狂的旅程 
6851648, 7.4, 392,  迷恋 
25711748, 8.5, 133,  灵性的自我开战 
1599035, 8.4, 141,  简捷启发式 
3248694, 8.5, 130,  不确定状况下的判断 
5245583, 6.8, 886,  中二病中毒说明书 
7154813, 7.9, 225,  治疗密码 
26417964, 7.9, 218,  不可慢待的孤独 
2327273, 8.4, 139,  我好-你好 
4863620, 9.5, 64,  长程心理动力学心理治疗 
21363088, 7.9, 220,  价格游戏 
10600374, 7.6, 298,  拖延心理学2 
2063029, 7.5, 332,  销售中的心理学 
25712066, 7.7, 263,  当哲学家遇上心理医生 
4882155, 6.9, 730,  关于爱与性的一切，你全错了 
10557754, 8.2, 161,  荣格与炼金术 
20380809, 7.4, 375,  世界如此险恶，你要内心强大 2 
26304954, 9.5, 62,  存在主义心理治疗 
6014434, 9.2, 75,  心理统计学（第3版） 
1038390, 8.3, 146,  动机剖析 
10794605, 7.8, 229,  超级恋爱催眠术 
2339932, 8.3, 144,  男人需要尊重 女人需要爱 
20503637, 7.9, 208,  遇见我的前世今生 
1394365, 8.7, 104,  教　的迷思 
26647130, 8.1, 167,  无处不在的人格 
25810164, 8.6, 111,  心理学百科 
1104522, 8.3, 142,  内心枷锁 
7067149, 9.0, 82,  认知心理学及其启示 
20506638, 9.0, 82,  自体心理学的理论与实践 
2990695, 8.3, 138,  爱，上了瘾 
3290954, 8.7, 101,  弗洛伊德心理学入门 
3265210, 8.2, 151,  创造的勇气 
25928292, 7.7, 242,  不懂色彩 不看电影 
26740257, 8.0, 179,  内在革命：一本关于成长的书 
26285423, 8.1, 161,  亲密关系的秘密 
26671406, 9.4, 62,  儿童健康讲记：一个中医眼中的儿童健康、心理与教育 
2193673, 7.9, 195,  心理和脑 
5257922, 8.5, 113,  梦的真相 
2333083, 8.4, 124,  人的意识 
7052007, 8.6, 103,  心理学入门 
5398985, 7.8, 208,  积极情绪的力量 
25764531, 7.4, 325,  性别是条毛毛虫 
26382598, 7.5, 279,  零售心理战 
10443011, 8.6, 102,  活出你的小宇宙 
25917623, 7.7, 225,  女巫一定得死 
19894314, 8.9, 81,  自体的分析 
1338662, 8.9, 81,  艾瑞克森：天生的催眠大　 
25722097, 7.1, 448,  慢慢来，让灵魂跟上来 
26593221, 9.4, 58,  精神分析诊断（万千心理） 
25905227, 7.5, 268,  你的生存本能正在杀死你 
1084711, 7.7, 216,  谣言心理学 
25729298, 7.2, 383,  你是在恋爱，还是在发神经 
6100950, 7.1, 439,  微反应 
26909546, 9.6, 51,  我们内心的冲突 
26593192, 8.7, 90,  思想本质 
25885205, 7.9, 176,  记忆的风景 
3423225, 8.6, 97,  寻找斯宾诺莎 
25975450, 8.4, 113,  积极恋爱心理学 
25710178, 8.4, 113,  情感堵塞 
3656423, 7.7, 215,  我的那条叫做“抑郁症”的黑狗/与抑郁症相伴的日子 
2193674, 8.0, 159,  心理和脑与生活 
4715270, 6.8, 657,  读心术 
6713131, 9.1, 69,  解放父母解放孩子 
1057794, 8.3, 123,  东洋冥想的心理学 
6811406, 7.9, 174,  约会倍增术 
26796536, 9.4, 56,  身体从未忘记 
25774694, 8.3, 120,  梦书 
3185636, 8.8, 82,  天才儿童的悲剧 
2080389, 8.9, 77,  人心 
1964207, 7.5, 260,  社交商 
3373894, 7.3, 324,  说服力 
3115378, 7.6, 229,  NLP自我重塑计划-21天塑造全新自我 
1843070, 8.5, 102,  儿童的人格教育 
26672431, 8.4, 109,  愿你拥有被爱照亮的生命 
3829573, 7.3, 324,  像女人一样行动 像男人一样思考 
26742180, 8.5, 100,  心智探奇 
1171256, 8.2, 127,  教育心理学 
3140334, 8.6, 93,  无快乐的经济:人类获得满足的心理学 
20452425, 7.3, 315,  自爱，无须等待 
6902720, 8.4, 107,  意念力 
1393343, 8.6, 92,  回归内在 
6974458, 8.7, 86,  精神分析与灵魂治疗 
10544103, 7.8, 183,  快乐竞争力 
1015857, 7.6, 226,  股市心理博弈（修订版） 
26647114, 7.9, 163,  太聪明所以不幸福？ 
25808733, 9.2, 61,  爱　恨与修复 
6538416, 7.4, 271,  微表情 
3593985, 7.4, 275,  情商 
1032018, 8.1, 135,  心理咨询面谈技术 
1429564, 8.3, 112,  心理咨询的技巧和策略 
4767452, 7.5, 239,  爱自己，和谁结婚都一样 
4208898, 8.4, 102,  心灵种种 
25792009, 7.7, 192,  不分心：初学者的正念书 
1966686, 7.3, 298,  雅致的精神病院 
5935767, 8.3, 109,  皮格马利翁效应 
3359251, 8.3, 109,  如何停止忧虑，开创人生 
3701270, 8.1, 128,  家庭系统排列入门 
25941678, 6.8, 542,  他爱的是玫瑰，而你是蔷薇 
26774616, 8.5, 91,  你就是答案（情怀版） 
1869638, 8.9, 69,  The Inner Game of Tennis 
1539735, 8.2, 117,  自觉和领悟之路 
6019667, 7.5, 227,  选择的艺术 
1551550, 7.9, 150,  格式塔心理学原理（上下） 
4139970, 7.9, 151,  当大脑遇到金钱 
1261320, 7.7, 184,  微精神分析学 
4817621, 6.8, 542,  丢掉50样东西，找回100分人生 
26672408, 6.9, 464,  本书书名无法描述本书内容 
1337933, 7.9, 149,  西方心理咨询经典案例集 
1823968, 9.0, 64,  西尔格德心理学 
26895144, 9.6, 44,  你才是自己的过来人 
2293880, 8.7, 76,  生涯咨询与辅导 
26299530, 8.0, 132,  善恶之源 
10876941, 8.8, 71,  心理动力学疗法 
3441145, 8.2, 110,  自尊的6大支柱 
2174650, 8.3, 101,  地理学的犯罪心理画像 
1784645, 8.9, 66,  出神入化 
26873207, 8.9, 65,  爱是唯一的真相 
26617241, 7.5, 209,  渡过 
4771145, 9.2, 54,  The Tell-tale Brain 
1421346, 8.1, 118,  森田心理疗法实践 
4047166, 8.0, 128,  遇见懂得付出的自己 
3924620, 9.6, 43,  在爱中升华 
1051493, 8.2, 109,  不要恐惧抑郁症 
25805226, 7.5, 206,  控制焦虑 
2006868, 9.3, 50,  人我之　 
25834607, 7.9, 137,  自由的进化 
26767504, 8.2, 105,  孤独 
26828557, 8.0, 123,  从行动开始 
6309931, 8.6, 77,  自我　群体　社会 
3854718, 8.2, 105,  认知心理学 
1444100, 8.5, 83,  实验心理学教程 
3743816, 7.4, 225,  完全变态手册 
1425749, 7.8, 148,  投资心理学 
25774384, 8.5, 82,  冥想 
25809012, 8.1, 111,  爱的博弈 
3742938, 7.8, 146,  　座　牌　男　 
20271917, 7.6, 177,  持续的幸福 
2131768, 7.9, 134,  人性 
6065534, 7.3, 244,  囤积是种病 
26365755, 9.4, 45,  精神分析案例解析（万千心理） 
20563266, 8.6, 74,  社会认知 
25985811, 7.9, 128,  非暴力沟通实践篇 
25848953, 7.0, 333,  群体性孤独 
24708172, 7.4, 204,  自控力2 
25863575, 8.5, 78,  不是读心术不是心理学不是魔法 
1442215, 8.3, 90,  心理治疗师之路 
10436476, 8.4, 82,  一　人的　　 
26220853, 8.8, 62,  论人的成长 
1318190, 7.3, 227,  超常思维的力量 
2296845, 6.9, 363,  专注力 
20492095, 7.1, 273,  性、谋杀及生命的意义 
3875639, 7.3, 218,  生活中的心理学 
1833283, 9.1, 49,  应该补上的一课 
25693207, 8.1, 98,  婚姻心理学:婚姻是最好的修行 
26694945, 7.8, 126,  抗压力 
1908684, 7.9, 115,  精神焦虑症的自救 演讲访谈卷 
1082901, 7.8, 126,  聪明人的训练 
3773490, 7.4, 184,  牌桌阅人术 
20442237, 7.6, 152,  这一生为何而来 
1042797, 7.9, 114,  荣格心理学与西藏佛教 
26855873, 9.1, 48,  自我的智慧 
25765450, 7.2, 228,  如何控制自己的情绪 
10454001, 9.2, 45,  儿童的利益 
25806938, 7.2, 227,  怪癖心理学 
20445340, 6.6, 488,  16型人格的自我修炼 
20272118, 8.3, 80,  儿童大脑开窍手册 
6711978, 7.7, 131,  不懂拒绝的老好人 
11445560, 7.3, 197,  天才的基因 
26815907, 7.3, 193,  这样和世界相处 
4213167, 8.1, 91,  危险的心理咨询 
3574846, 8.3, 78,  辩证行为疗法 
1921568, 8.1, 90,  奖励的惩罚 
10520050, 8.7, 58,  Tiny Beautiful Things 
1320151, 8.1, 90,  人是如何学习的 
25750516, 9.0, 48,  潜意识与心灵成长 
6758932, 7.7, 127,  超负荷的大脑 
4233106, 8.0, 97,  学会接受你自己 
26820338, 7.8, 114,  从自我苛求中解放出来 
25867744, 8.3, 75,  简单冥想术：激活你的潜在创造力 
4911319, 7.3, 183,  积极心理学 
26838015, 8.4, 69,  对于自己，你还是个陌生人 
3865964, 9.1, 44,  家庭与家庭治疗 
2172516, 6.5, 513,  5分钟和陌生人成为朋友 
2303751, 9.3, 39,  家庭与夫妻治疗 
1762619, 9.2, 41,  弗洛姆著作精选：人性、社会、拯救 
10537773, 7.7, 120,  良知泯灭 
20258609, 9.0, 46,  心理咨询师的14堂必修课 
6520484, 8.6, 59,  与狼共奔的女人 
24380575, 6.9, 278,  FBI行为分析学 
26882462, 6.7, 371,  你从未真正拼过 
2062167, 8.9, 48,  性与生活 
26377695, 7.6, 128,  自知心理学 
6053667, 9.9, 28,  　力取向精神　　--　床　用　　　 
2979734, 9.0, 45,  Nonsense 
1348659, 7.6, 127,  孤　，或　似的　西 
21965490, 7.5, 141,  设计师式认知 
5384744, 8.1, 82,  不要用爱控制我2 
1331654, 8.0, 90,  　格　占星　 
26711164, 8.2, 75,  再也不怕跟人打交道 
25953748, 6.7, 352,  FBI危险人格识别术 
25931208, 7.2, 188,  反直觉思考 
1712350, 7.7, 113,  动机心理学 
26183866, 8.0, 87,  自私书 
26333444, 9.1, 41,  精神分析治疗：实践指导（万千心理） 
26430576, 7.9, 94,  为什么我们爱得这么累 
26782080, 7.7, 110,  用安静改变世界 
2061421, 8.0, 85,  语言心理学 
2362451, 8.7, 50,  感受发生的一切 
24697928, 7.3, 159,  人之将死 
24714253, 7.2, 171,  世界会抛弃你吗 
10541306, 6.5, 419,  墨菲定律 
26616951, 7.7, 103,  WOOP思维心理学 
3016247, 7.9, 87,  抑郁症的内观认知疗法 
1255944, 8.0, 80,  心理咨询与治疗经典案例 
5422846, 8.4, 59,  正念之道－每天解脱一点点（万千心理） 
1480991, 7.7, 103,  心理与力学 
19967799, 8.1, 73,  失控的正向思考 
6861176, 8.7, 48,  精神分析治愈之道 
3516747, 7.5, 121,  女性心理学 
1364963, 8.2, 66,  Girl
1425813, 7.8, 91,  儿童心理学 
3063877, 8.1, 72,  智能的结构 
26775040, 7.9, 82,  完美母女关系的秘密 
25695309, 8.5, 53,  超越自我之道 
10607680, 8.3, 61,  亲密关系的重建 
3074379, 8.8, 43,  存在心理学探索 
26769662, 7.6, 102,  雄性衰落 
26805866, 8.3, 58,  0～12岁，给孩子一个好性格 
25769201, 6.6, 313,  你体内的囤积欲 
5924575, 7.9, 78,  The Gifts of Imperfection 
26849278, 7.7, 90,  你的善良必须有点锋芒 
5395411, 7.5, 107,  习得性无助 
1871654, 8.5, 49,  学习爱 
1396395, 6.8, 224,  美化你的声音 
25943358, 7.2, 138,  盲点 
4237985, 9.1, 33,  如何说孩子才能和平相处 
26201895, 7.8, 78,  孩子与恶 
3347599, 7.6, 93,  心理学带你走出思维误区 
10560212, 7.9, 71,  边缘型人格障碍 
10762436, 7.2, 133,  我们都是拖拉斯基 
26889013, 8.8, 38,  看自己：现代症的心理解剖 
23018929, 8.2, 56,  沟通 
11605861, 9.6, 25,  客体关系家庭治疗 
21294724, 7.2, 131,  人格解码 
25894673, 8.7, 40,  Make it Stick 
20283580, 7.5, 98,  乐观的偏见 
26586159, 8.2, 56,  美丽是心底的明媚 
10344527, 8.3, 51,  妈妈的心灵课 
26202327, 7.5, 95,  愉悦回路 
25750617, 8.5, 44,  嫉羡和感恩 
3314537, 9.0, 33,  婴儿、儿童和青少年 
2061640, 7.2, 126,  疯狂天才 
2383735, 8.8, 36,  How We Know What Isn&#39;t So 
1393911, 9.8, 22,  　斯.柯赫　自　心理　 
23160215, 8.1, 57,  第七感 
4001778, 8.2, 53,  Emotional Intelligence 2.0 
19941064, 7.9, 64,  自私的父母 
1046135, 7.6, 82,  克服焦虑 
24371637, 6.9, 162,  盲目心理学 
3542657, 8.2, 51,  思维与决策（第四版） 
11403211, 8.2, 51,  Daring Greatly 
6808038, 9.1, 30,  廖阅鹏催眠圣经 
1479072, 8.1, 54,  消费者行为学 
10445541, 8.6, 39,  The Age of Insight 
26755104, 7.5, 87,  20几岁，你为什么害怕来不及 
4262003, 9.2, 27,  掌握家庭治疗 
24522608, 8.3, 45,  幸福的神话 
26781091, 8.7, 34,  妈妈，谢谢你懂我 
1150976, 7.9, 58,  精神病医生 
26921335, 9.2, 26,  读完本书，才有力气完成剩下的梦想 
4736432, 7.4, 86,  羞涩与社交焦虑 
26789992, 9.1, 27,  NLP圣经 
6430317, 7.4, 85,  十个天才的精神病史 
26425298, 7.6, 72,  与自我和解 
26798534, 7.6, 70,  嘿，你正常吗 
24867884, 8.3, 42,  变态心理学 
25866894, 6.9, 138,  疯狂行为学 
1323106, 8.2, 45,  思想和行动的社会基础：社会认知论（上、下册） 
21676595, 8.4, 39,  狐狸与刺猬 
25976876, 7.8, 59,  轻疗愈 
11511943, 7.5, 74,  　座　　桑教的，男人就是吃　套! 
21346248, 7.2, 98,  遗失的智慧 
26743743, 8.3, 40,  穿越孤独 
5408896, 8.3, 40,  不焦虑的活法 
26723536, 7.3, 87,  争辩力 
25837839, 7.5, 72,  人的七张面孔 
22382669, 7.2, 94,  正能量修成手册 
26865498, 8.6, 33,  医治受伤的自信 
26680733, 6.9, 128,  谢你不娶之恩 
6075190, 8.5, 35,  Pitch Anything 
1683963, 8.6, 33,  为婚姻立界线 
1487698, 8.5, 34,  创造力手册 
3426781, 7.9, 50,  边缘性人格障碍治疗手册 
26760849, 8.5, 33,  自我 
26705846, 7.7, 56,  剪刀石头布 
10740601, 8.9, 26,  社会性与人格发展 
26854398, 8.5, 32,  我不想做一个“通情达理”的好姑娘 
1909385, 6.8, 122,  人间游戏 
26842369, 8.9, 25,  像我们一样疯狂 
1020110, 7.9, 45,  丘比特之箭 
1058896, 7.4, 67,  体验悲哀 
26791309, 8.8, 26,  初识传播学（插图第7版） 
25799516, 8.6, 29,  认知行为治疗 
20386245, 6.4, 191,  情商 
25763661, 8.4, 32,  积极心理学 
26756940, 8.1, 38,  心理大师：罪爱 
26721477, 9.1, 22,  创伤与复原 
25795553, 7.5, 59,  ADD的人生整理术 
26429949, 8.5, 30,  原来，懂比爱更重要 
26261585, 5.7, 545,  反洗脑 
10581953, 8.7, 26,  边缘性人格障碍的移情焦点治疗 
5363711, 8.5, 29,  游戏治疗 
25794568, 8.6, 27,  伯克毕生发展心理学：从青年到老年（第4版） 
3979167, 9.1, 21,  How Life Imitates Chess 
25963532, 7.6, 50,  理性情绪 
26865732, 8.8, 23,  纳粹医生 
26900445, 9.0, 21,  像疯子一样思考 像天才一样行动 
25917098, 8.8, 23,  精神障碍诊断与统计手册(案头参考书)(第五版) 
26425904, 7.7, 45,  我在地球的日子 
10445391, 8.1, 34,  认知行为疗法 
25727582, 8.4, 28,  发展心理学 
25818131, 8.1, 34,  论移情问题 
25899645, 8.4, 28,  自我与自性 
26860869, 7.5, 50,  如何实现有效社交 
26780966, 7.6, 46,  生活中的大脑骗局 
26296636, 7.6, 45,  心理控制方法 
24746183, 8.1, 30,  暴食症康复指南 
26833809, 8.2, 28,  看不见的背叛 
5300082, 7.7, 37,  亲爱的，我们别吵了 
26312412, 8.0, 30,  发现你的天赋 
26389181, 8.2, 26,  内向也是一种优势 
26803304, 8.0, 29,  为什么受伤的总是聪明人 
25961421, 8.4, 23,  情绪自控力：把消极变积极的力量 
1071941, 8.5, 22,  怎样适应生活 
4816556, 8.0, 28,  焦虑症和恐惧症 
6557350, 8.8, 18,  接受与实现疗法 
26611254, 8.2, 24,  幸福创造力：七天活出丰盛自在人生 
2887830, 8.4, 21,  Hope and Help for Your Nerves 
26844552, 7.6, 34,  历史的赢法：用军 
25858893, 8.0, 26,  心理学最佳入门（原书第2版） 
26612166, 8.2, 23,  同理心文明 
6114192, 8.3, 22,  人类性反应 
26836252, 9.3, 13,  你一动，我就懂 
2845839, 8.5, 18,  The Psychology of Problem Solving 
26733525, 8.2, 20,  记忆-牛津通识读本 
26888624, 7.5, 29,  走出焦虑风暴 
26220843, 7.6, 26,  抑郁症 
26894686, 8.1, 18,  棉花糖实验 
5381440, 7.3, 26,  三分钟看清一个人 
26856945, 7.9, 13,  音爆 
26611852, 7.5, 14,  害羞与社交焦虑症 
26790128, 7.9, 10,  小集团思维 
26333923, 7.4, 12,  The Sellout 
2871453, 7.7, 10,  The Origin of Consciousness in the Breakdown of the Bicameral Mind 
