Tag: 心灵 
The number of books: 280 

ID, Rating, Votes, Title
1775691, 8.3, 51815, 少有人走的路 
3665874, 9.0, 14614, 星空 
2340100, 8.1, 52193, 遇见未知的自己 
2194123, 8.4, 15403, 相约星期二 
24934182, 8.1, 22700, 一个人的朝圣 
26340138, 7.7, 48813, 岛上书店 
2193877, 8.1, 15680, 你在天堂里遇见的五个人 
3158482, 8.9, 4371, 新世界 
2139305, 7.7, 29026, 巴别塔之犬 
25697520, 8.2, 10604, 他们最幸福 
1045716, 8.7, 4876, 人生中不可不想的事 
1005193, 8.6, 4666, 重新认识你自己 
1761759, 8.9, 3128, 超越死亡 
3413836, 8.4, 5682, 当下的力量 
5332713, 9.0, 2449, 人间是剧场 
7064313, 7.8, 13449, 突然就走到了西藏 
3834938, 8.3, 5635, 与神对话（第一卷） 
1829799, 8.7, 2740, 爱的觉醒 
6526752, 8.8, 2400, 生命之书 
3266968, 7.3, 26291, 秘密 
25735727, 8.2, 5219, 站在两个世界的边缘 
5264779, 7.4, 16189, 背包十年 
5389557, 8.5, 2506, 姥姥语录 
1077129, 8.5, 2312, 一生的学习 
7058059, 8.0, 4725, 我们心中的怕和爱 
1135734, 8.6, 1977, 追寻生命的意义 
11614293, 7.5, 10082, 人生需要揭穿 
2376506, 8.8, 1484, 生命的轨迹 
26642866, 8.5, 2095, 萤火虫小巷 
2122992, 9.0, 1161, 故道白云 
2372450, 8.6, 1632, 改变，从心开始 
3035600, 8.5, 1842, 心灵的七种兵器 
3622904, 7.3, 11953, 不抱怨的世界 
26356948, 7.0, 21759, 摆渡人 
1105890, 8.2, 2549, 生命的重建 
24736805, 7.5, 7347, 我所有的朋友都死了 
1003093, 8.7, 1204, 美学三书 
20389195, 7.4, 7241, 慢慢来，一切都来得及 
4150038, 8.1, 2305, 海鸥乔纳森 
10512506, 7.8, 3548, 世界上的另一个你 
3224456, 7.7, 3963, 少有人走的路Ⅱ 
3137185, 8.8, 921, 阿米I-星星的孩子 
5397044, 8.3, 1631, 蓝色天堂 
2070807, 8.5, 1228, 懂得爱 
5450660, 8.7, 973, 次第花开 
2241168, 8.4, 1328, 内在的探索 
2049781, 8.5, 1134, 世界在你心中 
6052834, 8.2, 1587, 亲密关系 
4836697, 8.3, 1376, 看见真相的男孩 
26831234, 8.7, 848, 不属于我们的世纪 
6966843, 7.8, 2643, 重遇未知的自己 
1256282, 8.5, 1021, 心灵自由之路 
3874168, 8.1, 1648, 零极限 
20475794, 8.1, 1621, 身体知道答案 
25845203, 8.6, 876, 五岁熊孩子教我的事 
24083865, 7.7, 2782, 女人明白要趁早之三观易碎 
26242908, 7.6, 3178, 如果世上不再有猫 
20413742, 7.5, 3743, 不说，就真来不及了 
2381093, 7.4, 4144, 一辈子做女孩 
3005066, 8.1, 1446, 在爱中修行 
4874162, 8.4, 985, 与神对话（第二卷） 
6890672, 8.7, 692, 这一生，至少当一次傻瓜 
5248376, 8.6, 763, 一味 
3894081, 8.7, 665, 最后的日记 
1319893, 8.1, 1255, 当和尚遇到钻石 
10437353, 8.1, 1248, 我想遇见你的人生 
4892883, 8.5, 772, 爱是一切的答案 
4053315, 8.3, 958, 一念之转 
3910883, 8.9, 491, 观呼吸 
4898535, 8.4, 840, 来一点信仰 
25849895, 8.9, 476, 人间草木 
3005076, 8.7, 563, 再活一次 
6517150, 7.6, 2224, 31岁又怎样 
25693190, 8.3, 867, 舍得让你爱的人受苦 
4830829, 9.2, 348, 根道果 
26827590, 8.9, 443, 八万四千问 
2241169, 8.7, 540, 解脱之道 
5363264, 7.7, 1819, 被偷走的人 
2241170, 8.6, 583, 自我的真相 
4710580, 8.7, 522, 智慧的觉醒 
25788697, 7.6, 1932, 一切都是最好的安排 
3582354, 8.0, 1108, 找回你的生命礼物 
2256361, 8.8, 447, 箭术与禅心 
2240928, 8.7, 485, 当生命陷落时 
1764940, 8.3, 726, 爱是一种选择 
2340059, 7.6, 1805, 心理控制术 
2173025, 7.5, 2054, 放下。爱 
3276880, 9.1, 317, 光耀生命 
11620497, 8.2, 777, 简单的艺术 
26693418, 7.5, 1905, 按自己的意愿过一生 
3654465, 7.7, 1442, 少有人走的路III 
6010792, 8.5, 547, 与神对话（第三卷） 
3550398, 7.5, 1861, 时间管理幸福学 
4045849, 8.8, 387, 无可摧毁的纯真 
3023149, 8.5, 499, 狂喜之后 
25771551, 9.1, 283, 不离：上师人生开示录 
4726852, 8.5, 491, 正念的奇迹 
26337959, 8.3, 612, Lens·目客001:花朵与我 
23780225, 8.8, 368, 能断 
3236762, 9.0, 300, 事事本无碍 
25942442, 8.4, 541, 那年夏天我还爱你 
20434430, 8.0, 814, 你要如何衡量你的人生 
10545691, 7.9, 921, 好好修养爱 
25948154, 7.7, 1186, 扛得住，世界就是你的 
3823020, 8.8, 337, 性、生态、灵性 
4827904, 9.2, 241, 入門：古埃及女祭司的靈魂旅程 
10759777, 7.9, 888, 秘密副作用 
1482890, 8.8, 338, 静心：狂喜的艺术 
26639786, 8.1, 686, 舍得，舍不得 
26363926, 8.6, 402, 何为良好生活 
4258808, 8.3, 535, 还我本来面目 
11509401, 6.9, 3766, 正能量 
2281420, 8.8, 315, 巴坦加里的瑜伽经 
6427971, 7.7, 1044, 学会爱，超越爱 
21331464, 7.8, 894, 那些荒谬的往事叫青春 
26665498, 7.5, 1310, 生命中最简单又最困难的事 
1366878, 9.3, 192, 与神对话 
6858459, 8.1, 585, 当下的力量Ⅱ 
25747597, 7.5, 1158, 不能不去爱的两件事 
4062735, 8.5, 352, 对生命说是 
4159343, 7.7, 879, 潜意识的力量 
5362056, 8.3, 423, 无量之网 
2117062, 7.8, 733, 麦田守望者 
25985499, 7.6, 942, 这一生，静待时光检验 
26832913, 8.0, 563, 二十亿光年的孤独 
26598945, 7.5, 1054, 请尊重一个姑娘的努力 
5288625, 8.9, 225, 活在喜悦中 
2363639, 8.7, 269, 点亮自性之光 
25955940, 8.6, 296, 透过佛法看世界 
7001419, 9.4, 150, 突破修道上的唯物 
5028585, 8.5, 318, 关系之镜：两性的真爱 
11614288, 7.2, 1490, 我们为什么旅行 
1427938, 8.0, 510, 墙上的斑点 
3796598, 8.6, 267, 爱情与工作的每日禅 
6062348, 9.3, 149, 前往伊斯特兰的旅程 
26805083, 9.5, 126, 心理治疗之路 
20394988, 9.0, 183, 灵性炼金术 
1418383, 9.1, 169, 靈魂永生（賽斯書） 
3712854, 7.8, 588, 梦知道答案 
1483421, 8.9, 197, 人生智慧录 
10529773, 8.0, 456, 独白 
3772058, 7.5, 826, 吸引力法则 
2286166, 8.9, 191, 大师在喜马拉雅山 
2125536, 8.5, 260, 懂得生命 
21266953, 8.6, 233, 灵魂的功课 
3139786, 9.0, 167, 喬見沒 
6714584, 8.2, 345, 轮回 
26914640, 9.6, 106, 你配得上更好的人生 
1367116, 9.1, 150, 奇蹟課程 
4826395, 8.4, 270, 巫士唐望的教诲 
2194590, 8.0, 401, 心灵鸡汤全集 
26844348, 6.6, 3043, 好吗好的 
1072989, 9.0, 158, 薄伽梵歌论 
26416276, 7.9, 431, 愿生命从容 
25749911, 7.7, 530, 生命的单行道:程浩日记 
26606002, 7.8, 448, 恰如其分的自尊 
4199618, 8.2, 294, 做梦的艺术 
4011299, 8.6, 202, 创造金钱 
1836957, 8.4, 238, 痊愈的本能 
6557779, 8.4, 240, 告别娑婆 
4864406, 8.7, 180, 教育就是解放心灵 
4934611, 7.2, 939, 九型人格心灵密码学 
10755668, 8.7, 174, 自我观察 
3813384, 8.2, 259, 你值得過更好的生活 
26108383, 6.9, 1329, 人生永远没有太晚的开始 
1351217, 9.2, 111, 覺醒的勇氣《阿底峽之修心七要》 
4164215, 7.7, 439, 当一切改变时，改变一切 
23037911, 9.1, 118, 正念禅修 
24838897, 6.9, 1300, 愿你与这世界温暖相拥 
6759677, 8.7, 158, 走出恐惧 
3352074, 8.1, 268, 萨提亚冥想－内在和谐、人际和睦与世界和平 
25910698, 8.2, 237, 迷人的假象 
24878033, 8.2, 240, 残酷才是青春 
5905901, 9.1, 109, 78度的智慧 
25885424, 7.4, 563, 不焦虑的女人：《金刚经》教授女人静心课 
19995928, 7.7, 389, 出发，和每个人谈一次梦想 
26253714, 7.9, 297, 在西伯利亚森林中 
11537699, 7.2, 687, 印度，去十次都不够 
1388288, 9.4, 84, 個人實相的本質（賽斯書）上、下冊 
1388359, 8.9, 120, 寶瓶同謀 
26741879, 8.1, 231, 诗经：越古老，越美好 
3424068, 7.6, 394, 生命的心流 
1433002, 9.1, 102, 寂静的知识 
6784027, 8.4, 177, 金花的秘密 
3039668, 8.2, 210, 真北 
24379795, 8.4, 174, 回归身体 
26315455, 7.9, 272, 心之道 
4872667, 8.1, 224, 爱自己 
25756626, 8.0, 247, 布雷特的生命清单 
26906750, 9.8, 63, 关于我父母的一切 
26892143, 9.6, 69, 生死·朝圣 
21966337, 8.9, 111, 论关系 
25801138, 8.7, 125, 是什么带来力量 
26301626, 7.6, 354, 谢谢你 
26934539, 9.8, 59, 长大后的世界 
26891340, 9.3, 80, 我不过别人指定的生活 
26284233, 6.6, 1440, 鬼水瓶录 
10607227, 7.5, 384, 死在路上也不错 
26637849, 8.1, 199, 名字和名字刻在一起 
26921021, 9.6, 64, 一辈子很长，要和有趣的人在一起 
26774091, 8.4, 148, 唐草物语 
11522757, 8.6, 125, 生命之花的靈性法則 
26756565, 8.6, 123, 一加一 
26437752, 6.8, 942, 灯下尘 
1085007, 8.0, 211, 敏感的人:如何面对外界压力 
25697240, 8.2, 172, 生命的思索：史怀哲自传 
25711748, 8.5, 133, 灵性的自我开战 
25709123, 6.9, 765, 回忆是一种淡淡的痛 
20471127, 7.7, 265, 给你爱的人以自由 
26530414, 9.3, 71, 边城 
20503637, 7.9, 208, 遇见我的前世今生 
25747198, 9.3, 68, 脈輪全書 
26671406, 9.4, 62, 儿童健康讲记：一个中医眼中的儿童健康、心理与教育 
24848638, 7.3, 375, 天堂的证据 
10570075, 7.6, 264, 找到人生的好感觉 
26743027, 8.2, 143, 黑麋鹿如是说 
26838434, 8.9, 83, 被重置的人生 
26689692, 8.4, 119, 不完美，才美 
26374862, 8.1, 150, 奔跑的月光 
24301821, 8.5, 104, 要么孤独要么庸俗 
25853217, 6.8, 607, 一切都是最好的安排 
10546097, 8.4, 107, 陪伴生命 
26831768, 9.3, 56, 人生有信 
26318936, 8.0, 145, 我喜欢辽阔的地方 
4208898, 8.4, 102, 心灵种种 
7162508, 6.5, 893, 孤独要趁好时光 
26357209, 7.9, 144, 生命的每一天都是奇遇 
1439458, 8.6, 80, 心我论 
25794725, 6.6, 637, 生命中最美好的事都是免费的 
3628063, 8.3, 96, 從未知中解脫 
20271917, 7.6, 177, 持续的幸福 
26709057, 7.9, 131, 那些被我们辜负的人 
26346186, 8.7, 67, 那些叫爱情的伤，我们总会痊愈的 
24872436, 8.7, 67, 超越孤独 
26920165, 7.1, 286, 拉普拉斯的魔女 
26366750, 9.1, 51, 只有当心非常安静时 
26818063, 8.3, 86, 你的梦想，自己会来找你 
26820338, 7.9, 115, 从自我苛求中解放出来 
26852313, 8.5, 71, 马口鱼的诱惑 
26307060, 8.2, 87, 选一种姿态，让自己活得无可替代 
20509730, 8.2, 88, 生活就像练习 
25895293, 7.8, 121, 我愿朝着太阳生长 
26881057, 8.7, 59, 视觉009：接受彼此的那种亲密 
26617305, 8.3, 78, 美食近似于爱 
26902288, 9.3, 39, 人生没有白走的路，每一步都算数 
25841288, 7.2, 201, 最好的年龄才刚刚开始 
26711164, 8.2, 75, 再也不怕跟人打交道 
26312222, 7.9, 95, 永远相信美好的事情即将发生 
26706748, 8.0, 86, 无聊世界的正经事 
26281301, 8.8, 48, 和繁重的工作一起修行 
25896113, 6.8, 278, 眼眶会红的人，一辈子都不会老 
26848701, 9.6, 30, 一亿人，不如你一人 
25695309, 8.5, 53, 超越自我之道 
10764917, 8.4, 56, 不与自己对抗你就会更强大 
26828332, 9.2, 34, 北京遥望香巴拉 
26589039, 8.4, 54, 你只需努力，剩下的交给时光 
26849278, 7.7, 90, 你的善良必须有点锋芒 
26743857, 8.1, 63, 给所有的失去一个温暖的结局 
19941064, 7.9, 64, 自私的父母 
26293605, 7.1, 125, 听了那么多大道理，为什么依旧过不好这一生 
26781653, 8.4, 39, 弗洛伊德遇见佛陀 
25976876, 7.8, 59, 轻疗愈 
26611793, 7.5, 73, 人长大了，开心都想哭 
26681709, 7.7, 59, 每一种相遇全都妙不可言 
26421261, 7.4, 71, 当你真正开始爱自己 
26312778, 7.8, 47, 活出生命的喜悦 
26429949, 8.5, 30, 原来，懂比爱更重要 
2046190, 8.9, 23, Be Here Now 
26865287, 7.5, 53, 日行一事 
26882979, 8.0, 35, 且以优雅过一生 
26314445, 7.2, 63, 这世界教我的事 
26852570, 8.8, 20, 重新发现自我：一位心灵导师的课堂笔记 
26256897, 7.0, 63, 你总会路过这个世界的美好 
26853417, 5.9, 234, 我有故事，你有酒吗？ 
25930184, 7.9, 30, 从心理问题到心理优势 
26921701, 8.5, 20, 岛王 
26870311, 8.3, 17, 向前走，不回头 
26638975, 6.3, 66, 别在该动脑子的时候动感情 
26858554, 8.0, 14, 生死之间 
26734769, 7.6, 17, 演讲的基本 
