Tag: 思想 
The number of books: 280 

ID, Rating, Votes, Title
1054685, 9.0, 36564, 沉默的大多数 
1003479, 9.1, 21177, 中国历代政治得失 
1767945, 8.8, 24724, 一只特立独行的猪 
1014578, 9.0, 17229, 我的精神家园 
1426971, 8.8, 18279, 野火集 
1963912, 8.8, 12240, 正见 
5375620, 8.8, 11219, 失控 
3261600, 9.3, 5567, 人生的智慧 
1418180, 8.9, 8527, 思维的乐趣 
1021273, 8.8, 9709, 中国哲学简史 
1762869, 8.9, 8205, 如彗星划过夜空 
1964774, 9.0, 6903, 论语 
3057556, 9.0, 5450, 狂热分子 
1012032, 8.6, 7376, 查拉图斯特拉如是说 
1004699, 8.9, 4440, 作为意志和表象的世界 
1907199, 8.6, 5969, 扫起落叶好过冬 
1012307, 9.1, 3005, 规训与惩罚 
1045716, 8.7, 4876, 人生中不可不想的事 
4773224, 8.3, 8425, 生活十讲 
2212371, 9.0, 3022, 先知 
4002701, 8.4, 6519, 朱镕基答记者问 
1036541, 8.7, 4075, 疯癫与文明 
1005193, 8.6, 4666, 重新认识你自己 
1017238, 8.8, 3500, 美学散步 
1311280, 9.0, 2616, 灵魂的事 
1002690, 8.8, 3107, 陈寅恪的最后20年 
2025235, 9.1, 2020, 顾准文集 
1269900, 8.2, 6669, 活法 
1033248, 8.9, 2423, 幸福之路 
1139360, 9.1, 1877, 毛泽东选集 第一卷 
2143904, 8.9, 2336, 进化心理学 
1400195, 8.7, 2983, 论自由 
2032141, 8.9, 2284, 陈寅恪魏晋南北朝史讲演录 
1460340, 8.9, 2205, 人性的，太人性的 
1010204, 8.5, 3711, 宽容 
2149717, 8.9, 2174, 庄子諵譁（上） 
1079104, 8.6, 3153, 尼采：在世纪的转折点上 
1829799, 8.7, 2740, 爱的觉醒 
1051919, 9.3, 1328, 庄子今注今译（全三册） 
1277275, 9.2, 1483, 学术与政治 
1489670, 8.7, 2503, 老子他说 
3055719, 8.7, 2472, 经济学的思维方式（第11版） 
1015748, 8.9, 1842, 开放社会及其敌人（全二卷） 
3007268, 9.3, 1172, 传习录 
1015375, 8.7, 2207, 现代化的陷阱 
25881102, 8.9, 1654, 独裁者手册 
1050175, 8.0, 5118, 赫逊河畔谈中国历史 
1068912, 8.6, 2133, 中国文化的深层结构 
3123393, 7.6, 9164, 遇见心想事成的自己 
1022318, 8.7, 1778, 爱弥儿 
6558202, 9.0, 1242, 容忍与自由 
1657455, 8.6, 1973, 论人类不平等的起源和基础 
1608873, 9.2, 968, 山海經 
1465543, 8.8, 1518, 异端的权利 
1905742, 8.8, 1472, 金枝（上下册） 
1030898, 8.8, 1454, 复杂 
1016864, 8.9, 1284, 士与中国文化 
1072189, 8.8, 1438, 百年思索 
1921597, 8.9, 1286, 大学·中庸 
10877051, 9.0, 1124, 顾城哲思录 
1788967, 8.6, 1803, 我们这一代 
3025921, 7.7, 5918, 黑天鹅 
1016930, 9.0, 1039, 论法的精神（上） 
1258513, 8.5, 1843, 爱与寂寞 
3410829, 8.6, 1614, 给青年建筑师的信 
1049136, 8.6, 1595, 数学：确定性的丧失 
5922204, 8.3, 2239, 曾国藩的正面与侧面 
1058131, 8.4, 1926, 金融炼金术 
1982096, 8.4, 1915, 关于来洛尼亚王国的十三个童话故事 
1456524, 7.9, 3819, 这个世界会好吗 
3391717, 8.1, 2837, 中国好人 
4589142, 9.7, 477, Book 
1041452, 8.4, 1823, 存在与虚无 
3431988, 9.1, 812, 人的境况 
2363834, 8.8, 1117, 春秋大义 
2154713, 8.9, 968, 精通正则表达式 
1003093, 8.7, 1204, 美学三书 
1005813, 9.0, 855, 自由秩序原理 
1030526, 8.9, 947, 中国文化史导论 
1084435, 8.5, 1472, 策略思维 
3260902, 8.8, 1012, 智慧书 
2209227, 8.3, 1839, 一个孤独漫步者的遐想 
1254278, 8.7, 1129, 思想录 
1027085, 8.3, 1838, 叔本华人生哲学 
1024785, 9.1, 712, 西方现代思想史 
1729284, 8.0, 2608, 单行道 
2980795, 7.7, 4044, 内向者优势 
1027030, 8.4, 1497, 常识 
25978763, 8.9, 833, 僧侣与哲学家 
6100919, 9.1, 679, 治史三书 
1287508, 8.2, 1900, 明室 
2029640, 8.4, 1443, 南怀瑾讲演录 
1787729, 8.4, 1375, 单向度的人 
1070246, 8.6, 1054, 置身于苦难与阳光之间 
1030294, 8.8, 834, 林中路 
1021702, 8.6, 1051, 偶像的黄昏 
2135139, 8.4, 1290, 我为什么要写作 
1203421, 9.3, 497, 王阳明全集（全二册） 
25928708, 8.6, 1005, 佛祖都说了些什么? 
3117247, 9.0, 652, 中国古代思想史论 
1022232, 8.6, 989, 中国思想史（全三册） 
26390229, 8.0, 2050, 把生命浪费在美好的事物上 
1970116, 8.1, 1762, 这一代人的怕和爱 
10597973, 8.1, 1746, 旧山河 
26692468, 8.6, 934, 智识分子 
3116096, 8.4, 1168, 象与骑象人 
1053526, 8.4, 1180, 哲学与人生 
1084434, 9.0, 613, 以自由看待发展 
6100990, 7.7, 3028, 访问 
2009914, 8.8, 754, 为权利而斗争 
1214303, 8.8, 735, 韩非子 
4285631, 8.7, 814, 意识形态起源和影响 
1256282, 8.5, 1021, 心灵自由之路 
1995655, 9.2, 493, 演员自我修养(第一部) 
1077568, 9.0, 589, 自由论 
20475794, 8.1, 1621, 身体知道答案 
24083865, 7.7, 2782, 女人明白要趁早之三观易碎 
1035600, 8.6, 846, 福柯的生死爱欲 
1322336, 9.0, 561, 控制论与科学方法论 
3238339, 8.7, 747, 人以什么理由来记忆 
6969827, 7.7, 2669, 理想丰满 
14439405, 8.9, 584, 哲学的故事 
3055477, 8.4, 982, 西潮 
1322324, 8.8, 619, 思想史研究课堂讲录 
1310188, 8.3, 1065, 魔鬼出没的世界 
2122637, 8.1, 1368, 20世纪最伟大的心理学实验 
1073535, 9.1, 452, 人与自我 
1081197, 8.7, 643, 歌德谈话录 
1032937, 8.9, 517, 问题与主义 
7057936, 8.4, 848, 批判性思维 
5350197, 8.6, 683, 中国文化的命运 
2375990, 8.9, 496, 经济学思想史讲义 
3132641, 8.8, 536, 中国现代思想史论 
2267824, 8.4, 822, 制度是如何形成的 
1780035, 8.6, 645, 如何改变世界 
1012380, 8.8, 516, 精神现象学（上卷） 
1039258, 8.8, 514, 西方政治思想史 
1918220, 8.4, 769, 性与性格 
5380072, 8.2, 947, 思想与乡愁 
6826594, 8.2, 941, 故事照亮未来 
1315167, 9.0, 406, 历史的用途与滥用 
21324451, 8.9, 438, 不是为了快乐 
1722020, 8.7, 528, 最初和最终的自由 
3006742, 8.5, 636, 改变 
4189215, 9.2, 320, 灵之舞 
1007667, 8.2, 868, 心理学的故事 
1782312, 9.1, 342, 发现社会之旅 
3795033, 9.0, 367, 数学天书中的证明 
1074329, 8.9, 402, 尼采（上下） 
2256361, 8.8, 447, 箭术与禅心 
2222359, 8.9, 398, 非理性的人 
2340059, 7.6, 1805, 心理控制术 
1021529, 8.9, 390, 重负与神恩 
1022187, 8.3, 718, 知识考古学 
7055536, 8.9, 386, 资中筠自选集（全五册） 
1484492, 8.9, 382, 20世纪思想史 
20273773, 8.2, 791, 人生的意义 
1828292, 8.6, 509, 黑暗时代的人们 
26220259, 8.3, 700, 褚时健：影响企业家的企业家 
6720539, 8.3, 679, 断层线 
6889351, 8.7, 436, 建筑的诗学 
1803230, 8.8, 398, 中国近三百年学术史 
11614538, 8.7, 431, 程序员的职业素养 
5336008, 8.3, 641, 瞬变 
10536368, 8.2, 704, 纸上卧游记 
1011180, 8.7, 410, 顾准日记 
17153313, 9.0, 304, 哲学导论 
1292428, 8.6, 440, 神经症与人的成长 
1444141, 9.1, 276, 演讲与论文集 
1035562, 8.6, 429, 在通向语言的途中 
3381387, 8.9, 319, 论持久战 
1050951, 8.2, 641, 米沃什词典 
3823020, 8.8, 337, 性、生态、灵性 
4106854, 9.2, 238, 四圣心源 
1052973, 8.5, 457, 科学的历程 
1083333, 8.4, 502, 积极生活 
26363926, 8.6, 402, 何为良好生活 
10779604, 8.8, 334, 图灵的秘密 
1070274, 8.5, 445, 人的宗教(修订版) 
1808679, 8.6, 402, 再造文明的尝试 
1413045, 8.9, 304, 西方文明史 
25881855, 8.5, 435, 大教堂与集市 
1003828, 8.8, 320, 中国思想传统的现代诠释 
1421310, 8.6, 379, 知识分子的鸦片 
1033829, 9.0, 263, 法律、立法与自由(第一卷) 
6687032, 8.8, 314, 经验的疆界 
3117248, 8.5, 404, 中国近代思想史论 
1078516, 7.9, 793, 心灵史 
3874395, 8.9, 272, 思想的力量 
3171864, 7.6, 1068, 一头想要被吃掉的猪 
3788399, 9.7, 138, 复分析 
1008757, 9.0, 234, 致死的疾病 
26905389, 8.5, 365, 人生所有经过的路，都是必经之路 
3662234, 8.6, 334, 日本的思想 
22404951, 9.0, 231, 建筑：篠原一男 
1873802, 9.2, 193, 人的行為 
1075952, 9.5, 150, 饮冰室合集（全十二册） 
1488497, 9.1, 204, 中国政治思想史 
7064456, 8.4, 376, 研究之美 
1077688, 9.0, 214, 逻辑新引・怎样判别是非 
3865451, 8.9, 234, 现象学导论 
1475128, 8.8, 251, 人的潜能和价值 
25955940, 8.6, 296, 透过佛法看世界 
1176241, 9.2, 177, 宗教思想史 
1963430, 8.7, 269, 欧洲思想史 
1316549, 8.6, 295, 极端的年代 
10449401, 9.3, 163, 现代性的神学起源 
6431982, 9.1, 190, 说理 
25867785, 8.8, 239, 正义之心 
21326266, 8.1, 475, 与机器赛跑 
26737134, 8.0, 523, 就要一场绚丽突围 
26826605, 9.3, 155, 加缪手记 
6528928, 7.9, 562, 沉疴遍地 
3069267, 9.1, 174, 陀思妥耶夫斯基的世界观 
3557854, 8.7, 239, 思虑中国 
1484425, 7.7, 647, 囚徒的困境 
10581480, 8.5, 274, 地球的法则 
1315260, 8.7, 222, 时代的精神状况 
25742296, 8.1, 387, 有限与无限的游戏 
4320831, 8.8, 202, 责任与判断 
1101606, 8.3, 318, 聪明人的圣经 
20395644, 7.7, 599, 大量流出 
1027384, 9.2, 141, 海德格尔选集（上下） 
26737694, 8.0, 409, 西风东土 
25870783, 9.1, 146, 荣耀与丑闻 
25789478, 8.8, 183, 宽忍的灰色黎明 
25886895, 7.0, 1431, 如何成为一个妖孽 
1843001, 8.5, 218, 给莉莉的信 
1556409, 8.4, 232, 信任论 
2122295, 8.9, 151, 人物志 
1945984, 8.9, 149, 诚与真 
2334078, 8.6, 190, 混序：维萨与组织的未来形态 
1003692, 8.5, 200, 真实世界的脉络 
26591902, 9.2, 112, 中国思想史十讲（上卷） 
1444813, 8.4, 208, 灵魂的黑夜 
1066957, 8.1, 273, 罗织经 
25884108, 8.1, 270, 程序员的呐喊 
4164620, 9.0, 125, 王阳明《传习录》详注集评 
1013987, 8.5, 186, 古代中国的思想世界 
10544787, 8.8, 143, 暴力 
1055823, 8.8, 137, 纵欲与虚无之上 
2969222, 9.0, 117, 现象学之基本问题 
26136989, 8.3, 207, 王阳明大传：知行合一的心学智慧（全三册） 
25928726, 8.7, 146, 导读拉康 
26293220, 7.7, 347, 像TED一样演讲 
25708550, 8.0, 251, 知识分子与社会 
10505864, 7.6, 382, 乔姆斯基、福柯论辩录 
10748231, 9.3, 76, 哲学论稿 
26307520, 8.1, 187, 没有街道的城市 
20444403, 8.3, 157, 知鱼之乐 
1843857, 8.0, 196, 未来的冲击 
26268552, 7.6, 297, 如何变得有思想 
1491719, 8.3, 136, 论红楼梦 
26769136, 8.7, 97, 为什么长大？ 
1462854, 8.9, 83, 理想的冲突 
1104943, 8.0, 169, 柔道战略 
2219765, 9.0, 76, 十力语要 
26644896, 8.3, 128, 我是谁？ 
26857572, 8.8, 76, 处处见生机 
26676661, 8.6, 87, 从黄河文明到“一带一路”.第1卷 
26847674, 8.7, 75, 狡猾的情感 
24530141, 8.0, 130, 重估价值 
26545443, 7.8, 148, 自由的基因 
4219498, 9.7, 39, 李泽厚集 
26828226, 9.1, 50, 加缪手记：第二卷 
25767815, 8.6, 68, 自我颠覆的倾向 
26699788, 8.5, 72, 二十六篇 
1082901, 7.8, 126, 聪明人的训练 
26628827, 7.3, 189, 宫崎骏和他的世界 
4167567, 7.4, 169, 物演通论 
26828229, 9.4, 37, 加缪手记：第三卷 
1440001, 9.3, 39, Darwin&#39;s Dangerous Idea: Evolution and the Meanings of Life 
26867512, 8.9, 42, Homo Deus 
25822107, 8.3, 58, 未来考古学 
6060527, 9.0, 35, 爱因斯坦文集（全三卷） 
26922983, 8.9, 20, 演讲的本质 
26839363, 7.1, 46, 请用数据说话 
26831650, 8.0, 24, 转向：用工程师思维解决商业难题 
26910910, 7.9, 10, 彼岸书 
2871453, 7.7, 10, The Origin of Consciousness in the Breakdown of the Bicameral Mind 
