Tag: 政治哲学 
The number of books: 120 

ID, Rating, Votes, Title
1004821, 8.7, 12778, 理想国 
1277981, 8.8, 8054, 社会契约论 
1041385, 9.2, 4494, 论美国的民主 
20463108, 8.3, 16385, 观念的水位 
5408882, 9.1, 3986, 公正 
1076378, 9.1, 1890, 传统十论 
1400195, 8.7, 2983, 论自由 
1277275, 9.2, 1483, 学术与政治 
10601137, 7.7, 10958, 你永远都无法叫醒一个装睡的人 
1015748, 8.9, 1842, 开放社会及其敌人（全二卷） 
3101021, 8.7, 2260, 极权主义的起源 
3003032, 9.2, 1281, 浪漫主义的根源 
1028268, 8.8, 1726, 正义论 
1468426, 8.7, 1848, 利维坦 
1016930, 9.0, 1039, 论法的精神（上） 
3431988, 9.1, 812, 人的境况 
2170983, 9.0, 903, 苏格拉底的申辩 
19976381, 8.9, 767, 政治秩序的起源 
2287712, 8.8, 807, 美国精神的封闭 
1077568, 9.0, 589, 自由论 
3092897, 9.1, 515, 政治学说史（上卷） 
3238339, 8.7, 747, 人以什么理由来记忆 
1038979, 8.6, 761, 道德理想国的覆灭 
3593300, 9.1, 443, 民主新论 
4212276, 8.4, 889, 苏联的心灵 
3072490, 8.5, 800, 功利主义 
1039258, 8.8, 515, 西方政治思想史 
2051821, 8.7, 557, 论革命 
2974917, 8.7, 519, 自由主义 
1437686, 8.8, 462, 自由及其背叛 
4062752, 8.8, 432, 古典自由主义 
10540308, 8.4, 644, 走进生命的学问 
3669381, 8.8, 426, 坏世界研究 
1828292, 8.6, 509, 黑暗时代的人们 
3880817, 9.2, 286, 政治学说史（下卷） 
1276771, 8.1, 844, 政府论（上篇） 
1039771, 8.9, 356, 法哲学原理 
3546574, 8.8, 342, 扭曲的人性之材 
1039750, 9.0, 270, 政治的概念 
4857097, 8.9, 289, 政治思考 
1432078, 8.0, 718, 历史的终结及最后之人 
4190173, 9.1, 242, 人应该如何生活 
3283550, 9.1, 233, 西方政治思想史 
3237711, 8.7, 318, 自由的伦理 
3067148, 8.5, 376, 去政治化的政治 
26320417, 8.9, 245, 自然社会 
1488497, 9.1, 204, 中国政治思想史 
1051349, 8.4, 381, 法国革命论 
1861059, 8.7, 285, 陆地与海洋 
6714961, 9.2, 173, 中国现代思想的起源 
1578541, 8.9, 214, 古代城邦 
1267883, 9.1, 164, 当代政治哲学（上下） 
10566979, 8.6, 246, 利维坦的道德困境 
1063741, 8.6, 245, 霍布斯的政治哲学 
4042959, 8.8, 203, 政治哲学导论 
3158094, 8.8, 194, 英国个人主义的起源 
1002135, 8.6, 229, 历史与阶级意识 
1085540, 8.8, 187, 关于马基雅维里的思考 
1053313, 9.0, 153, 巨人与侏儒 
1281775, 9.2, 128, 哲学与政治 
10355298, 9.2, 128, 论柏拉图的《会饮》 
3069627, 8.9, 158, 苏格拉底问题与现代性 
6953288, 9.0, 144, 什么是政治哲学 
3694913, 8.8, 168, 莎士比亚的政治 
4850299, 7.9, 370, 新自由主义简史 
5257777, 8.6, 185, 每个人的政治 
3151936, 8.8, 154, 霍布斯国家学说中的利维坦 
1491505, 8.3, 235, 幽暗意识与民主传统 
10544787, 8.8, 143, 暴力 
26584727, 9.1, 110, 柏拉图四书 
1055823, 8.8, 137, 纵欲与虚无之上 
5401874, 7.9, 306, 什么是好的公共生活 
2284288, 8.7, 141, 善的脆弱性 
1052860, 9.0, 111, 正义的两面 
1000759, 8.3, 196, 古代人的自由与现代人的自由 
25723773, 9.0, 109, 柏拉图对话录 
1059912, 8.5, 162, 群众与权力 
5290299, 8.9, 118, 安全、领土与人口 
1075312, 8.8, 125, 自由与权力 
1252661, 8.8, 123, 追寻美德 
26667007, 9.2, 91, 思虑20世纪 
26590147, 7.7, 321, 正义的可能 
3134906, 7.8, 283, 公共人的衰落 
7163150, 8.5, 143, 本真性的伦理 
26683648, 8.6, 131, 民主的不满 
1009100, 8.7, 109, 近代政治思想的基础（上、下卷） 
10581468, 8.6, 117, 正义的理念 
25794646, 8.4, 134, 你的权利从哪里来？ 
1887249, 8.9, 79, Homo Sacer 
1750683, 8.7, 92, 狱中札记 
21233495, 9.6, 49, 洛克与自由社会 
4260515, 9.0, 64, 例外狀態 
25725197, 9.0, 62, 合法性与正当性 
25705618, 9.1, 57, 马基雅维里时刻 
25733132, 8.8, 69, 康德政治哲学讲稿 
26545443, 7.8, 149, 自由的基因 
3104573, 8.1, 111, 现代政治的正当性基础 
25720292, 8.2, 101, 个人印象 
26644832, 8.2, 86, 政治是什么？ 
26261103, 8.4, 68, 无目的的手段 
1755628, 7.6, 132, 筑就我们的国家 
1281180, 7.3, 165, 《耶路撒冷的艾希曼》:伦理的现代困境 
25920898, 9.0, 43, 启蒙的三个批评者 
20503759, 8.3, 66, 自由的界限 
25965654, 9.2, 35, 政治的神学 
25822107, 8.3, 58, 未来考古学 
26700368, 8.7, 44, 市场与大师 
4849906, 8.9, 37, 西塞罗文集（政治学卷） 
26289557, 8.3, 52, 阿伦特手册 
20282380, 8.9, 36, 德行、商业和历史 
25809708, 8.4, 48, 如何改变世界 
4913793, 8.8, 31, 浪漫派的将来之神 
26741233, 8.4, 36, 天下的当代性 
26177185, 8.8, 27, 政治哲学 
26821267, 8.1, 37, 对民主之恨 
25853747, 8.4, 30, 希特勒与德国人 
26877271, 9.2, 18, 马克斯·韦伯与德国政治：1890—1920 
26562299, 8.4, 19, 根本恶 
26832582, 8.0, 13, 何为正义 
26806123, 7.7, 12, 寻求有尊严的生活：正义的能力理论 
