Tag: 教育 
The number of books: 560 

ID, Rating, Votes, Title
1007914, 8.7, 54386, 窗边的小豆豆 
3369793, 8.7, 50115, 亲爱的安德烈 
4207781, 8.8, 24594, 孩子你慢慢来 
1013208, 8.5, 26138, 如何阅读一本书 
3465080, 9.0, 5916, 好妈妈胜过好老师 
26425831, 8.8, 7853, 斯通纳 
1095634, 8.7, 7452, 小狗钱钱 
1047719, 8.5, 5605, 傅雷家书 
3533221, 8.5, 4357, 非暴力沟通 
1077778, 8.1, 7361, 爱的教育 
2117871, 8.8, 2417, 大卫，不可以 
2345548, 8.3, 4372, 学习之道（第2版） 
2275635, 8.9, 1738, 如何说孩子才会听，怎么听孩子才肯说 
1161817, 8.7, 2189, 洛克菲勒留给儿子的38封信 
2080764, 8.3, 3347, 为何家会伤人 
1077129, 8.5, 2312, 一生的学习 
1022318, 8.7, 1778, 爱弥儿 
4238299, 8.1, 3591, 宝贝，宝贝 
1731825, 7.5, 7919, 读大学，究竟读什么 
1101921, 8.7, 1290, 定本育儿百科 
3284547, 9.0, 905, 文心 
3891855, 8.7, 1171, 第56号教室的奇迹 
1067049, 8.8, 1032, 孩子，把你的手给我 
2165084, 8.3, 1865, 在轮下 
5408860, 8.2, 2010, 风雨哈佛路 
25913612, 8.1, 2091, 给孩子的诗 
2823823, 9.2, 589, Marva Collins&#39; Way 
2287712, 8.8, 807, 美国精神的封闭 
25733170, 8.7, 877, 吾国教育病理 
4010185, 8.0, 1992, 哪来的天才？ 
1440146, 9.0, 596, 给教师的建议 
4035330, 8.7, 798, 研究是一门艺术 
25845203, 8.6, 876, 五岁熊孩子教我的事 
26304087, 9.2, 456, 孩子：挑战 
1070897, 8.5, 926, 十九札 
3420606, 8.7, 704, 正面管教 
26584286, 8.8, 613, 大学之路（套装） 
10437353, 8.1, 1248, 我想遇见你的人生 
3845101, 7.9, 1562, 24堂财富课 
3655433, 8.4, 796, 西尔斯怀孕百科 
1908463, 7.8, 1641, 与未来同行 
3759379, 9.1, 373, 父母效能训练手册 
3249247, 8.9, 446, 高观点下的初等数学 
1475746, 8.7, 536, 危险心灵 
4006425, 7.7, 1811, 我是一只IT小小鸟 
1800113, 9.1, 366, 图画书阅读与经典 
3003684, 8.7, 512, 幸福的种子 
1224733, 8.7, 507, 开明国语课本（上下册） 
1065003, 8.5, 609, 中毒的父母 
4758246, 8.9, 407, 夏山学校 
1019917, 8.4, 679, 杰出青少年的七个习惯 
4816212, 7.4, 2473, 真希望我20几岁就知道的事 
11527058, 8.2, 815, 先生 
1184872, 8.4, 632, 捕捉儿童敏感期 
26852275, 8.7, 447, 好妈妈胜过好老师2:自由的孩子最自觉 
1879829, 8.5, 537, 朗读手册 
3300884, 8.1, 833, 投资大师罗杰斯给宝贝女儿的12封信 
4146477, 7.6, 1602, 北大批判 
25864044, 8.1, 790, 下乡养儿 
1000972, 8.1, 768, 一生的忠告 
1423818, 7.9, 990, 如何在大学里脱颖而出 
4864832, 9.4, 206, 为什么学生不喜欢上学? 
1290969, 8.8, 346, 民主主义与教育 
2183559, 8.6, 417, 发展心理学 
4201324, 8.8, 344, 赖氏经典英语语法 
6429253, 8.9, 308, 别以为你懂孩子的心 
26850526, 8.3, 546, 追时间的人 
25885179, 9.3, 213, 我为青春狂 
25819593, 8.1, 665, 会做饭的孩子走到哪里都能活下去 
5359838, 8.0, 750, 快速阅读 
26747208, 8.2, 584, 优秀的绵羊 
6084402, 8.7, 339, 游戏力 
23134220, 8.3, 509, 上课记2 
24756462, 8.6, 371, 骑鲸之旅 
5376960, 8.7, 339, 成人之美兮 
24380572, 7.7, 1018, 立 
3518087, 8.5, 394, 给研究生的学术建议 
1000904, 8.1, 598, 卡尔·威特的教育 
2276901, 8.3, 473, 斯波克育儿经 
6523827, 8.4, 418, 不能错过的英语启蒙 
4138066, 8.0, 652, 老师的谎言 
1434426, 8.5, 372, 一个大学校长的自白 
1146989, 9.0, 232, 与孩子的天性合作 
6109582, 8.1, 548, 走不出的风景 
5335800, 8.3, 416, 吾意独怜才 
5354379, 8.1, 514, 喂故事书长大的孩子 
4825571, 9.2, 186, 数学分析八讲 
1451698, 8.9, 235, 什么是教育 
4852805, 8.8, 248, 希利尔讲世界史 
3743038, 9.5, 140, 写给孩子的哲学启蒙书（共6册） 
3199068, 8.2, 433, 让孩子做主 
3755086, 8.8, 238, 发展心理学-儿童与青少年-第八版 
2349648, 7.5, 971, 通三统 
21370327, 8.5, 304, 学做工 
25978468, 7.8, 648, 遇见孩子，遇见更好的自己 
1799241, 7.8, 650, 全新思维 
2068955, 8.9, 208, 大学之理念 
1157631, 8.0, 500, 哈佛家训 
6004438, 7.5, 939, 做你自己 
25876244, 7.4, 1066, 在绝望中寻找希望 
10758030, 8.8, 225, 让孩子的大脑自由 
10485841, 8.8, 223, 作为教育家的叔本华 
6839883, 9.7, 113, 共和国教科书 
5338024, 8.5, 288, 与孩子一起学编程 
3180904, 8.6, 260, 和孩子划清界限 
1045342, 8.3, 336, 诺贝尔奖获得者与儿童对话 
7916383, 7.9, 509, 中国留守儿童日记 
5354378, 8.1, 395, 培养孩子的英文耳朵 
3289275, 9.0, 171, 国文百八课 
19941577, 9.2, 147, 叩响命运的门 
3010621, 8.6, 235, 如何说孩子才肯学 
25921218, 9.4, 124, 2014年新版赖世雄美语：美语音标便携版 
1042934, 7.9, 476, 哈佛琐记 
3241963, 8.3, 309, 郑玉巧育儿经·婴儿卷 
26133770, 8.9, 178, 盗火者 
4908857, 8.4, 278, 奥数是个替死鬼 
1442238, 8.1, 368, 学习改变命运 
4230636, 8.2, 327, 不平等的童年 
10773248, 8.6, 223, 无条件养育 
1007886, 8.7, 204, 游戏中的科学 
1891413, 8.8, 181, 朱子家训 
20414886, 9.3, 120, 让孩子心悦诚服 
5280404, 8.1, 337, 上学真的有用吗 
10602261, 8.7, 192, 佩蓉的妈妈经 
3192554, 8.2, 292, 请让我慢慢长大 
3420221, 8.5, 216, 实用程序育儿法 
2261591, 8.3, 262, 怎样写作 
20375324, 8.6, 198, 你是世上最好的妈妈 
1490423, 8.5, 218, 陪孩子长大 
2229649, 8.3, 257, 童年的秘密 
20258531, 8.0, 348, 法国妈妈育儿经 
4864406, 8.7, 180, 教育就是解放心灵 
4194978, 8.6, 192, 完整的成长 
11597314, 8.0, 344, 我被爸爸绑架了 
3838032, 9.1, 130, 给孩子们的信 
6971390, 7.5, 605, 小狗钱钱2 
7154320, 7.5, 586, 与爱因斯坦月球漫步 
1077996, 8.1, 300, 成长 
10486206, 8.5, 196, 教养与文明 
4233659, 7.3, 732, 少吃一块糖，最好的大学任你上！ 
4169495, 7.5, 559, 让天赋自由 
5339693, 8.4, 212, 母爱的羁绊 
3215710, 7.9, 342, 伦理学的邀请 
3561113, 8.3, 230, 无论你选择什么样的人生，我都为你加油 
1032216, 7.9, 334, 素质教育在美国 
19935531, 9.1, 116, 给青年的十二封信·谈修养 
4201118, 8.1, 269, 我们如何思维 
26257557, 8.7, 154, 热锅上的家庭 
1869106, 9.3, 98, 教育思想的演进 
2184750, 8.8, 142, 哈佛家训 
1027050, 7.6, 458, 完美大学必修课 
25838364, 7.6, 449, TED演讲的秘密 
26866448, 8.6, 161, 皮囊之下 
1426927, 7.3, 644, 美国是如何培养精英的 
1277811, 8.7, 148, 爱弥儿（上卷） 
3189896, 7.6, 432, 教书匠 
6800784, 8.4, 185, 故事知道怎么办 
3314380, 8.8, 132, 相遇 
1015941, 8.4, 185, 继承人 
2368114, 8.0, 272, 男孩的冒险书 
6532344, 8.6, 153, 第56号教室的奇迹2 
4852887, 8.5, 166, 希利尔讲艺术史 
26743071, 7.6, 400, 学会学习 
3766443, 7.8, 320, 芬兰教育全球第一的秘密 
26674037, 8.6, 148, 为人文教育辩护 
6864085, 7.5, 444, 知识不是力量 
1944927, 9.1, 102, 言说抵抗沉默 
3440538, 7.4, 501, 一岁就上常青藤 
4063555, 7.0, 863, 别笑，我是高考零分作文 
2331448, 9.0, 106, 作文三书（全三册） 
26284463, 9.0, 104, 皮特猫 
1014029, 8.1, 220, 致父亲：天才卡夫卡成长的怕与爱 
1027876, 8.2, 196, 大学之理念 
3729116, 8.0, 238, 接纳孩子 
5299980, 8.3, 177, 教出乐观的孩子 
2304415, 8.9, 108, 倾听孩子 
25801138, 8.7, 125, 是什么带来力量 
25833287, 8.7, 125, 我的第一本艺术启蒙书 
11538005, 8.8, 114, 0-6岁A+育儿法 
25833051, 8.6, 132, 幸福的婚姻 
25734421, 8.5, 143, 胡萝卜须 
4852719, 8.4, 155, 希利尔讲世界地理 
26412796, 9.2, 84, 孩子提问题大师来回答2 
26183838, 7.5, 378, 我想看到的世界 
3248514, 8.3, 168, 中国人的修养 
25712707, 8.7, 116, 孩子提问题 大师来回答 
26470077, 9.1, 86, 西尔斯亲密育儿练习手册 
1214563, 8.4, 145, 有吸收力的心灵 
26596172, 7.7, 285, 写给儿童的名人故事(全套25册） 
25871818, 8.6, 121, 讲理 
26894476, 9.6, 61, 华人育儿百科 
22224887, 8.6, 120, 全脑教养法 
26352480, 9.0, 90, 魔法岁月 
1824306, 7.2, 494, 学习的艺术 
26904684, 9.0, 90, 校长日记 
25719288, 8.2, 166, 老师的十二样见面礼 
20471127, 7.7, 265, 给你爱的人以自由 
26394207, 8.0, 195, 给孩子的散文 
4194954, 9.0, 85, 解读语文 
26705662, 9.2, 75, 心理营养 
5991642, 8.7, 106, 老课本 新阅读 
25871630, 8.7, 106, 作文七巧 
3826776, 8.9, 91, 名作细读 
1394365, 8.7, 104, 教養的迷思 
1291077, 8.4, 131, 学会生存 
1006301, 8.2, 155, 教育的目的 
5921082, 8.5, 120, 培养孩子从画画开始2：孩子的话如何看怎样教 
1924775, 8.4, 130, 教育漫话 
1437582, 8.3, 142, 教学勇气 
4118212, 8.3, 141, 好妈妈胜过好老师 
4847299, 8.7, 100, 林间最后的小孩 
5946563, 7.5, 305, 学习要像加勒比海盗 
3729117, 8.9, 87, 善解童贞 
2255378, 7.4, 345, 学习这回事 
3289283, 8.7, 101, 语文杂记 
25923082, 9.3, 66, 万物运转的秘密 
11637320, 8.1, 161, 民国时期大学校园文化 
1799781, 8.4, 125, 家庭教育 
1367194, 9.4, 62, 被壓迫者劇場 
26853123, 7.7, 239, 深阅读 
26671406, 9.4, 62, 儿童健康讲记：一个中医眼中的儿童健康、心理与教育 
26769136, 8.7, 97, 为什么长大？ 
1197433, 8.8, 89, 为孩子立界线 
1101840, 8.5, 111, 斯宾塞的快乐教育 
3393174, 7.8, 208, 为什么孩子要上学 
10570885, 8.6, 101, 芝加哥学术生涯规划 
1318944, 8.3, 130, 效率专家爸爸 
1000687, 6.2, 2065, 学习的革命 
1808662, 8.4, 119, 学校是一段旅程 
4126129, 7.6, 253, 哈佛制造 
1029841, 9.1, 71, 与孩子共享自然 
2263157, 8.7, 93, 文章讲话 
1398969, 9.3, 62, 写给孩子的哲学启蒙书（第1卷） 
26268737, 8.2, 137, 西尔斯橙色亲子课 
23860440, 8.3, 124, 参与孩子的成长 
6713131, 9.1, 69, 解放父母解放孩子 
24295824, 8.2, 133, 共读绘本的一年 
26683846, 8.2, 133, 如何学习 
6973852, 8.5, 105, 为爱朗读 
25712703, 8.7, 88, 父母的觉醒 
3185636, 8.8, 82, 天才儿童的悲剧 
26337848, 8.7, 88, 家有四男 
1843070, 8.5, 102, 儿童的人格教育 
4279817, 7.3, 323, 上学的烦恼 
21692819, 8.9, 76, 打开绘本之眼 
4019426, 7.8, 185, 美感是最好的家教 
26895988, 8.0, 151, 学习之道 
1171256, 8.2, 127, 教育心理学 
1679253, 8.4, 108, 心平气和的一年级 
5354950, 7.6, 217, 特别狠心特别爱 
1939118, 8.3, 113, 文化与承诺 一项有关代沟问题的研究 
3768589, 9.2, 59, 罗素论教育 
5292438, 8.3, 111, 救救孩子 
25551562, 7.4, 260, 李光耀回忆录 
10809718, 8.5, 93, 我爱幼儿园 
3344034, 8.6, 85, 西尔斯育儿经 
1007562, 5.9, 2895, 哈佛女孩刘亦婷 
1223050, 8.1, 124, 发现孩子 
26318926, 8.0, 135, 教养的关系花园 
6851010, 8.2, 115, 孩子学钢琴，父母先上课 
10747634, 8.3, 106, 寻找有意义的教育 
4604035, 8.7, 76, 可爱的身体 
6802418, 8.8, 71, 世界儿童文学·阅读与经典 
6794522, 7.8, 158, 对抗语文 
3187420, 8.7, 75, 让孩子着迷的77×2个经典科学游戏 
5916926, 8.5, 87, 不要随便摸我 
1222924, 8.0, 128, 蒙台梭利早期教育法 
26729331, 9.3, 51, 不吼不叫 
10808776, 7.9, 141, 规矩和爱 
20385941, 7.8, 155, 最好的教养在路上 
26608905, 9.3, 51, 小伤疤 
10767251, 9.3, 51, 365个艺术创意 
6430661, 8.4, 92, 爸妈太过分 
25828092, 8.0, 121, 国文趣味 
5252658, 8.8, 66, 用尊重成就孩子的一生 
1315240, 8.5, 82, 论教育学 
6720139, 7.2, 268, 最愚蠢的一代 
1808660, 8.5, 80, 解放孩子的潜能 
4715249, 8.7, 69, 没有围墙的学校 
1703948, 9.2, 50, 孩子们，你们好！ 
4796701, 7.3, 237, 养育男孩 
1808657, 8.1, 107, 孩子是如何学习的 
7051473, 8.1, 108, 我从彩虹那边来 
4850617, 7.8, 139, 安野光雅的七堂绘画课 
5361413, 7.1, 289, 天才是训练出来的 
24734210, 9.7, 37, 如何说少年才会听 怎么听少年才肯说 
25834256, 8.5, 75, 培养高情商的孩子 
26585086, 8.5, 75, 大学之路  上册 
25925226, 8.5, 75, 强势 
25773343, 9.0, 53, 伯克毕生发展心理学：从0岁到青少年（第4版） 
26275862, 8.3, 85, 翻转式学习 
26695673, 9.2, 47, 失控 
1009624, 8.3, 85, 琢玉记 
6773363, 8.2, 91, 教养大震撼 
25827514, 7.6, 154, 特权 
5908640, 8.7, 63, 哈佛通识教育红皮书 
3283539, 8.5, 72, 郑玉巧育儿经·幼儿卷 
24882900, 9.1, 49, 廿一世纪初的前言后语 
6759256, 8.1, 96, 你就是孩子最好的玩具 
26798340, 8.6, 66, 别等孩子长大了才后悔你现在做的太多 
10563198, 8.6, 67, 宝贝，你们好吗？ 
25907631, 8.0, 106, 父子电影俱乐部 
10454001, 9.2, 45, 儿童的利益 
25718169, 7.8, 123, 剑桥 
6736113, 7.8, 123, 婴语的秘密 
3137116, 7.3, 203, 巴黎高师史 
20272118, 8.3, 80, 儿童大脑开窍手册 
3119724, 8.4, 74, 妈妈是最初的老师 
10734347, 9.4, 39, 《子女心
1493336, 8.1, 91, 让目标达到沸点 
1320151, 8.1, 90, 人是如何学习的 
3909967, 8.3, 77, 如何培养孩子的社会能力 
1921568, 8.1, 90, 奖励的惩罚 
26695669, 9.5, 36, 企鹅爸爸爱上网 
25831032, 7.9, 103, 这才是中国最好的语文书 
1227441, 7.8, 112, 班主任工作漫谈 
6828146, 7.1, 227, 大学生的坟 
3583474, 9.2, 42, 教育与现代社会 
25917406, 8.8, 52, 音乐神童加工厂 
2125914, 9.2, 41, 青春期 
6518947, 9.2, 41, 窗边的小豆豆合集（套装共9册） 
3663000, 7.7, 119, 梁启超和他的儿女们 
3033504, 8.9, 49, 课程与教学的基本原理 
19977117, 7.8, 107, 陪孩子走过小学六年 
1393145, 8.3, 72, 脑的学习与记忆 
1014877, 8.4, 67, 再生产 
1637623, 8.7, 54, 陶行知教育名篇 
21458711, 8.0, 90, 阅读是最浪漫的教养 
21965490, 7.5, 141, 设计师式认知 
11445554, 8.1, 82, 艺术原来可以这样看 
1070215, 7.2, 188, 一个经济学家给女儿的忠告 
1664816, 8.9, 46, 学校与社会·明日之学校 
26595310, 8.2, 73, 二十四只眼睛 
2277313, 8.1, 79, 打造儿童阅读环境 
3164157, 8.1, 79, 教师不可不知的心理学 
26611866, 9.4, 35, 曾国藩治学方法 
1292420, 8.2, 74, 文章例话 
25732573, 7.8, 102, 早教的秘密 
26797268, 8.6, 55, 养育的选择 
3150705, 8.4, 63, 還好，我們生了兩個孩子 
10747391, 8.7, 50, 我的第一本专注力训练书-小观察成就大思维 
1311660, 8.1, 76, 老师怎样和学生说话 
23058339, 8.3, 65, 认知设计 
3140796, 9.3, 35, 我的工作是母親 
26646634, 8.1, 74, 因为爱，所以节制 
1861309, 8.3, 64, 胡适选专业 
26705829, 8.3, 63, 特权 
2058840, 7.8, 93, 我的事业是父亲 
1425813, 7.8, 91, 儿童心理学 
24861381, 8.9, 42, 给即将上大学的孩子们的信 
3601552, 9.0, 39, 种籽学苑教育手记 
4917103, 7.8, 90, 记忆的魔术 
23788352, 9.1, 36, 让孩子聪明的121个大脑训练游戏 
26675905, 8.5, 51, 统治与教育 
26805866, 8.3, 58, 0～12岁，给孩子一个好性格 
1449583, 8.2, 63, 晏阳初传 
26637972, 9.3, 32, 小情绪 大情感 
1034250, 8.3, 58, 告语人民 
7007725, 7.8, 85, 阅读的力量 
10519487, 7.3, 134, 你的1岁孩子 
2983784, 8.7, 44, 做一个专业的班主任 
6811399, 8.5, 50, 稻草人的头，铁皮人的心，狮子的勇气 
26825412, 9.2, 33, 认识乐理 
26738072, 8.4, 53, 这就是二十四节气 
24295802, 8.0, 70, 由内而外的教养 
1125797, 7.8, 82, 蒙台梭利儿童教育手册 
2516411, 8.0, 71, How to Become a Straight-A Student 
1661774, 8.3, 56, 大学的理想 
26788966, 9.5, 28, 被禁止的事：所有“不可以”都是教孩子思考的起点 
26707322, 8.0, 69, 最好的方法给孩子 
26688715, 9.5, 28, 漫谈弟子规 
26605738, 8.8, 40, 做孩子最好的英语学习规划师 
1881775, 8.2, 59, 人的问题 
6857343, 9.0, 35, 内向孩子的潜在优势 
26201895, 7.8, 78, 孩子与恶 
21241229, 9.0, 35, 李中莹亲子关系全面技巧 
25894673, 8.7, 41, Make it Stick 
3063061, 7.9, 71, 父亲的因素 
10342885, 9.6, 25, 初小部分-共和国教科书-共六册 
10344527, 8.3, 51, 妈妈的心灵课 
26817112, 9.5, 26, 劳拉博士有问必答 
1219952, 8.2, 55, 什么是世界一流大学 
1426211, 8.2, 55, 优秀是教出来的 
26360325, 8.2, 55, 别说你懂“英语启蒙” 
3237107, 9.2, 30, 纽约少年 
26610696, 9.5, 26, 分享——并不总是很容易 
3314537, 9.0, 33, 婴儿、儿童和青少年 
5404011, 7.3, 114, 印度理工学院的精英们 
6023107, 7.8, 71, 我为什么讨厌学校 
26666349, 9.8, 22, 豆宝宝大创意系列2：《你一半我一半》《别学我》《一条尾巴十只老鼠》 
3653470, 8.4, 45, 童书非童书 
19941064, 7.9, 64, 自私的父母 
5440590, 7.7, 76, “母爱”真可怕 
26866061, 8.7, 37, 让孩子不恐惧、不焦虑、不拖延 
26912176, 8.9, 33, 聪明养育：像科学家一样养孩子 
2280247, 8.9, 33, 做一个聪明的教师 
24738129, 8.7, 37, 及格主义 
10564509, 8.8, 35, 月迷津渡 
26290387, 9.0, 31, 游戏力Ⅱ：轻推，帮孩子战胜童年焦虑 
3596979, 9.2, 28, 写给孩子的哲学启蒙书(第6卷)(精) 
26258238, 8.3, 47, 让孩子的脊椎挺起来 
3359519, 9.0, 31, 国外教育社会学基本文选 
1325134, 8.8, 34, 蒙台梭利幼儿教育科学方法 
1439198, 8.2, 49, 哲学与幼童 
4744898, 8.1, 53, 给孩子100本最棒的书 
26670874, 7.6, 78, 一个人最后的清单 
2090855, 8.9, 32, 一门捉摸不定的科学 
1313249, 8.9, 32, 脑中之轮 
1444027, 8.6, 38, 确定性的寻求 
24383564, 7.5, 83, 性格的力量 
25961266, 8.4, 42, 宝宝也是哲学家 
26594229, 8.4, 42, 你不知道的美国留学 
1261264, 8.3, 45, 古典传统与自由教育 
25890299, 9.0, 30, 关注孩子的目光 
25709707, 8.5, 39, 有益的父母，有害的父母 
26689753, 6.3, 324, 知乎：正义女神不睁眼 
24718631, 9.1, 28, 让孩子痴迷的创意思维游戏 
26781091, 8.7, 34, 妈妈，谢谢你懂我 
26864701, 9.6, 22, 一切都在你心中 
11599335, 6.8, 158, 大量阅读的重要性 
5908824, 8.1, 49, 《开明国语课本（典藏版）》（全八册） 
26677451, 9.1, 27, 发现孩子天生气质 
4840791, 8.1, 49, 孩子的画告诉我们什么 
1256713, 9.1, 27, 知识转型与教育改革 
24714171, 7.5, 77, 玩是最好的教养 
4111128, 9.0, 28, 让学生都爱听你讲 
26864697, 9.6, 21, 迈克斯睡前表演秀 
6811560, 8.2, 44, 与孩子共处的八年 
1033342, 8.3, 41, 幸福家庭的7个习惯 
2099620, 8.0, 50, 如何成为尖子生 
3035005, 9.0, 27, 人智學啟迪下的兒童教育 
1912458, 9.0, 27, 儿童思维发展 
2294522, 8.2, 43, 給青年知識追求者的信 
26586892, 7.7, 60, 为未知而教
25732738, 7.3, 85, 无声的革命 
26815558, 9.3, 23, 体育全知道 
19978285, 8.7, 31, 阅读与讲解 
1059555, 8.9, 28, 教育人类学 
3653465, 8.3, 39, 童书是童书 
3713508, 6.3, 264, 谁叫你读硕博士 
2041716, 8.6, 32, 教育心理学 
3666720, 9.1, 24, 儿童心理学手册 
4244880, 9.1, 24, 儿童发展 
26580132, 8.0, 45, 学习的本质 
10740601, 8.9, 26, 社会性与人格发展 
1443914, 7.5, 66, 早期教育与天才 
25712727, 8.3, 36, 正面管教A-Z 
3337371, 7.3, 76, 七田真0～6岁育儿法 
1701656, 8.4, 34, 梁启超演讲集 
26878562, 9.0, 24, 人之初 
25826896, 9.3, 21, 汉声数学图画书 
1997483, 9.3, 21, 非學校化社會 
26600414, 9.2, 22, 去情绪化管教 
3227936, 9.2, 22, 欧洲大学史（第一卷） 
26296697, 7.4, 69, 胡适谈读书 
26307654, 8.2, 37, 人之废 
1909707, 7.6, 56, 美国大学的通识教育 
1912252, 8.7, 27, 理解孩子的成长 
25751975, 9.3, 20, 象牙塔的变迁 
20279742, 8.4, 32, 民主与教育 
2106413, 9.1, 22, 外语教育往事谈:教授们的回忆 
26744929, 8.4, 31, 互联网+秋叶课堂：我的网课创业 
24740865, 8.4, 31, 大地在心 
2179551, 8.5, 29, 教学设计原理 
26319980, 7.8, 45, 培训行业这一年 
3925647, 8.4, 30, 异常儿童心理 
2000582, 8.2, 34, 学术的秩序 
6773057, 7.7, 47, 捕捉孩子的敏感期 
1070963, 7.0, 85, 杰出的头脑 
26384117, 7.4, 58, 这才是最好的数学书（全两册） 
11623716, 7.1, 74, 表演圣经 
26864691, 9.5, 17, 走廊里有个大怪物 
26420533, 8.8, 23, 度量 
3925644, 8.0, 36, 毕生发展 
4100343, 8.0, 36, 艺术治疗 
1486726, 6.2, 199, 怎样打孩子？ 
20491175, 8.6, 25, 如何培养孩子的社交商 
4880992, 7.9, 38, 高效能父母的21个教子习惯 
1060820, 8.6, 25, 学习的条件和教学论 
1148500, 7.8, 40, 儿童的秘密 
25930601, 7.8, 40, 门萨女孩张安琪成长之路 
2181842, 7.2, 65, 超学习法 
10605480, 7.4, 55, 批判性思维训练手册 
10519489, 7.2, 63, 你的3岁孩子 
25900671, 7.9, 36, 童年的王国 
4733825, 8.5, 25, 儿童早期艺术创造性教育 
3920778, 8.4, 26, 为人父母 
5372659, 8.0, 33, 孩子，把你的手给我（Ⅲ） 
2006814, 8.1, 31, 孩子，我应该这样爱你 
25933690, 7.3, 53, 怎样才是最好的学习？ 
6863914, 7.6, 42, 写给传媒、传播、文化研究专业学生的课堂游戏 
1643490, 8.0, 32, 中国大学1895-1995 
1664819, 8.2, 28, 斯宾塞教育论著选 
26283227, 6.7, 92, 与大数据同行 
1450951, 8.4, 25, 维柯论人文教育 
26731187, 8.6, 22, 英国摄影教室 
25919714, 8.0, 31, 养育女孩 
26417276, 7.7, 38, 世界上最聪明的孩子 
26426328, 8.2, 27, 课堂上究竟发生了什么 
26312412, 8.0, 30, 发现你的天赋 
1079536, 8.2, 26, 为了自由 
26304127, 8.0, 29, 玩耍精神：会玩的孩子真的有出息 
1078580, 8.8, 19, 教育诗 
6266467, 7.6, 37, 美国学生社会技能训练手册 
1127630, 8.5, 21, 语文教育门外谈 
3187123, 8.0, 28, 观察儿童 
26417389, 7.4, 41, 民国三大校长 
5214780, 8.8, 18, 管教有方 
4848555, 7.1, 51, 玩出好人生 
26645331, 8.6, 19, 童年哲学 
6903416, 8.5, 20, 开明国文讲义（上下） 
26826895, 8.1, 24, 孩子没问题，大人有问题 
26682112, 8.3, 21, 越读馆的创意写作之旅 
1313588, 8.4, 20, 意识形态与课程 
10605384, 7.4, 36, 不奖不打管孩子 
4201857, 7.9, 26, 培养情商 
4254702, 8.0, 24, 高效学习 
7565203, 8.2, 21, 可怕的科学-经典数学系列套装-全12册 
20503771, 7.6, 30, 从优秀教师到卓越教师 
10524486, 7.1, 42, 3岁对了，一辈子就对了 
3342087, 8.0, 22, 教孩子画画 
25916556, 8.0, 22, 教室里的正面管教 
1163627, 7.8, 23, 多元智能 
7067551, 7.5, 27, 不教的教育 
4902696, 7.7, 23, 蒙台梭利儿童教育经典原著（套装６册) 
24318988, 8.0, 19, 风过华西坝 
1527975, 8.2, 17, 知识与控制 
26829721, 7.5, 24, 最强大脑李威金牌教练袁文魁：教你轻松学习记忆法 
6850880, 7.7, 21, 如何成为高效能教师 
10775249, 8.3, 15, 教出孩子的自信、品格和抗压力 
26862454, 7.8, 19, 其实不识字 
2700731, 8.0, 17, 学习心理学 
26892174, 8.3, 14, 50个教育法 
26434657, 8.0, 16, 妈妈教的数学 
3342559, 8.1, 15, 儿童与艺术/美术教育学系列译丛 
1536944, 7.6, 18, 人的教育 
26895483, 8.2, 13, 朱天衣的作文课（全5册，随书赠含光盘） 
25827403, 7.7, 16, 师范学校与中国的现代化 
26599057, 7.4, 18, 混合式学习 
26344870, 7.5, 17, 刘墉给孩子的成长书 
26666161, 8.4, 11, 帕布罗和他的椅子 
26891182, 8.0, 13, 在孩子下次生病前 
3120058, 7.6, 16, 学术部落及其领地 
26873186, 8.2, 11, 美国学前全科练习（4～5岁） 
3692822, 7.7, 14, 孩子，你的敏感我都懂 
25816205, 7.4, 16, 暴脾气小孩 
3237030, 7.5, 15, 儿童的语言与思维 
26589034, 7.7, 13, 爸妈必修的100堂自然课 
3353668, 7.5, 14, 陶行知文集（上下册） 
26437522, 8.1, 10, 我把美国教育方法带回国 
3461500, 7.5, 13, 世界的故事（全五册） 
26838514, 7.3, 14, 大学的意义 
6779296, 7.6, 12, 大学的诞生 
25916557, 7.6, 12, 十几岁孩子的正面管教 
24879782, 7.6, 11, 培养人性 
2225039, 7.8, 10, A Framework for Understanding Poverty 
26823322, 7.4, 12, 何以安身立命 
26836785, 7.2, 13, 六说文学教育 
25931805, 7.5, 10, 我和儿子的每一步 
2270614, 7.4, 10, Mindstorms 
