Tag: 散文随笔 
The number of books: 936 

ID, Rating, Votes, Title
3995526, 8.7, 73492, 目送 
4238362, 8.6, 82636, 送你一颗子弹 
1023045, 8.6, 68323, 我们仨 
3369793, 8.7, 50117, 亲爱的安德烈 
6388661, 8.8, 40958, 这些人，那些事 
4207781, 8.8, 24595, 孩子你慢慢来 
1209899, 9.0, 15718, 我与地坛 
1088581, 8.9, 13380, 浮生六记 
1449352, 8.6, 19616, 朝花夕拾 
1036490, 8.8, 13990, 万水千山走遍 
3369600, 8.1, 41861, 当我谈跑步时我谈些什么 
23008971, 9.0, 8966, 平如美棠 
2136140, 8.7, 13735, 雨季不再来 
4884218, 8.8, 11275, 我的阿勒泰 
4124727, 8.1, 32541, 孤独六讲 
2068249, 9.0, 7462, 温柔的夜 
10522856, 9.0, 7112, 冬牧场 
1760548, 9.2, 5526, 三毛作品集 
4872671, 8.2, 24858, 佛祖在一号线 
4881850, 9.0, 5878, 阿勒泰的角落 
1878708, 8.3, 16473, LA流浪记 
1692648, 8.9, 6540, 一个人的村庄 
5269439, 8.4, 13754, 城门开 
1056461, 8.3, 14837, 旅行的艺术 
1073349, 8.8, 6694, 写在人生边上 人生边上的边上 石语 
3642673, 8.0, 23090, 我执 
1980436, 8.7, 7343, 流言 
3713237, 8.8, 6118, 亲爱的三毛 
1049688, 8.5, 9420, 妞妞 
1003284, 8.1, 17888, 退步集 
1003986, 8.8, 5835, 病隙碎笔 
26278687, 7.8, 28736, 皮囊 
1061242, 8.8, 4967, 写在人生边上 
1949679, 8.7, 5565, 素履之往 
2988943, 8.3, 9014, 青灯 
25753361, 8.7, 4978, 最好金龟换酒 
1253310, 8.9, 3720, 人间草木 
4773224, 8.3, 8425, 生活十讲 
1227844, 8.8, 4096, 雅舍谈吃 
25984204, 7.6, 28601, 乖，摸摸头 
3698390, 8.6, 5290, 送你一匹马 
4238144, 9.1, 2650, 岁朝清供 
1054889, 7.7, 21914, 行者无疆 
1053088, 9.2, 2255, 陶庵梦忆 西湖梦寻 
1013801, 8.8, 3658, 倾城 
1460313, 8.4, 6308, 哥伦比亚的倒影 
5333599, 8.2, 8600, 春天责备 
3389984, 8.6, 4633, 俗世奇人 
1015864, 9.0, 2659, 惶然录 
1016429, 8.6, 4432, 毛姆读书随笔 
1311280, 9.0, 2616, 灵魂的事 
3333989, 8.1, 9172, 荒废集 
6709834, 8.4, 5740, 爸爸爱喜禾 
4113090, 7.4, 33309, 我们台湾这些年 
3698217, 8.6, 4257, 花田半亩 
25920202, 8.6, 4303, 泛若不系之舟 
1829614, 8.6, 4222, 琼美卡随想录 
1933931, 8.7, 3676, 沿着塞纳河到翡冷翠 
4159088, 7.8, 14062, 理想的下午 
20425053, 7.7, 16850, 我所理解的生活 
1001204, 7.9, 11558, 山居笔记 
2042633, 9.0, 2334, 金蔷薇 
1020241, 7.6, 19098, 千年一叹 
3711733, 8.6, 3785, 那个姐姐教我们的事 
2240482, 8.0, 9251, 走到人生边上 
2034893, 7.6, 18719, 那些男孩教我的事 
3339812, 9.3, 1593, 木心作品八种 
10607710, 8.0, 9055, 世间的盐 
1382840, 8.7, 3157, 背影 
2254582, 8.9, 2403, 以箭为翅 
3880832, 8.2, 6146, 认得几个字 
1398441, 9.1, 1771, 汪曾祺散文 
1045201, 8.2, 5714, 哲学的慰藉 
1819978, 8.5, 3632, 温莎墓园日记 
25639223, 8.3, 4603, 身边的江湖 
4905854, 8.9, 2090, 将饮茶 
3621542, 8.4, 4007, 蓝房子 
1401795, 8.6, 3042, 时间的玫瑰 
1056616, 8.6, 3018, 槭树下的家（席慕蓉作品典藏版） 
3740431, 8.4, 3954, 灵魂只能独行 
2052596, 8.2, 5200, 退步集续编 
3053868, 7.9, 8391, 永不永不说再见 
25735727, 8.2, 5219, 站在两个世界的边缘 
1033843, 8.7, 2562, 张看（上下） 
4912688, 8.6, 2892, 干校六记 
5275500, 7.7, 11516, 尘曲 
4208780, 8.1, 5775, 流浪集 
1288925, 8.8, 2216, 五味 
1906681, 8.8, 2209, 猎人们 
1924318, 8.9, 1912, 汪曾祺谈吃 
20278799, 7.6, 13121, 三十六大 
5290534, 7.8, 8991, 为了报仇看电影 
1489494, 8.5, 3116, 人与永恒 
5905348, 8.2, 4743, 笑谈大先生 
3410833, 8.6, 2676, 给青年艺术家的信 
1048441, 8.3, 3888, 透明的哀伤 
4151117, 8.5, 2898, 阴翳礼赞 
11602267, 8.9, 1762, 羊道·春牧场 
1079838, 8.7, 2219, 湘行散记 
10743137, 7.7, 9766, 绿皮火车 
2275635, 8.9, 1738, 如何说孩子才会听，怎么听孩子才肯说 
3311009, 7.2, 24885, 原来你非不快乐 
4169341, 8.3, 3692, 水问 
1008732, 8.4, 3213, 失败之书 
25982254, 8.1, 4702, 大萝卜和难挑的鳄梨 
1023000, 8.6, 2298, 常识与通识 
1049361, 8.3, 3403, 比我老的老头 
3604331, 8.4, 2937, 午夜之门 
6864307, 7.4, 14964, 像我这样笨拙地生活 
1492634, 8.3, 3363, 生活的艺术 
3267934, 8.4, 2883, 日本四季 
11602263, 9.1, 1233, 羊道·深山夏牧场 
11602265, 9.1, 1230, 羊道•前山夏牧场 
4199685, 7.6, 9988, 我读 
1007196, 8.5, 2514, 闲情偶寄 
2375972, 8.3, 3237, 今朝风日好 
1963395, 8.5, 2462, 鱼丽之宴 
4169342, 8.6, 2153, 女儿红 
1069805, 8.7, 1875, 给青年的十二封信 
1059040, 8.6, 2093, 雅舍小品 
4212607, 7.6, 9234, 有味 
1888215, 8.4, 2650, 即兴判断 
7058059, 8.0, 4725, 我们心中的怕和爱 
1061572, 8.5, 2293, 随想 
1083883, 8.7, 1762, 席慕蓉经典作品 
4031698, 7.8, 6231, 读者 
1022783, 8.2, 3369, 用我一辈子去忘记 
10607793, 8.5, 2244, 刀与星辰 
1004318, 8.3, 2894, 守望的距离：周国平散文集 
4845827, 8.8, 1497, 遇见·猫的国 
3018322, 7.6, 8302, 活着活着就老了 
1041414, 8.6, 1868, 威尼斯日记 
1029370, 9.1, 1052, 记忆与印象 
1204398, 8.8, 1456, 幽梦影 
20413794, 7.7, 6672, 眠空 
3880846, 8.7, 1578, 学飞的盟盟 
1004539, 8.5, 2006, 爱与孤独 
5383175, 8.7, 1557, 童年与故乡 
1032672, 8.2, 2908, 拥抱逝水年华 
6937888, 8.5, 1928, 树犹如此 
1288913, 8.3, 2512, 半生为人 
1049215, 7.5, 8534, 借我一生 
5336228, 8.7, 1409, 作家笔记 
3652211, 8.6, 1576, 爱默生家的恶客 
1041616, 7.4, 9558, 那些忧伤的年轻人 
4059800, 8.0, 3454, 私语书 
1186209, 8.7, 1336, 张晓风经典作品 
1987453, 7.9, 3887, 人生不过如此 
3621252, 7.4, 8817, 曾经 
2058479, 9.1, 852, 史铁生散文 
3391717, 8.1, 2837, 中国好人 
5336240, 8.3, 2096, 异乡记 
1400717, 8.0, 3223, 写作 
1760730, 8.3, 2121, 伍尔夫读书随笔 
2027002, 8.2, 2434, 对照记 
1312995, 8.5, 1596, 周国平作品精选 
26613052, 8.7, 1249, 我的造梦之路 
4170274, 8.5, 1573, 只缘身在此山中 
1083882, 8.5, 1583, 白先勇经典作品 
2165057, 8.7, 1229, 堤契诺之歌 
1987995, 8.3, 2017, 在云上 
1291570, 8.9, 948, 简媜散文 
25744944, 8.5, 1516, 既见君子 
1785512, 8.3, 1941, 漫卷西风 
26053771, 8.6, 1317, 小于一 
11588627, 7.9, 3330, 无非求碗热汤喝 
6121542, 8.0, 2889, 当你途经我的盛放 
1491630, 8.7, 1174, 小窗幽记 
6126821, 8.4, 1667, 远方的鼓声 
1077196, 8.6, 1288, 蒙田随笔全集（全三册） 
1062608, 8.3, 1841, 旧时月色 
2209227, 8.3, 1839, 一个孤独漫步者的遐想 
4145556, 8.4, 1593, 微晕的树林 
6794016, 7.5, 6011, 如何成为一个怪物 
10466438, 8.0, 2679, 上课记 
1070985, 8.8, 949, 钱钟书散文 
4160794, 8.4, 1521, 多余的话 
2287508, 8.0, 2578, 多余的素材 
3225748, 7.9, 3001, 路上有惊慌 
26264154, 8.6, 1165, 悲伤与理智 
1034349, 8.7, 1050, 从前 
20272112, 8.2, 1928, 欢喜 
5908161, 8.5, 1305, 雨天的书 
1398461, 8.7, 1029, 梁实秋散文 
1186712, 8.2, 1893, 各自的朝圣路 
1021261, 8.7, 1025, 烟波蓝：简媜散文精品集 
3644791, 7.4, 6518, 噪音太多 
6730310, 7.7, 3918, 我的不完美 
1793990, 8.9, 815, 早晨从中午开始 
1393473, 8.8, 899, 遍地风流 
4621342, 7.8, 3171, 世纪末的华丽 
4274472, 8.2, 1784, 茶之书 
2075175, 8.8, 882, 缘缘堂随笔 
6896040, 8.2, 1784, 好小猫 
3606804, 8.2, 1772, 徒然草 
20513012, 7.6, 4260, 无比芜杂的心绪 
1484695, 8.1, 1981, 季羡林谈人生 
6844469, 8.1, 1944, 走夜路请放声歌唱 
19977313, 8.8, 842, 花乱开 
1220904, 8.9, 754, 春醪集 
2135139, 8.4, 1290, 我为什么要写作 
11535030, 8.3, 1452, 一个一个人 
2156168, 8.4, 1283, 书读完了 
1785508, 8.1, 1875, 今晚去哪里 
25898124, 7.6, 3764, 得未曾有 
4917641, 8.9, 705, 故乡的食物 
4165852, 7.5, 4452, 你是那人间的四月天 
1949417, 8.2, 1593, 这就是纽约 
2174792, 8.3, 1385, 清欢 
2377014, 8.2, 1566, 阅读的故事 
26390229, 8.0, 2050, 把生命浪费在美好的事物上 
1970116, 8.1, 1762, 这一代人的怕和爱 
1837876, 9.6, 364, ぼくの靴音 
10597973, 8.1, 1746, 旧山河 
2339264, 8.6, 953, 人为什么活着 
4061754, 8.1, 1702, 黑花黄 
4841303, 7.6, 3464, 人情·世故 
2301475, 8.4, 1157, 人间食粮 
1017839, 7.9, 2218, 带着鲑鱼去旅行 
2326423, 8.3, 1310, 真水无香 
3410812, 7.4, 4775, 死在这里也不错 
1466236, 8.0, 1879, 风中的纸屑 
1026884, 8.5, 1009, 左手的掌纹 
20413880, 8.1, 1660, 古书之美 
5337231, 8.2, 1461, 我爱问连岳Ⅳ 
1004719, 8.6, 892, 谈修养 
26367364, 8.1, 1609, 爱吃沙拉的狮子 
5419801, 8.4, 1095, 别样的色彩 
1690728, 8.8, 702, 沈从文精选集 
3773959, 8.4, 1101, 只有一个人生 
4160472, 8.5, 967, 告诉我，你怎样去生活 
1038012, 8.7, 767, 周国平自选集 
1785502, 7.9, 2032, 咖啡苦不苦 
26698598, 8.2, 1337, 有如走路的速度 
1060489, 8.7, 743, 驼背小人 
5914563, 8.1, 1501, 边走边啃腌萝卜 
1051911, 7.9, 1995, 终究悲哀的外国语 
5402205, 8.5, 913, 空灵 
4067778, 8.5, 915, 文字的故事 
10794355, 7.7, 2620, 台湾念真情 
24527845, 7.0, 8667, 我讲个笑话，你可别哭啊 
21770836, 8.5, 899, 八九十枝花 
25776456, 8.7, 716, 老味道 
10834769, 7.7, 2502, 门外汉的京都 
1322264, 7.8, 2181, 陈丹青音乐笔记 
25784438, 8.2, 1231, 不留心，看不见 
3866002, 7.2, 5703, 我所爱的香港 
3723236, 8.0, 1606, 我与父辈 
6802371, 7.9, 1842, 一个游荡者的世界 
6967980, 7.4, 3948, 然后，我就一个人了 
5299919, 8.6, 760, 国王鞠躬，国王杀人 
3662421, 8.1, 1379, 密涅瓦火柴盒 
2066445, 8.7, 685, 卿卿如晤 
25935074, 8.1, 1367, 文·堺雅人：憧憬的日子 
1915716, 8.5, 838, 负暄琐话 
5404877, 8.2, 1174, 安持人物琐忆 
5938219, 7.8, 1992, 昨日书 
3610492, 7.9, 1736, 好色的哈姆莱特 
26022097, 8.4, 927, 番石榴飘香 
25762598, 8.8, 590, 尽头 
1046276, 8.1, 1301, 温暖和百感交集的旅程 
26272073, 8.1, 1277, 一生里的某一刻 
10527371, 8.9, 525, 马雁散文集 
1322445, 8.4, 901, 林语堂散文 
1149495, 8.2, 1141, 梦十夜 
6831222, 8.4, 900, 随性而至 
4154558, 8.7, 645, 人间草木 
26371292, 8.1, 1270, 不在他方 
6970042, 8.9, 522, 草木春秋 
4912689, 8.6, 701, 杂忆与杂写 
20499673, 7.9, 1622, 味道·人民公社 
20499677, 8.0, 1421, 味道·味觉现象 
3769019, 8.5, 777, 闪亮的日子 
10437353, 8.1, 1248, 我想遇见你的人生 
25917140, 7.2, 4768, 不要让未来的你，讨厌现在的自己 
5414639, 8.5, 755, 旧情复燃 
3808810, 7.7, 2123, 来去自由 
2025188, 8.2, 1084, 故事 
6826615, 7.8, 1838, 台北小吃札记 
4191577, 7.9, 1577, 相遇 
25741244, 7.1, 5642, 我承认我不曾历经沧桑 
6773642, 7.7, 2069, 猛虎细嗅蔷薇 
25833450, 7.6, 2381, 奇石 
1939594, 7.7, 2082, 京都一年 
2382544, 8.7, 607, 园圃之乐 
1026871, 8.0, 1354, 林清玄散文 
25918820, 7.8, 1763, 吴哥之美 
1427754, 8.8, 534, 侏儒的话 
6026256, 8.7, 591, 红婴仔 
1070899, 8.6, 658, 浮生悠悠 
25849895, 8.9, 476, 人间草木 
3662614, 7.9, 1492, 淡江记 
1278499, 8.9, 482, 汪曾祺:文与画 
5502946, 7.5, 2692, 元气糖 
6392678, 7.5, 2637, 想念 
1437162, 8.1, 1132, 随想录 
25849892, 8.8, 508, 人间滋味 
10282578, 7.7, 1902, 村上广播 
1807349, 8.6, 632, 个人尊严 
22542435, 7.6, 2234, 我是开豆腐店的，我只做豆腐 
4836601, 8.3, 856, 扪虱谈鬼录 
6783708, 8.1, 1102, 怒河春醒 
25803923, 7.9, 1416, 你是我不及的梦 
2191536, 9.1, 381, 资治通鉴-(柏杨白话版)(全九辑三十六册)(双盒装) 
20433605, 7.8, 1620, 因自由而美丽 
4896497, 8.2, 970, 一一风荷举 
26416401, 7.4, 2943, 我敢在你怀里孤独 
5423585, 8.6, 605, 树枝的疏忽 
4917570, 9.0, 403, 旧人旧事 
1063251, 8.7, 540, 丰子恺散文 
1908358, 8.3, 831, 山南水北 
19899834, 7.2, 3917, 只愿你曾被这世界温柔相待 
20499702, 7.7, 1784, 味道·第一宗罪 
6440324, 8.4, 733, 人各有异 
10875996, 8.9, 435, 朝圣者之歌 
2241214, 8.7, 521, 味至浓时即家乡 
4051249, 9.1, 356, 杨绛文集·散文卷（上） 
4051248, 8.7, 526, 杨绛文集·散文卷（下） 
1441440, 8.6, 582, 私房书 
3662629, 8.3, 792, 黄金盟誓之书 
4732153, 7.7, 1691, 过得去 
1409892, 9.0, 388, 随遇而安 
4933087, 7.3, 3204, 机场里的小旅行 
1028201, 8.8, 464, 文明的孩子 
10876103, 7.4, 2700, 守脑如玉 
10485866, 8.2, 878, 暴风雨的记忆 
20394952, 8.1, 985, 九篇雪 
3034097, 8.3, 780, 平常茶非常道 
25788697, 7.6, 1932, 一切都是最好的安排 
26831788, 8.0, 1096, 旅行与读书 
25787364, 8.6, 543, 京都古书店风景 
3535792, 7.6, 1845, 日本料理 
3711727, 7.5, 2177, 等待香港 
1071187, 9.0, 366, 老舍幽默诗文集 
1018416, 8.1, 955, 花忆前身 
6002887, 7.5, 2149, 突然十年便过去 
5921793, 7.6, 1871, 我这一代东京人 
25774772, 8.5, 593, 做饭 
1748075, 8.8, 439, 槐园梦忆 
3041567, 8.8, 434, 美的情愫 
10537645, 8.4, 661, 岛屿书 
26785701, 7.5, 2061, 月童度河 
4861485, 7.2, 3400, 就算天空再深 
1270511, 8.1, 921, 湖上闲思录 
25777461, 8.4, 646, 日日是好日：茶道带来的十五种幸福 
26687647, 7.8, 1318, 至味在人间 
2995151, 8.5, 571, 三生影像 
3003471, 8.4, 641, 私人藏书 
1000034, 7.4, 2343, 生死遗言 
3918036, 7.7, 1458, 日月 
11620497, 8.2, 777, 简单的艺术 
1262580, 7.6, 1655, 像邦妮一样爱你 
1460123, 8.0, 959, 寒夜客来 
3034068, 7.9, 1094, 神保町书蟲 
20375477, 8.6, 485, 这世间所有的白 
1392950, 7.5, 1897, 花间一壶酒 
3689094, 8.4, 593, 最美的决定 
3673386, 7.2, 3017, 廉价哲学 
3062449, 9.2, 273, 唐鲁孙作品（六卷精华版） 
5914555, 8.0, 932, 暴食江湖 
3115303, 8.2, 731, 一生的远行 
1960044, 8.5, 522, 伊利亚随笔选 
2157181, 8.0, 908, 荷兰牧歌 
5423785, 8.1, 804, 千年繁华 
1398456, 8.4, 567, 周作人散文 
10529099, 8.3, 631, 笑红尘 
2369301, 8.1, 797, 孤独天使 
10536368, 8.2, 704, 纸上卧游记 
1013032, 9.3, 240, 风中的院门 
6875416, 8.5, 501, 感时忧世 
26431217, 8.6, 447, 在江湖 
4210379, 8.7, 402, 京华忆往 
25804641, 7.7, 1264, 草草集 
1492804, 8.2, 674, 把栏杆拍遍 
4711466, 8.1, 751, 培根随笔 
1762875, 8.3, 596, 暗盒笔记 
26791998, 8.3, 588, 山中的糖果 
5982380, 8.3, 591, 祸枣集 
25699117, 8.1, 743, 都是遗风在醉人 
6126817, 7.8, 1078, 边境 近境 
25713576, 7.8, 1070, 玩儿 
7001042, 8.5, 469, 无计花间住 
4710587, 8.5, 472, 畜界，人界（修订版） 
4273327, 7.8, 1052, 有所思，乃在大海南 
3338823, 7.8, 1059, 三月曝书 
5914551, 8.1, 725, 我在故宫看大门 
26791617, 8.0, 802, 大好河山可骑驴 
1559728, 8.3, 569, 方丈记 徒然草 
10795220, 7.7, 1181, 喃喃 
5411007, 8.0, 812, 胭脂盆地 
1041297, 8.4, 512, 猫啊，猫 
3773956, 8.2, 632, 思想的星空 
26685539, 8.1, 696, 有鹿来 
4934669, 7.6, 1329, 老而不死是为贼 
5935619, 8.0, 785, 记得 
3538438, 8.0, 793, 一切因你而值得 
3191866, 8.1, 701, 杜甫的五城 
5978079, 7.8, 1008, 百家姓 
1440568, 8.4, 499, 下午茶 
3097837, 8.1, 689, 汪国真经典诗文 
6021091, 8.8, 333, 反与正·婚礼集·夏天集 
2294982, 7.8, 971, 与陈丹青交谈 
23780549, 7.8, 977, 愿你的道路漫长 
3033671, 7.5, 1476, 江湖有事 
20375515, 8.2, 596, 重生：桑塔格日记与笔记1947～1963 
25886167, 8.6, 391, 武人琴音 
6042374, 8.9, 293, 政治与文学 
1615235, 8.2, 581, 蒙田随笔 
7051393, 7.6, 1233, 俗 
10440147, 8.3, 527, 世间的名字 
25852665, 7.6, 1234, 孤独的人都要吃饱 
25904933, 8.4, 470, 我的母亲手记 
3633987, 8.1, 650, 书趣 
26318808, 7.5, 1433, 我的脖子让我很不爽 
1038703, 7.7, 1046, 音乐影响了我的写作 
3316179, 8.1, 643, 人在故乡为异客 
4841292, 7.3, 1868, 十方一念 
25799286, 8.2, 565, 博尔赫斯的面孔 
23134220, 8.3, 509, 上课记2 
26761291, 9.0, 255, 人间草木 
5935620, 7.9, 792, 青玉案 
11613687, 7.5, 1318, 我是爬行者小江 
23116260, 8.2, 542, 其实，大家都想做菜 
3451827, 8.2, 547, 旅人 
19912127, 7.7, 997, 文茜的百年驿站 
6781409, 6.8, 4249, 窗里窗外 
6047961, 8.2, 534, 天涯海角 
22264311, 8.3, 482, 无声无光集 
3004379, 8.7, 324, 丰子恺散文 
10541710, 8.9, 269, 老头儿汪曾祺 
6558047, 7.9, 755, 胡吃乱想 
2973228, 7.9, 758, 蔡澜谈倪匡 
3303213, 7.1, 2405, 让我去那花花世界 
25887839, 8.1, 592, 历史在你我身边 
5906080, 7.6, 1088, 阿嬷，我回来了 
6059783, 7.4, 1466, 你好，小确幸 
3822989, 8.1, 584, 旧时风物 
7916066, 7.6, 1106, 欲爱书 
25871638, 7.7, 961, 品味四讲 
1198520, 8.5, 383, 北方人的巴赫 
3686287, 7.8, 838, 梦的1/4旅行 
25827812, 7.5, 1239, 我这个普通人的生活 
3995798, 8.4, 418, 讲故事的人 
1161387, 8.7, 314, 无梦楼随笔 
6129534, 7.7, 940, 不曾苟且 
20452319, 8.0, 650, 让“死”活下去 
26873638, 9.2, 200, 活着本来单纯 
26708780, 7.8, 807, 非洲三万里 
7175432, 8.9, 256, 张枣随笔选 
1071270, 8.2, 509, 酸甜苦辣咸 
1870381, 8.4, 412, 闲情偶拾 
4191531, 7.5, 1189, 工作颂歌 
24754564, 7.9, 708, 葬我以风 
1937814, 8.0, 619, 说来话儿长 
1890742, 7.7, 911, 东写西读 
5939300, 7.3, 1593, 垃圾筐电影院 
26274801, 7.5, 1171, 沉默也会歌唱 
10794793, 9.1, 210, 彩云聚散 
6109582, 8.1, 548, 走不出的风景 
1483001, 9.0, 228, 大自然的日历 
4149376, 8.0, 618, 朝闻道集 
10466455, 7.3, 1569, 不必读书目 
25912887, 6.8, 3662, 练习一个人 
1967806, 9.3, 181, 穆旦诗文集（全二卷） 
26672748, 8.9, 244, 山居杂忆（插图精装版） 
25958626, 7.9, 673, 橄榄成渣 
10517247, 8.5, 353, 在新疆 
5333596, 7.4, 1327, 我们的她们 
25804649, 7.4, 1324, 无知的游历 
25660221, 7.6, 983, 代表作和被代表作 
24380058, 7.6, 978, 读书年代 
26313575, 8.2, 465, 各自爱 
10607712, 8.0, 578, 迷人的谎言 
10455864, 7.3, 1454, 知情识趣 
24716171, 8.6, 309, 沉默的大多数 
1048177, 8.0, 584, 董桥散文 
11586903, 7.9, 656, 夏目漱石的百合 
24860561, 7.4, 1258, 且以永日 
5942644, 8.6, 309, 武藏野 
25908110, 8.5, 343, 诗人的迟缓 
4583113, 6.8, 3423, 四手联弹 
26679240, 7.6, 932, 槽边往事 
14449069, 8.0, 565, 春在绿芜中 
6731445, 7.9, 642, 巴黎，很烦人 
3999563, 8.5, 338, 野果 
1012221, 8.2, 460, 浮生三记 
1781525, 7.7, 823, 殡葬人手记 
1875187, 8.5, 328, 微晕的树林 
25843055, 9.1, 195, 花花朵朵坛坛罐罐 
26388796, 8.0, 550, 人间卧底 
4256223, 7.8, 691, 西班牙主题变奏 
26215044, 7.4, 1202, 我们台湾这些年2 
4267093, 9.1, 190, 梁遇春散文 
4179200, 8.1, 486, 看图识字 
19935578, 8.1, 482, 旧日红 
25886896, 7.4, 1156, 关键词 
6711774, 7.8, 684, 出神 
3316185, 8.0, 537, 失落的大陆 
10531023, 7.6, 887, 午后四时的啤酒 
24872489, 8.1, 473, 小鸟在天空消失的日子 
7057187, 9.4, 149, 陶庵梦忆 
1040673, 8.2, 422, 笑忘书 
3771868, 8.2, 423, 印度札记 
7916067, 7.6, 865, 忘言书 
4766916, 8.6, 284, 爱默生随笔 
1073378, 8.6, 286, 北京乎（上下） 
4742948, 8.4, 346, 缝熊志 
1037090, 8.1, 478, 天下味 
7007774, 7.7, 765, 没有意义就没有摇摆 
2368338, 8.6, 286, 遥远的房屋 
25804642, 7.5, 999, 谈话的泥沼 
26802388, 7.6, 844, 自在独行 
10512240, 7.9, 581, 燕巢与花事 
3574690, 7.6, 851, 小导演失业日记 
24700924, 8.3, 377, 细数那些叫思念的羊 
25793386, 8.8, 235, 扯经 
26864773, 8.9, 211, 任你行 
26646456, 8.1, 458, 无尽绿 
6109435, 8.1, 458, 《读书》十年 
2310647, 7.3, 1266, 先上讣告后上天堂 
3071714, 7.9, 576, 饮膳札记 
6431238, 6.9, 2420, 一个人私奔 
1426475, 8.7, 247, 芥末居杂记 
25910582, 8.0, 506, 成长，请带上这封信 
10491606, 7.1, 1703, 寂寞带我去散步 
2221690, 9.6, 121, 晚饭花集 
24849840, 8.0, 495, 静默有时，倾诉有时 
25818124, 8.2, 396, 翡翠岛编年 
2075391, 7.2, 1427, 那些不值钱的经验 
1465795, 7.6, 806, 天公不语对枯棋 
1812843, 7.7, 709, 在中国屏风上 
6021094, 7.9, 538, 喜乐京都 
3773194, 8.9, 202, 周作人散文全集 
25727153, 9.2, 160, 永玉六记·珍藏版 
7916068, 7.6, 783, 路上书 
1117965, 9.0, 187, 伍尔芙随笔全集（共四册） 
3802538, 8.6, 265, 四方食事 
3651646, 7.9, 541, 精神明亮的人 
3920235, 7.4, 1036, 等待香港 
26357269, 7.2, 1377, 京都山居生活 
3838150, 8.3, 354, 我目光下的你 
26883447, 9.4, 137, 在人群中消失的日子 
26747206, 8.8, 218, 人生忽如寄 
5269117, 8.8, 216, 现实即弯路 
25828868, 7.5, 881, 快活馋 
1320797, 8.3, 347, 毕淑敏作品精选 
26662051, 8.1, 429, 我说的不一定对 
26576518, 7.0, 1836, 我的晃荡的青春 
25874670, 8.3, 339, 大地上的事情 
3627948, 8.4, 303, 持灯的使者 
26663951, 7.8, 582, 唧唧复唧唧 
3768297, 7.1, 1520, 乱来 
24743163, 7.3, 1111, 世界将我包围 
1434097, 8.4, 302, 王朝女性日记 
1950196, 9.3, 139, 汪曾祺作品自选集 
25887874, 7.7, 636, 惜别 
6391201, 7.8, 571, 二十二岁之前 
6972440, 8.1, 406, 老饕续笔 
2998520, 8.0, 446, 论小丑 
10875994, 8.2, 364, 温泉疗养客 
4922253, 7.9, 495, 历史：何以至此 
7154299, 7.7, 625, 东榔头 
7154298, 7.8, 561, 西棒槌 
3572739, 8.3, 325, 冷记忆5 
26263052, 7.9, 488, 毫无必要的热情 
6844364, 8.2, 352, 人生一瞬 
1546197, 8.4, 287, 记忆像铁轨一样长 
19976775, 7.5, 796, 死城漫游指南 
23778103, 9.2, 146, 木心作品二辑五种 
24720088, 7.4, 893, 见好 
3139786, 9.0, 167, 喬見沒 
10601552, 7.2, 1185, 例外 
3647886, 8.6, 236, 管风琴·看听读 
19961797, 7.5, 780, 少年台湾 
25820165, 8.7, 210, 田园之秋 
5401958, 7.2, 1180, 九万字 
26282087, 7.8, 527, 把所有失眠的夜都给你 
2360092, 8.4, 280, 替人读书 
25901703, 8.0, 415, 只有时间不会撒谎 
26914640, 9.6, 106, 你配得上更好的人生 
26737694, 8.0, 409, 西风东土 
1411023, 8.3, 299, 独居日记 
19948593, 8.0, 411, 表演与偷窥 
6000646, 8.5, 247, 夜读抄 
5908164, 8.6, 226, 自己的园地 
26711101, 8.2, 326, “边缘人”纪事 
1499645, 9.5, 112, Essays of E. B. White 
26848146, 7.8, 495, 民国太太的厨房 
19970056, 8.1, 357, 江南 
6097374, 8.1, 355, 橄欖香 
10825459, 8.1, 359, 东京记 
23765239, 8.2, 323, 世界停在我吻你的时候 
1010499, 8.6, 217, 龙坡杂文 
1058098, 8.0, 386, 张小娴作品集 
3432870, 7.5, 699, 日下书 
25886895, 7.0, 1431, 如何成为一个妖孽 
25800339, 7.6, 595, 唐诗风物志 
4208773, 7.9, 421, 伦敦画记 
10574080, 8.6, 206, 不够知己 
25976633, 8.0, 370, 我自己的陌生人 
10554294, 8.4, 247, 英华沉浮录 1 
2075718, 8.4, 246, 空山灵雨 
7916062, 8.0, 367, 白描 
5947457, 8.8, 172, 虚实之间 
3858961, 7.3, 858, 蔡澜眼中的八婆与美女 
3389943, 8.6, 204, 德富芦花散文 
3162221, 8.2, 295, 夜晚的书斋 
20431859, 8.4, 243, 我的山居动物同伴们 
10748702, 8.8, 172, 宁静乐园 
26331783, 7.7, 495, 宋家客厅 
10608218, 7.7, 503, 价值的理由 
6727813, 8.1, 321, 尘世的梦浮桥 
4258803, 8.2, 289, 一个人的城堡 
1020930, 8.6, 200, 苦茶随笔 
1228011, 8.0, 354, 知堂谈吃 
1397886, 8.3, 262, 西游记与中国古代政治 
1547521, 8.6, 199, 西湖梦寻 
24870163, 7.6, 556, 万物皆有伤心处 
25777339, 8.3, 257, 老生常谈 
26787813, 8.4, 232, 纸上染了蓝 
1474793, 8.9, 151, 王鼎钧散文 
4908970, 7.4, 693, 风格练习 
6389908, 8.6, 194, 知堂文集 
10793304, 8.1, 310, 读书的“风景” 
3535331, 8.7, 173, 食经 
5914495, 8.0, 337, 兰台万卷 
3406848, 7.6, 531, 终极美味 
26849123, 9.1, 127, 厚积落叶听雨声 
6429287, 7.0, 1204, 独立书店，你好！ 
21965475, 7.1, 1023, 爱上几个人渣 
6759066, 7.4, 676, 生于天桥底 
26315075, 7.3, 760, 岛屿来信 
10456975, 8.4, 221, 刀下留人 
1980691, 8.0, 322, 四季随笔 
26578484, 7.3, 756, 世界上有趣的事太多 
4247648, 9.2, 114, 最后的浪漫主义者 
3643266, 7.6, 497, 阅读的至乐 
4290387, 7.5, 568, 茶当酒集 
3519776, 8.3, 237, 留白 
5942643, 7.9, 345, 人文·民主·思想 
22015881, 7.4, 616, 7749 
7916063, 7.8, 381, 绝色 
5407368, 8.0, 306, 古典之殇 
4044131, 7.3, 714, 嘲骚 
1597381, 8.8, 149, 自然与人生 
1022476, 8.7, 162, 苦竹杂记 
4925124, 7.7, 427, 灰屋顶的巴黎 
5910921, 6.8, 1501, 坦白说，亲爱的 
6971752, 7.2, 793, 对照记@1963 
20462955, 7.7, 419, 此时众生 
6719924, 7.5, 524, 饰琳琅 
4045081, 7.7, 409, 美利坚物语 
3273147, 7.8, 367, 松尾芭蕉散文 
6510146, 7.7, 404, 梅酒香螺嘬嘬菜 
1011010, 8.8, 142, 鹤林玉露 
25755752, 8.4, 195, 监狱琐记 
4621224, 9.2, 104, 英国散文精选 
6523973, 7.6, 447, 衣锦夜行 
26841113, 9.2, 102, 岁月沧桑 
25844486, 7.5, 491, 我的旅行哲学 
26595964, 7.2, 732, 当一切在我们周围暗下来 
25780158, 8.1, 254, 鸟儿歌唱 
1399714, 8.8, 138, 英伦独语 
5299805, 7.9, 303, 写意巴洛克 
2031348, 7.8, 341, 书与你 
4236926, 8.0, 276, 的里雅斯特 
26894367, 8.6, 155, 尘土 
26693234, 8.5, 171, 心有欢喜过生活 
10867359, 8.3, 203, 考工记 
26899220, 9.1, 104, 生活，是很好玩的 
26253714, 7.9, 297, 在西伯利亚森林中 
20453483, 8.3, 198, 塞万提斯的未婚妻 
6973686, 8.9, 121, 花园 
4934337, 7.0, 897, 最爱的男子 
26476959, 8.3, 193, 我青春漫游的时代 
26348734, 8.4, 176, 听客溪的朝圣 
25805200, 7.6, 392, 草色连云 
10782031, 8.9, 118, 胡适的理想国 
1073544, 8.1, 228, 醒来的森林 
26281730, 7.9, 276, 南华录 
5502410, 6.7, 1383, 北京的腔调 
26291216, 6.5, 1933, 我们生活在巨大的差距里 
24838970, 6.9, 986, 无聊的魅力 
19964958, 8.5, 155, 周作人俞平伯往来通信集 
24754142, 7.6, 379, 柔软的距离 
1746182, 8.8, 120, 龙应台杂文精品 
20444861, 8.4, 168, 始有集 
26373145, 7.4, 466, 耳朵借我 
10563327, 7.3, 531, 人生中最美妙的事都是免费的 
4238189, 7.7, 328, 冲绳札记 
5388848, 7.9, 263, 簪花的少年郎 
26430928, 7.4, 460, 如何独处 
26253701, 8.6, 137, 船夫日记 
26148097, 7.3, 522, 不知死，焉知生 
26220133, 7.2, 586, 把时间浪费在美好的事物上 
26682087, 7.2, 584, 借山而居 
24852365, 7.8, 284, 天涯晚笛 
5999408, 7.5, 396, 茶可道 
20458907, 7.5, 399, 书淫艳异录（全二册） 
3376232, 8.3, 171, 宋朝人的吃喝 
26281185, 7.9, 251, 因为梦见你离开 
4760870, 7.4, 437, 如何煮狼 
1025384, 8.1, 201, 墓中回忆录 
4913076, 8.0, 223, 书生活 
19977960, 8.2, 184, 草木一村 
26359009, 6.5, 1650, 和喜欢的一切在一起 
6889524, 7.3, 475, 慢漫京都 
5360705, 8.0, 216, 东居闲话 
19967325, 8.5, 139, 读书随感 
1395772, 8.7, 117, 契诃夫手记 
3438645, 7.6, 327, 靠窗的位子
3222755, 9.0, 94, 风把人刮歪 
26437752, 6.8, 942, 灯下尘 
24718693, 7.4, 402, 与故土一拍两散 
26864237, 8.6, 121, 爱欲与哀矜 
26309123, 7.0, 676, 近在远方 
10568346, 7.4, 396, 孤独的大多数 
19912140, 7.0, 666, 读书毁了我 
25903857, 8.1, 186, 大书特书 
25709123, 6.9, 765, 回忆是一种淡淡的痛 
26728018, 6.7, 1031, 你所谓的稳定，不过是在浪费生命 
19967508, 6.7, 1011, 我开始轻视语言 
1268594, 8.4, 139, 旅行人信札 
4256701, 8.4, 138, 悲欣交集 
25732271, 8.4, 139, 为众生的悲心 
25843439, 7.9, 215, 听水读抄 
25703280, 8.5, 126, 游金梦 
3037383, 7.6, 297, 人间世 
25774256, 7.2, 475, 肥肉 
10544783, 7.0, 633, 草木的理想国 
3926699, 7.2, 481, 情色之花 
26394207, 8.0, 195, 给孩子的散文 
26842329, 9.3, 70, 瞬：陳綺貞歌詞筆記 
26363718, 8.6, 115, 谁在银闪闪的地方，等你 
20272103, 7.3, 410, 旧时光的味道 
25969353, 8.9, 92, 天鹅之死 
25849532, 8.0, 188, 闲暇处才是生活 
20476687, 7.4, 357, 思凡 
25799743, 7.8, 229, 藤花抄 
19976723, 7.6, 280, 十五颗小行星 
25816576, 7.6, 271, 流浪者的乡愁 
25912807, 7.9, 199, 和服之韵 
25907098, 8.0, 181, 采绿 
10571606, 7.7, 247, 物中看画 
19976869, 8.0, 182, 一池疏影落寒花 
26658076, 8.3, 137, 咸也好，淡也好 
25740175, 8.2, 149, 奇来前书 
24732976, 7.1, 493, 品味 
26304071, 8.1, 159, 京都人生 
5914514, 7.5, 291, 假装读过 
26791269, 8.9, 83, 请你种下这本诗集 
10618568, 8.8, 89, 蜗耕集 
25909313, 7.3, 362, 阳光猛烈，万物显形 
3572745, 7.6, 256, 作家看人 
25729410, 8.1, 156, 京范儿 
1005442, 8.7, 94, 药味集 
1039878, 9.2, 67, 顾随全集 
26133987, 6.7, 820, 云去云来 
26577701, 8.0, 167, 我的美的世界 
26662988, 8.2, 138, 我明白你会来，所以我等 
25961836, 8.4, 118, 人只会老，不会死 
10541076, 8.5, 109, 低吟的荒野 
26335158, 7.0, 515, 不过，一场生活 
11577428, 7.5, 278, 腰斩哪吒 
4733799, 9.2, 66, 英国散文名篇欣赏(第2版) 
1073518, 8.3, 126, 帝京景物略 
19954823, 7.9, 180, 明朝没有沈万三 
25864840, 7.7, 220, 且借纸遁 
26588107, 7.4, 302, 只有大众
24719014, 7.6, 244, 中国有多特殊 
26278884, 8.4, 114, 文化不是味精 
26767595, 8.1, 146, 云物如故乡 
26369862, 8.2, 133, 浮光 
1276333, 9.2, 64, 太阳升起以后 
26677405, 8.0, 156, 老灵魂 
26586174, 8.0, 158, 万物停止生长时 
19948615, 8.0, 156, 文艺的，过于文艺的 
20379949, 7.2, 367, 最后的闺秀 
26597462, 8.3, 121, 失书记•得书记 
25943103, 7.1, 417, 温暖灵魂的味道 
20375538, 8.4, 109, 浪游之歌 
10741328, 8.2, 130, 乐在工作 
7564081, 8.8, 81, 人类学 
25980979, 8.2, 130, 生命的寻路人 
26653018, 7.5, 250, 一切终将远去 
1972077, 7.3, 312, 王安忆读书笔记 
25799696, 7.8, 181, 寻味中国 
10542980, 7.6, 219, 北京，最后的纪念 
26697279, 7.7, 198, 观复猫 
26340273, 6.8, 581, 我们这个时代的怕和爱 
26593509, 7.6, 215, 酒友 饭友 
1759001, 8.9, 72, 老北京的生活 
25937456, 7.3, 301, 我的九十九次死亡 
26685366, 8.0, 142, 波西米亚楼 
4274470, 6.9, 492, 美味方丈记 
10736312, 7.8, 173, 白日做梦有理 
26778180, 8.7, 80, 丰子恺 : 无宠不惊过一生 
20428807, 8.3, 108, 低处盛开 
25844640, 7.1, 370, 如何处理仇人的骨灰 
26281820, 8.0, 139, 人物速写 
10354912, 6.9, 473, 吹绉一池春水 
25910223, 8.8, 74, 自然与人生 
26352276, 8.4, 98, 重访加勒比 
26730678, 7.9, 149, 我不过无比正确的生活 
25944419, 7.3, 280, 大地上所有的河流 
25987045, 7.5, 220, 在全世界迷路 
26895144, 9.6, 44, 你才是自己的过来人 
25890645, 7.5, 216, 脸之书 
4140466, 7.7, 175, 伦敦风景 
25750940, 8.3, 102, 想乐 
10491690, 6.7, 587, 文艺犯 
25812290, 8.0, 129, 依然如旧的月色 
1572548, 8.1, 115, 姑苏食话 
26183300, 6.9, 410, 跟法国女人学雅致 
26709057, 7.9, 131, 那些被我们辜负的人 
4314407, 8.4, 86, 台灣花布 
20258511, 7.8, 144, 留学时代 
25951606, 7.9, 131, 嫉俗 
25871619, 8.3, 93, 作文十九问 
26726972, 8.4, 85, 人生最美是清欢 
25859178, 8.0, 118, 人间有戏 
25895511, 8.1, 108, 禅定荒野 
24884783, 7.7, 151, 性学五章 
25932093, 8.0, 115, 小园即事 
6979779, 7.8, 138, 牛人的物种起源 
25873393, 8.3, 88, 肖像与观察 
26700446, 9.1, 51, 古典的回声（二集） 
25836271, 7.4, 202, 小妹 
25986624, 8.5, 75, 幽僻处可有人行？ 
4154991, 7.7, 145, 旧书重温忆华年 
1014179, 8.9, 57, 黑塞散文选 
25873058, 8.2, 93, 文学种子 
26593605, 8.2, 92, 得书记 
21321793, 7.5, 175, 波特哈根海岸 
26390011, 8.2, 91, 伍尔夫读书笔记 
26689720, 8.7, 63, 好姑娘向暖而生 
26644964, 8.3, 82, 耶鲁文学小历史 
26303967, 8.0, 101, 康拉德的黑暗我的黑暗 
26808156, 9.3, 41, 你可以活成自己喜欢的模样 
11614503, 9.4, 39, 20世纪中外散文经典 
25839990, 7.3, 195, 太宰治的脸 
26728849, 7.8, 119, 我在时间尽头等你 
4842955, 8.6, 62, 如是我闻 
25909086, 7.7, 124, 第一口啤酒 
26882312, 9.2, 42, 我有一切的美妙 
26832527, 8.7, 56, 小王子的領悟 
26425946, 7.5, 149, 用细节把日子过成诗 
19987029, 9.1, 44, 朱光潜美的人生 
25746547, 6.1, 1027, 不为遇见，只为远方 
26278431, 8.2, 79, 脱腔 
19964713, 9.0, 46, 含英咀华 
26269501, 7.4, 158, 你配得起更好 
3771879, 7.5, 143, 巴塔哥尼亚高原上 
24872415, 8.3, 71, 简单的思想 
26303206, 7.4, 152, 今天也谢谢招待了 
26582858, 7.2, 187, 京都里山四季 
26183866, 8.0, 87, 自私书 
6727861, 8.2, 74, 7749：四十九個我試過／聽過／想過的創作練習 
26646314, 7.3, 165, 今天也要好好吃饭 
26791612, 7.8, 99, 有时 
26769559, 8.1, 78, 心若淡定，便是优雅 
25752971, 7.4, 146, 烟云过眼 
25911032, 8.5, 58, 讀書人家 
26617174, 8.1, 77, 大刀阔斧绣花针 
26704405, 8.3, 65, 树敌 
26879048, 9.1, 39, 京料理 
26786630, 8.2, 70, 采葑小集 
26680362, 8.3, 65, 我们误解了这个世界 
26729891, 8.8, 46, 踮起脚尖，只为离世界更近一点 
25805041, 7.6, 113, 革命时代的士大夫 
4201181, 7.9, 85, 空钓寒江 
5392294, 8.4, 58, 阅读不死 
26393369, 7.2, 160, 我书架上的神明 
25869902, 7.6, 109, 钓客清话 
25898013, 5.9, 1128, 硬糖手册 
25918656, 8.1, 71, 我的花园、我的城市和我 
26644804, 7.9, 82, 在世界遗忘你之前 
25885764, 7.4, 128, 当我放过自己的时候 
26393373, 7.7, 94, 世间所有的寂静 此刻都在这里 
26597968, 7.3, 136, 在薄情的世界里深情地活着 
26673003, 8.6, 48, 谁不是一边受伤，一边学会成长 
25835801, 7.5, 110, 1933，聆听民国 
25854086, 9.2, 33, 宋人轶事汇编 
25660774, 9.5, 28, 问题与主义 
26295628, 6.9, 201, 青春若有张不老的脸 
25740177, 8.2, 58, 奇来后书 
26578129, 7.9, 72, 何有此生 
26595343, 7.4, 109, 江湖老友 
26433664, 8.2, 56, 剧院里最好的座位 
25875911, 8.0, 63, 雪日 
1955325, 8.3, 50, 休谟散文集 
26286113, 7.6, 85, 心事如山 
26760360, 6.6, 255, 轻描淡写 
26140526, 6.2, 464, 你值得拥有最好的一切 
26421278, 7.3, 113, 全球蔬菜纪行 
25986829, 9.2, 29, 威廉·夏伊勒的二十世纪之旅 
26803916, 7.8, 68, 苏州慢（精装水墨版） 
25753961, 6.7, 205, 假如我们什么都不怕 
25900302, 7.4, 92, 农民何谓 
26292968, 7.7, 70, 写真的思考 
26602535, 8.0, 55, 野草离离 
26388373, 8.2, 46, 荒野之境 
26720709, 7.0, 111, 恋物物语 
26498041, 7.3, 83, 雨滴在卡夫卡墓碑上 
26828061, 8.9, 26, 遗忘在乡下的植物 
26820250, 8.3, 37, 《掌故》第一集 
26772461, 6.4, 193, 我们为什么总是看错人 
26587464, 6.6, 141, 故宫营造 
6729220, 8.1, 37, 纵心所欲 
26663783, 7.5, 57, 紫霞-神经志 
26791574, 8.6, 27, 再见，我思念如初的人 
26667254, 7.7, 47, 往书记 
20270240, 6.4, 164, 他还未来你怎敢老去 
26796729, 6.0, 275, 可以不可以 
26803921, 7.9, 38, 味言道（精装水墨版） 
26577403, 7.1, 69, 你心柔软，却有力量 
26816075, 6.9, 83, 皇帝的影子有多长 
26693280, 8.7, 22, 氍毹留痕 
26919685, 8.5, 23, 365日 
6068581, 9.0, 18, 周作人自编集第二辑（深度思考·人与社会） 
26677846, 9.0, 17, 有味是清欢：美食小品赏读 
26312712, 7.5, 40, 春天七日 
26611152, 8.0, 26, 不曾爱过，怎会懂得 
26883476, 8.6, 18, 汪曾祺书信集 
26757864, 7.8, 25, 百年旧痕 
26253239, 8.6, 16, 私读001 
26864412, 7.3, 32, 有点意思 
26803898, 7.6, 22, 懒糊窗（精装水墨版） 
26907493, 8.1, 16, 种满院植物，安守四季阳光 
26672856, 7.8, 18, 寻海记 
26864818, 7.6, 20, 以蓄满泪水的双眼为耳 
26765530, 7.9, 17, 张充和诗文集 
26901043, 8.0, 16, 那些书和那些人 
26842777, 7.4, 18, 古迹 
26708650, 7.7, 11, 纸上民国 
26868661, 7.1, 13, 鲁迅遗风录 
