Tag: 散文 
The number of books: 280 

ID, Rating, Votes, Title
1361264, 9.0, 53318, 撒哈拉的故事 
3995526, 8.7, 73490, 目送 
1023045, 8.6, 68317, 我们仨 
3369793, 8.7, 50113, 亲爱的安德烈 
6388661, 8.8, 40956, 这些人，那些事 
1029111, 8.9, 28987, 哭泣的骆驼 
3071717, 8.8, 29592, 爱你就像爱生命 
4207781, 8.8, 24593, 孩子你慢慢来 
1209899, 9.0, 15718, 我与地坛 
1088581, 8.9, 13380, 浮生六记 
1449352, 8.6, 19617, 朝花夕拾 
1036490, 8.8, 13990, 万水千山走遍 
1014561, 9.0, 9757, 古文观止 
4884218, 8.8, 11275, 我的阿勒泰 
1050339, 7.8, 60558, 文化苦旅 
1865089, 8.4, 19074, 瓦尔登湖 
2068249, 9.0, 7462, 温柔的夜 
1030052, 7.9, 44435, 清醒纪 
10522856, 9.0, 7112, 冬牧场 
2256438, 7.8, 50712, 素年锦时 
3607117, 8.9, 7535, 稻草人手记 
4881850, 9.0, 5877, 阿勒泰的角落 
1692648, 8.9, 6540, 一个人的村庄 
5269439, 8.4, 13754, 城门开 
1915958, 9.2, 4151, 野草 
1056461, 8.3, 14837, 旅行的艺术 
1073349, 8.8, 6694, 写在人生边上 人生边上的边上 石语 
3642673, 8.0, 23090, 我执 
1980436, 8.7, 7343, 流言 
1005358, 9.2, 3655, 寻找家园 
2339950, 7.8, 32339, 被窝是青春的坟墓 
1049688, 8.5, 9420, 妞妞 
1003986, 8.8, 5834, 病隙碎笔 
26278687, 7.8, 28733, 皮囊 
1061242, 8.8, 4967, 写在人生边上 
1949679, 8.7, 5565, 素履之往 
21346636, 9.4, 2279, 三毛典藏全集 
1075538, 8.2, 10724, 普罗旺斯的一年 
1253310, 8.9, 3718, 人间草木 
1227844, 8.8, 4096, 雅舍谈吃 
1830445, 9.0, 3124, 阿城精选集 
3698390, 8.6, 5290, 送你一匹马 
4238144, 9.1, 2650, 岁朝清供 
1054889, 7.7, 21914, 行者无疆 
2382705, 7.6, 25975, 不朽 
1053088, 9.2, 2255, 陶庵梦忆 西湖梦寻 
3054373, 9.2, 2237, 荷西 我爱你 
1013801, 8.8, 3658, 倾城 
1460313, 8.4, 6308, 哥伦比亚的倒影 
1015864, 9.0, 2658, 惶然录 
3103080, 7.6, 23191, 须臾 
3333989, 8.1, 9171, 荒废集 
25920202, 8.6, 4303, 泛若不系之舟 
3698217, 8.6, 4256, 花田半亩 
1829614, 8.6, 4222, 琼美卡随想录 
4159088, 7.8, 14062, 理想的下午 
1001204, 7.9, 11558, 山居笔记 
1020241, 7.6, 19098, 千年一叹 
3711733, 8.6, 3785, 那个姐姐教我们的事 
2240482, 8.0, 9250, 走到人生边上 
3339812, 9.3, 1593, 木心作品八种 
10607710, 8.0, 9055, 世间的盐 
1398441, 9.1, 1771, 汪曾祺散文 
1165173, 8.8, 2550, 务虚笔记 
1045201, 8.2, 5713, 哲学的慰藉 
1721111, 8.6, 3089, 周国平人生哲思录 
25639223, 8.3, 4603, 身边的江湖 
3740431, 8.4, 3954, 灵魂只能独行 
4905854, 8.9, 2090, 将饮茶 
1070685, 8.1, 6223, 永远的普罗旺斯 
3053868, 7.9, 8391, 永不永不说再见 
1033843, 8.7, 2562, 张看（上下） 
2294993, 8.2, 5134, 纽约琐记（修订版） 
5275500, 7.7, 11515, 尘曲 
1288925, 8.8, 2216, 五味 
1906681, 8.8, 2209, 猎人们 
1924318, 8.9, 1912, 汪曾祺谈吃 
1489494, 8.5, 3116, 人与永恒 
4151117, 8.5, 2897, 阴翳礼赞 
1079838, 8.7, 2218, 湘行散记 
11602267, 8.9, 1762, 羊道·春牧场 
3311009, 7.2, 24885, 原来你非不快乐 
1008732, 8.4, 3213, 失败之书 
4169341, 8.3, 3692, 水问 
1015403, 7.7, 9019, 今生今世 
25982254, 8.1, 4702, 大萝卜和难挑的鳄梨 
1023000, 8.6, 2298, 常识与通识 
1492634, 8.3, 3363, 生活的艺术 
3604331, 8.4, 2937, 午夜之门 
1007196, 8.5, 2514, 闲情偶寄 
11602263, 9.1, 1233, 羊道·深山夏牧场 
11602265, 9.1, 1230, 羊道•前山夏牧场 
2375972, 8.3, 3237, 今朝风日好 
4169342, 8.6, 2153, 女儿红 
1059040, 8.6, 2093, 雅舍小品 
4212607, 7.6, 9234, 有味 
6041686, 8.3, 2860, 父后七日 
1004318, 8.3, 2894, 守望的距离：周国平散文集 
3018322, 7.6, 8302, 活着活着就老了 
1041414, 8.6, 1868, 威尼斯日记 
20413794, 7.7, 6671, 眠空 
1072189, 8.8, 1438, 百年思索 
4238299, 8.1, 3591, 宝贝，宝贝 
1004539, 8.5, 2006, 爱与孤独 
5383175, 8.7, 1557, 童年与故乡 
6937888, 8.5, 1928, 树犹如此 
1049215, 7.5, 8533, 借我一生 
3652211, 8.6, 1576, 爱默生家的恶客 
1987453, 7.9, 3887, 人生不过如此 
3621252, 7.4, 8817, 曾经 
2058479, 9.1, 852, 史铁生散文 
5336240, 8.3, 2096, 异乡记 
20433554, 9.2, 751, 关山夺路 
3323311, 8.9, 1037, 从文自传 
1006881, 6.7, 37099, 左手倒影，右手年华。 
1291570, 8.9, 948, 简媜散文 
25744944, 8.5, 1516, 既见君子 
26053771, 8.6, 1317, 小于一 
1491630, 8.7, 1174, 小窗幽记 
6529759, 9.4, 567, 水蛇腰 
1077196, 8.6, 1288, 蒙田随笔全集（全三册） 
20433556, 8.7, 1098, 昨天的云 
3225748, 7.9, 3001, 路上有惊慌 
26264154, 8.6, 1165, 悲伤与理智 
1398461, 8.7, 1029, 梁实秋散文 
2075175, 8.8, 882, 缘缘堂随笔 
1484695, 8.1, 1981, 季羡林谈人生 
6844469, 8.1, 1943, 走夜路请放声歌唱 
11535030, 8.3, 1452, 一个一个人 
2156168, 8.4, 1283, 书读完了 
4917641, 8.9, 705, 故乡的食物 
25898124, 7.6, 3764, 得未曾有 
1949417, 8.2, 1593, 这就是纽约 
4165852, 7.5, 4452, 你是那人间的四月天 
26390229, 8.0, 2049, 把生命浪费在美好的事物上 
2339264, 8.6, 953, 人为什么活着 
1056968, 8.2, 1503, 老饕漫笔 
4841303, 7.6, 3464, 人情·世故 
1017839, 7.9, 2218, 带着鲑鱼去旅行 
3410812, 7.4, 4775, 死在这里也不错 
1004719, 8.6, 892, 谈修养 
5419801, 8.4, 1095, 别样的色彩 
4160472, 8.5, 967, 告诉我，你怎样去生活 
26587564, 8.3, 1187, 我已与一万亿株白桦相逢 
1060489, 8.7, 743, 驼背小人 
5402205, 8.5, 913, 空灵 
3410797, 7.8, 2197, 吃，吃的笑 
25776456, 8.7, 716, 老味道 
6967980, 7.4, 3948, 然后，我就一个人了 
6802371, 7.9, 1842, 一个游荡者的世界 
5299919, 8.6, 760, 国王鞠躬，国王杀人 
25935074, 8.1, 1366, 文·堺雅人：憧憬的日子 
1001013, 8.8, 597, 杨绛散文 
25762598, 8.8, 590, 尽头 
26272073, 8.1, 1277, 一生里的某一刻 
10527371, 8.9, 525, 马雁散文集 
1322445, 8.4, 901, 林语堂散文 
4859582, 8.5, 801, 足球往事 
1460596, 7.7, 2097, 山河岁月 
2382544, 8.7, 607, 园圃之乐 
1070899, 8.6, 658, 浮生悠悠 
25849895, 8.9, 476, 人间草木 
6392678, 7.5, 2637, 想念 
25849892, 8.8, 507, 人间滋味 
20433605, 7.8, 1620, 因自由而美丽 
3521168, 7.0, 6083, 谢谢你离开我 
6783708, 8.1, 1102, 怒河春醒 
25803923, 7.9, 1416, 你是我不及的梦 
26890235, 8.1, 1076, 白事会 
26416401, 7.4, 2943, 我敢在你怀里孤独 
4917570, 9.0, 403, 旧人旧事 
6440324, 8.4, 733, 人各有异 
10875996, 8.9, 435, 朝圣者之歌 
1028201, 8.8, 464, 文明的孩子 
20394952, 8.1, 984, 九篇雪 
6002887, 7.5, 2149, 突然十年便过去 
5399267, 8.7, 492, 北岛作品精选 
25774772, 8.5, 592, 做饭 
1469414, 8.7, 474, 世界美如斯 
1460123, 8.0, 959, 寒夜客来 
1082305, 8.9, 352, 沙郡年记 
1916929, 8.6, 468, 梁实秋谈吃 
1960044, 8.5, 522, 伊利亚随笔选 
1223612, 8.5, 506, 唐鲁孙谈吃 
26791998, 8.3, 588, 山中的糖果 
25699117, 8.1, 743, 都是遗风在醉人 
26685539, 8.1, 696, 有鹿来 
26639786, 8.1, 686, 舍得，舍不得 
23780549, 7.8, 977, 愿你的道路漫长 
10440147, 8.3, 527, 世间的名字 
26665498, 7.5, 1309, 生命中最简单又最困难的事 
3864464, 8.3, 479, 我愛過，所以我活過 
20452319, 8.0, 650, 让“死”活下去 
7175432, 8.9, 256, 张枣随笔选 
26873638, 9.2, 198, 活着本来单纯 
1483001, 9.0, 227, 大自然的日历 
25958626, 7.9, 673, 橄榄成渣 
10517247, 8.5, 353, 在新疆 
25660221, 7.6, 983, 代表作和被代表作 
26313575, 8.2, 465, 各自爱 
25908110, 8.5, 343, 诗人的迟缓 
26388796, 8.0, 549, 人间卧底 
26642648, 8.5, 309, 美好的七年 
26826605, 9.3, 154, 加缪手记 
26864773, 8.9, 211, 任你行 
26802388, 7.6, 841, 自在独行 
26646456, 8.1, 458, 无尽绿 
25975888, 8.5, 303, 食事 
1434314, 9.0, 192, 父親的道歉信 
2221690, 9.6, 120, 晚饭花集 
3773194, 8.9, 202, 周作人散文全集 
26747206, 8.8, 216, 人生忽如寄 
25828868, 7.5, 881, 快活馋 
25874670, 8.3, 339, 大地上的事情 
24743163, 7.3, 1111, 世界将我包围 
1950196, 9.3, 139, 汪曾祺作品自选集 
25887874, 7.7, 636, 惜别 
26367995, 7.8, 549, 你心柔软，却有力量 
26263052, 7.9, 488, 毫无必要的热情 
23778103, 9.2, 146, 木心作品二辑五种 
1479703, 9.2, 143, 赫尔曼·黑塞小说散文选 
26925068, 9.7, 100, 不敢不乐 
1499645, 9.5, 112, Essays of E. B. White 
23765239, 8.2, 323, 世界停在我吻你的时候 
10825459, 8.1, 359, 东京记 
6097374, 8.1, 355, 橄欖香 
11505930, 7.3, 847, 杀鹌鹑的少女 
1079739, 8.7, 186, 夏日走过山间 
24870163, 7.6, 556, 万物皆有伤心处 
26849123, 9.1, 127, 厚积落叶听雨声 
10775812, 8.4, 222, 远行 
26315075, 7.3, 760, 岛屿来信 
26775412, 8.9, 136, 最朴素的生活和最遥远的梦想 
26775414, 8.9, 134, 茶，汤和好天气 
26902317, 9.8, 69, 成为一个不惑、不忧、不惧的人 
26899220, 9.1, 104, 生活，是很好玩的 
26894367, 8.6, 153, 尘土 
26416549, 8.3, 188, 兰屿之歌 清泉故事 
26841391, 7.6, 368, 把你交给时间 
26921283, 9.8, 60, 惜君如常 
26861753, 7.8, 280, 愿你道路漫长 
1925111, 7.8, 283, 不如去流浪 
26884467, 8.8, 112, 我甚至希望旅途永无止境 
26757648, 7.7, 299, 并没有如愿以偿的人生 
26921021, 9.6, 64, 一辈子很长，要和有趣的人在一起 
26919794, 10.0, 50, 现在就是最好的时光 
1103362, 8.7, 112, 塞耳彭自然史 
26900945, 9.5, 64, 世界很小，而你刚好发光 
26363718, 8.6, 115, 谁在银闪闪的地方，等你 
25816576, 7.6, 271, 流浪者的乡愁 
26590273, 7.8, 215, 你会想念你自己吗 
26658076, 8.3, 137, 咸也好，淡也好 
26637781, 8.4, 121, 自决之书 
26577701, 8.0, 167, 我的美的世界 
26278884, 8.4, 114, 文化不是味精 
26775415, 9.2, 54, 到山中去 
25783249, 8.9, 62, 無用的日子 
26710589, 8.4, 88, 落花生 
26771781, 8.8, 64, 我把四季用来等你 
25776749, 9.3, 47, 王世襄集：锦灰堆 
19894298, 7.9, 126, 飞蛾之死 
26884279, 9.6, 39, 白日之梦 
25986624, 8.5, 75, 幽僻处可有人行？ 
26828226, 9.1, 50, 加缪手记：第二卷 
26889630, 8.6, 69, 对这个残酷的世界说情话 
11614503, 9.4, 39, 20世纪中外散文经典 
26775352, 8.1, 82, 水印 
26786630, 8.2, 70, 采葑小集 
26883163, 8.5, 55, 好一座浮岛 
26853723, 9.3, 34, 唐人街 
4201181, 7.9, 85, 空钓寒江 
26775411, 8.6, 44, 祝，一切安好 
26433664, 8.2, 56, 剧院里最好的座位 
26827326, 8.7, 40, 行走在非洲丛林 
26827530, 7.9, 68, 书旅人 
26898505, 9.0, 29, 奢侈的滋味 
26866574, 8.9, 28, 岭南花木镜 
26761868, 8.1, 42, 又自在又美丽 
26937000, 8.1, 41, 山河袈裟 
26944561, 8.2, 21, 万物赠我浓情蜜意 
