Tag: 文化 
The number of books: 835 

ID, Rating, Votes, Title
4238362, 8.6, 82620,  送你一颗子弹 
1054685, 9.0, 36543,  沉默的大多数 
25985021, 9.3, 17296,  人类简史 
1027191, 9.0, 26831,  历史深处的忧虑 
1022060, 8.3, 72818,  狼图腾 
7060185, 9.0, 21049,  江城 
20440644, 9.2, 15233,  文学回忆录（全2册） 
1203426, 9.0, 14248,  人间词话 
1426971, 8.8, 18278,  野火集 
3162991, 9.6, 5199,  艺术的故事 
1014825, 9.0, 10535,  我也有一个梦想 
1056315, 8.8, 14145,  总统是靠不住的 
1795079, 9.2, 7724,  乡土中国 
1012611, 8.3, 29452,  乌合之众 
5375620, 8.8, 11214,  失控 
1813841, 8.8, 11190,  枪炮、病菌与钢铁 
1062193, 8.6, 15184,  娱乐至死 
1001885, 8.5, 17459,  带一本书去巴黎 
3344676, 8.1, 34107,  常识 
1050339, 7.8, 60550,  文化苦旅 
4124727, 8.1, 32527,  孤独六讲 
1859140, 8.8, 9756,  上学记 
5366248, 8.3, 21455,  你一定爱读的极简欧洲史 
1021273, 8.8, 9708,  中国哲学简史 
1022238, 8.2, 24998,  菊与刀 
1762869, 8.9, 8203,  如彗星划过夜空 
26576861, 9.0, 7145,  最好的告别 
1964774, 9.0, 6902,  论语 
1015699, 8.3, 17332,  中国大历史 
1322455, 8.8, 7231,  遥远的救世主 
1962923, 8.6, 9295,  西班牙旅行笔记 
10471333, 8.9, 5737,  叫魂 
3642673, 8.0, 23089,  我执 
1034067, 8.8, 6087,  美的历程 
1792668, 8.5, 9434,  苏东坡传 
1225983, 8.8, 6124,  万物简史 
1003284, 8.1, 17886,  退步集 
1005492, 8.9, 5186,  光荣与梦想 
5990251, 8.5, 8480,  西藏生死书 
1025723, 8.3, 11658,  潜规则 
1070711, 8.7, 6377,  城记 
1310228, 9.2, 3307,  乡土中国 生育制度 
5040220, 9.0, 3853,  蒋勋说红楼梦（第一辑） 
1907199, 8.6, 5969,  扫起落叶好过冬 
1011215, 8.8, 4292,  论语别裁(上下) 
1253310, 8.9, 3716,  人间草木 
1227844, 8.8, 4096,  雅舍谈吃 
4773224, 8.3, 8422,  生活十讲 
1062991, 8.4, 7060,  北京法源寺 
1004322, 8.6, 5216,  第二性 
3566368, 8.3, 7949,  空谷幽兰 
1427825, 8.5, 5943,  中国人史纲（上中下） 
4238144, 9.1, 2650,  岁朝清供 
6892579, 8.4, 6726,  美国种族简史 
1047719, 8.5, 5603,  傅雷家书 
4002701, 8.4, 6519,  朱　基答记者问 
1015584, 8.0, 12174,  看上去很美 
1027247, 7.9, 14101,  丑陋的中国人 
7055441, 8.9, 3101,  罗马人的故事1 
3389984, 8.6, 4632,  俗世奇人 
1036541, 8.7, 4074,  疯癫与文明 
6712255, 8.8, 3497,  天真的人类学家 
1017238, 8.8, 3499,  美学散步 
4199761, 8.4, 5980,  重新发现社会 
2216583, 8.8, 3396,  沉重的肉身 
3333989, 8.1, 9171,  荒废集 
4113090, 7.4, 33308,  我们台湾这些年 
4086927, 8.5, 4809,  煮酒探西游 
2381950, 8.8, 3226,  论摄影 
3662230, 8.5, 4781,  七十年代 
1040466, 8.9, 2780,  谈美 
1393724, 9.0, 2345,  楚辞 
3339812, 9.3, 1593,  木心作品八种 
7064370, 9.2, 1755,  罗马人的故事2 
1870268, 8.7, 3089,  美国大城市的死与生（纪念版） 
1076378, 9.1, 1889,  传统十论 
3880832, 8.2, 6146,  认得几个字 
26291984, 8.8, 2609,  最后的耍猴人 
25902942, 9.0, 2010,  文明之光（第一册） 
1393447, 9.1, 1751,  忧郁的热带 
1010204, 8.5, 3706,  宽容 
1467587, 9.0, 1951,  UNIX编程艺术 
2149717, 8.9, 2174,  庄子　　（上） 
6811366, 8.3, 4805,  禅与摩托车维修艺术 
1315213, 9.0, 1906,  中国文化要义 
1009270, 8.8, 2365,  中国建筑史 
2005705, 9.1, 1642,  唐宋词十七讲 
5290370, 8.6, 3002,  禅的行囊 
11528350, 8.8, 2291,  哈扎尔辞典（阳本） 
2294993, 8.2, 5133,  纽约琐记（修订版） 
2747765, 8.9, 1947,  中国古代文化常识 
1288925, 8.8, 2216,  五味 
1489670, 8.7, 2503,  老子他说 
10436418, 8.9, 1958,  战争与革命中的西南联大 
1849409, 9.1, 1565,  易经 
1315190, 8.8, 2168,  想象的共同体 
1924318, 8.9, 1910,  汪曾祺谈吃 
10601137, 7.7, 10955,  你永远都无法叫醒一个装睡的人 
20278799, 7.6, 13117,  三十六大 
1061029, 8.8, 2148,  杜尚访谈录 
1963786, 8.5, 3087,  怎样鉴别黄色歌曲 
1491239, 8.5, 3070,  吾国与吾民 
1050929, 8.7, 2358,  隐蔽的秩序 
4312810, 8.6, 2670,  裸猿 
3007268, 9.3, 1170,  传习录 
3003032, 9.2, 1281,  浪漫主义的根源 
4151117, 8.5, 2896,  阴翳礼赞 
1005325, 8.4, 3290,  童年的消逝 
1020547, 8.9, 1723,  论语新解 
3759806, 8.4, 3191,  西藏一年 
1010888, 8.4, 3208,  一路走来一路读 
4266008, 8.3, 3694,  给一个未出生孩子的信 
1032967, 9.1, 1364,  说文解字 
26695174, 9.0, 1484,  灯塔 
3178741, 9.2, 1199,  来自民间的叛逆 
1223845, 7.6, 10883,  男人来自火星 女人来自金星 
1924213, 8.4, 3043,  逝去的武林 
1023000, 8.6, 2297,  常识与通识 
3033668, 7.8, 7327,  闪开，让我歌唱八十年代 
4146756, 8.5, 2567,  浮生取义 
1315199, 9.1, 1264,  历史研究 
1029940, 9.2, 1128,  锦灰堆 
1041366, 9.3, 1014,  管锥编（全五册） 
1492634, 8.3, 3361,  生活的艺术 
1053623, 8.4, 2868,  文明的冲突与世界秩序的重建 
3267934, 8.4, 2883,  日本四季 
4199685, 7.6, 9986,  我读 
1007196, 8.5, 2513,  闲情偶寄 
1073253, 8.8, 1717,  闲话闲说 
1068912, 8.6, 2132,  中国文化的深层结构 
4246151, 8.0, 4974,  厨房里的人类学家 
1823533, 8.7, 1869,  山海经 
1254942, 9.2, 1064,  黄帝内经 
4212607, 7.6, 9231,  有味 
1438539, 8.7, 1813,  西方美学史 
1277267, 8.6, 2031,  国史新论 
4082434, 9.3, 922,  穿墙透壁 
4101013, 8.2, 3406,  设计的觉醒 
1418648, 8.4, 2609,  胡适口述自传 
25746578, 9.2, 1004,  大英博物馆世界简史（全3册） 
6028977, 8.5, 2249,  零ZEЯRO 
6558202, 9.0, 1240,  容忍与自由 
4031698, 7.8, 6231,  读者 
26314627, 8.9, 1388,  万物：创世 
10607793, 8.5, 2243,  刀与星辰 
3707886, 9.0, 1204,  中国通史 
26265745, 8.2, 3228,  清明上河图密码 
1905742, 8.8, 1472,  金枝（上下册） 
20389202, 7.9, 5043,  唐朝穿越指南 
2247913, 9.2, 959,  建构文化研究 
25845647, 8.7, 1680,  天空的另一半 
1016864, 8.9, 1284,  士与中国文化 
1072189, 8.8, 1438,  百年思索 
3410759, 9.0, 1140,  隔江山色 
1006884, 8.6, 1834,  随园食单 
3204645, 9.5, 688,  明式家具研究 
10877051, 9.0, 1123,  顾城哲思录 
26853835, 8.8, 1381,  丝绸之路 
1017818, 8.3, 2601,  观看之道 
6846465, 8.6, 1703,  罗摩桥 
1049215, 7.5, 8532,  借我一生 
5399227, 8.1, 3214,  南渡北归（第一部） 
1034470, 9.0, 1047,  柳如是别传（全三册） 
2330383, 8.4, 2040,  一日江户人 
1784790, 9.0, 1009,  傅山的世界 
1063736, 8.4, 2016,  人类的故事 
1291355, 7.9, 4045,  非常道 
1793535, 8.6, 1517,  不只中国木建筑 
26772731, 8.3, 2206,  七堂极简物理课 
1012379, 8.6, 1508,  知识分子论 
1958685, 8.4, 1899,  美的历史 
1000213, 8.5, 1666,  迎向灵光消逝的年代 
2287123, 8.3, 2155,  　　　刻 
2988944, 8.7, 1314,  金翼 
1444558, 8.7, 1300,  博尔赫斯谈艺录 
1456524, 7.9, 3819,  这个世界会好吗 
2213463, 8.7, 1282,  拯救与逍遥 
4312825, 8.6, 1441,  人类动物园 
1270551, 9.0, 925,  八十忆双亲 师友杂忆 
1012272, 8.7, 1268,  反对阐释 
1008660, 8.4, 1832,  马桥词典 
3284547, 9.0, 904,  文心 
19963049, 8.5, 1589,  留住手艺 
2363834, 8.8, 1117,  春秋大义 
1064734, 8.4, 1779,  疾病的隐喻 
1877096, 8.1, 2669,  花间十六声 
1022914, 9.1, 815,  谈艺录 
1051370, 8.2, 2319,  中国古建筑二十讲 
1038492, 8.7, 1239,  追忆 
25960141, 9.2, 735,  地图（人文版） 
2049128, 8.1, 2617,  丧家狗 
1076426, 8.8, 1085,  世界美术名作二十讲 
1003093, 8.7, 1204,  美学三书 
1053174, 8.6, 1350,  你干吗在乎别人怎么想？ 
2974903, 8.1, 2562,  香港味道2 
4579688, 8.5, 1502,  丑的历史 
1065142, 8.5, 1510,  欧洲文明十五讲 
1030526, 8.9, 947,  中国文化史导论 
25744944, 8.5, 1516,  既见君子 
1203363, 9.0, 862,  中国小说史略 
3464436, 8.9, 956,  剑桥艺术史：古希腊罗马艺术 
6119800, 8.5, 1474,  南渡北归（第三部） 
1937346, 8.5, 1487,  亚洲的书籍、文字与设计 
6121542, 8.0, 2888,  当你途经我的盛放 
1491630, 8.7, 1174,  小窗幽记 
3644095, 7.9, 3184,  越读者 
2282081, 8.0, 2725,  香港味道1 
10354427, 8.2, 2026,  蒋勋说唐诗 
25777432, 9.1, 716,  罗马人的故事（礼品装，全15册） 
1024785, 9.1, 712,  西方现代思想史 
7154688, 8.1, 2278,  知日　书之国 
1048014, 8.5, 1365,  外国古建筑二十讲 
1013369, 7.7, 4058,  格调 
22806583, 8.7, 1038,  国家的常识 
1065335, 9.1, 686,  朱熹的历史世界(上下) 
20272112, 8.2, 1928,  欢喜 
4850629, 8.6, 1180,  言论的边界 
2341866, 8.1, 2201,  合肥四姊妹 
4903692, 9.0, 745,  东京梦华录 
1287508, 8.2, 1900,  明室 
25978763, 8.9, 832,  僧侣与哲学家 
1276479, 8.8, 928,  发达资本主义时代的抒情诗人 
10482102, 8.1, 2133,  蒋勋说宋词 
25886351, 7.9, 2744,  耶路撒冷三千年 
26580056, 8.3, 1601,  把青春唱完1990-1999 
5502440, 8.3, 1603,  南渡北归（第二部） 
3334535, 8.5, 1251,  剑桥艺术史：绘画观赏 
10796035, 9.2, 598,  中国古典诗词感发 
2118293, 9.3, 543,  　山石燕 画　百鬼夜行全画集 
24324704, 8.0, 2412,  剑桥简明金庸武侠史 
1393233, 9.2, 583,  古典时代疯狂史 
4274472, 8.2, 1784,  茶之书 
2075175, 8.8, 882,  缘缘堂随笔 
1787729, 8.4, 1375,  单向度的人 
2249020, 7.8, 3075,  林徽因传 
5906099, 8.7, 957,  毛以后的中国1976-1983 
1025001, 8.5, 1191,  东方学 
1911687, 7.4, 5806,  厚黑学 
1034847, 8.5, 1198,  美国与中国 
5988185, 8.3, 1487,  宅兹中国 
1455274, 9.1, 615,  园冶注释(第二版) 
4818177, 8.2, 1674,  英国人的言行潜规则 
2156168, 8.4, 1283,  书读完了 
25846182, 7.5, 4650,  鱼羊野史　第1卷 
3410762, 9.0, 659,  气势撼人 
2287712, 8.8, 807,  美国精神的封闭 
1022232, 8.6, 989,  中国思想史（全三册） 
3722967, 8.3, 1421,  人生十论 
3117247, 9.0, 652,  中国古代思想史论 
25733170, 8.7, 877,  吾国教育病理 
3433208, 8.5, 1090,  问中医几度秋凉 
3071208, 9.0, 642,  一章木椅 
4917641, 8.9, 705,  故乡的食物 
4312829, 8.3, 1399,  亲密行为 
1072767, 9.1, 581,  宇宙 
25898124, 7.6, 3762,  得未曾有 
21617690, 8.4, 1228,  再会，老北京 
2377014, 8.2, 1566,  阅读的故事 
1970116, 8.1, 1762,  这一代人的怕和爱 
4213397, 8.9, 692,  莱昂内往事 
3128801, 8.1, 1764,  写给大家的中国美术史 
1315258, 9.0, 616,  中国古代服饰研究 
26819477, 9.0, 615,  东京本屋 
3317670, 8.6, 934,  终朝采蓝 
1056968, 8.2, 1503,  老饕漫笔 
1089142, 8.4, 1154,  消费社会 
10553189, 8.6, 919,  传家 
1422105, 8.6, 917,  江湖丛谈 
4846032, 8.0, 1910,  性别战争 
20473505, 8.7, 824,  山月记 
3410760, 9.0, 606,  江岸送别 
26417490, 8.2, 1486,  写给大家的西方美术史 
20413880, 8.1, 1660,  古书之美 
26775466, 8.5, 1010,  小家，越住越大 
1331454, 8.7, 801,  西方正典 
10594802, 8.0, 1898,  写给无神论者 
1675113, 9.0, 580,  礼仪中的美术 
26325928, 8.4, 1108,  人在纽约 
26708306, 8.7, 784,  北欧，冰与火之地的寻真之旅 
10491605, 8.5, 976,  余英时访谈录 
1965025, 9.1, 514,  艺术：让人成为人 
26425892, 8.5, 967,  我的凉山兄弟 
10566838, 7.5, 3715,  圣人请卸妆 
5276620, 7.8, 2337,  什么都没有发生 
26587564, 8.3, 1187,  我已与一万亿株白桦相逢 
1114862, 9.4, 378,  江南园林志 
3223917, 8.1, 1508,  颜色的故事 
3730043, 9.2, 456,  北京古建筑地图（上册） 
4067778, 8.5, 915,  文字的故事 
3213781, 9.1, 488,  启迪 
3117249, 9.0, 542,  华夏美学　美学四讲 
2049866, 9.0, 542,  山海经校注 
7014927, 8.8, 652,  中国神话传说 
3376635, 8.6, 802,  咖啡品鉴大全 
21770836, 8.5, 898,  八九十枝花 
1073143, 8.8, 653,  美学(第一卷) 
3190550, 8.3, 1135,  巨匠与杰作 
1080225, 8.9, 575,  西方文化中的数学 
7063932, 8.2, 1266,  东京散步 
26841146, 8.3, 1123,  人间乐 
4214537, 8.8, 644,  思考建筑 
25881958, 9.0, 525,  人间词话七讲 
1264104, 8.6, 781,  夜航船 
1073063, 8.6, 779,  人论 
3055477, 8.4, 982,  西潮 
6802371, 7.9, 1842,  一个游荡者的世界 
3866002, 7.2, 5703,  我所爱的香港 
5341225, 8.3, 1099,  MUJI 　印良品 
26584286, 8.8, 613,  大学之路（套装） 
3054127, 7.7, 2382,  十宅论 
26733854, 8.7, 675,  明天也是小春日和 
4212245, 8.5, 846,  别想摆脱书 
25799716, 8.6, 757,  一日一花 
5404877, 8.2, 1174,  安持人物琐忆 
24875976, 8.2, 1186,  失落的优雅 
1060931, 8.5, 827,  幽黯国度 
3900547, 8.5, 829,  老猫学出版 
6826619, 8.2, 1183,  大中东行纪 
1528482, 9.3, 377,  声律启蒙 
25752592, 8.9, 535,  从黎明到衰落（上下） 
25961497, 8.9, 534,  中国古代物质文化 
2061863, 8.6, 727,  自私的德性 
1794138, 8.6, 717,  北欧神话ABC 
1322445, 8.4, 901,  林语堂散文 
1807798, 9.0, 475,  洛阳伽蓝记校笺 
1207847, 8.5, 788,  增广贤文 
3410761, 9.0, 472,  山外山 
1868874, 8.4, 872,  摄影小史+机械复制时代的艺术作品 
1437129, 8.1, 1250,  悠游小说林 
26354440, 8.9, 511,  野蛮大陆 
1879204, 8.8, 564,  武梁祠 
20366533, 8.7, 618,  中国与中国人影像 
21363162, 9.4, 321,  詹森艺术史（插图第7版） 
4268931, 8.3, 931,  生命八卦 
1939594, 7.7, 2082,  京都一年 
2223180, 8.6, 673,  The Copy Book 全球32位顶尖广告文案的写作之道 
1031857, 7.8, 1756,  虐恋亚文化 
25918820, 7.8, 1762,  吴哥之美 
2079491, 8.1, 1171,  另一种讲述的方式 
3132641, 8.8, 536,  中国现代思想史论 
26698223, 9.2, 366,  永恒的时光之旅 
1446959, 8.8, 528,  唐代的外来文明 
1986050, 8.8, 532,  哲学 科学 常识 
4240739, 8.9, 482,  故宫退食录（上下） 
1777853, 8.2, 1031,  屠猫记 
2315287, 8.6, 635,  技术垄断 
22519910, 8.6, 633,  编剧的艺术 
3401286, 8.2, 982,  冷记忆1 
1796672, 8.2, 979,  万古江河 
1039258, 8.8, 514,  西方政治思想史 
1964476, 8.6, 618,  汉字王国 
4836601, 8.3, 855,  扪虱谈鬼录 
10430691, 8.5, 683,  画家生涯 
4269888, 8.7, 558,  阳明学述要 
1907655, 9.4, 289,  东京梦华录笺注（上下） 
3908344, 9.0, 405,  图像中国建筑史 
26411600, 8.6, 599,  Lens　视觉001：激情藏在安静的角落 
1982553, 9.1, 366,  古本山海经图说（上下） 
1394420, 9.3, 309,  古诗文名物新证（全二册） 
6826594, 8.2, 940,  故事照亮未来 
26647742, 8.8, 484,  陌生的经验 
25811516, 8.4, 733,  日本的八个审美意识 
20499702, 7.7, 1782,  味道　第一宗罪 
25779213, 8.4, 733,  蒋勋说文学 
2116107, 8.8, 484,  藏传佛教象征符号与器物图解 
5951252, 8.7, 530,  圆与方 
3376908, 8.2, 915,  图解日本妖怪大全（上下） 
10430397, 8.9, 436,  艺术通史 
26665230, 8.5, 645,  硅谷之谜 
26584734, 8.4, 722,  乐之本事 
21267489, 9.2, 327,  加德纳艺术通史 
10491608, 8.6, 574,  神　、陵墓与学者 
26451439, 8.1, 1022,  木心谈木心 
1437472, 8.9, 423,  笔记《清明上河图》 
1051931, 8.9, 423,  西藏度亡经 
3321968, 7.7, 1692,  说谎 
4189215, 9.2, 320,  灵之舞 
1912653, 9.0, 382,  朱光潜谈美 
26831788, 8.0, 1088,  旅行与读书 
6860890, 8.3, 757,  黑客 
4001445, 8.9, 410,  梁启超家书 
25787364, 8.6, 543,  京都古书店风景 
20373351, 8.2, 844,  城市的胜利 
1831760, 8.0, 1085,  弱水三千 
3525645, 8.0, 1082,  蒙元入侵前夜的中国日常生活 
4760085, 8.8, 434,  奢华之色 
5275474, 8.2, 831,  反造型 
3565628, 9.1, 326,  大紫禁城 
10540308, 8.4, 644,  走进生命的学问 
2340059, 7.6, 1805,  心理控制术 
26770145, 8.6, 512,  菊与刀（精装插图版） 
24721654, 8.8, 424,  红书 
1022187, 8.3, 718,  知识考古学 
1484492, 8.9, 382,  20世纪思想史 
26687647, 7.8, 1315,  至味在人间 
7055536, 8.9, 386,  资中筠自选集（全五册） 
4934772, 8.2, 783,  迷影文化史 
1033273, 7.8, 1288,  海蒂性学报告 
26274949, 8.3, 699,  昨天的中国 
6851608, 8.0, 979,  奢侈的！ 
4191638, 8.4, 621,  10 1/2章世界史 
1789444, 8.4, 621,  第三次浪潮 
1799770, 8.6, 497,  中国美学十五讲 
4162766, 7.8, 1257,  中国人的精神 
5408843, 7.7, 1434,  旅行从客房开始 
25794334, 7.5, 1900,  知日!知日！这次彻底了解日本 01 
5269192, 7.9, 1067,  创业的国度 
1493134, 8.6, 472,  文化人类学 
3062449, 9.2, 273,  唐鲁孙作品（六卷精华版） 
3397128, 8.7, 428,  1948：天地玄黄 
5914555, 8.0, 932,  暴食江湖 
10736800, 6.7, 7765,  重口味心理学 
25886172, 7.6, 1578,  幻想图书馆 
1048364, 8.8, 391,  日本现代文学的起源 
1428307, 9.4, 229,  西方文明中的音乐 
26413835, 8.2, 720,  匠人 
5423785, 8.1, 803,  千年繁华 
1262809, 8.8, 387,  近代的超克 
4189598, 8.8, 378,  战后欧洲史 
6534870, 8.7, 420,  瓷之色 
1223612, 8.5, 506,  唐鲁孙谈吃 
26320883, 7.6, 1512,  丈量世界 
1057095, 8.6, 449,  一切坚固的东西都烟消云散了 
5383582, 9.2, 263,  奢华之色 
1799788, 8.5, 504,  华夏边缘 
5914556, 7.6, 1470,  台湾味道 
1171881, 8.0, 866,  有闲阶级论 
26334500, 8.3, 604,  说中国 
1001356, 9.2, 255,  世界文明史(全24册) 
1024810, 8.1, 756,  印度：受伤的文明 
3339862, 8.6, 436,  性别麻烦 
6781486, 8.2, 654,  趣味生活简史 
1428050, 8.7, 391,  礼物 
21649772, 9.2, 252,  白鱼解字 
5914551, 8.1, 725,  我在故宫看大门 
5385877, 9.0, 291,  中国近代思想与学术的系谱 
3223719, 8.2, 644,  围炉夜话 
26791617, 8.0, 800,  大好河山可骑驴 
3546574, 8.8, 342,  扭曲的人性之材 
25945487, 7.4, 1818,  鱼羊野史　第2卷 
5338233, 8.3, 561,  我的法兰西岁月 
26685539, 8.1, 696,  有鹿来 
4126261, 8.1, 701,  身份与暴力 
26363926, 8.6, 402,  何为良好生活 
7174792, 8.5, 446,  千面英雄 
25697555, 8.4, 492,  无限的清单 
26639786, 8.1, 686,  舍得，舍不得 
25807918, 7.8, 991,  莎士比亚书店 
1070274, 8.5, 445,  人的宗教(修订版) 
3094349, 8.6, 401,  羌在汉藏之间 
26292057, 8.4, 483,  性审判史 
26209381, 8.7, 363,  我见：马克　吕布纪实经典 
1740073, 8.5, 438,  中国绅士 
1150414, 9.4, 199,  篆刻学 
4242368, 8.6, 400,  茶馆 
26251939, 8.6, 391,  名画之谜　希腊神话篇 
25886167, 8.6, 390,  武人琴音 
1040351, 8.3, 532,  印度：百万叛变的今天 
2382924, 8.1, 664,  色彩的性格 
25900956, 7.9, 851,  刻小说的人 
24530428, 7.6, 1259,  许倬云说历史：台湾四百年 
26612460, 8.4, 476,  Lens　视觉003：不需要安全感就是自由 
26735085, 7.7, 1083,  奇迹 
1138452, 8.6, 387,  意大利文艺复兴时期的文化 
3075271, 9.6, 167,  汉代物质文化资料图说 
5321843, 6.5, 8654,  假装的艺术 
4841640, 8.9, 291,  地下 
3215829, 8.3, 520,  住宅读本 
26461519, 8.0, 735,  面包会有的 
20516441, 8.9, 292,  美术、神话与祭祀 
5905979, 8.8, 319,  斜目而视 
1097397, 8.6, 383,  死亡的脸 
3701456, 8.7, 345,  文明的进程 
2138608, 8.7, 344,  中国社会中的宗教 
25939157, 8.2, 575,  吃货的孤单心事 
26721550, 8.4, 455,  Lens　目客003：山本耀司 
10770743, 9.4, 184,  林达作品集（全九册) 
25953928, 8.6, 365,  植田正治小传记 
2377940, 8.4, 443,  抵抗的群体 
3874395, 8.9, 272,  思想的力量 
2374070, 9.0, 251,  夫妻双修功 
4200121, 9.0, 248,  青衣张火丁 
3815282, 8.9, 263,  技术与文明 
26681349, 8.6, 348,  Lens　视觉004：需要什么，年轻的身体便去找寻 
1372679, 9.1, 222,  如　之　 
26816981, 8.7, 312,  十二幅地图中的世界史 
26849305, 8.9, 261,  成为乔布斯 
1025547, 8.4, 410,  纵乐的困惑 
4178476, 9.3, 183,  中国神怪大辞典 
3662234, 8.6, 334,  日本的思想 
1096240, 8.2, 496,  机械复制时代的艺术作品 
1918353, 8.7, 302,  流放者归来 
26756030, 8.4, 406,  时间之间 
1095500, 8.8, 276,  意识形态的崇高客体 
25908552, 7.5, 1174,  上瘾五百年 
1775264, 8.2, 488,  景观社会 
1778511, 8.6, 326,  象征交换与死亡 
6799474, 9.0, 224,  文化与社会 
25756932, 7.5, 1142,  两个故宫的离合 
26672748, 8.9, 244,  山居杂忆（插图精装版） 
3865978, 8.7, 290,  神话修辞术/批评与真实 
25804649, 7.4, 1323,  无知的游历 
3312323, 9.1, 208,  艺术与观念（上册） 
5936610, 8.2, 467,  工艺之道 
25872094, 7.5, 1097,  如何看一幅画 
26653460, 8.3, 421,  烟雾弥漫你的眼 
4837333, 8.2, 463,  写给大家看的设计书 
26772226, 8.6, 301,  此岸 
1227920, 8.1, 503,  日本古典俳句选 
26415165, 7.9, 617,  沐猿而冠 
26215044, 7.4, 1201,  我们台湾这些年2 
21714777, 8.3, 399,  巴西：未来之国 
3408334, 8.9, 226,  洗冤集录译注 
3521728, 8.8, 244,  城市文化 
25849160, 8.4, 353,  中国艺术史 
3168709, 8.6, 292,  风格与世变 
6751045, 8.2, 429,  Wabi-Sabi 
24878414, 8.3, 389,  少有人看见的美 
3771868, 8.2, 423,  印度札记 
1794583, 8.5, 316,  中国方术正考 
6714961, 9.2, 173,  中国现代思想的起源 
26889865, 7.5, 980,  我不知道该如何像正常人那样生活 
26646456, 8.1, 456,  无尽绿 
26586579, 8.9, 214,  敦煌 
6079823, 8.1, 457,  物尽其用 
22229485, 7.8, 652,  需求 
21370327, 8.5, 302,  学做工 
26840568, 9.2, 164,  草疯长 
25818124, 8.2, 395,  翡翠岛编年 
26800841, 8.9, 207,  Lens　视觉006：我停在你将回来的地方 
1867095, 8.8, 224,  　　（香港　）教程 
6021094, 7.9, 538,  喜乐京都 
3038328, 8.6, 264,  浮世绘 
1464575, 8.4, 319,  危险的愉悦 
3826293, 8.2, 392,  教授与疯子 
26893033, 8.6, 259,  把小日子收进手帐里 
4747128, 8.8, 216,  乌托邦的年代 
26422147, 8.3, 344,  晓松奇谈 
3729665, 8.3, 347,  欧洲同性恋史 
19964304, 8.0, 471,  爱的多重奏 
1002701, 8.9, 200,  中国绘画三千年 
26308505, 8.4, 314,  杂草的故事 
26686234, 8.5, 286,  身　　　小　家 
26235467, 7.5, 867,  你不懂咖啡 
19967320, 8.1, 416,  远野物语　日本昔话 
1861252, 9.1, 167,  普利策新闻奖 特稿卷 
25850080, 8.0, 467,  何以中国 
3196877, 8.3, 332,  中世纪的秋天 
2116353, 9.3, 143,  不列颠百科全书（全20卷） 
2224566, 7.3, 1115,  香料传奇 
5336230, 8.3, 331,  论诱惑 
26314606, 8.6, 248,  打回原形 
1950196, 9.3, 139,  汪曾祺作品自选集 
1112447, 8.1, 389,  群氓的时代 
25857922, 8.2, 353,  罗马灭亡后的地中海世界（上下册） 
26338071, 7.5, 801,  新闻的骚动 
1003013, 8.7, 218,  时尚的哲学 
20395644, 7.7, 599,  大量流出 
25736470, 8.7, 214,  素材与身体 
26426959, 8.1, 379,  丝绸之路新史 
26754615, 7.5, 758,  极简人类史 
25859093, 7.2, 1168,  自由的老虎 
6990290, 8.5, 251,  西欧中世纪史 
25820165, 8.7, 210,  田园之秋 
26133770, 8.9, 178,  盗火者 
26737694, 8.0, 408,  西风东土 
25900305, 8.1, 367,  舌尖上的历史 
26606513, 8.8, 192,  如何读中国画 
1496315, 8.9, 174,  文艺复兴 
26716260, 8.2, 329,  中国文学史 
26848146, 7.8, 494,  民国太太的厨房 
25762288, 9.2, 135,  风景与记忆 
4196798, 8.7, 203,  世界：一部历史 
5323630, 7.9, 445,  日本物哀 
3268426, 8.3, 290,  洁净与危险 
10825459, 8.1, 359,  东京记 
26235729, 7.6, 621,  单身社会 
20399443, 8.9, 167,  中国神话传说词典 
25845900, 8.3, 286,  文明史 
6800514, 8.7, 199,  《艺术的故事》笺注 
1262815, 8.2, 310,  关键词 
7054138, 7.3, 906,  洗脑术 
6851587, 8.3, 280,  神话的力量 
24527462, 8.6, 213,  人类学入门 
26721548, 8.3, 276,  Lens　视觉005：以手抵心 
26236437, 6.9, 1666,  八卦艺术史 
21683667, 8.7, 193,  电影研究关键词 
26697311, 8.4, 248,  重新发现日本 
26652242, 7.9, 408,  文明是副产品 
11541383, 8.7, 185,  沙漠之花 
1266211, 9.1, 133,  论意识操纵（上下） 
1358404, 7.5, 639,  穿KENZO的女人 
26865730, 7.5, 623,  小顾聊神话 
26787813, 8.4, 232,  纸上染了蓝 
1556409, 8.4, 232,  信任论 
11603000, 8.1, 307,  不朽的林泉 
3535331, 8.7, 173,  食经 
26785959, 8.5, 204,  疯狂人类进化史 
26538428, 7.6, 517,  造物有灵且美 
4894977, 8.6, 187,  长物志 
5333443, 8.4, 222,  抽象与移情 
26578484, 7.3, 756,  世界上有趣的事太多 
1666568, 9.5, 94,  中国古舆服论丛 
21617698, 7.1, 1011,  二十五岁的世界 
1810530, 8.6, 184,  中产阶级的孩子们 
25846075, 8.1, 291,  技术的本质 
26798156, 8.4, 212,  哀伤的墙 
25862900, 8.7, 164,  话/镜 
3238550, 8.0, 305,  老美国志异 
26771603, 8.2, 251,  英雄的食材和神做法 
26720841, 9.2, 109,  犹太人的故事 
26776393, 9.2, 107,  故乡，心里的风景 
26775414, 8.9, 134,  茶，汤和好天气 
26351113, 7.7, 411,  中国民间传说 
2117496, 8.3, 218,  中国神话史 
25764449, 8.8, 142,  社会学的邀请 
25758646, 8.7, 154,  MoMA亮点 
26411095, 7.6, 454,  当我们阅读时，我们看到了什么 
26646201, 7.6, 454,  葡萄柚 
1157293, 8.2, 233,  原始思维 
22994564, 9.5, 85,  哥特艺术 
2006842, 8.8, 138,  失落的天书 
26183860, 8.6, 161,  学诗浅说 
4582324, 9.3, 96,  中国陶瓷史 
26681333, 7.4, 544,  日日100 
26369891, 8.7, 147,  猿形毕露 
26136989, 8.3, 206,  王阳明大传：知行合一的心学智慧（全三册） 
25858710, 8.2, 221,  为什么？ 
1426502, 8.8, 132,  青年与学问 
25962890, 7.5, 469,  我愿生命从容 
1344535, 8.4, 184,  搞定男人 
1399258, 8.5, 171,  人情、面子与权力的再生产 
24298914, 8.1, 241,  当世界年轻的时候 
20549889, 7.0, 919,  厨房里的哲学家 
20370475, 8.9, 122,  数学的语言 
25876615, 8.4, 182,  信徒的国度 
26680436, 8.2, 216,  来份杂碎 
1055629, 8.3, 196,  德国悲剧的起源 
26586326, 8.9, 119,  来自纳粹地狱的报告 
26741879, 8.1, 230,  诗经：越古老，越美好 
25723773, 9.0, 109,  柏拉图对话录 
25942069, 8.3, 190,  文雅的疯狂 
3141528, 8.8, 125,  不　　　而　　=最好的　　 
26416549, 8.3, 188,  兰屿之歌 清泉故事 
26718529, 8.1, 223,  奥丁的子女 
25708550, 8.0, 249,  知识分子与社会 
25928734, 8.9, 114,  古典风格 
26878947, 8.3, 186,  我不过低配的人生 
2054584, 9.3, 86,  中国天文考古学 
2222424, 7.6, 372,  女人的起源 
23782049, 8.3, 181,  儿童的世纪 
26548374, 7.0, 814,  好物100 
1393426, 8.1, 217,  编辑人的世界 
26594676, 9.4, 79,  古典传统 
6716364, 9.1, 94,  美学 
20472494, 9.0, 101,  漫长的革命 
26431646, 9.2, 87,  语言学的邀请 
26741843, 9.1, 93,  你不懂葡萄酒 
19928910, 7.0, 771,  笑什么笑，我们搞的是科学 
26688691, 8.3, 172,  美物抵心 
26674136, 7.9, 248,  京都手艺人 
26840888, 9.3, 80,  故宫日历（2017年） 
1092680, 8.1, 203,  消费文化与后现代主义 
25819935, 8.5, 143,  中国古典文心 
5350226, 8.3, 170,  中东史 
26314736, 8.6, 132,  希腊神话 
26756741, 8.3, 168,  胆小别看画 1 
26916855, 9.7, 61,  中国通史 
26872888, 7.8, 264,  人类砍头小史 
26868621, 7.9, 234,  一生欠安 
26828433, 8.6, 125,  猫语大辞典 
2284985, 9.4, 71,  黄仁宇全集（全14册） 
26785986, 8.3, 159,  食帖09：了不起的面包 
26658022, 9.4, 69,  紫禁城100 
25723401, 8.5, 129,  第三帝国的语言 
26864237, 8.6, 120,  爱欲与哀矜 
26274359, 9.1, 84,  夏威夷史诗 
26856493, 8.5, 126,  与光同尘 
26577706, 7.9, 216,  档案 
11609934, 9.3, 71,  仰观集 
26899077, 9.5, 61,  迷因效应 
4733982, 8.3, 138,  轴心时代 
1795393, 7.3, 390,  The Art of Mu Xin 
6394943, 9.0, 81,  西方建筑史 
25907863, 9.2, 71,  中国文学的抒情传统 
26722322, 8.7, 100,  我的时尚厨房 
26770999, 8.5, 118,  斯坦福大学创业成长课 
26552069, 9.5, 59,  黑暗之城 
11637320, 8.1, 161,  民国时期大学校园文化 
26769136, 8.7, 97,  为什么长大？ 
26369908, 7.4, 326,  北野武自述 
26743027, 8.2, 143,  黑麋鹿如是说 
2381209, 8.8, 90,  纵向社会的人际关系 
1462854, 8.9, 83,  理想的冲突 
26544961, 8.0, 172,  24/7 
26893634, 9.1, 72,  树之生命木之心 
26652354, 8.4, 116,  世界重启 
26807171, 7.7, 216,  鱼羊野史　第6卷 
26608142, 8.1, 149,  长安之春 
26933798, 9.1, 69,  我在故宫修文物 
26815874, 9.6, 51,  给大家看的国学常识 
26278884, 8.4, 114,  文化不是味精 
1025829, 8.1, 147,  信任 
6126239, 9.4, 57,  围棋入门 
26840670, 9.1, 68,  地道风物004　黔东南 
26433665, 7.7, 211,  古怪的身体 
19977973, 8.8, 81,  空间　时间　建筑 
26578400, 8.2, 127,  煮海时光 
26695223, 7.1, 397,  独立日：用电影延长三倍生命 
1068872, 8.3, 113,  结构主义以来：从列维-斯特劳斯到德里达 
26762116, 7.9, 159,  疯癫老人日记 
23781718, 9.5, 50,  古典音乐 
26835827, 8.9, 71,  想象地名私人词典 
6772098, 8.6, 88,  北魏平城时代 
26721353, 8.1, 132,  遇见怦然心动的小书店 
26857572, 8.8, 75,  处处见生机 
4736004, 8.9, 70,  美国文明的兴起（上下） 
26237163, 8.4, 99,  民国北京城 
26184836, 7.8, 166,  朱雀 
19954650, 9.1, 61,  日本古　店的手　旅行 
26782538, 7.0, 406,  这幅画原来要看这里 
25714687, 9.2, 56,  文化战略 
25755771, 8.1, 125,  清教徒的礼物 
26714703, 7.2, 308,  我们香港这些年 
2984021, 7.8, 160,  制造中国 
26247864, 9.1, 58,  中国古代金银首饰 
26854325, 8.6, 79,  喜剧作家 
26774090, 8.5, 85,  内在体验 
26756142, 7.4, 231,  故宫的隐秘角落 
26812867, 8.6, 80,  幕味 
26717937, 7.6, 189,  女人的食指 
26388428, 8.0, 126,  匠人 
26281236, 7.7, 164,  催情植物传奇 
26835895, 8.7, 71,  猫的私人词典 
4219498, 9.7, 39,  李泽厚集 
26596363, 8.1, 109,  阅读经典 
26104025, 8.4, 86,  启蒙时代（上） 
26848651, 9.0, 56,  从历史中醒来 
26830154, 8.7, 68,  迷信与暴力 
26819850, 8.5, 77,  世界咖啡地图 
26860716, 8.4, 84,  视觉008：那就无所畏惧地老去 
26740258, 8.8, 62,  弗里达 
24089002, 7.8, 133,  像导演一样思考 
25773343, 9.0, 53,  伯克毕生发展心理学：从0岁到青少年（第4版） 
6868806, 8.3, 83,  出版人 
26700808, 7.2, 232,  海怪简史 
26786792, 9.1, 47,  走走画画 
26851707, 7.9, 109,  等一朵花开 
26910743, 9.0, 48,  京都漫步 
26767261, 9.0, 48,  文艺复兴的故事03　海都物语：威尼斯一千年 
26861716, 7.8, 117,  中国异闻录 
26815907, 7.3, 192,  这样和世界相处 
26770923, 8.2, 83,  与哲学家一起思考 
26628827, 7.3, 188,  宫崎骏和他的世界 
26882312, 9.2, 42,  我有一切的美妙 
26921971, 9.3, 39,  时间之书 
25917406, 8.8, 52,  音乐神童加工厂 
26911424, 9.2, 41,  回声泉之旅：文人与酒的爱恨情仇 
26379057, 7.5, 144,  长物 
26755786, 8.0, 89,  耕食生活 
26844939, 7.9, 96,  只有她知道 
26816164, 8.1, 80,  盗火与革命 
26852367, 8.3, 67,  文具盒里的时空漫游 
26258175, 9.6, 31,  故宫海错图 
26043606, 9.2, 38,  美国人 
26898353, 9.8, 28,  天才地理学 
26704405, 8.3, 65,  树敌 
26879048, 9.1, 39,  京料理 
26786630, 8.2, 70,  采葑小集 
26843917, 8.9, 43,  和食十品 
5336377, 7.2, 166,  美第奇家族兴亡史 
26640179, 8.1, 73,  我们的中国 
26802430, 8.3, 63,  诚实的手艺 
26722581, 9.2, 36,  基督教史 
26577765, 7.3, 146,  杀戮与文化 
26819278, 8.8, 43,  一曲微茫 
24696954, 9.1, 36,  图像与眼睛 
26738072, 8.4, 53,  这就是二十四节气 
20282961, 9.7, 25,  科学革命的编史学研究 
26775411, 8.6, 44,  祝，一切安好 
26847603, 8.1, 62,  我用尽青春，只为寻你：徐志摩传 
26870038, 8.7, 41,  美好百科2：糟糕！我的脑子在跑 
26895125, 9.3, 29,  北大国学讲座 
26831077, 7.6, 90,  符号中的历史 
26795375, 7.7, 82,  原来你是这样的欧洲史 
26767467, 8.5, 43,  龙与鹰的帝国 
26782825, 9.4, 26,  时尚通史 
26779450, 8.2, 52,  何以为家 
26844382, 8.3, 48,  和这本书一样安静 
26845423, 9.3, 27,  十二幅画 
25923437, 8.4, 44,  火的记忆 1： 创世纪 
1676619, 8.7, 36,  智慧与魔咒 
26842454, 8.2, 48,  免疫 
3070464, 8.4, 41,  日本料理神髓 
26818027, 8.4, 41,  日本名所解剖书 
26681250, 8.7, 33,  矮子当道 
26825519, 9.7, 20,  吾国与吾民 
26781653, 8.4, 39,  弗洛伊德遇见佛陀 
26905279, 8.5, 36,  大人物的世界史 
26701097, 8.7, 31,  秦汉名物丛考 
26783056, 9.0, 26,  电影中的僵尸文化 
26720709, 7.0, 111,  恋物物语 
26834474, 7.9, 50,  海盗共和国 
26779398, 9.7, 18,  WKW 
26873471, 9.1, 23,  汉学书评 
26840483, 8.2, 37,  Hillbilly Elegy 
6557925, 9.2, 21,  大家小书 
26848615, 8.6, 28,  中国朋党史 
26660844, 8.9, 24,  抄工与学者 
26860965, 7.1, 80,  戏梦纽约 
26760972, 8.4, 30,  危险关系 
26865732, 8.8, 23,  纳粹医生 
26915028, 8.8, 23,  一期一会 
26890863, 8.3, 27,  我们如何走到今天 
26871065, 8.0, 31,  祖先 
26718143, 8.7, 20,  古代中国的动物与灵异 
26910119, 9.5, 14,  如何看电影 
26865821, 8.4, 20,  文明的滴定 
26890706, 8.4, 19,  科学与宗教的领地 
26830114, 8.5, 18,  家门口的自然探索笔记 
26921427, 7.9, 24,  迷你 
26856952, 7.8, 23,  简素 
26411248, 7.7, 24,  万变 
26911451, 8.0, 19,  小津安二郎美食三昧 
26892916, 8.2, 16,  极简图书史 
26865550, 7.6, 19,  德国天才1 
26920731, 8.2, 13,  触摸，庙宇 
26762176, 7.5, 17,  电影理论自修课 
26909388, 8.1, 12,  MoMA的绘画和雕塑 
26854326, 8.1, 12,  爵士乐十三大师 
26320479, 6.6, 30,  成　　　人 
26840136, 8.2, 11,  惊悦 
26825896, 8.2, 11,  自给自足生活简明指南 
26856556, 8.0, 11,  国中的“异乡” 
26919442, 7.5, 10,  种瓜得豆 
