Tag: 日本文学 
The number of books: 819 

ID, Rating, Votes, Title
3259440, 9.1, 172556,  白夜行 
3211779, 8.9, 118950,  嫌疑人X的献身 
25862578, 8.6, 167254,  解忧杂货店 
1007914, 8.7, 54378,  窗边的小豆豆 
1046265, 8.0, 178472,  挪威的森林 
1080370, 8.6, 45007,  情书 
4742918, 8.3, 73684,  1Q84 BOOK 1 
4885241, 8.4, 47246,  1Q84 BOOK 2 
1059419, 8.1, 58582,  海边的卡夫卡 
2297697, 8.6, 23139,  ZOO 
1291809, 8.5, 24051,  世界尽头与冷酷仙境 
4011670, 8.3, 33131,  人间失格 
3369600, 8.1, 41839,  当我谈跑步时我谈些什么 
5038409, 9.0, 8905,  金色梦乡 
2008284, 8.7, 13115,  佐贺的超级阿嬷 
3920130, 8.6, 13625,  告白 
3136271, 8.6, 12459,  罗生门 
1015452, 8.2, 22824,  国境以南 太阳以西 
2250587, 7.6, 67257,  一个人的好天气 
25733470, 8.3, 17505,  村上春树：没有色彩的多崎作和他的巡礼之年 
1005521, 8.1, 24791,  伊豆的舞女 
1020670, 8.2, 19211,  舞！舞！舞！ 
1039752, 7.8, 39315,  且听风吟 
3391248, 8.6, 9597,  金阁寺 
3162527, 8.7, 7955,  魍魉之匣（下） 
1031740, 8.1, 18236,  寻羊冒险记 
1053759, 8.3, 12175,  雪国 古都 
1220219, 8.6, 7456,  阴阳师 
1212080, 8.4, 10042,  奇鸟行状录 
1926700, 7.7, 32171,  关于莉莉周的一切 
3140801, 8.1, 15470,  姑获鸟之夏 
4067621, 8.2, 12716,  暗黑童话 
4038672, 8.9, 4566,  络新妇之理（上） 
4038673, 9.0, 3980,  络新妇之理（下） 
1079440, 8.1, 14219,  遇到百分之百的女孩 
4009552, 7.6, 34929,  幻夜 
1318126, 8.4, 8437,  雪国 
4049269, 9.5, 1969,  狐狸的窗户 
1418707, 8.6, 5984,  Goth.　掌事件 
4127527, 8.2, 10475,  厨房 
5502995, 7.6, 31063,  1Q84 BOOK 3 
2317974, 8.4, 7751,  德川家康（第一部） 
1270150, 9.3, 2315,  风与树的歌 
1421975, 8.7, 4777,  只有你　到 Calling You 
3191044, 7.8, 20155,  华莱士人鱼 
1848256, 8.0, 14102,  东京奇谭集 
2297706, 8.2, 9981,  平面狗 
1069059, 8.1, 10546,  雪国 
1020959, 8.1, 10621,  斯普特尼克恋人 
3765620, 8.7, 4221,  在漫长的旅途中 
1400059, 8.7, 4163,  心 
3102324, 7.7, 20918,  秘密 
4580972, 7.7, 20812,  流星之绊 
25752955, 9.0, 2812,  来自新世界 （上下） 
3987362, 8.8, 3565,  春雪 
5269222, 8.5, 4693,  一朵桔梗花 
3801097, 7.8, 14248,  夏天　烟火　我的尸体 
1003387, 8.5, 4592,  雪国 古都 千只鹤 
1006113, 7.8, 13594,  源氏物语 
26210487, 9.1, 1994,  强风吹拂 
4105411, 8.1, 7743,  第八日的蝉 
1962124, 8.5, 4222,  东京塔 
1035362, 7.9, 10722,  神的孩子全跳舞 
1440345, 7.8, 12637,  燕尾蝶 
1019428, 8.0, 8997,  一九七三年的弹子球 
1008074, 7.5, 22012,  失乐园 
3259587, 8.6, 3614,  我与狗狗的十个约定 
1310673, 9.3, 1559,  遥远的野玫瑰村 
3259428, 8.5, 3978,  斜阳 
3890174, 7.7, 13449,  信 
4173403, 7.7, 13021,  温柔的叹息 
5395724, 8.5, 3696,  华丽人生 
1000856, 7.9, 8898,  我是猫 
3277199, 8.1, 6300,  多田便利屋 
1221329, 8.6, 3103,  阴阳师　飞天卷 
5380266, 8.0, 7234,  怪笑小说 
3391246, 8.2, 5143,  潮骚 
4067626, 8.1, 5968,  重力小丑 
1262837, 8.7, 2543,  阴阳师　凤凰卷 
1152495, 9.2, 1412,  白鹦鹉的森林 
3391245, 8.4, 3702,  假面自白 
5347699, 7.8, 9411,  彷徨之刃 
3785741, 8.0, 6619,  死神的精确度 
1011662, 7.9, 7733,  再袭面包店 
1288939, 8.7, 2402,  阴阳师　龙笛卷 
3842847, 8.6, 2701,  深河 
24736899, 8.0, 6113,  雪国 
1009094, 8.6, 2584,  古都 
4928387, 7.5, 14375,  单恋 
4718973, 7.8, 8414,  毒笑小说 
4151117, 8.5, 2896,  阴翳礼赞 
1949925, 8.1, 4872,  沉落的黄昏 
1420740, 8.6, 2465,  阴阳师　生成姬 
25982254, 8.1, 4701,  大萝卜和难挑的鳄梨 
4151180, 8.0, 5416,  巷说百物语 
3813194, 7.9, 6322,  火车 
1457542, 9.2, 1144,  芥川龙之介全集 
26413027, 7.5, 12617,  虚无的十字架 
20473089, 8.6, 2266,  有顶天家族 
26118072, 7.7, 8367,  祈祷落幕时 
3316174, 8.0, 5113,  狂骨之梦 
24538715, 8.6, 2183,  艾比斯之梦 
3158734, 8.0, 5008,  骨音 
1091904, 9.1, 1168,  丰饶之海（上下） 
5395162, 9.0, 1298,  天人五衰 
6041089, 8.3, 3020,  家鸭与野鸭的投币式寄物柜 
2148947, 8.7, 1803,  阴阳师　太极卷 
1441488, 8.4, 2571,  宫本武藏　剑与禅（上下） 
4898551, 8.2, 3306,  四叠半神话大系 
11498200, 8.3, 2859,  寂寞的频率 
1283273, 7.3, 15069,  天黑以后 
21460732, 8.3, 2811,  秒速五厘米 
21692813, 7.6, 8392,  眠 
25892399, 7.9, 5005,  余生皆假期 
10580802, 8.2, 3221,  模仿犯BOOK1 
5326849, 8.1, 3659,  奥杜邦的祈祷 
1855231, 8.6, 1809,  银河铁道之夜 
3286829, 8.0, 4126,  脑髓地狱 
2160230, 8.5, 2044,  细雪 
1035517, 7.6, 7677,  男人这东西 
1101607, 7.9, 4687,  列克星敦的幽灵 
1156994, 8.7, 1555,  永远是孩子 
25944034, 8.6, 1744,  菊次郎与佐纪 
1455138, 8.8, 1374,  白色巨塔（第一部） 
2284574, 8.3, 2568,  织田信长　　菊与刀 
3158757, 8.1, 3395,  电子之星 
4823788, 8.8, 1298,  奔马 
1080544, 8.1, 3173,  象的失踪 
3865832, 7.1, 17958,  变身 
10587562, 8.2, 2686,  东京日和 
3866885, 8.5, 1786,  沉默 
3683898, 7.5, 7896,  向日葵不开的夏天 
3678694, 7.4, 9293,  窗灯 
4199431, 7.8, 4316,  天帝妖狐 
1956419, 8.4, 1839,  一公升の眼泪 
6885715, 7.7, 4978,  蓝另一种蓝 
4626090, 8.4, 1826,  奔跑吧！梅勒斯 
1411086, 8.6, 1419,  金阁寺/潮骚 
26613052, 8.7, 1249,  我的造梦之路 
26286208, 7.7, 4890,  没有女人的男人们 
3920144, 8.6, 1413,  春宵苦短，少女前　吧！ 
6265779, 8.3, 2034,  地下 
24736900, 8.2, 2324,  千只鹤 
10768064, 8.0, 3050,  涡虫 
3499317, 9.3, 644,  芥川龙之介精选集 
6391166, 7.8, 3989,  碎片 
1000594, 7.9, 3403,  旋转木马鏖战记 
6126821, 8.4, 1665,  远方的鼓声 
3101457, 7.5, 6251,  紫阳花日记 
1001985, 7.6, 5207,  在世界中心呼唤爱 
26261735, 8.5, 1413,  编舟记 
5348044, 8.0, 2736,  敦煌 
19985027, 8.6, 1244,  御伽草纸 
5919999, 7.6, 5048,  赎罪 
24153181, 7.6, 5025,  从前我死去的家 
2372026, 7.8, 3628,  哀愁的预感 
1056979, 8.2, 2029,  千只鹤 
4140396, 8.5, 1323,  黄昏清兵卫 
4850641, 8.6, 1168,  燃烧吧！剑（上） 
1212152, 7.8, 3388,  萤 
4848840, 8.9, 836,  燃烧吧！剑（下） 
4818166, 8.3, 1697,  G少年冬天的战争 
3025613, 8.6, 1150,  赤朽　家的　　 
1002507, 8.3, 1670,  千只鹤 睡美人 
3866397, 7.7, 3791,  鹿男 
3115901, 8.3, 1590,  幸福旅行箱 
5980581, 8.3, 1587,  十三夜 
20513012, 7.6, 4259,  无比芜杂的心绪 
3606804, 8.2, 1771,  徒然草 
5366440, 8.6, 1047,  禁色 
1868623, 8.4, 1330,  在黑暗中等待 
3068553, 8.7, 935,  被　忘的故事 
4882050, 8.5, 1173,  竹久梦二：画与诗 
3852439, 7.8, 3001,  反自杀俱乐部 
20473093, 8.5, 1156,  大逃杀 
2357268, 8.4, 1299,  雪国 
4311472, 8.4, 1272,  后来的事 
3391242, 8.0, 2141,  爱的饥渴 
5372422, 8.1, 1866,  末日的愚者 
5423775, 8.2, 1621,  隔壁女子 
1885070, 8.2, 1625,  雪国 
6558046, 8.1, 1825,  人间椅子 
1000323, 7.7, 3306,  电视人 
1032764, 7.7, 3186,  小时候就在想的事 
4617900, 8.4, 1202,  萨德侯爵夫人 
4140431, 8.0, 2005,  灰色的彼得潘 
26819477, 9.0, 615,  东京本屋 
5299766, 8.5, 1046,  青梅竹马 
4733975, 8.4, 1175,  影武者（上卷） 
20473505, 8.7, 824,  山月记 
26367367, 8.6, 909,  宵待草夜情 
1434435, 8.3, 1314,  春琴抄 
25814725, 8.8, 740,  人间失格　斜阳 
7063845, 7.8, 2564,  失踪HOLIDAY 
1047447, 7.6, 3487,  去中国的小船 
24319078, 7.7, 2936,  我心中尚未崩坏的部分 
4191699, 8.3, 1282,  午后曳航 
1869711, 8.0, 1885,  　死之　 
1980992, 8.3, 1284,  孩子　 
10345560, 7.8, 2453,  离别之音 
26280924, 8.4, 1089,  看海的人 
26735064, 7.3, 5462,  孤独小说家 
26367364, 8.1, 1605,  爱吃沙拉的狮子 
3879946, 8.2, 1409,  光与影 
6084703, 7.3, 5462,  独立，从一个人旅行开始 
25744411, 8.6, 856,  被嫌弃的松子的一生 
25737793, 8.5, 967,  阳光劫匪 
4823789, 8.4, 1086,  晓寺 
5988624, 8.2, 1388,  远山淡影 
3135743, 8.7, 764,  川端康成精品集 
1292415, 7.7, 2765,  蜜月旅行 
26242908, 7.6, 3174,  如果世上不再有猫 
20267987, 7.4, 4426,  孤独美食家 
2119843, 6.9, 11314,  钝感力 
2214337, 8.9, 617,  星新一微型小说选 
26687879, 8.1, 1506,  一首小夜曲 
26698598, 8.2, 1334,  有如走路的速度 
1051911, 7.9, 1995,  终究悲哀的外国语 
4882013, 8.1, 1475,  异常 
26046043, 8.3, 1159,  人类灭绝 
24226728, 8.5, 912,  人间失格 
1914625, 7.7, 2630,  老师的提包 
1316584, 8.7, 738,  玩具修理者 
4311471, 8.3, 1126,  门 
5326846, 7.7, 2484,  一首朋克救地球 
5988636, 7.8, 2160,  雏菊人生 
4887589, 8.0, 1649,  梦侦探 
1769548, 9.1, 474,  阿信(一) 
10473576, 7.5, 3449,  替身 
25858068, 7.6, 2880,  100个基本 
6967980, 7.4, 3948,  然后，我就一个人了 
4214001, 8.3, 1094,  跑吧!美乐斯 
1861909, 8.3, 1104,  项羽与刘邦 
24529164, 8.1, 1390,  楼兰 
19900003, 8.0, 1565,  迈向另一个国度 
26733854, 8.7, 675,  明天也是小春日和 
25935074, 8.1, 1365,  文　　雅人：憧憬的日子 
24736901, 8.3, 1058,  山音 
6731202, 8.3, 1066,  恋文 
1418170, 9.2, 417,  芥川龙之介小说选 
25713168, 8.2, 1173,  摩登时代 
4320806, 8.8, 597,  关原之战 
10581659, 8.3, 1030,  老妓抄 
3418469, 7.6, 2631,  怪谈 
1068907, 7.8, 1956,  如果我们的语言是威士忌 
25808738, 9.1, 433,  阴阳师典藏合集 
1149495, 8.2, 1141,  梦十夜 
2056686, 9.0, 476,  　　　－　夜叉姬（上、下） 
1387819, 8.4, 887,  青之炎 
1010128, 8.1, 1257,  源氏物语（共七册） 
6404040, 8.1, 1250,  三行情书 
4626138, 8.3, 964,  潘多拉盒子 
3360555, 7.4, 3447,  秋叶原@DEEP 
26760976, 8.4, 839,  怒 
26314930, 8.6, 676,  杀手界　疾风号 
4223490, 8.5, 753,  猫的上帝 
3744657, 8.6, 676,  人　失格 
1427754, 8.8, 534,  侏儒的话 
3404723, 7.7, 2048,  虹 
26698223, 9.2, 366,  永恒的时光之旅 
25935075, 8.1, 1150,  文　　雅人：健康的日子 
1732999, 8.5, 726,  哥儿 
22638036, 8.4, 807,  百器徒然袋 : 雨 
6719661, 8.4, 800,  仲夏之死 
6952187, 8.2, 1011,  宵山万华镜 
1067919, 7.6, 2276,  夜半蜘蛛猴 
24722098, 9.2, 352,  少年H 
22542435, 7.6, 2234,  我是开豆腐店的，我只做豆腐 
6517150, 7.6, 2224,  31岁又怎样 
10600119, 8.2, 995,  尽头的回忆 
10282578, 7.7, 1901,  村上广播 
5340646, 8.0, 1277,  十四岁 
2129831, 8.2, 985,  美与暴烈 
5395157, 7.9, 1456,  小夜曲 
6006497, 8.6, 616,  诸神的微笑 
25923985, 9.0, 412,  我心中的美好世界 
1042586, 8.4, 754,  个人的体验 
25954353, 7.6, 1955,  所罗门的伪证 
3525046, 7.4, 2619,  飞往巴黎的末班机 
3681571, 7.7, 1677,  巴提斯塔的荣光 
1354607, 8.3, 766,  舞舞舞（上） 
1059378, 8.5, 604,  花未眠 
5921793, 7.6, 1871,  我这一代东京人 
1038449, 7.9, 1226,  朗格汉岛的午后 
1394544, 7.9, 1221,  村上朝日堂 
20381888, 8.3, 739,  坏女人 
5317129, 7.9, 1200,  魔法师俱乐部 
3041567, 8.8, 434,  美的情愫 
1358367, 8.6, 534,  花とアリス 
20428304, 8.5, 578,  天平之甍 
25732311, 9.0, 354,  64 
3135725, 8.4, 651,  三岛由纪夫精品集 
26770145, 8.6, 512,  菊与刀（精装插图版） 
26686802, 8.8, 422,  真幌站前狂骚曲 
25714740, 7.3, 2780,  起风了 
6885341, 8.1, 897,  别让我走 
6047527, 8.6, 518,  恍惚的人 
3678357, 7.6, 1768,  波上的魔术师 
11621662, 7.7, 1483,  新娘 
25923427, 8.5, 551,  河童 
4191733, 8.3, 691,  寄物柜婴儿 
26264956, 7.3, 2626,  袭击面包店 
2265954, 8.2, 763,  文学部唯野教授 
24745905, 8.1, 857,  维庸之妻 
4208765, 7.8, 1247,  浅草小子 
26787931, 7.7, 1403,  精神科的故事：在游泳池 
25851888, 8.3, 666,  都市传说 
1449688, 7.7, 1403,  白河夜船 
25886172, 7.6, 1578,  幻想图书馆 
24871460, 8.4, 589,  幻之光 
1048364, 8.8, 391,  日本现代文学的起源 
6714442, 8.8, 390,  井原西鹤选集 
25883054, 8.6, 472,  草枕 
6814968, 8.3, 651,  虞美人草 
1468393, 7.2, 2959,  无限近似于透明的蓝 
20379212, 7.0, 4139,  不如去死 
2153299, 8.7, 424,  小仓百人一首 
6889834, 7.4, 2114,  往复书简 
10598176, 8.2, 712,  树屋 
5436811, 8.0, 890,  幻色江户历 
26759579, 8.7, 408,  事物的味道，我尝得太早了 
4231214, 7.8, 1147,  恶人 
20503618, 8.6, 445,  　之教典 (上) 
10827882, 7.9, 975,  悉尼！ 
5290239, 8.1, 751,  这一生再也不会有的奇遇 
6831051, 8.4, 539,  泥河　萤川 
3272415, 7.4, 1948,  白色猎人 
1451520, 7.7, 1232,  沙门空海之大唐鬼宴　卷之一　入唐 
26314932, 8.4, 518,  言叶之庭 
4857031, 7.6, 1386,  钥匙 
4882014, 7.6, 1383,  残虐记 
1559728, 8.3, 569,  方丈记 徒然草 
1157648, 7.2, 2488,  东京塔 
4903188, 8.3, 560,  叶隐入门 
1797118, 8.7, 373,  丧失为人资格 
1342391, 8.4, 507,  海　的卡夫卡（下） 
25815415, 8.0, 780,  后巷说百物语 
6889836, 8.6, 402,  世上最疼我的人 
4759591, 8.2, 619,  入殓师 
24732964, 7.9, 864,  佛陀与想太多的猪 1 
19944233, 8.2, 607,  四十九日告别 
3391933, 8.3, 538,  星星舟 
6802423, 7.7, 1089,  哦！爸爸们 
26712094, 8.2, 596,  汽油生活 
26425881, 8.2, 596,  真幌站前番外地 
19944232, 8.1, 667,  等风的人 
4252081, 8.1, 671,  雨月物语　春雨物语 
4887607, 9.1, 248,  芥川龙之介读本 
26735085, 7.7, 1083,  奇迹 
25904933, 8.4, 470,  我的母亲手记 
10794337, 8.6, 383,  神之病历1 
5254082, 8.7, 348,  兔之眼 
1003155, 7.6, 1223,  化妆 
1902719, 8.7, 351,  佐　阿　 笑著活下去！ 
3520218, 7.9, 821,  德川家康 
26654687, 8.0, 710,  你是我的命运 
4850848, 7.5, 1363,  　 
1027802, 8.0, 706,  冷静与热情之间 
3812309, 7.3, 1842,  穿越时空的少女 
11639946, 7.6, 1184,  百鬼夜行－阴 
20488770, 7.6, 1167,  恋爱中毒 
10600121, 8.2, 550,  在约定的场所 
6920271, 8.3, 494,  礼物 
3239544, 7.2, 2106,  扔在八月的路上 
2247138, 7.1, 2497,  爱的流放地 
24839341, 7.6, 1139,  紫罗兰 
3402613, 7.5, 1326,  无家可归的中学生 
3264135, 8.2, 541,  武田信玄（上下） 
1205778, 7.7, 972,  睡美人 
25829361, 7.9, 758,  花花饭 
2025635, 8.6, 352,  芥川龙之介中短篇小说集 
3200161, 7.2, 2048,  N　P 
26769999, 7.8, 835,  死神的浮力 
26417643, 7.4, 1468,  歪笑小说 
4320805, 7.4, 1461,  太阳之塔 
1354608, 8.3, 470,  舞舞舞（下） 
6001114, 8.1, 577,  猫的事务所 
25829049, 7.8, 819,  挽歌 
1872465, 8.4, 415,  那年，我们爱得闪闪发亮 
1593819, 8.3, 457,  砂女 
25841848, 8.2, 510,  续巷说百物语 
26832913, 8.1, 560,  二十亿光年的孤独 
5269183, 8.1, 561,  我与北野武 
5939300, 7.3, 1593,  垃圾筐电影院 
4626116, 7.8, 797,  阴火 
26821903, 7.9, 689,  精神科的故事：空中秋千 
25747597, 7.5, 1155,  不能不去爱的两件事 
10604916, 8.6, 325,  请不要灰心呀! 
1011960, 8.3, 438,  在自己的树下 
5043454, 7.9, 672,  盛开的樱花林下 
6903035, 8.4, 391,  柠檬 
5988637, 8.5, 352,  镜子之家 
25722935, 7.5, 1147,  魔王 
4240395, 7.4, 1307,  复乐园 
25927233, 7.6, 986,  杀手界 
1795067, 7.8, 769,  沙门空海之大唐鬼宴　卷之四　不空 
3101617, 8.4, 382,  日本短篇推理小说选 
5942644, 8.6, 309,  武藏野 
5312099, 7.5, 1089,  对岸的她 
2735770, 8.3, 418,  锦绣 
10432767, 8.3, 415,  西女巫之死 
1054071, 8.9, 239,  与风景对话 
11586903, 7.9, 656,  夏目漱石的百合 
5921800, 7.9, 653,  宴后 
1261446, 7.3, 1458,  樱花树下 
5907515, 8.3, 408,  浮云 
26638267, 8.4, 368,  变调二人羽织 
1062476, 8.3, 407,  万延元年的足球队 
1023907, 8.3, 412,  我在美丽的日本 
4859791, 8.3, 407,  猫婆婆 
26797395, 8.2, 447,  夏日启示录 
1227920, 8.1, 503,  日本古典俳句选 
25885021, 8.3, 405,  砂女 
10618121, 8.1, 498,  扮鬼脸 
5275540, 7.9, 634,  少将滋干之母 
20503620, 8.4, 366,  　之教典 (下) 
10473342, 7.7, 797,  鸫 
5906023, 7.6, 907,  最糟也最棒的书店 
21690242, 8.4, 354,  拿破仑狂 
5401957, 7.7, 779,  沉睡在森林里的鱼 
10531023, 7.6, 887,  午后四时的啤酒 
1097725, 7.6, 879,  化身 
2076847, 8.8, 243,  1分钟小说选 
7007774, 7.7, 764,  没有意义就没有摇摆 
20507419, 7.0, 2121,  东野圭吾的最后致意 
3124867, 8.5, 309,  大江健三郎精品集 
26846483, 8.5, 301,  不然你搬去火星啊 
26840568, 9.2, 164,  草疯长 
1434314, 9.0, 192,  父　的道歉信 
4714517, 8.3, 365,  　青年　立的　　俱　部 
11535667, 8.6, 267,  青鸟 
1438914, 8.3, 352,  奥州小道 
24890744, 7.7, 686,  人为什么会淹死在沙漠里？ 
20468729, 8.1, 434,  革命者 
1063515, 8.1, 434,  性的人 
26686234, 8.5, 286,  身　　　小　家 
20449827, 7.4, 1006,  再见，黑鸟 
10831818, 8.2, 383,  细小 
26576518, 7.0, 1832,  我的晃荡的青春 
19967320, 8.1, 416,  远野物语　日本昔话 
25938704, 8.4, 300,  一弦琴 
7175407, 8.0, 462,  漂逝的纸偶 
25752981, 7.8, 581,  你所不知道的日本名词故事 
1084404, 8.8, 209,  铁道员 
10439096, 8.0, 450,  出帆 
7916121, 8.4, 296,  十二人的信 
26184241, 7.7, 646,  　的成人式 
25726109, 7.7, 632,  不夜城 
10770533, 7.5, 805,  喂喂下北泽 
10515231, 7.4, 922,  献给虚无的供物 
2122399, 7.8, 556,  叶隐闻书 
1340870, 8.6, 241,  　　　年代　 
6889894, 7.9, 488,  鹭与雪 
5903929, 8.4, 288,  1Q84之後～特集: 村上春　Long Interview　　　 
4898543, 7.9, 489,  政治少年之死 
1051986, 8.5, 262,  死者的奢华 
1069210, 7.6, 682,  痴人之爱 
1772580, 9.2, 143,  　　雨 
1150862, 8.8, 197,  星新一短篇小说集 
25859249, 7.7, 603,  一瞬之光 
20434062, 8.2, 346,  鲜花盛开的森林　忧国 
6387179, 8.9, 178,  近松门左卫门选集 
1029378, 8.6, 230,  川端康成掌小说全集 
26315820, 8.4, 272,  火花 
3907946, 8.6, 229,  夏目漱石汉诗文集 
6861469, 8.5, 248,  在那天来临前 
2231632, 7.8, 520,  摇滚妈妈 
25845649, 7.6, 644,  亲爱的闺蜜 
5299885, 7.3, 972,  遗物整理人看见的 
1018260, 7.4, 843,  竹取物语 
6006579, 7.8, 502,  村上春树，去见河合隼雄 
5323630, 7.9, 445,  日本物哀 
6087394, 8.7, 203,  东野圭吾精选集-全10册 
6073423, 8.3, 293,  歌行灯 
6042376, 7.9, 442,  哀悼人 
1046236, 8.0, 395,  日兮月兮 浅草红团 
1330007, 7.9, 438,  平家物语 
25836027, 7.6, 615,  献给死者的音乐 
1907859, 8.2, 308,  今昔物语 
6735999, 7.9, 426,  小小的家 
1068112, 8.5, 231,  恶魔 
3411361, 7.8, 482,  伊达政宗 
26842937, 8.9, 162,  全怪谈（全三册） 
26721548, 8.3, 276,  Lens　视觉005：以手抵心 
6732546, 7.7, 524,  丰臣公主 
26412327, 8.0, 371,  八口小锅 
5423546, 8.2, 299,  汤岛之恋 
5913404, 8.0, 371,  白痴 
1469212, 6.9, 1598,  所有的男人都是消耗品 
26762263, 8.1, 325,  我被封杀的抒情 
6430503, 8.8, 171,  万叶集精选 
25832600, 8.1, 326,  冬至草 
25923418, 8.1, 327,  猫与庄造与两个女人 
20003447, 7.9, 405,  春分之后 
10601521, 8.2, 296,  太阳与铁 
1370271, 8.6, 201,  浮华世家 
25779594, 7.2, 982,  魔球 
25887244, 8.1, 321,  异恋 
3777729, 8.0, 358,  川端康成三岛由纪夫往来书简 
6727813, 8.1, 320,  尘世的梦浮桥 
4887596, 7.5, 635,  下妻物语 
1839508, 9.1, 132,  石川啄木诗歌集 
5907525, 8.1, 313,  晚菊 
24859370, 8.6, 197,  使者 
2315072, 8.1, 317,  樱 
11597314, 8.0, 344,  我被爸爸绑架了 
3056906, 8.3, 250,  夏日的庭院 
26681392, 8.1, 303,  去山里盖座小屋吧 
26318944, 7.8, 421,  绘画是一个人的旅行 
1186348, 8.1, 301,  谷川俊太郎诗选 
25885617, 8.1, 298,  她和她的猫 
26538428, 7.6, 517,  造物有灵且美 
10569637, 8.3, 246,  玻璃门内 
3517501, 7.8, 405,  金色夜叉 
4082627, 8.5, 199,  家守　　 
6025528, 7.4, 663,  再见了，德彪西 
1028857, 8.2, 260,  沉潜的瀑布 
6848987, 7.5, 558,  一个背叛日本的日本人 
5607827, 7.5, 555,  夏光 
26283162, 7.1, 965,  单挑 
1002013, 7.5, 549,  曼特莱斯情人 
25963163, 7.9, 343,  欲乐园 
26723427, 8.3, 225,  西巷说百物语 
26378466, 7.9, 336,  生日故事集 
26309151, 7.4, 605,  昼颜 
24872503, 7.7, 422,  跑啊！高桥 
1737324, 7.6, 471,  中国游记 
6795311, 7.8, 373,  原来，你已不在 
26776393, 9.2, 107,  故乡，心里的风景 
4045081, 7.7, 409,  美利坚物语 
25811065, 8.6, 169,  天地明察 
3273147, 7.8, 367,  松尾芭蕉散文 
24292290, 7.3, 667,  兰陵王 
26279028, 7.8, 363,  面包和汤和猫咪好天气 
26646201, 7.6, 454,  葡萄柚 
26673853, 7.4, 572,  庭守之犬 
1205392, 7.8, 356,  古事记 
6864274, 8.8, 139,  我　　的那　　代 
24754129, 7.5, 504,  相性 
4151176, 7.4, 566,  爱的左边 
26534897, 8.6, 160,  百器徒然袋　　风 
24845438, 8.5, 174,  名作家文学课 
24760687, 7.8, 349,  晚年 
25947743, 7.4, 550,  少女的港湾 
21322405, 7.8, 339,  路边草 
25713169, 7.5, 486,  一切的一切，都交给时间吧 
3438442, 7.4, 543,  蟹工船 
26819925, 8.6, 156,  君の名は。 
5283571, 9.2, 99,  宛如阿修　 
26614576, 7.6, 416,  知日　太宰治 
6757194, 6.8, 1305,  碎片，令人怀念的1980年代 
10439880, 8.4, 181,  不道德教育　座 
25977519, 7.8, 326,  屠杀器官 
4140439, 6.7, 1480,  毒舌北野武 
2224962, 8.2, 219,  古今和歌集 
7065516, 7.5, 460,  荒野 
4117904, 6.8, 1223,  绷带俱乐部 
25863253, 7.6, 404,  起风了　菜穗子 
1920846, 8.5, 163,  名人 
26476959, 8.3, 193,  我青春漫游的时代 
26289340, 8.4, 176,  东京人 
10755064, 7.8, 314,  城市之光 
5395818, 7.7, 355,  读书人 
1477384, 8.4, 176,  现代日本小说集 
26628823, 6.7, 1389,  图书馆奇谈 
26755284, 7.6, 388,  献给折颈男的协奏曲 
4823778, 7.7, 347,  地狱之花 
10594327, 8.5, 158,  孤宿之人（下） 
3882826, 6.8, 1154,  乳与卵 
26431631, 8.3, 181,  春天与阿修罗 
20470901, 7.6, 371,  风味绝佳 
24815957, 7.4, 479,  秒速5厘米 
26581565, 7.4, 467,  亿男 
25761048, 8.3, 179,  永　的0 
1059168, 8.6, 138,  北欧纪行 
6720620, 7.1, 695,  棉被 
20403596, 8.4, 161,  武州公秘话（谷崎润一郎作品系列） 
5423545, 8.2, 194,  夫妇善哉 
4766952, 6.9, 907,  东京岛 
6057663, 8.0, 235,  剑客生涯（一） 
6903030, 7.6, 352,  思念 
25842258, 8.1, 208,  猫鸣 
1045569, 8.4, 160,  宫泽贤治童话 
26848972, 8.1, 203,  这里是没有我们存在的地方 
26253700, 8.9, 105,  城塞 
1877890, 9.1, 91,  风姿花传 
3241591, 8.2, 186,  苍茫时分 
26585457, 8.6, 131,  海与毒药 
7916119, 8.3, 168,  手锁心中 
26351392, 7.9, 243,  爱的人们 
10461951, 8.8, 112,  ピンクとグレ 
24840351, 7.3, 487,  时间的习俗 
1284418, 8.7, 121,  安部公房文集 
2075629, 8.3, 164,  维荣的妻子 
26774091, 8.4, 147,  唐草物语 
26890264, 9.0, 92,  不畏风雨 
25925198, 7.5, 358,  现在开始，与自己和平相处吧 
21693092, 7.5, 361,  隐花平原 
26850007, 8.2, 171,  一幅画开启的世界 
26258910, 9.2, 79,  昨夜的咖哩，明日的　包 
21966358, 7.8, 253,  就在你所在的地方生根开花 
25959963, 7.7, 279,  深夜面包房　凌晨0点的配方笺 
3229488, 8.0, 205,  月　 
5907519, 7.6, 304,  放浪记 
10605851, 7.4, 391,  在海上等你 
6863339, 8.1, 184,  梦见街 
25814402, 7.0, 663,  王者 
26825826, 7.6, 298,  同栖生活 
26593188, 8.9, 95,  一日一果 
26613047, 7.6, 294,  时间停止的校园（上、下） 
26638269, 8.7, 108,  寿司之神 
1491713, 6.8, 844,  惜别 
1664101, 8.2, 159,  森鸥外精选集 
25900684, 7.6, 287,  猫的国度 
21690191, 6.7, 969,  我的男友 
21331459, 9.1, 80,  蜘蛛之丝 
25960997, 8.6, 113,  远山在呼唤 
10738191, 7.2, 457,  京都三六五日生活杂货历 
25861937, 7.3, 403,  昔日的味道 
23010383, 6.8, 801,  世上所有的女人都结婚了? 
5293928, 8.7, 101,  六之　公主 
5387468, 7.2, 437,  世界怪奇实话（上） 
5423547, 8.2, 152,  青春的反证 
1950971, 8.8, 92,  明暗 
3107941, 7.6, 268,  俳句的魅力 
10760882, 8.6, 106,  金子美铃物语 
25960668, 7.7, 237,  花的圆舞曲 
26369908, 7.4, 326,  北野武自述 
10567935, 8.3, 134,  风之又三郎 
10594326, 8.1, 160,  孤宿之人（上） 
25862571, 8.2, 143,  闯入者 
3653870, 8.8, 89,  　山家之味 
3269344, 9.1, 73,  千年之梦 
25800202, 7.2, 408,  不想恋爱 
24851828, 6.9, 624,  吸血鬼 
26723425, 8.2, 141,  前巷说百物语 
25763706, 6.6, 982,  再爱一次 
26577701, 8.0, 167,  我的美的世界 
26760898, 7.8, 199,  花与爱丽丝 
26664122, 7.8, 199,  百濑
3880848, 6.3, 1611,  向死而生 
26706772, 8.2, 136,  你知不知道我很担心你啊 
26180267, 7.1, 436,  我们是不是该结婚了 
2151785, 8.7, 91,  宫泽贤治杰作选 
19949179, 7.3, 341,  怪 
26692195, 7.6, 236,  物语终焉 
26430284, 7.9, 176,  星之声 
11534101, 9.1, 67,  星星和蒲公英 
19948615, 8.0, 156,  文艺的，过于文艺的 
25727799, 7.9, 169,  他人的脸 
26060718, 7.5, 253,  阵雨中的车站 
25767395, 6.9, 525,  神的拉面 
26653018, 7.5, 249,  一切终将远去 
20471652, 7.4, 278,  小暮写真馆 
5423773, 6.6, 824,  向田邦子的情书 
26136927, 7.4, 271,  今日诸事大吉 
26762116, 7.9, 159,  疯癫老人日记 
26593509, 7.6, 215,  酒友 饭友 
19928953, 6.9, 508,  春，夏，然后是冬 
5921799, 7.3, 303,  徒然王子 
26721353, 8.1, 132,  遇见怦然心动的小书店 
25850118, 8.2, 120,  日本读书论 
26443878, 8.0, 144,  趁热品尝 
25836034, 7.6, 210,  去爱吧，间宫兄弟 
26826894, 8.8, 75,  我们是穷得开朗，所以不用担心 
26392734, 7.4, 255,  到处存在的场所，到处不存在的我 
26712029, 8.0, 141,  诸神的微笑 
2028083, 9.1, 62,  方丈　 
19954650, 9.1, 61,  日本古　店的手　旅行 
1124869, 8.0, 137,  断肠亭记 
6817768, 9.0, 64,  日本文学史序说（上下） 
26490949, 7.9, 148,  皇家酒店 
2043109, 9.2, 56,  　　秋　抄 
26770916, 7.2, 308,  毛茸茸 
26327552, 8.5, 88,  殉教 
6125408, 7.5, 215,  女孩 
7153418, 7.0, 391,  富士山禁恋 
26431623, 7.6, 193,  灯之湖畔 
26272191, 7.1, 339,  夏日终焉 
25857997, 7.8, 158,  绿萝之舟 
26136929, 7.2, 300,  没有钥匙的梦 
3726021, 8.8, 70,  井上靖西域小说选 
26717937, 7.6, 189,  女人的食指 
24870341, 7.0, 381,  水银虫 
1437001, 8.4, 93,  井上靖文集(1-3) 
1316444, 7.7, 165,  舞姬 
25816076, 8.0, 126,  和泉式部日记 
1939603, 9.1, 56,  　　孤影抄 
24859820, 7.9, 138,  新恋爱讲座 
6133536, 7.9, 139,  魔鬼的无聊 
3830725, 7.5, 199,  世界　　卡托投影地　的　白 
5983903, 6.6, 645,  一个人的老后 
3267169, 7.9, 135,  一休和尚诗集 
2127454, 8.3, 95,  山头火俳句集 
10520607, 8.7, 71,  　东绮谭 
26785388, 7.2, 268,  　者之　 
26277997, 7.7, 157,  岛和我们 
26920165, 7.2, 271,  拉普拉斯的魔女 
26662018, 7.5, 189,  甜蜜的房间 
2051716, 8.3, 91,  六宅一生 
24815943, 8.1, 108,  随风飘舞的塑料布 
26435482, 7.5, 186,  博物馆行星 
6401117, 8.1, 103,  日本幽玄 
10618123, 7.5, 176,  信长之棺 
10774929, 7.9, 120,  静子 
23011195, 7.3, 213,  浪人 
1747695, 7.2, 237,  岩崎峰子：真正的艺伎回忆录 
6797742, 7.6, 155,  东海道徒步旅行记 
26616958, 7.9, 115,  樱花秘密基地 
3824828, 8.6, 67,  太宰治 
11534102, 7.3, 206,  清晨，如故 
1031074, 8.4, 76,  永井荷风散文选 
25897075, 6.7, 431,  残秽 
26840552, 8.1, 93,  西瓜的香气 
6879218, 7.4, 174,  松浦　太郎．生活中的巧思　　　　　三部曲 
26879049, 9.0, 49,  和果子 
24838896, 6.1, 1078,  村上春树　猫 
1900577, 7.0, 261,  好色一代男 
26874773, 8.4, 68,  黑夜的空白 
1348165, 7.2, 200,  　死99　　的少女 
26755786, 8.0, 89,  耕食生活 
1794795, 7.8, 105,  跪下　舔我的　 
24283495, 6.3, 671,  虚言少年 
1028312, 8.5, 61,  如梦记 
5255693, 8.5, 61,  腐　趣～不只是　趣！ 
26422519, 7.8, 103,  江国香织：爱无比荒凉 
26389914, 7.8, 103,  别烦恼，开心就好 
5254175, 8.8, 50,  春的　　 
6903034, 7.4, 151,  青年 
26671170, 7.1, 204,  神圣懒汉的冒险 
26595310, 8.2, 73,  二十四只眼睛 
25820469, 7.8, 102,  牧神的午后 
5341262, 8.5, 58,  再　溪谷 
25938935, 8.1, 78,  欲望 
24871481, 7.2, 177,  邻镇战争 
5334289, 7.2, 177,  在那忧郁无尽蔓延的黑夜 
26879048, 9.1, 39,  京料理 
26700582, 8.2, 70,  此处游泳，既不安全也不舒适 
1962970, 7.4, 136,  生为女人 
1039599, 8.4, 59,  望乡 
10481108, 8.3, 63,  上海月亮 
24807745, 7.2, 164,  狐狸庵食道乐 
26745439, 8.0, 77,  纸之月 
1769760, 8.0, 77,  二叶亭四迷小说集 
26771731, 8.2, 65,  朱　 
26384630, 6.6, 333,  红城堡 
2303437, 8.2, 64,  日本近代五人俳句选 
1794803, 8.0, 74,  做　　的眼神 
1142554, 8.5, 51,  日本文学史 古代卷（上、下） 
26280925, 7.0, 182,  文豪之家 
25726612, 7.4, 119,  燃烧的地图 
26708632, 8.3, 55,  人生需要匠人精神 
26302565, 8.7, 40,  百年法(上) 
1431380, 8.0, 64,  谷崎润一郎与东方主义 
6852176, 8.7, 40,  月の珊瑚 
26715115, 8.6, 43,  人间失格/经典印象小说名作坊 
10761604, 7.9, 70,  金子美铃全集（全三卷） 
25875911, 8.0, 63,  雪日 
24871656, 8.3, 51,  青山七惠小说集 
26363733, 8.1, 59,  不为人知的爱的生涯 
25761483, 7.4, 104,  最后的居所 
1350919, 9.4, 27,  寺山修司少女　集 
26372079, 8.1, 58,  饲养 
5030516, 8.0, 62,  东洋的幻象 
2134697, 8.1, 57,  　落　 
26221734, 7.6, 83,  维他命F 
3403041, 8.8, 35,  内藤湖南汉诗文集 
10436558, 8.1, 55,  星期天　 
26603305, 8.8, 34,  日本推理100年 
26678965, 8.1, 51,  人生啊，要拿得起放得下 
26772820, 8.0, 51,  嘿，和我聊会儿天吧 
26584558, 8.4, 39,  盲歌女阿凛 
5313541, 8.0, 51,  渡边淳一两性关系读本系列（4册） 
2065212, 9.4, 23,  玄鸟 
26898387, 8.3, 40,  虚伪的真心话 
26667280, 7.6, 65,  虽然没有遇到什么困难，但我就是要逃避 
26748338, 7.4, 78,  威化饼干的椅子 
26352518, 9.5, 21,  　をもたない　たちは 
26720709, 7.0, 111,  恋物物语 
25932135, 9.0, 26,  津　 
26899959, 9.5, 20,  达洋猫动物小说　奇幻冒险五部曲 
26926707, 7.8, 53,  你的名字。 
24851694, 7.0, 107,  如果九月可以永存 
1484267, 7.6, 61,  南总里见八犬传（全四册） 
20273576, 7.5, 67,  异端的快乐 
25892730, 7.5, 65,  　者的帝　 
11621661, 7.2, 85,  方舟 
26673854, 7.5, 65,  陨落的星星 
26148885, 6.3, 234,  没有动力的时候，一个人发发呆也好（2） 
25769675, 7.4, 69,  　於莉莉周的一切 
26827210, 8.1, 38,  林中秘族 
2146304, 8.6, 28,  最　 
26580031, 6.4, 183,  旧怪谈 
3571579, 8.4, 31,  井上靖小说选 
2973057, 8.4, 31,  志贺直哉小说集 
25906124, 8.2, 34,  太宰治的人生　　 
26656384, 8.7, 25,  　　　堂 破　 
26264141, 7.5, 49,  来自神的一句话 
1347078, 7.3, 56,  世界　女大全 
26790752, 8.2, 29,  第六大陆 
6963514, 8.2, 29,  花宵道中 
26822038, 7.8, 37,  回到初衷 
1868631, 7.7, 35,  美　　哀愁 
26737855, 7.8, 33,  神山奇迹 
20436252, 7.5, 40,  甜美的　生 
2322582, 7.8, 30,  饥饿海峡 
26302581, 7.9, 28,  　有麒麟之舌的男人 
26363552, 7.5, 36,  慢生活 慢美好 
1836946, 8.7, 17,  一茶俳句集 
26616770, 7.0, 48,  东方怪谈 
25972513, 7.8, 26,  一握之砂：石川啄木短歌全集 
2334016, 8.5, 16,  正冈子规俳句选译 
26704408, 7.9, 16,  春琴抄 
26868554, 8.0, 15,  小津安二郎美食三昧　关东篇 
3068320, 7.2, 24,  不愉快的果实 
26304230, 7.9, 14,  日本谣曲选 
10462818, 7.3, 15,  共　い 
26419603, 7.8, 11,  小　家的休日　光 
25697900, 7.7, 11,  　京百景 
