Tag: 时间管理 
The number of books: 60 

ID, Rating, Votes, Title
3609132, 8.5, 23118, 把时间当作朋友 
1048007, 8.2, 19038, 高效能人士的七个习惯（精华版） 
6709809, 8.4, 9914, 暗时间 
4180711, 8.2, 11345, 拖延心理学 
3558629, 8.4, 4933, 小强升职记 
1115353, 8.3, 5389, 奇特的一生 
5916234, 7.7, 8807, 番茄工作法图解 
1436707, 7.6, 4634, 如何掌控自己的时间和生活 
1085660, 8.0, 2290, 尽管去做 
1984347, 8.3, 1236, Power Sleep 
20389192, 7.2, 5434, 30岁前的每一天 
6519759, 7.5, 2667, 记事本圆梦计划 
3006483, 7.7, 1932, 每周工作4小时 
3550398, 7.5, 1861, 时间管理幸福学 
4229525, 7.4, 2047, 筆記女王的手帳活用術 
3744041, 7.1, 3151, 晨间日记的奇迹 
26850526, 8.3, 546, 追时间的人 
1019959, 7.8, 891, 精力管理 
26761859, 7.9, 610, 精要主义 
26893033, 8.5, 271, 把小日子收进手帐里 
4087655, 7.9, 493, 注意力曲线 
26586771, 7.4, 709, 神奇手账 
3852697, 7.5, 574, 少的力量 
25855770, 8.1, 263, 就因為「沒時間」，才什麼都能辦到 
25747577, 6.9, 1138, 7天治愈拖延症 
5341077, 6.8, 1133, 筆記女王的手帳活用術 2 
3038761, 7.4, 419, 80/20法则 
26099295, 7.6, 308, 番茄工作法图解 
3371165, 7.1, 570, 吃掉那只青蛙 
10535830, 7.1, 533, 另外8小时 
11523251, 6.6, 1073, 超级时间整理术 
26656532, 7.4, 337, 最重要的事，只有一件 
10485205, 7.9, 178, 搞定Ⅲ 
24531573, 7.2, 390, 自制力 
25762577, 7.7, 215, 高效能人士的时间和个人管理法则 
6717149, 8.3, 101, 分心也有好人生 
20507359, 7.5, 208, 不要一大早就刷微博 
6892012, 7.2, 215, 时间，会用才能身价倍增 
20492080, 6.8, 278, 每天节省2小时 
24706568, 7.4, 136, 时间，快与慢 
11907918, 8.4, 54, Daily Rituals 
26703405, 7.3, 98, 少做一点不会死 
25852650, 8.0, 54, 高效管理的80/20法则 
4238345, 7.5, 78, 弘兼宪史教你活用记事本 
6807583, 6.7, 168, 休活 
23008781, 6.8, 134, 天天25小时 
26617315, 8.7, 28, 懒人总是有借口 
5372470, 6.1, 269, 高效人士四小时熟睡法 
26307617, 7.8, 41, 心想事成的创意整理术 
5263597, 6.7, 95, 實現一生夢想的筆記本 
25894706, 6.6, 101, 用系统来工作 
25857944, 6.6, 89, 掌控：如何规划自己的时间和生活 
26801390, 7.2, 46, 有道云笔记：记录，成为更好的自己 
26372189, 6.9, 53, 别说你懂思维导图 
25755525, 5.8, 161, 戒了吧，拖延症 
20271921, 7.4, 27, 生命尽头，谁将为你哭泣 
24771054, 7.5, 24, The Miracle Morning 
20473866, 6.1, 68, 最強手帳改造術 
26230719, 5.6, 82, 极简主义 
6149406, 7.1, 19, 成功者的筆記本都記些什麼 
