Tag: 欧洲 
The number of books: 120 

ID, Rating, Votes, Title
1035326, 8.7, 3447, 一次・图片和故事 
1785512, 8.3, 1941, 漫卷西风 
26296352, 8.9, 922, 财富之城 
5283663, 8.4, 1407, 另一个波琳家的女孩 
1082899, 8.7, 967, 我的心遗留在爱琴海 
1785502, 7.9, 2032, 咖啡苦不苦 
2381093, 7.4, 4144, 一辈子做女孩 
2042511, 8.5, 816, 第五个 
1880126, 8.1, 826, 大勇和小花的欧洲日记 
1083465, 7.7, 1328, 欧洲之旅 
1053109, 9.0, 294, 封建社会（上、下卷） 
1073086, 8.3, 571, 偶遇 
2299194, 8.2, 558, 大勇和小花的欧洲日记Ⅱ 
5264468, 7.7, 817, 东西莫辨逛欧洲 
1083446, 8.7, 272, 麦哲伦航海纪\:探险史上最寂寞的壮举 
1963430, 8.7, 269, 欧洲思想史 
1836026, 7.8, 577, 背德者 
1870639, 8.4, 277, 肉体与石头 
1084555, 8.2, 301, 所罗门宝藏 
1038591, 8.6, 203, 漫画荷兰 
26640439, 8.9, 155, 死缓 
4189775, 8.7, 167, 西方文明简史 
4882056, 7.9, 343, 为什么是欧洲？ 
10561232, 7.9, 332, 时光里的欧洲 
1006676, 8.0, 291, 在普罗旺斯闻香 
4173412, 8.3, 210, 德国历史中的文化诱惑 
26258900, 8.6, 150, 俄国与拿破仑的决战 
2209257, 8.3, 168, 欧洲民族大迁徙史话 
1792566, 8.5, 142, 漫话瑞士 
5332802, 7.9, 242, 狼口 01 
1483184, 8.5, 130, 维也纳，散步时别打扰我思考 
1883091, 8.4, 137, 西方建筑图解词典 
4222560, 8.0, 189, 戈达尔访谈录 
1019446, 7.8, 218, 欧洲风化史 
26361453, 7.7, 220, 郁金香热 
3064742, 8.4, 111, 纽约不怀旧 
1062078, 7.8, 186, 希腊白色城镇之旅 
3775827, 8.7, 84, 巴黎 
10453202, 9.2, 59, 穆罕默德和查理曼 
10508106, 7.7, 192, 旅行不是一味药 
24533463, 7.8, 162, 拜占庭帝国通史 
24530141, 8.0, 130, 重估价值 
21268040, 8.8, 70, 竞逐富强 
1551359, 8.2, 107, 亚历山大三部曲（共三册） 
1481970, 8.4, 88, 欧洲创造平面 
3522154, 9.1, 53, 意大利 
26285636, 8.3, 88, 似是都柏林 
24866054, 8.9, 57, 在灵泊深处 
6855830, 7.4, 186, 鼠王 
3213448, 7.9, 111, 德国文化遗产之旅 
3290292, 8.0, 100, 英国史（上下） 
26606418, 7.6, 139, 疯狂年代（上） 
11501816, 7.6, 137, 绿野黑天鹅 
25885618, 8.5, 65, 巴萨 
4157693, 7.7, 123, 小酒馆之歌 
4832687, 8.2, 74, 欧洲醉行 
10603546, 6.8, 291, 欧游散记 
1083688, 7.0, 217, 宗教的历史 
3182357, 8.2, 68, 欧洲的抗争与民主 
24715509, 7.8, 95, 那件疯狂的小事叫旅行 
20444098, 8.7, 48, 茨威格读本 
26862163, 8.4, 57, 她他 
3013089, 7.5, 118, 欧洲大教堂 
26797406, 7.3, 139, 美国独行 
1261877, 8.1, 68, 凯尔特智慧 
1272877, 8.6, 45, 从古代到封建主义的过渡 
4199412, 7.8, 72, 利维坦的诞生 
1664100, 8.6, 41, 柯莱特精选集 
26767467, 8.5, 43, 龙与鹰的帝国 
26761467, 8.6, 40, 在绿荫天使的羽翼下 
1045584, 7.6, 83, 浪漫主义的先声 
4726655, 7.3, 107, 好一个法国女人 
20376134, 9.0, 31, 伯罗奔尼撒战争的爆发 
2006971, 7.6, 78, 欧洲电影分析 
1254349, 8.5, 38, 别尔嘉耶夫集 
2276843, 7.6, 69, 文艺复兴 
1894734, 7.7, 61, 古代北欧的传奇故事 
2304864, 8.3, 40, 欧洲文化史论 
10809701, 7.5, 67, 文尼莎与弗吉尼亚 
26678736, 7.7, 55, 欧洲 
3227936, 9.2, 22, 欧洲大学史（第一卷） 
1181142, 8.3, 35, 欧洲与中国 
1224884, 6.1, 291, 一口气读完二战史 
3510262, 7.8, 45, 牛津欧洲史（第三卷） 
1085920, 8.0, 38, 生态扩张主义 
1017789, 7.5, 54, 在拜占庭精神的沐浴中 
4197869, 7.5, 52, 巴塞尔都市圈 
2222750, 7.3, 59, 喧市幽深巷 
26296454, 8.6, 23, 美术中的流光 
2213855, 7.1, 61, 伊丽莎白二世时期白金汉宫的生活 
1799952, 7.0, 62, 文明的冲突 
2283370, 7.2, 52, 阿姆斯特丹 
1903901, 8.1, 27, 古罗马文学史 
1816259, 7.4, 42, 德国建筑竞赛作品集-(1.2) 
1094851, 6.7, 72, 欧洲音乐史 
3744085, 6.5, 88, 周末读完意大利史 
1074499, 7.4, 38, 海德堡笔记 
5950887, 8.2, 22, 幸福的历史 
1418992, 7.0, 50, 欧洲文化的起源 
1191019, 8.3, 20, 麦哲伦传 
2995055, 7.7, 28, 近代欧洲的生活与劳作 
3244092, 6.4, 75, 骑士、妇女与教士 
24738846, 6.7, 46, 神圣罗马帝国，1495—1806 
4322848, 8.0, 17, 从“休克”到重建 
1874015, 7.9, 18, Mario Testino 
1277269, 6.8, 35, 西欧中世纪骑士的生活 
3074030, 7.8, 17, 西亚、欧洲古代工艺技术研究 
4047217, 7.8, 16, 世界市场中的小国家 
1706487, 7.1, 24, 欧洲中世纪 
3227938, 8.3, 12, 欧洲大学史（第二卷） 
25870153, 7.1, 23, 走出西方的社会学：中国镜像中的欧洲 
3877486, 7.5, 17, 捷克·奥地利·匈牙利一本就GO! 
3221442, 7.6, 15, ORSAY奥赛博物馆参观指南（中文版） 
26923543, 8.0, 11, 现代欧洲史（全6卷） 
3094381, 7.8, 12, 玛丽亚·特蕾西亚传 
1637834, 7.6, 13, 剑桥欧洲经济史（第八卷） 
26210604, 7.6, 12, 终极亲密 
26840512, 7.5, 12, 黑暗大陆 
11626572, 7.6, 10, 中世纪欧洲史 
5972007, 7.2, 10, 欧洲的觉醒 
