Tag: 欧美 
The number of books: 280 

ID, Rating, Votes, Title
1041007, 9.0, 82341, 哈利·波特与魔法石 
1009257, 8.9, 67957, 哈利·波特与火焰杯 
1858513, 8.9, 61383, 月亮和六便士 
1017143, 8.5, 129852, 不能承受的生命之轻 
4820710, 9.3, 28028, 1984 
1829226, 9.1, 35259, 肖申克的救赎 
1336330, 9.3, 21551, 冰与火之歌（卷一） 
1827374, 9.0, 32402, 东方快车谋杀案 
1040771, 8.2, 123220, 达·芬奇密码 
3006581, 8.9, 30634, 无人生还 
3608208, 8.6, 45265, 牧羊少年奇幻之旅 
1205054, 8.9, 25717, 悲惨世界（上中下） 
1464203, 9.4, 11855, 冰与火之歌（卷二） 
4908885, 9.0, 19862, 局外人 
1863930, 8.8, 25297, 看不见的城市 
1400705, 8.1, 78897, 情人 
1258490, 9.2, 10238, 基地 
1807516, 8.9, 14868, 罗杰疑案 
1024197, 8.3, 39178, 巴黎圣母院 
1292416, 8.5, 26379, 香水 
2361768, 9.3, 7909, 爷爷变成了幽灵 
3210843, 9.2, 8397, 冰与火之歌·卷四·群鸦的盛宴（全两册） 
1818347, 8.7, 17013, 尼罗河上的惨案 
1008988, 8.3, 31810, 了不起的盖茨比 
1424741, 8.5, 22323, 心是孤独的猎手 
1394364, 8.8, 13703, 银河系漫游指南 
1013380, 8.1, 45033, 茶花女 
1159939, 8.5, 21866, 一个陌生女子的来信 
25829693, 9.0, 9405, 永恒的终结 
1036274, 8.5, 20120, 夏洛的网 
6789605, 9.0, 8670, 树上的男爵 
1440972, 9.1, 7386, 博尔赫斯小说集 
1258489, 9.3, 5574, 第二基地 
2056749, 8.1, 34480, 时间旅行者的妻子 
1013225, 8.3, 23338, 生活在别处 
1082518, 7.9, 47926, 麦田里的守望者 
1865089, 8.4, 19074, 瓦尔登湖 
1316648, 8.3, 21550, 查令十字街84号 
1062343, 9.2, 5704, 昨日的世界 
1258491, 9.2, 5603, 基地与帝国 
1140727, 8.8, 9355, 安德的游戏 
1213546, 8.3, 20035, 变形记 
26586492, 8.9, 7656, 火星救援 
3315879, 8.6, 11670, 恶童日记 
6964047, 9.3, 4429, 冰与火之歌（卷一） 
1033190, 8.8, 8450, 失落的一角 
1794620, 7.8, 43101, 芒果街上的小屋 
1066165, 9.3, 4019, 卡尔维诺文集（第三卷） 
3537590, 8.3, 15135, 朗读者 
4011440, 8.0, 25418, 最初的爱情 最后的仪式 
3608235, 8.5, 10824, 失物之书 
5366275, 8.4, 12077, 我怎样毁了我的一生 
24382569, 8.6, 8801, 一桩事先张扬的凶杀案 
1917078, 8.6, 8826, 风之影 
1187842, 9.0, 4885, 你一生的故事 
3326892, 8.6, 8527, 圣诞忆旧集 
1082584, 8.6, 8469, 追忆似水年华 Ⅰ 
2158684, 9.0, 4724, 象棋的故事 
3347997, 8.5, 9443, X的悲剧 
1427288, 8.4, 10812, 小妇人 
1442869, 8.9, 4848, 献给阿尔吉侬的花束 
4292149, 8.5, 8572, 龙文身的女孩 
1007772, 8.2, 12713, 双城记 
1052828, 8.4, 8756, 玩笑 
5920385, 8.2, 11855, 肠子 
20326626, 8.6, 6414, 少年Pi的奇幻漂流（插图珍藏版） 
5993310, 9.0, 3641, 直捣蜂窝的女孩 
4934552, 8.8, 4515, 玩火的女孩 
2052049, 9.0, 3449, 海伯利安 
1075538, 8.2, 10724, 普罗旺斯的一年 
4105446, 8.1, 12454, 十一种孤独 
3348010, 8.5, 6347, Y的悲剧 
1016486, 8.3, 8582, 笑忘录 
6857344, 8.5, 6093, 夜莺与玫瑰 
10555486, 8.7, 4596, 分成两半的子爵 
3821057, 8.6, 5260, 搏击俱乐部 
1400707, 8.1, 11218, 广岛之恋 
1271212, 8.8, 3932, 死者代言人 
6789551, 8.8, 3885, 不存在的骑士 
1772786, 8.6, 4954, 真名实姓 
3112726, 8.5, 5751, 希腊棺材之谜 
2161892, 8.5, 5576, 九故事 
5366382, 8.7, 4195, 夜航西飞 
1146267, 8.8, 3598, 深渊上的火 
1005918, 7.9, 13973, 堂吉诃德 
1013469, 8.6, 4419, 战争与和平（全四册） 
3115476, 8.8, 3397, 热夜之梦 
2996596, 8.4, 5794, 特别的猫 
2036561, 8.4, 5790, 城堡 
26371317, 8.2, 7845, 24个比利 
1049957, 8.6, 4225, 浮士德 
1859108, 8.8, 3252, 白痴 
3246904, 8.1, 8428, 蒂凡尼的早餐 
4171951, 7.5, 24756, 失落的秘符 
4120475, 9.3, 1687, 加缪全集 （小说卷） 
1818583, 9.1, 2097, 斯·茨威格中短篇小说选 
19962936, 8.7, 3398, 只是孩子 
3013903, 8.1, 7837, 漫长的告别 
1063796, 8.6, 3606, 小说的艺术 
1270508, 8.7, 3193, 失焦 
1083477, 7.8, 12206, 包法利夫人 
2050767, 8.6, 3532, 绿野仙踪 
6097966, 8.1, 6954, 发条橙 
1417385, 8.9, 2169, 博尔赫斯诗选 
1399992, 8.9, 2172, 天渊 
24541883, 8.1, 6497, 消失的爱人 
1872158, 8.2, 5552, 蝇王 
1481311, 8.7, 2690, 沙丘 
5446490, 8.7, 2683, 宇宙奇趣全集 
1016845, 9.1, 1658, 史努比黄金50年 
5993314, 8.0, 7154, 安吉拉·卡特的精怪故事集 
1849791, 8.5, 3390, 铁皮鼓 
26672693, 9.0, 1769, 一个叫欧维的男人决定去死 
1874411, 8.5, 3310, 乞力马扎罗的雪 
1083429, 8.7, 2538, 爱伦·坡短篇小说集 
2214350, 8.4, 3793, 幻影书 
1057197, 8.1, 5777, 无知 
3871911, 8.4, 3597, 大树 
3191247, 8.7, 2377, 好兆头 
1939182, 8.0, 6305, 美国众神 
3831788, 8.0, 6329, 逃离 
6797396, 8.5, 2958, 焚舟纪 
6041708, 8.4, 3432, 世上另一个我(修订版) 
1015398, 8.8, 2039, 卡尔维诺文集（第二卷） 
3026875, 8.7, 2318, 幕后凶手 
3402999, 8.5, 2951, 到灯塔去 
1076330, 8.9, 1777, 奥狄浦斯王 
1014144, 8.3, 3882, 大卫·科波菲尔（上下） 
1051714, 8.2, 4411, 等待戈多 
4140380, 8.7, 2125, 第七重解答 
4154988, 8.0, 5654, 纯真博物馆 
1211267, 8.5, 2739, 阿甘正传 
2267630, 8.3, 3589, 凯尔特的薄暮 
1082159, 8.2, 4109, 沉默的羔羊 
6890671, 8.2, 4111, 一天 
1088812, 8.3, 3470, 第二十二条军规 
1023709, 8.3, 3502, 被背叛的遗嘱 
4175473, 8.6, 2196, 波斯少年 
3393056, 8.2, 3682, 流动的盛宴 
20392525, 7.9, 5824, 枯枝败叶 
1140726, 8.2, 3621, 计算中的上帝 
2980471, 8.2, 3616, 赎罪 
4246979, 8.1, 4191, 窄门 
1768642, 9.2, 1047, 博尔赫斯短篇小说集 
3608352, 8.6, 2091, 哲瑞·雷恩的最后一案 
4173402, 8.4, 2687, 昨日之旅 
4882159, 7.6, 9077, 橘子不是唯一的水果 
1027587, 8.6, 1967, 恶之花 巴黎的忧郁 
3293574, 8.4, 2499, 人骨拼图 
1186350, 7.8, 6125, 红字 
4220020, 8.8, 1502, 相助 
3041463, 8.3, 2820, 时间回旋 
1424569, 8.4, 2393, 婚礼的成员 
21346008, 8.5, 2062, 米格尔街 
1292322, 8.2, 3101, 群星，我的归宿 
1865765, 8.5, 2020, 童年的终结 
1768332, 8.3, 2603, 喜福会 
3264211, 8.6, 1726, 犹大之窗 
3131814, 8.7, 1522, 笔记大自然 
1867064, 7.7, 6184, 八百万种死法 
1053249, 8.7, 1511, 一点巴黎 
10565151, 7.5, 8507, 我是个年轻人 我心情不太好 
1486658, 9.2, 828, 奥菲利娅的影子剧院 
4219125, 8.3, 2328, 坟场之书 
1468997, 8.6, 1573, 守望灯塔 
4870150, 8.3, 2298, 44号孩子 
2142574, 8.7, 1375, 时光中的时光 
1030554, 8.5, 1689, 恶心 
1958685, 8.4, 1899, 美的历史 
1444558, 8.7, 1300, 博尔赫斯谈艺录 
5321895, 8.3, 2060, 那些忧伤的年轻人 
2061444, 8.6, 1419, 幽灵之家 
1948429, 8.5, 1521, 诗人 
2973335, 8.6, 1331, 微暗的火 
1032369, 9.1, 773, 花卉圣经 
1067049, 8.8, 1032, 孩子，把你的手给我 
26300508, 8.7, 1105, 万物的签名 
5387467, 8.4, 1562, 三口棺材 
5940829, 8.1, 2285, 写在身体上 
1027767, 8.2, 1975, 时间的女儿 
1729284, 8.0, 2608, 单行道 
6861517, 8.5, 1260, 时时刻刻 
1182890, 8.4, 1413, 严厉的月亮 
1047325, 9.2, 584, 老妇还乡 
20493367, 8.5, 1242, 爱伦·坡暗黑故事全集（上册） 
5391766, 7.5, 4969, 忽然七日 
6832303, 6.9, 16175, 别相信任何人 
6010144, 8.3, 1497, 动物寓言集 
3310627, 8.4, 1317, 繁花将尽 
2057291, 8.1, 1915, 守夜人 
26369210, 8.5, 1143, 黑猫侦探 I：阴影之间 
3732346, 8.1, 1870, 疯狂实验史 
2280027, 7.6, 3816, 自杀俱乐部 
21681263, 8.3, 1423, 大鱼 
4027219, 7.8, 2753, 宠物公墓 
1077638, 8.0, 2082, 耻 
1949417, 8.2, 1593, 这就是纽约 
6967983, 8.2, 1507, 罪行 
2301475, 8.4, 1157, 人间食粮 
4891108, 8.4, 1154, 爱伦坡惊悚小说全集 
10749924, 8.2, 1474, 天真的和感伤的小说家 
1017839, 7.9, 2218, 带着鲑鱼去旅行 
2032117, 7.7, 2966, 纽约三部曲 
1760134, 9.1, 538, 茨威格小说集 
2568067, 8.1, 1621, 中性 
1083317, 7.8, 2456, 北回归线 
2064688, 8.3, 1253, 异乡异客 
2255871, 8.7, 779, 冠军早餐 囚鸟 
1949418, 8.5, 968, 重游缅湖 
6003394, 8.2, 1368, 爱，始于冬季 
4191438, 8.3, 1212, 燃烧的法庭 
2969263, 8.5, 940, 跳房子 
10282582, 8.3, 1186, 隐形怪物 
2364762, 8.7, 743, 唐璜（上下册） 
2036569, 8.2, 1322, 愤怒的葡萄 
1060489, 8.7, 743, 驼背小人 
1031354, 8.0, 1705, 死魂灵 
12404751, 8.6, 808, 遥远地球之歌 
5980585, 8.3, 1097, 走在蓝色的田野上 
1103080, 7.9, 1831, 金色笔记 
3017205, 7.8, 2070, 长眠不醒 
1959270, 8.0, 1516, 小世界 
2971734, 7.3, 4375, 一把雨伞给这天用 
1223765, 8.3, 1030, 请宰了我 
20273030, 8.3, 1013, 哈尔的移动城堡 
1437129, 8.1, 1250, 悠游小说林 
3032747, 8.1, 1251, 再见，吾爱 
1242927, 9.7, 251, 英国文学名篇选注 
2382544, 8.7, 607, 园圃之乐 
2003209, 8.0, 1369, 蜘蛛男孩 
4941428, 8.7, 594, 飞女郎与哲学家 
3788397, 8.5, 721, 豺狼的日子 
4918103, 8.5, 703, 礼物 
1208002, 8.2, 989, 琥珀 
2076853, 9.1, 378, 奥尼尔剧作选 
1945004, 8.6, 596, 近距离 
11535042, 8.2, 906, 请以你的名字呼唤我 
7046857, 8.3, 763, 长日留痕 
3215515, 8.2, 846, 每个人都死了 
2340059, 7.6, 1805, 心理控制术 
3816895, 8.1, 902, 雪崩 
5248289, 7.7, 1486, 岁月的泡沫 
1310155, 8.1, 893, 莱博维茨的赞歌 
1982151, 8.2, 788, 海 
5289426, 7.4, 2269, 在云端 
4898534, 8.4, 607, 爵士时代的故事 
1082586, 7.8, 1213, 厨室机密 
6797700, 8.4, 560, 自我与本我 
1812319, 8.1, 788, 船讯 
4038567, 8.1, 771, 蓝色骇客 
26390426, 8.3, 597, 比利战争 
3191351, 8.3, 601, 欧美流行音乐指南 
5321896, 8.3, 580, 危险的关系 
3092871, 8.3, 580, 欧洲：一堂丰富的人文课 
3276681, 7.7, 1094, 他其实没那么喜欢你 
3926634, 8.5, 433, 大师的背影 
25708956, 7.8, 912, 本店招牌菜 
2156635, 7.5, 1240, 有人喜欢冷冰冰 
1084794, 8.4, 400, 法官和他的刽子手 
24380058, 7.6, 978, 读书年代 
3316185, 8.0, 537, 失落的大陆 
26108007, 7.8, 673, 我已经结婚了  我心情还不好 
4856199, 7.4, 1095, 而河马被煮死在水槽里 
3117982, 7.8, 626, 植物的故事 
1456886, 7.9, 522, 胡萝卜须 
2224566, 7.3, 1115, 香料传奇 
1411023, 8.3, 299, 独居日记 
26328639, 7.4, 793, 一份不适合女人的工作 
10554689, 7.7, 536, 需要时，就给我电话 
1729675, 9.1, 141, 雷蒙德卡弗短篇小说集 
20258531, 8.0, 347, 法国妈妈育儿经 
24523682, 7.6, 489, 裸体午餐 
1033089, 7.5, 427, 打女佣的屁股 
1255249, 8.1, 220, 昨日之岛 
26840504, 7.7, 220, 人人都有妄想症 
10593454, 6.7, 795, 怪屋女孩 
20453463, 7.3, 247, 无可慰藉 
24089002, 7.8, 133, 像导演一样思考 
26662757, 8.7, 55, 六桩不可能犯罪 
1114924, 8.4, 64, 世界室内设计史 
