Tag: 民主 
The number of books: 412 

ID, Rating, Votes, Title
4820710, 9.3, 28047, 1984 
2035179, 9.2, 28056, 动物农场 
1082387, 9.2, 23980, 一九八四·动物农场 
1027191, 9.0, 26836, 历史深处的忧虑 
3813669, 8.6, 51452, 民主的细节 
1003479, 9.1, 21179, 中国历代政治得失 
1426971, 8.8, 18279, 野火集 
1014825, 9.0, 10536, 我也有一个梦想 
1056315, 8.8, 14148, 总统是靠不住的 
20424526, 8.9, 10255, 邓小平时代 
1762869, 8.9, 8205, 如彗星划过夜空 
1077528, 8.9, 8049, 通往奴役之路 
1277981, 8.8, 8056, 社会契约论 
1041385, 9.2, 4493, 论美国的民主 
20463108, 8.3, 16385, 观念的水位 
1060774, 8.7, 8566, 君主论 
6401128, 8.9, 6224, 批评官员的尺度 
3057556, 9.0, 5450, 狂热分子 
5408882, 9.1, 3986, 公正 
1321789, 8.5, 8903, 美丽新世界 
1032063, 8.9, 4949, 旧制度与大革命 
1025723, 8.3, 11661, 潜规则 
1907199, 8.6, 5969, 扫起落叶好过冬 
1212199, 8.9, 3604, 一百个人的十年 
19920715, 8.6, 5321, 论中国 
1000280, 8.5, 5909, 袁氏当国 
1065977, 8.6, 3834, 共产党宣言 
2025235, 9.1, 2020, 顾准文集 
1139360, 9.1, 1878, 毛泽东选集 第一卷 
1400195, 8.7, 2983, 论自由 
1030503, 9.2, 1424, 东晋门阀政治 
1315190, 8.8, 2170, 想象的共同体 
3101021, 8.7, 2260, 极权主义的起源 
1070007, 8.8, 1970, 致命的自负 
1010888, 8.4, 3209, 一路走来一路读 
25881102, 8.9, 1655, 独裁者手册 
1315844, 9.1, 1272, 古拉格群岛（上中下） 
1053623, 8.4, 2869, 文明的冲突与世界秩序的重建 
1028268, 8.8, 1726, 正义论 
1468426, 8.7, 1849, 利维坦 
1657455, 8.6, 1973, 论人类不平等的起源和基础 
1893879, 8.5, 2063, 张居正（全四册） 
3097539, 8.9, 1146, 自由选择 
1506961, 8.4, 1879, 西行漫记 
1397659, 8.0, 3167, 国画 
1804960, 9.3, 675, 社会与政治运动讲义 
3431988, 9.1, 812, 人的境况 
25808056, 8.1, 2564, 纸牌屋 
2146277, 9.1, 784, 一个政治性人物的肖像 
1005813, 9.0, 855, 自由秩序原理 
1482609, 9.1, 739, 理解国际冲突 
20497889, 7.4, 6933, 全世界人民都知道 
26413154, 9.0, 773, 李光耀观天下 
1434071, 7.9, 2973, 我们 
22806583, 8.7, 1041, 国家的常识 
1754836, 8.8, 922, 向加泰罗尼亚致敬 
25886351, 7.9, 2749, 耶路撒冷三千年 
1196945, 8.5, 1179, 集体行动的逻辑 
2713409, 8.8, 820, 国民党的“联共”与“反共” 
3035593, 8.2, 1612, 崩溃 
4827310, 8.7, 878, “中间地带”的革命 
1125026, 9.0, 642, 毛泽东选集 第二卷 
1139065, 9.0, 630, 党员、党权与党争 
20425489, 9.3, 454, 是，首相 
6308034, 8.4, 1140, 从&#34;东欧&#34;到&#34;新欧洲&#34; 
21432137, 8.7, 776, 共同的底线 
1877291, 8.5, 978, 论出版自由 
3092897, 9.1, 515, 政治学说史（上卷） 
5992743, 7.9, 2043, 看懂世界格局的第一本书 
2382433, 8.7, 753, 罗伯特议事规则 
1043419, 8.9, 612, 自由与繁荣的国度 
3238339, 8.7, 747, 人以什么理由来记忆 
6822683, 8.9, 587, 朱镕基讲话实录 第一卷 
3320694, 8.9, 589, 巨塔杀机 
1009529, 8.6, 782, 毛泽东、斯大林与朝鲜战争 
3432401, 8.1, 1410, 苦难辉煌 
1916533, 8.8, 609, 毛泽东选集 第五卷 
1867208, 9.1, 439, 政治学 
25760457, 8.8, 593, 三案始末 
3593300, 9.1, 443, 民主新论 
2079931, 8.7, 651, 大转型 
4212276, 8.4, 889, 苏联的心灵 
5288521, 7.7, 2236, 时代的噪音 
3072490, 8.5, 800, 功利主义 
25730239, 8.1, 1273, 李光耀论中国与世界 
25777331, 8.4, 877, 美国十讲 
1091964, 9.0, 441, 路易·波拿巴的雾月十八日 
2079351, 9.2, 363, 從理想主義到經驗主義 
1048109, 8.6, 637, 第三波 
1465419, 8.5, 702, 资本主义与自由 
2051821, 8.7, 557, 论革命 
3682755, 8.9, 457, 政治科学（第九版） 
1517400, 9.2, 348, 清代地方政府 
10749394, 8.5, 673, 法官能为民主做什么 
3923369, 8.8, 495, 中华人民共和国建国史研究1 
25986748, 8.6, 599, 我的应许之地 
10563202, 8.3, 827, 可操作的民主 
4248275, 8.6, 596, 革命与反革命 
2974917, 8.7, 519, 自由主义 
3785326, 8.4, 711, 黑猩猩的政治 
1437686, 8.8, 462, 自由及其背叛 
1005929, 8.4, 703, 变化 
26435040, 8.4, 697, 世界秩序 
25953571, 8.7, 498, 耳语者 
1080223, 9.2, 314, 人与国家 
2155341, 8.9, 402, 官僚体制·反资本主义的心态 
4062752, 8.8, 432, 古典自由主义 
26451505, 9.1, 319, 伯罗奔尼撒战争 
3669381, 8.8, 426, 坏世界研究 
25709105, 8.8, 412, 革命之路 
4126252, 8.6, 488, 柏林墙 
1315182, 8.7, 439, 权力与繁荣 
1276771, 8.1, 845, 政府论（上篇） 
1790005, 8.7, 438, 蒙面骑士 
1927487, 7.7, 1356, 乌托邦 
2280161, 9.1, 295, 小镇喧嚣 
4189598, 8.8, 378, 战后欧洲史 
19956258, 8.5, 490, 容忍比自由更重要 
6895949, 9.0, 297, 联合政府与一党训政 
6892602, 8.7, 391, 风云人物采访记Ⅰ(上下) 
4249213, 8.2, 655, 国运1909 
3381387, 8.9, 319, 论持久战 
4745305, 7.5, 1606, 北洋裂变 
1315248, 8.9, 314, 论李维 
1224599, 9.0, 289, 20年危机 
4126261, 8.1, 701, 身份与暴力 
1009640, 7.7, 1137, 闲看水浒 
24307937, 8.3, 537, 东方历史评论（第1辑） 
1775389, 8.9, 301, 梁漱溟 王实味 储安平 
25717107, 8.8, 325, 红色资本 
6042374, 8.9, 293, 政治与文学 
1959134, 8.1, 664, 中国皇帝的五种命运 
10546119, 8.3, 524, 弯曲的脊梁 
4857097, 8.9, 289, 政治思考 
4841640, 8.9, 291, 地下 
4236917, 8.6, 382, 观念史研究 
1082102, 8.3, 511, 风雨独立路 
4190173, 9.1, 242, 人应该如何生活 
1044347, 9.0, 259, 走向共和（上中下） 
1288402, 9.3, 201, 马克思恩格斯选集（第一卷） 
1190181, 8.4, 444, 国家的视角 
6827684, 7.6, 1155, 利比亚战地日记 
2125296, 8.3, 478, 政治的人生 
6540232, 8.8, 290, 过去与未来之间 
2048787, 8.4, 422, 国家与社会革命 
3237711, 8.7, 318, 自由的伦理 
25936051, 8.7, 300, 我的一生 
1071819, 8.7, 297, 经济腾飞路 
1465547, 8.6, 325, 领袖们 
6518053, 9.0, 225, 脆弱的崛起 
1437607, 8.8, 268, 中国近百年政治史 
3187665, 8.3, 435, 文静的美国人 
1416246, 8.8, 268, 权力·制度·文化 
1488497, 9.1, 204, 中国政治思想史 
20481426, 8.4, 380, 处在十字路口的选择 
1861059, 8.7, 285, 陆地与海洋 
3312291, 8.2, 468, 凶年纪事 
26602453, 8.6, 304, 战国歧途 
3042579, 7.8, 718, 费城风云 
2977078, 8.4, 360, 政治哲学与幸福根基 
2972538, 9.0, 206, 民主转型与巩固的问题 
26584746, 9.0, 200, 天谴行动 
1578541, 8.9, 214, 古代城邦 
1427824, 8.7, 249, 无政府、国家与乌托邦 
4582330, 8.8, 216, 西周的政体 
3921409, 8.3, 342, 一个大国的崛起与崩溃（共三册） 
1233159, 8.7, 233, 国家与革命 
1267883, 9.1, 164, 当代政治哲学（上下） 
24764940, 8.4, 300, 卑鄙的圣人：曹操.第9部 
25858898, 7.7, 656, 益往直前 
1051386, 8.3, 327, 大国政治的悲剧 
4175450, 7.4, 942, 当中国统治世界 
2998520, 8.0, 446, 论小丑 
1063741, 8.6, 245, 霍布斯的政治哲学 
4042959, 8.8, 203, 政治哲学导论 
1052245, 8.6, 241, 访苏归来 
5404221, 8.4, 281, 在德黑兰读《洛丽塔》 
1088525, 8.4, 281, 1957年的夏季 
1480812, 8.5, 254, 思考与回忆 
4846148, 8.5, 252, 政府的本分 
1002135, 8.6, 229, 历史与阶级意识 
26278816, 8.7, 204, 耶鲁大学公开课 : 政治哲学 
3662403, 8.7, 204, 美国人：建国的历程 
3097530, 8.3, 294, 来自上层的革命 
25758414, 8.3, 293, 苏联的最后一天 
3662479, 8.5, 237, 文化与抵抗 
1851488, 8.6, 214, 毛泽东的中国及后毛泽东的中国 
7054138, 7.3, 906, 洗脑术 
26581737, 8.7, 192, 权力的毛细管作用 
1051989, 8.5, 229, 尤利西斯的自缚 
26700104, 8.5, 226, 穿越百年中东 
24737213, 8.2, 300, 冷战 
23116732, 8.2, 298, 国会现场 
3067671, 8.2, 298, 政治的历史与边界 
1776851, 8.8, 168, 中国共产党成立史 
24527559, 7.8, 440, 国家阴谋：以色列的暗杀艺术 
1472854, 8.5, 216, 山坳上的中国 
4011283, 7.8, 434, 中国香港 
25777339, 8.3, 257, 老生常谈 
1220840, 7.5, 626, 1949年：中国知识分子的私人记录 
20266235, 8.9, 150, 新阶级 
1986275, 8.6, 192, 大失败 
1315237, 8.5, 209, 永久和平论 
24884200, 8.8, 162, 间谍课：上帝的拳头 
26647781, 8.8, 161, 从俾斯麦到希特勒 
20537674, 9.2, 118, 先知三部曲（全新插图修订本） 
26171466, 9.2, 119, 筚路维艰:中国社会主义路径的五次选择 
5398147, 8.6, 190, 廬山會議實錄 
1430895, 8.0, 337, 超限战 
1073866, 8.6, 190, 挺经 
6833967, 7.8, 410, Why Nations Fail 
1898651, 8.3, 237, 民主与专制的社会起源 
1491505, 8.3, 235, 幽暗意识与民主传统 
1007918, 8.5, 195, 第一次世界大战回忆录（全五卷） 
11232882, 8.8, 148, 革命 
26604925, 7.6, 483, 经与史 
10439652, 8.6, 174, 旧邦新造 
1883134, 9.0, 128, 现当代国际关系史 
6004602, 8.7, 153, 给我自由! 
1313069, 8.1, 265, 我们是谁 
1055823, 8.8, 137, 纵欲与虚无之上 
6395282, 7.7, 385, 中国当代社会阶层分析 （最新修订本） 
1081656, 8.5, 176, 哥达纲领批判 
2280308, 8.5, 176, 安邦之道 
26294024, 7.7, 374, 纸牌屋 2 
4226362, 8.5, 171, 哲学船事件 
5920388, 9.1, 104, 李光耀：新加坡赖以生存的硬道理 
1316507, 8.1, 239, 言论自由的反讽 
1071253, 8.8, 131, 魔鬼的抉择 
1028602, 8.2, 214, 郑超麟回忆录（上下） 
1059912, 8.5, 162, 群众与权力 
20428716, 7.5, 442, 公天下 
1767646, 8.1, 231, 彭德怀自述 
25708550, 8.0, 251, 知识分子与社会 
1449787, 8.7, 134, 绝对主义国家的系谱 
2159464, 8.5, 155, 官场病 
25854138, 8.0, 239, 右派国家 
3410734, 8.8, 118, 从爵本位到官本位 
4208782, 8.6, 140, 当代比较政治学 
26377294, 8.2, 193, 坐天下 
3792643, 8.5, 148, 谁统治美国？ 
26388286, 8.3, 177, 纸牌屋 3 
1066291, 8.0, 234, 通往明天的唯一道路 
4320843, 8.1, 209, 中国的军阀政治 
5350226, 8.3, 170, 中东史 
26683648, 8.6, 131, 民主的不满 
4882102, 7.6, 329, 不可思议的年代 
1010019, 8.6, 129, 中国制度史 
26593679, 8.5, 136, 康熙盛世与帝王心术 
26940340, 9.7, 60, 《布局》 
25882350, 8.6, 122, Dealing with China 
25734522, 7.9, 227, 南非的启示 
3226669, 8.9, 97, 石油地缘政治 
1009100, 8.7, 109, 近代政治思想的基础（上、下卷） 
3880797, 7.9, 220, 帝国的话语政治 
10781496, 8.7, 108, 全球冷战 
2033688, 8.8, 100, 会说话的猪 
20390907, 9.1, 79, 自由与荣耀 
4729501, 8.3, 139, 抗争政治 
11580821, 7.8, 219, 环保的暴力 
1816357, 8.1, 164, 民族主义 
25904820, 7.8, 215, 中国的内战 
4267860, 8.9, 86, 霸权博弈 
1951522, 8.7, 99, 国家与市场 
1916508, 9.1, 75, 天平集 
26658395, 8.8, 91, 政治学通识 
6827362, 9.4, 59, 汉密尔顿 
1103241, 8.7, 93, 白宫岁月(全四册) 
1037631, 8.2, 135, 荣枯鉴 
10526507, 8.0, 162, 威权统治的转型 
5346140, 8.7, 92, 民国的政治逻辑 
1311579, 7.9, 178, 天下体系 
1887249, 8.9, 79, Homo Sacer 
1276597, 9.0, 74, 毛泽东文集（第1卷） 
26378573, 9.0, 73, 经济人的末日 
3604958, 8.1, 145, 唐宁街岁月 
25903009, 9.0, 72, 光辉岁月 
4729534, 8.8, 82, 美国政治传统及其缔造者 
4718464, 8.8, 82, 民族主义 
2047854, 9.1, 68, 国际事务概览.第二次世界大战（全11卷） 
1043910, 8.2, 132, 控制国家 
2211584, 8.2, 131, 立宪派与辛亥革命 
1006332, 8.0, 155, 民族—国家与暴力 
25971616, 7.9, 166, 没有宽恕就没有未来 
4272356, 8.1, 137, 1945～1949：国共政争与中国命运 
1281855, 8.6, 91, 民主与市场 
1044823, 7.9, 164, 民主的模式 
3823943, 7.4, 262, 苏联的最后一年 
3006239, 8.5, 94, 公民文化 
4821395, 7.8, 171, 为什么民主需要不可爱的新闻界 
7051132, 8.1, 127, 美国在中国的失败 
5924297, 9.1, 61, 美国革命的激进主义 
1183711, 8.7, 78, 在商言商 
3118225, 7.2, 314, 之江新语 
26260335, 8.0, 134, 上帝与黄金 
3434919, 9.1, 59, 政治发展的经济分析 
22488897, 8.1, 121, 共和的危机 
1259896, 8.0, 132, 中国古代官僚政治制度研究 
10522595, 8.4, 94, 在緬甸尋找喬治歐威爾 
21268040, 8.8, 70, 竞逐富强 
2156302, 8.6, 79, 布拉格之春 
1851215, 7.8, 154, 东方专制主义 
2563318, 9.8, 39, Passion
6849285, 8.6, 80, 加图决策者手册 
1320146, 8.4, 93, 知识分子 
6541060, 9.3, 50, 群书治要考译（全四册） 
26545443, 7.8, 149, 自由的基因 
2382373, 8.8, 67, 欧洲社会主义百年史（上下） 
1268724, 7.6, 180, 中国共产党的七十年 
2135466, 8.1, 113, 被治理者的政治 
3268225, 8.3, 94, 政治哲学讲演录 
6151717, 8.9, 59, 危险的国家 
2243285, 8.3, 88, 1999：不战而胜 
1085570, 8.0, 111, 为精英主义辩护 
1271758, 6.9, 363, 太阳城 
1791909, 8.3, 86, 西方政治传统 
4239120, 8.2, 92, 饥荒与政治 
3361619, 9.0, 52, 城邦的世界 
25768861, 7.5, 171, 断裂的年代 
11528222, 7.6, 152, 权谋 
7836044, 8.1, 97, 台湾民主转型的经验与启示 
5921960, 8.7, 61, 长和平 
26644832, 8.2, 86, 政治是什么？ 
1438562, 9.0, 49, 派系分合与晚清政治 
24758492, 7.5, 159, 历史的惯性 
20441181, 8.9, 51, 沈志华冷战五书（套装共5册） 
24696402, 7.8, 114, 即将到来的地缘战争 
2370351, 9.1, 45, 争夺欧洲霸权的斗争 
1315235, 7.5, 151, 为什么美国没有社会主义 
24524152, 8.0, 94, 政治是每个人的副业 
1095502, 7.6, 134, 民族与民族主义 
26315815, 8.1, 85, 以平等之名 
1606404, 9.4, 36, 曾国藩全集 (全30册) 
3219205, 8.8, 50, 第二次世界大战的起源 
1314899, 8.9, 47, 遏制战略 
1281180, 7.3, 165, 《耶路撒冷的艾希曼》:伦理的现代困境 
25839996, 9.1, 41, 自由的未来 
10868063, 8.2, 74, 审查历史 
2251959, 7.9, 90, 现代政治分析 
4316857, 7.7, 106, 宰相故事 
10600899, 8.7, 49, 现代危机 
25733957, 7.2, 166, 权力的终结 
25717418, 7.9, 85, 中国冲击 
21321694, 9.2, 36, 衙门口 
1009583, 8.6, 51, 制高点 
6998812, 8.5, 54, 选举中的谋略与博弈 
26639522, 9.0, 39, 当兵 
2267367, 9.3, 33, 分裂之家危机 
25790082, 7.6, 106, 读懂中国改革 
26797406, 7.3, 140, 美国独行 
7060546, 8.8, 43, 良心的自由 
26675905, 8.5, 51, 统治与教育 
2377886, 8.9, 40, 日本政治史 第1卷 
6540331, 8.6, 47, 地缘政治学 
3002888, 9.1, 35, 全球视野中的中国国家安全战略（上卷） 
1151117, 8.4, 53, 国家的神话 
25758176, 7.9, 76, 晚年毛泽东重读古文内幕 
4212270, 8.8, 41, 以色列与启示 
3073449, 8.9, 39, 自由的新生 
4159397, 8.7, 43, 政治博弈论 
1472880, 8.2, 60, 运动中的力量 
10573746, 9.3, 30, The Politics of Authoritarian Rule 
25863979, 7.8, 77, 民主的阴暗面 
2012088, 9.1, 32, 毛泽东年谱 
25908569, 7.2, 128, 另一片海 
25750167, 8.2, 54, 纷争的年代 
26357078, 8.5, 43, 权力的艺术 
2982226, 9.4, 26, 决策的本质 
25720343, 7.7, 75, 叛逆者 
3260142, 9.5, 25, Ideology and Organization in Communist China 
24887735, 9.6, 23, 和平与战争 
25931252, 8.5, 41, 虽败犹荣的先知 
10432353, 8.3, 47, 民主是可能的吗? 
26390714, 7.6, 76, 大断裂 
25841083, 8.5, 39, 统治史（卷三）：早期现代政府和西方的突破——从民族国家到工业革命 
3818376, 9.3, 25, 政治决策与明代海运 
21676595, 8.4, 39, 狐狸与刺猬 
1460206, 9.7, 20, 未完成的革命 
1008379, 8.6, 34, 政治与市场 
26267259, 7.1, 104, 孤独相伴 
1993458, 9.6, 20, The Creation of the American Republic
26883590, 9.1, 25, 美国裂变 
26579801, 7.6, 62, 高思在云 
26651780, 7.8, 52, 仪式、政治与权力 
1662867, 8.0, 45, 陈云传（上下） 
26819282, 8.7, 28, 打造新世界 
25782295, 8.9, 25, 獨裁者的進化：收編、分化、假民主 
26848615, 8.6, 29, 中国朋党史 
1225184, 7.9, 44, 度心术 
6879918, 8.6, 28, 共识与冲突 
25953659, 7.2, 75, 台共党人的悲歌 
2304125, 8.9, 24, 康有为全集 
26821267, 8.1, 37, 对民主之恨 
1156993, 9.3, 19, 维诺那计划 
26340216, 6.7, 115, 大道之行 
26831766, 9.1, 19, 愚政进行曲 
26877271, 9.2, 18, 马克斯·韦伯与德国政治：1890—1920 
21324973, 8.6, 24, 公共舆论 
24846812, 8.7, 22, 西方的敌与我 
25779857, 6.9, 74, 双重悖论 
26612253, 8.4, 24, 剑桥二十世纪政治思想史 
26360745, 8.1, 27, 里根与撒切尔夫人 
26023215, 8.6, 20, 毛泽东 
5348650, 8.0, 27, 援助的死亡 
24714746, 8.8, 17, 民主课 
26299380, 7.1, 36, 好民主，坏民主 
26599858, 7.8, 21, 权力与选择（插图第13版） 
2891507, 7.9, 16, A Conflict of Visions 
26832582, 8.0, 13, 何为正义 
26821276, 8.0, 12, 剩余的时间 
26699337, 7.3, 17, 晕眩年代 
25714728, 7.5, 10, 建国之父的失败 
