Tag: 法国 
The number of books: 280 

ID, Rating, Votes, Title
1084336, 9.0, 211133, 小王子 
1085860, 8.9, 48351, 基督山伯爵 
1205054, 8.9, 25717, 悲惨世界（上中下） 
4908885, 9.0, 19862, 局外人 
1400705, 8.1, 78897, 情人 
1024197, 8.3, 39178, 巴黎圣母院 
1013380, 8.1, 45032, 茶花女 
1205370, 8.1, 40903, 羊脂球 
1001885, 8.5, 17461, 带一本书去巴黎 
1085470, 8.4, 18497, 海底两万里 
1258498, 8.3, 18211, 项链 
10763902, 7.9, 36463, 偷影子的人 
1007433, 8.1, 23519, 红与黑 
1186392, 8.7, 8778, 约翰·克利斯朵夫 
5366275, 8.4, 12077, 我怎样毁了我的一生 
1082584, 8.6, 8469, 追忆似水年华 Ⅰ 
1275608, 8.7, 5871, 神秘岛 
1017563, 8.7, 5592, 我的野生动物朋友 
1031741, 7.8, 23697, 欧也妮·葛朗台 
1075538, 8.2, 10724, 普罗旺斯的一年 
1012307, 9.1, 3004, 规训与惩罚 
4313207, 8.5, 6562, 致D 
1400707, 8.1, 11218, 广岛之恋 
1049522, 8.8, 3631, 西西弗的神话 
1203244, 8.2, 8563, 三个火枪手 
1036541, 8.7, 4075, 疯癫与文明 
3899039, 8.1, 9305, 刺猬的优雅 
3765331, 8.6, 4373, 恋人絮语 
1092168, 9.1, 2253, 追忆似水年华（上下册） 
4120475, 9.3, 1687, 加缪全集 （小说卷） 
5406559, 8.7, 3341, 鼠疫 
1056023, 8.5, 4207, 鼠疫 
1083477, 7.8, 12206, 包法利夫人 
1083434, 8.6, 3459, 莫泊桑短篇小说选 
1000121, 8.5, 3893, 昆虫记 
1393447, 9.1, 1751, 忧郁的热带 
1119528, 7.9, 8858, 高老头 
2042629, 8.7, 2685, 九三年 
1070685, 8.1, 6223, 永远的普罗旺斯 
3608170, 8.0, 6774, 我想吃一个小孩 
3871911, 8.4, 3597, 大树 
1061029, 8.8, 2148, 杜尚访谈录 
4745950, 9.2, 1322, 第二性Ⅱ 
2243692, 7.8, 8988, 潜水钟与蝴蝶 
1045365, 8.6, 2649, 恶之花 
1793713, 8.3, 3745, 中国北方的情人 
26695174, 9.0, 1488, 灯塔 
4140380, 8.7, 2125, 第七重解答 
4246979, 8.1, 4191, 窄门 
1780277, 8.7, 1769, 法兰西组曲 
1027587, 8.6, 1967, 恶之花 巴黎的忧郁 
3908240, 7.8, 5393, 情人 
1048173, 8.0, 3863, 忏悔录 
1053249, 8.7, 1511, 一点巴黎 
1066663, 8.8, 1320, 兰波作品全集 
1455933, 7.5, 8142, 你好，忧愁 
4766921, 8.9, 1055, 解体概要 
1030554, 8.5, 1689, 恶心 
1793721, 7.9, 3817, 琴声如诉 
1162773, 9.0, 933, 地狱一季 
1400717, 8.0, 3223, 写作 
2295122, 8.4, 1720, 卡门 
1077196, 8.6, 1288, 蒙田随笔全集（全三册） 
1254278, 8.7, 1129, 思想录 
2209227, 8.3, 1839, 一个孤独漫步者的遐想 
6310320, 8.7, 1100, 人都是要死的 
4753689, 8.2, 1949, 莎拉的钥匙 
26376049, 9.2, 591, 阿兰的战争 
4120485, 9.3, 539, 加缪全集（散文卷Ⅰ） 
4714018, 7.5, 5140, 青春咖啡馆 
1393233, 9.2, 583, 古典时代疯狂史 
1070246, 8.6, 1054, 置身于苦难与阳光之间 
1075245, 8.8, 848, 蚂蚁 
6021092, 9.0, 676, 局外人·西绪福斯神话 
1067592, 8.7, 871, 要塞 
1026547, 8.1, 1734, 一生 
2301475, 8.4, 1157, 人间食粮 
3571360, 8.3, 1278, 长别离 
2340082, 9.0, 589, 亲爱的小鱼 
2213965, 8.2, 1404, 他人就是地狱 
3013532, 8.8, 701, 兰波彩图集 
1035600, 8.6, 846, 福柯的生死爱欲 
1095849, 8.8, 655, 词与物 
26602756, 9.2, 444, 读Reading 
19950612, 7.3, 4959, 伊斯坦布尔假期 
2309204, 9.0, 527, 小淘气尼古拉绝版故事 
6874612, 8.1, 1399, 孤独的池塘 
4898547, 8.1, 1413, 祖与占 
5408863, 8.9, 568, 一点法国 
1487995, 8.5, 864, 文字生涯 
1316536, 8.6, 730, 萨特读本 
3389460, 8.9, 530, 空间的诗学 
4219120, 8.4, 877, 流浪的星星 
26662689, 8.8, 553, 画的秘密 
5415510, 8.9, 500, 复杂的意味 
4199421, 9.3, 343, 在少女花影下 
5394486, 7.3, 3867, 爱情没那么美好 
4262685, 8.0, 1324, 戏梦巴黎 
1777853, 8.2, 1031, 屠猫记 
3401286, 8.2, 982, 冷记忆1 
1255321, 8.1, 1097, 漫长的婚约 
1269972, 9.0, 409, 火 一弹解千愁 
24722916, 7.4, 2699, 如果一切重来 
3571554, 8.2, 889, 抵挡太平洋的堤坝 
10604943, 8.3, 773, 爱情半夜餐 
1048047, 8.5, 618, 风沙星辰 
5408850, 8.9, 413, 不简单的生活 
2253751, 7.9, 1259, 我最美好的回忆 
1072015, 9.1, 342, 人间喜剧 第一卷 
2971949, 8.8, 425, 马尔多罗之歌 
3088334, 7.8, 1329, 香奈儿的态度 
25709105, 8.8, 412, 革命之路 
4246974, 8.4, 604, 伪币制造者 
3015783, 7.8, 1224, 嫁给风的女孩 
24257192, 9.1, 299, 卡利古拉 
3123757, 8.8, 377, 奥斯卡与玫瑰夫人 
25774978, 8.7, 418, 眼泪与圣徒 
1492928, 8.2, 667, 陪我走到世界尽头 
4120488, 9.2, 253, 加缪全集（散文卷Ⅱ） 
5321896, 8.3, 580, 危险的关系 
25904481, 8.6, 426, 那一天 
6016240, 8.9, 313, 堕落·流放与王国 
11533606, 8.8, 337, 贾科梅蒂的画室 
26819342, 9.0, 281, 波丽娜 
26695177, 8.5, 449, 氯的滋味 
6021091, 8.8, 333, 反与正·婚礼集·夏天集 
4719265, 8.5, 442, 逆天 
25853069, 9.0, 272, 切尔诺贝利之花 
4151189, 8.5, 422, 物 
3689121, 8.4, 456, 美国 
5248331, 7.9, 765, 庸见词典 
26910597, 8.6, 351, 直到那一天 
1256406, 8.8, 292, 苦炼 
1867361, 9.1, 222, Princesses oubliées ou inconnues... 
1316628, 8.5, 381, 法国革命史 
11509009, 9.1, 218, 人的大地 
1185636, 7.4, 1406, 娜娜 
2059994, 8.1, 560, 只要在一起 
25887981, 8.2, 501, 微妙 
1130069, 8.0, 625, 巨人传 
1778511, 8.6, 326, 象征交换与死亡 
24380058, 7.6, 978, 读书年代 
4605583, 8.3, 408, 女宾 
3324036, 8.5, 332, 茫茫黑夜漫游 
2149449, 8.8, 251, 绘画史事 
6310335, 8.3, 394, 星期天 
2213892, 8.4, 358, 阿道尔夫 
2135506, 8.7, 268, 驳圣伯夫 
4105422, 7.8, 681, 看不见的大陆 
4736181, 7.5, 1005, 有我，你别怕 
4137254, 7.2, 1567, 找死专卖店 
3622469, 8.1, 473, 娜嘉 
26849452, 8.5, 307, 静默 
26693438, 8.7, 255, 局外人 
1254676, 7.1, 1756, 优雅 
1394430, 8.5, 306, 残酷戏剧 
26826605, 9.3, 153, 加缪手记 
4246990, 8.0, 491, 吃透法兰西 
3277881, 8.2, 386, 兰波传 
2248275, 8.1, 425, 去年在马里安巴 
26378831, 7.9, 527, 幸福的另一种含义 
4246983, 8.2, 374, 梵蒂冈地窖 
2050778, 8.1, 410, 萌芽 
1836026, 7.8, 577, 背德者 
3112559, 8.6, 246, 道德箴言录 
4145391, 9.0, 172, 第三共和国的崩溃 
1461987, 9.1, 157, 桤木王 
6313462, 8.6, 239, 礼拜五或太平洋上的灵薄狱 
10604940, 8.5, 239, 非洲人 
3360614, 7.8, 477, 人造天堂 
26840109, 8.4, 250, 单程票 
24298157, 8.9, 163, 来日方长 
4156058, 9.4, 113, Mastering the Art of French Cooking 
4861173, 8.1, 336, 六个道德故事 
7154686, 7.5, 683, 花 
1101260, 9.1, 139, 福楼拜小说全集（上中下） 
6885348, 8.2, 307, 鳄鱼的黄眼睛 
3886810, 8.5, 225, 厄瓜多尔 
26640439, 8.9, 154, 死缓 
3722970, 7.8, 425, 波伏娃：激荡的一生 
1163444, 8.7, 173, 夜之卡斯帕尔 
7054148, 8.6, 189, 批评与临床 
1080481, 7.7, 473, 色情史 
10483855, 7.4, 687, 如果没有遇见你 
1916453, 8.5, 204, 巴马修道院 
26681985, 8.1, 294, 生命里最美好的春天 
1029368, 8.2, 260, 情感教育 
26798156, 8.4, 212, 哀伤的墙 
1343594, 9.0, 129, Distinction 
11528358, 7.6, 492, 第二次呼吸 
26825522, 9.0, 126, 生活三部曲：生活的样子 
10679501, 7.1, 914, 为什么读书 
6522306, 8.1, 271, 磨坊文札 
3864245, 8.2, 243, 采取事物的立场 
1265785, 8.4, 202, 笑 
24235430, 8.2, 244, 流亡与独立王国 
3264213, 8.1, 261, 弗兰德公路 
5988775, 8.0, 280, 云的理论 
26278402, 8.8, 134, 倾斜的女孩 
1015941, 8.4, 185, 继承人 
26609148, 9.1, 103, 声名狼藉者的生活 
1864830, 7.5, 447, 鲜花圣母 
26262128, 8.9, 113, 圣巴托罗缪大屠杀 
1768458, 8.8, 123, 人生拼图版 
1470351, 9.0, 105, 浪漫的谎言与小说的真实 
6958678, 7.9, 269, 可怕的孩子 
26603443, 8.7, 129, 法国往事1：约瑟夫的帝国 
24716772, 7.5, 402, Blue is the Warmest Color 
6784958, 8.4, 162, 偶遇 
26807920, 8.7, 124, 阿兰的童年 
3012591, 7.5, 388, 充满幻觉的轻浮时代 
1025384, 8.1, 201, 墓中回忆录 
4857048, 8.1, 202, 幸福散论 
5391704, 8.2, 173, 超现实主义宣言 
26284858, 8.7, 112, 欲望的眩晕 
3792826, 7.5, 352, O娘的故事 
21328688, 7.7, 265, 最后一场雪 
2253590, 8.4, 137, 责任的重负 
4418576, 6.8, 830, 一个中国人在中国的遭遇 
2371008, 7.8, 233, 制造路易十四 
1080908, 8.6, 104, 罗伯-格里耶作品选集（第一卷） 
25732544, 8.7, 91, 福柯 / 布朗肖 
7175438, 7.7, 213, 地图与疆域 
4279817, 7.3, 323, 上学的烦恼 
25982261, 9.7, 46, 福楼拜文集（全5册） 
1692260, 9.3, 58, 傅雷译巴尔扎克名作集（全六册） 
1318002, 8.1, 137, 纪德自传 
26834939, 9.0, 68, 生活三部曲：美好的生活 
26733785, 9.1, 64, 法国往事2：乌鸦在盘旋 
1997221, 8.1, 133, 罗兰巴特自述 
6110483, 8.3, 111, 火的女儿 
26818873, 7.9, 153, 我们都是食人族 
26832895, 9.1, 62, 生活三部曲：生活的意味 
4772546, 8.7, 81, 小说的准备 
26806702, 8.8, 73, 阿尔贝·加缪 
26609146, 9.3, 51, 自我技术 
26774090, 8.5, 85, 内在体验 
26357036, 8.1, 118, 恋爱中的波伏瓦 
6397491, 7.7, 168, 一座幽灵城市的拓扑学结构 
26304875, 8.5, 84, 漫不经心的传奇 
26281236, 7.7, 164, 催情植物传奇 
25892534, 8.3, 96, 女巫 
26835895, 8.7, 71, 猫的私人词典 
24892377, 8.2, 100, 巴黎的艺术女神：吉吉画传 
26909607, 9.2, 49, 酝酿之道 
1506839, 8.9, 59, 法兰西的特性1 
26828226, 9.1, 50, 加缪手记：第二卷 
4766938, 8.9, 56, 中性 
19975555, 8.2, 91, 巴黎神话 
6785583, 7.9, 112, 地下室里的萨德 
1068246, 7.7, 133, 越洋情书（上下卷） 
25871642, 7.7, 130, 春花的葬礼 
26798155, 8.0, 98, 古拉格气象学家 
6021088, 8.8, 55, 理论的幽灵 
26828229, 9.4, 37, 加缪手记：第三卷 
26879325, 8.4, 67, 杜拉斯谈杜拉斯 
26556039, 8.3, 70, 未竟的往昔 
26638771, 8.4, 64, 艺术的共谋 
11600027, 7.6, 114, 大仲马美食词典 
24869453, 8.3, 64, 介入的旁观者 
26768963, 8.7, 47, 撒玛利亚的城墙 
26857200, 9.4, 30, 布鲁诺·巴贝在路上 
25857506, 8.0, 69, 菜单中的秘密 
25895995, 8.9, 38, 现代小说，现代阅读 
26304040, 8.8, 35, 新浪潮（第三版） 
26838521, 8.5, 40, 玛戈王后与波旁王朝的崛起 
26916869, 8.7, 34, 去他的戒律 
26602991, 8.1, 49, 未来之书 
25887892, 9.5, 22, 巴尔扎克传 
4225862, 8.5, 35, 话语，图形 
26738922, 9.1, 22, 弗朗西斯森林奇遇记 
26762861, 7.1, 75, 你们再也不写了？ 
26425874, 7.9, 34, 法国大革命的文化起源 
25900373, 7.9, 31, 作为生活方式的哲学 
1839914, 8.8, 19, Totality and Infinity 
26883960, 8.3, 24, 伊比库斯的预言 
26823268, 7.1, 27, 享乐主义宣言 
26791995, 7.9, 15, 刺槐树 
26868404, 8.3, 10, 灾异的书写 
26721800, 7.8, 10, 至高者 
