Tag: 灵修 
The number of books: 280 

ID, Rating, Votes, Title
2340100, 8.1, 52193, 遇见未知的自己 
3158482, 8.9, 4371, 新世界 
1761759, 8.9, 3128, 超越死亡 
3413836, 8.4, 5682, 当下的力量 
5332713, 9.0, 2449, 人间是剧场 
3834938, 8.3, 5635, 与神对话（第一卷） 
1829799, 8.7, 2740, 爱的觉醒 
6526752, 8.8, 2400, 生命之书 
3266968, 7.3, 26291, 秘密 
2066374, 9.1, 1623, 返璞归真 
5290370, 8.6, 3003, 禅的行囊 
3800022, 8.2, 4104, 活出全新的自己 
24749465, 7.5, 12141, 断舍离 
3123393, 7.6, 9164, 遇见心想事成的自己 
10546850, 8.9, 1408, 内在的天空 
2376506, 8.8, 1484, 生命的轨迹 
1841625, 8.9, 1311, 标竿人生 
2372450, 8.6, 1632, 改变，从心开始 
3671442, 8.5, 1644, 修炼当下的力量 
10512506, 7.8, 3548, 世界上的另一个你 
3137185, 8.8, 921, 阿米I-星星的孩子 
5450660, 8.7, 973, 次第花开 
3327830, 7.7, 3536, 前世今生：16堂生死启蒙课 
2241168, 8.4, 1328, 内在的探索 
3649304, 8.9, 752, 无语问上帝 
2049781, 8.5, 1134, 世界在你心中 
6052834, 8.2, 1587, 亲密关系 
4836697, 8.3, 1376, 看见真相的男孩 
6966843, 7.8, 2643, 重遇未知的自己 
3874168, 8.1, 1648, 零极限 
2125593, 8.6, 872, 克里希那穆提传 
2347737, 8.1, 1569, 深夜加油站遇见苏格拉底 
4932095, 7.6, 3120, 好好爱自己 
1057879, 9.1, 502, 荒漠甘泉(附黑门山路) 
3875610, 8.9, 583, 内观 
4884858, 9.4, 370, 魔鬼家书 
4874162, 8.4, 985, 与神对话（第二卷） 
3277343, 8.1, 1434, 生命四元素 
25858068, 7.6, 2882, 100个基本 
5248376, 8.6, 763, 一味 
3894081, 8.7, 665, 最后的日记 
1478831, 8.8, 592, 当鞋合脚时 
3642050, 8.3, 1014, 宽恕就是爱 
1319893, 8.1, 1255, 当和尚遇到钻石 
4892883, 8.5, 772, 爱是一切的答案 
4053315, 8.3, 958, 一念之转 
1091751, 8.9, 499, 瑜伽 
3910883, 8.9, 491, 观呼吸 
2157629, 8.2, 1004, 平常禅 
3005076, 8.7, 563, 再活一次 
25693190, 8.3, 867, 舍得让你爱的人受苦 
4830829, 9.2, 348, 根道果 
1483573, 8.8, 498, 其實你已經很塔羅了 
2241169, 8.7, 540, 解脱之道 
26827590, 8.9, 443, 八万四千问 
1986775, 8.7, 543, 丽质天生 
21324451, 8.9, 438, 不是为了快乐 
1722020, 8.7, 528, 最初和最终的自由 
4710580, 8.7, 522, 智慧的觉醒 
2241170, 8.6, 583, 自我的真相 
3582354, 8.0, 1108, 找回你的生命礼物 
21214091, 9.0, 380, 人生的十二个面向 
2240928, 8.7, 485, 当生命陷落时 
2306659, 9.0, 356, 道德经心释（上下） 
3276880, 9.1, 317, 光耀生命 
6125682, 7.5, 1921, 力量 
3012903, 9.0, 336, 关于这颗心 
3784639, 8.6, 489, 超越时空 
6010792, 8.5, 547, 与神对话（第三卷） 
4045849, 8.8, 387, 无可摧毁的纯真 
6773583, 9.0, 313, 意识光谱 
1754852, 9.5, 210, 認識神 
3023149, 8.5, 499, 狂喜之后 
3236762, 9.0, 300, 事事本无碍 
6807767, 8.6, 436, 拥抱你的内在小孩 
3696966, 8.9, 330, 踏上心灵幽径 
2367799, 8.7, 393, 莲心禅韵 
10545691, 7.9, 921, 好好修养爱 
1485079, 8.6, 424, 心灵神医 
3823020, 8.8, 337, 性、生态、灵性 
4827904, 9.2, 241, 入門：古埃及女祭司的靈魂旅程 
4249313, 7.7, 1164, 活在当下 
10759777, 7.9, 888, 秘密副作用 
4909716, 7.5, 1503, 谁说这辈子只能这样 
19928975, 7.8, 980, 去印度学倒立 
1913947, 8.3, 541, 万物简史 
4258808, 8.3, 535, 还我本来面目 
10747362, 7.9, 841, 活出全新的自己 
2281420, 8.8, 315, 巴坦加里的瑜伽经 
3358570, 8.4, 463, 你可以不怕死 
4151190, 8.2, 567, 完美的爱，不完美的关系 
6427971, 7.7, 1044, 学会爱，超越爱 
4835563, 8.8, 299, 奥义书 
1366878, 9.3, 192, 与神对话 
6858459, 8.1, 585, 当下的力量Ⅱ 
1958486, 9.2, 202, 自由的迷思 
3183283, 8.5, 377, 无常 
3842681, 8.7, 299, 面对危机中的世界 
4062735, 8.5, 352, 对生命说是 
4159343, 7.7, 879, 潜意识的力量 
5362056, 8.3, 423, 无量之网 
4817590, 8.3, 426, 雪洞 
3221766, 8.9, 231, 當男孩遇見女孩 
5288625, 8.9, 225, 活在喜悦中 
2363639, 8.7, 269, 点亮自性之光 
10796071, 9.0, 207, 里外更新 
5028585, 8.5, 318, 关系之镜：两性的真爱 
7001419, 9.4, 150, 突破修道上的唯物 
4260799, 9.2, 175, 灵魂幸存者 
2241291, 8.7, 265, 转逆境为喜悦 
1482894, 9.1, 185, 隐藏的和谐 
1221710, 7.6, 862, 塞莱斯廷预言 
10345559, 8.0, 515, 少女布莱达灵修之旅 
3719427, 8.8, 230, 心灵瑜伽 
5994832, 8.3, 358, 天空之鏡 
3796598, 8.6, 267, 爱情与工作的每日禅 
4881692, 9.0, 190, 了凡四训讲记 
6062348, 9.3, 149, 前往伊斯特兰的旅程 
2363654, 9.0, 188, 与爱同在 
20394988, 9.0, 183, 灵性炼金术 
1418383, 9.1, 169, 靈魂永生（賽斯書） 
23780851, 8.4, 315, 金刚经修心课 
21329705, 8.5, 281, 灵性开悟不是你想的那样 
3772058, 7.5, 826, 吸引力法则 
2286166, 8.9, 191, 大师在喜马拉雅山 
2241263, 8.7, 224, 与无常共处 
26323530, 8.3, 322, 念完哈佛念阿弥陀佛 
2125536, 8.5, 260, 懂得生命 
21266953, 8.6, 233, 灵魂的功课 
6714584, 8.2, 345, 轮回 
1899741, 9.2, 143, 奧修禪卡 
4834886, 8.4, 279, 我需要你的爱 
3238342, 8.6, 232, 山中花开 
1367116, 9.1, 150, 奇蹟課程 
6507601, 9.3, 126, 生命喜悦的祈祷 
1799933, 8.5, 238, 所罗门的智慧 
11629355, 9.1, 141, 简朴生活真谛 
4199618, 8.2, 294, 做梦的艺术 
20496057, 9.3, 117, 约书亚的传导 
4262950, 8.4, 243, 关系的真谛 
6557779, 8.4, 240, 告别娑婆 
3681639, 8.2, 286, 正念 
4864406, 8.7, 180, 教育就是解放心灵 
5404240, 8.9, 152, 无我的智慧 
1003972, 8.5, 212, 般若之旅 
20507210, 7.6, 543, 爱情觉醒地图 
10755668, 8.7, 174, 自我观察 
1881776, 8.7, 173, 现在开始讲解瑜伽 
3813384, 8.2, 259, 你值得過更好的生活 
6101341, 8.4, 216, 回到当下的旅程 
1085245, 8.1, 289, 天路历程 
6732497, 8.7, 166, 活在时间之外 
1428473, 8.6, 180, 告別娑婆 
4164215, 7.7, 439, 当一切改变时，改变一切 
23037911, 9.1, 118, 正念禅修 
4030358, 7.9, 341, 心灵午夜密谈 
6894147, 8.3, 227, 妻子，荣耀的帮助者 
2080980, 8.2, 251, 懂得健康 
6759677, 8.7, 158, 走出恐惧 
3928558, 8.7, 159, 宁静的森林水池 
3513006, 7.8, 372, 失落的致富经典 
26377479, 8.1, 267, 素食
3352074, 8.1, 268, 萨提亚冥想－内在和谐、人际和睦与世界和平 
11498624, 9.1, 114, 心湖上的倒影 
25805198, 8.3, 214, 初学者的冥想书 
5905901, 9.1, 109, 78度的智慧 
6772445, 7.2, 725, 李欣频的私房50 
2382103, 8.6, 162, 生与死的冥想 
20273641, 9.1, 107, 狂热的爱 
11527197, 9.1, 106, 谦卑 
6001611, 8.4, 182, 瑜伽之树 
6800946, 7.1, 790, 做自己的先知 
5907290, 8.6, 154, 业力管理 
5253349, 8.8, 130, 解离的真实 
1388288, 9.4, 84, 個人實相的本質（賽斯書）上、下冊 
1388359, 8.9, 120, 寶瓶同謀 
1433002, 9.1, 102, 寂静的知识 
3424068, 7.6, 394, 生命的心流 
5301258, 8.6, 145, 个人觉醒的力量 
1418371, 8.4, 174, 灵魂之旅 
26315455, 7.9, 272, 心之道 
4872667, 8.1, 224, 爱自己 
22166524, 9.5, 75, 圣徒永恒的安息 
6894125, 8.4, 164, 回家之旅 
25783890, 8.1, 214, 素黑：爱在136.1 
21249031, 8.6, 135, 灵性亲密关系 
6557708, 8.6, 134, 真爱的旅程 
4323622, 7.5, 393, 向宇宙下订单 
3640005, 8.5, 147, 全然接受 
25798953, 8.4, 155, 大地母亲时代的来临 
10521979, 8.2, 179, 唤醒内在的智慧 
1491082, 7.2, 527, 一个瑜伽行者的自传 
11522757, 8.6, 125, 生命之花的靈性法則 
1332029, 8.0, 212, 細胞記憶 
6002550, 8.0, 212, 轻而易举的富足 
3464891, 8.3, 160, 西藏的睡梦瑜伽 
25711748, 8.5, 133, 灵性的自我开战 
20390893, 9.3, 73, 次第花开 
7154813, 7.9, 225, 治疗密码 
10809149, 8.1, 180, 别忽视上帝的提醒 
19949017, 7.2, 490, 魔力 
4879054, 8.7, 109, 回到你心中 
10548353, 8.8, 101, 你当刚强壮胆 
6886394, 8.4, 137, 你可以不生气 
6424417, 8.7, 106, 一心走路 
5063378, 7.8, 230, 进入你的感官世界 
25747198, 9.3, 68, 脈輪全書 
4077967, 8.5, 120, 这个世界的真相 
1388375, 9.0, 80, 靈界的訊息（賽斯書） 
6011081, 7.0, 547, 冥想5分钟，等于熟睡一小时 
6963813, 8.9, 84, 灵境追踪师 
2382235, 9.5, 58, 负伤的治疗者（the wounded healer） 
3643702, 8.3, 130, 作為上師的妻子：我和邱陽創巴的人生 
5326861, 8.8, 88, 喜悦无处不在 
4742960, 7.8, 198, 冥想的艺术 
1057794, 8.3, 123, 东洋冥想的心理学 
6868959, 8.3, 121, 信念的力量 
4312357, 8.2, 128, 這一生為何而來 
2382099, 8.3, 119, 自由是什么 
20452425, 7.3, 315, 自爱，无须等待 
10546097, 8.4, 107, 陪伴生命 
1393343, 8.6, 92, 回归内在 
1074601, 9.1, 64, 穿越生命之界 
10480843, 8.9, 70, 身心灵全面疗愈 
25769406, 7.6, 209, 一个人不要怕：完美升级版 
3653133, 9.4, 51, 光的课程 
26372364, 7.6, 199, 你在忙什么 
6105662, 8.2, 114, 不思考的練習 
25827479, 8.8, 72, 再活一次，和人生温柔相拥 
3223370, 9.0, 62, 生命的真意 
3944885, 8.1, 120, 全然美丽 
3924620, 9.6, 43, 在爱中升华 
3628063, 8.3, 96, 從未知中解脫 
25774384, 8.5, 82, 冥想 
4236607, 7.3, 238, 情绪的惊人力量 
4941751, 9.4, 45, 效法基督 
3388249, 9.5, 42, 靈性成長 
26296901, 9.0, 56, 一日浮生: 十個探問生命意義的故事 
26366750, 9.1, 51, 只有当心非常安静时 
10557518, 7.7, 149, 谁设计了宇宙? 
10791825, 8.9, 58, 觉醒之后 
4932918, 7.2, 250, 找到你的灵魂伴侣 
6998712, 8.8, 59, 灵魂之旅 
2111837, 8.9, 51, 瑜伽气功与冥想 
11516429, 7.5, 153, 只要会呼吸.就能做冥想 
25867744, 8.3, 75, 简单冥想术：激活你的潜在创造力 
10484725, 7.6, 134, 冥想 
24888041, 9.4, 36, 敬虔与圣洁生活的严肃呼召 
24854454, 9.0, 44, 生命之花的靈性法則2 
20493038, 8.9, 47, 太阳，我的心 
26782080, 7.7, 110, 用安静改变世界 
6810299, 9.2, 38, 劉若瑀的三十六堂表演課 
1761732, 8.8, 47, 水晶光能啟蒙 
2000099, 8.6, 53, 生命數字全書 
4723785, 8.0, 76, 冥想的力量 
4317969, 8.2, 64, 克里希那穆提精选集 
25977138, 7.6, 101, 金钱的灵魂 
4838579, 9.3, 31, 靈性法則之光 
15994287, 6.2, 545, 你要配得上自己所受的苦 
1335288, 9.2, 31, 鑽石途徑II-存在與自由 
2370820, 9.5, 26, 來自真實世界的聲音 Views from the Real World 
26844382, 8.3, 48, 和这本书一样安静 
2382668, 8.1, 55, 古代神祕學院入門書：超感應能力與脈輪開通訓練 
6808038, 9.1, 30, 廖阅鹏催眠圣经 
3691428, 8.5, 41, 灵性科学入门 
10529545, 9.1, 28, 再见耶稣 
26388575, 9.4, 24, 《马太福音》释经默想（莱尔四福音释经默想）（内部发行） 
4162005, 9.3, 25, 吸引好事的魔法咒语 
26910859, 8.9, 30, 冥想 
26574996, 8.5, 37, 赛斯书：个人与群体事件的本质 
26838900, 9.6, 21, 塔罗冥想 
2046190, 8.9, 23, Be Here Now 
2064837, 8.7, 25, 狂野寫作 
20435605, 9.4, 18, 從心覺醒 
1556615, 8.5, 26, 梦里晴空 
26600223, 8.4, 25, 幸福的三个真相 
25923670, 8.1, 19, 超个人心理学 
26710502, 8.3, 16, 幕后：一位觉者的实修日记 
20390624, 7.7, 19, 療癒密碼 
4215935, 7.1, 14, 塔罗牌占卜完全学习手册 
