Tag: 王小波 
The number of books: 161 

ID, Rating, Votes, Title
4238362, 8.6, 82639, 送你一颗子弹 
1089243, 8.8, 52338, 黄金时代 
1054685, 9.0, 36564, 沉默的大多数 
3071717, 8.8, 29598, 爱你就像爱生命 
1767945, 8.8, 24727, 一只特立独行的猪 
1014578, 9.0, 17229, 我的精神家园 
6880158, 8.7, 17201, 陆犯焉识 
6789605, 9.0, 8674, 树上的男爵 
1085883, 8.6, 14024, 青铜时代 
1418686, 8.6, 13550, 红拂夜奔 
1418180, 8.9, 8527, 思维的乐趣 
3518332, 8.9, 6824, 绿毛水怪 
1066165, 9.3, 4019, 卡尔维诺文集（第三卷） 
1082150, 8.3, 15657, 白银时代 
1883991, 9.3, 3462, 王小波全集 
1096790, 8.6, 7445, 黑铁时代 
3394338, 7.5, 49184, 他的国 
1764991, 8.9, 4263, 我的阴阳两界·革命时期的爱情 
1777932, 8.6, 5901, 寻找无双·东宫西宫 
1082578, 9.0, 3333, 理想国与哲人王 
1822857, 9.0, 2983, 王小波全集（第二卷 杂文） 
1082577, 8.7, 4334, 黑铁时代 
3264642, 8.7, 3978, 似水流年 
1436716, 9.1, 2417, 黄金时代白银时代 
4242406, 8.5, 5070, 达芬奇密码 
1763806, 8.5, 4582, 万寿寺 
1477437, 8.9, 2692, 唐人故事 
2015357, 9.1, 2021, 王小波全集（第六卷） 
1767310, 9.0, 2122, 黄金时代 黑铁时代 
3264665, 8.6, 3252, 三十而立 
3264644, 8.8, 2076, 地久天长 
1023709, 8.3, 3503, 被背叛的遗嘱 
1812895, 8.2, 3700, 东宫·西宫 
1807769, 8.8, 1626, 假如你愿意你就恋爱吧 
4212607, 7.6, 9234, 有味 
3176760, 8.4, 2466, 革命时期的爱情 
1883990, 8.8, 1477, 白银时代/2010/黑铁时代 
1438536, 8.9, 1183, 王小波经典作品 
1822866, 8.7, 1369, 王小波全集(第五卷) 
3518334, 8.8, 1213, 我的阴阳两界 
2018527, 8.9, 1053, 王小波全集(第八卷) 
1023048, 8.1, 2823, 情人 乌发碧眼 
19986372, 8.7, 1172, 沉默的大多数 
1202550, 8.8, 984, 地久天长 
4039903, 9.2, 618, 王小波全集（第六卷 中篇小说） 
1917969, 8.0, 2533, 通向蜘蛛巢的小径 
1082193, 9.0, 716, 怀疑三部曲 
3264655, 8.5, 1202, 未来世界 
2016626, 8.9, 772, 王小波全集(第七卷):中篇小说 
3518333, 8.8, 837, 寻找无双 
2364742, 9.0, 675, 王小波散文 
1983487, 8.6, 1030, 王小波全集(第九卷) 
6902319, 9.0, 634, 夜行记 
2339264, 8.6, 953, 人为什么活着 
1753077, 9.3, 464, 王小波文集 
1883989, 9.0, 617, 早期作品 唐人故事 似水柔情 
4152763, 8.0, 1902, 零的焦点 
1438928, 9.2, 479, 王小波文集(4卷) 
1442455, 8.8, 639, 王小波作品精选 
1914223, 8.2, 1140, 哈克贝里·芬历险记 
10546136, 8.3, 986, 我的兄弟王小波 
3258802, 8.6, 700, 盛装舞步 
10443515, 8.8, 542, 绿毛水怪 
1807349, 8.6, 632, 个人尊严 
10426425, 8.6, 578, 寻找无双 
4039235, 8.7, 513, 王小波全集（第五卷 长篇小说 剧本） 
1273895, 8.9, 419, 似水柔情 
4039233, 8.9, 417, 王小波全集（第八卷 短篇小说） 
6902317, 8.6, 547, 革命时期的爱情 
1939242, 9.5, 243, 1984 
10199131, 8.9, 377, 似水柔情 
4902836, 8.7, 424, 王小波小说全集：白银时代 2010 黑铁时代 
1927487, 7.7, 1356, 乌托邦 
19986373, 8.8, 346, 我的精神家园 
4191419, 7.5, 1445, 别无选择的贼 
2093212, 9.0, 268, 青铜骑士 
1987262, 8.3, 506, 王小波全集(第十卷):未竟稿 
7154690, 8.3, 467, 王小波全集 第一卷 
1084794, 8.4, 400, 法官和他的刽子手 
24716172, 8.8, 264, 黄金时代 
24716171, 8.6, 309, 沉默的大多数 
1280543, 7.6, 925, 一个特立独行的人 
1072842, 7.1, 1900, 支离破碎 
4023216, 8.8, 220, 王小波散文精选 
3518331, 8.3, 327, 大学四年级 
4708130, 8.1, 390, 疯狂的奥兰多 
10426427, 8.4, 281, 白银时代 
3536512, 9.2, 141, 王小波文集 
1950146, 9.1, 148, 陀思妥耶夫斯基中篇小说选 
4130906, 7.7, 529, 同性恋亚文化 
24840593, 7.5, 557, 李银河:我的生命哲学 
4187788, 7.3, 704, 第一本哲学漫画书 
23780838, 9.0, 121, 沉默的大多数 
1752258, 9.1, 98, 王小波文存 
24716174, 8.3, 170, 我的精神家园 
24708200, 8.3, 152, 万寿寺 
24708197, 8.8, 101, 革命时期的爱情 
24708197, 8.8, 101, 革命时期的爱情 
26707364, 9.3, 71, 沉默的大多数（精装珍藏版） 
4902835, 8.7, 95, 早期作品 唐人故事 似水柔情 
4137515, 7.4, 291, 峰与谷 
1404429, 8.7, 84, 沉默的大多數 
26280552, 8.3, 113, 我是一只骆驼 
26280552, 8.3, 113, 我是一只骆驼 
24708196, 9.0, 66, 黄金时代 
10443516, 8.6, 85, 我的精神家园 
23780822, 8.5, 90, 我的精神家园 
26707368, 9.0, 63, 黄金时代（精装珍藏版） 
26107482, 8.5, 86, 王小波全集（第九卷 书信集） 
26107482, 8.5, 86, 王小波全集（第九卷 书信集） 
19986375, 8.3, 100, 白银时代 
4239120, 8.2, 92, 饥荒与政治 
26707365, 8.7, 62, 我的精神家园（精装珍藏版） 
26707365, 8.7, 62, 我的精神家园（精装珍藏版） 
26707370, 8.7, 61, 万寿寺（精装珍藏版） 
24716173, 8.5, 68, 青铜时代 
24716173, 8.5, 68, 青铜时代 
25871633, 8.2, 82, 革命星空下的“坏孩子” 
25785647, 9.0, 47, 王小波思想小品 
10443513, 8.0, 93, 白银时代 
20435477, 8.6, 59, 白银时代 
26738729, 8.7, 54, 沉默的大多数 
1221392, 6.9, 248, 王小波门下走狗·第三波 
3895286, 8.4, 60, 王小波研究资料(上下) 
1018692, 8.4, 60, 中国现代经典散文 
26701731, 8.3, 64, 爱你就像爱生命 
26701731, 8.3, 64, 爱你就像爱生命 
26260603, 8.0, 78, 你为什么活着 
26260603, 8.0, 78, 你为什么活着 
26820586, 8.6, 51, 黄金时代 
25969403, 8.8, 45, 王小波全集（第八卷 杂文） 
2158545, 7.4, 125, 王小波门下走狗第五季 
26416508, 9.0, 37, 王小波思想小品 
26872704, 8.7, 43, 爱你就像爱生命/王小波全集 
26107480, 8.6, 45, 王小波全集（第六卷 短篇小说） 
26107480, 8.6, 45, 王小波全集（第六卷 短篇小说） 
26107477, 8.8, 39, 王小波全集（第四卷 中篇小说） 
25961898, 8.4, 47, 王小波全集（第一卷 长篇小说） 
25961898, 8.4, 47, 王小波全集（第一卷 长篇小说） 
3036297, 8.6, 40, 王小波作品集 
26713358, 8.2, 50, 一只特立独行的猪 
24860364, 8.4, 39, 王小波十论 
26107475, 8.0, 49, 王小波全集（第二卷 长篇小说） 
24716175, 7.7, 59, 白银时代 
1061751, 7.5, 65, 不再沉默-人文学者论王小波 
26344838, 8.3, 37, 沉默的大多数 
1046705, 6.7, 125, 一群特立独行的狗 
20419245, 8.2, 33, 王小波作品精选 
20453392, 8.2, 31, 青铜时代 
3201977, 8.6, 23, 唐人秘传故事 
3201977, 8.6, 23, 唐人秘传故事 
4066532, 8.1, 30, 他們的世界 
4226048, 8.2, 28, 王安忆小说选 
10443514, 7.5, 44, 青铜时代 
4292614, 7.7, 38, 1978-2009中国文化地图 
21214090, 7.5, 40, 黑铁时代 
1505556, 6.8, 61, 王小波门下走狗第四波 
25984246, 7.2, 42, 中国人的尊严 
25746140, 8.2, 19, 中国小说50强 黄金时代 
2037260, 7.4, 12, Wang in Love and Bondage 
2325881, 7.5, 10, 王二的爱欲枷锁 
