Tag: 生活 
The number of books: 896 

ID, Rating, Votes, Title
1082154, 9.1, 119775, 活着 
1200840, 9.0, 93714, 平凡的世界（全三部） 
1361264, 9.0, 53336, 撒哈拉的故事 
3995526, 8.7, 73498, 目送 
4238362, 8.6, 82642, 送你一颗子弹 
1023045, 8.6, 68329, 我们仨 
1029791, 8.7, 56233, 许三观卖血记 
3369793, 8.7, 50117, 亲爱的安德烈 
6388661, 8.8, 40964, 这些人，那些事 
4207781, 8.8, 24597, 孩子你慢慢来 
11622283, 9.2, 13005, 滚蛋吧!肿瘤君 
3014576, 8.4, 40610, 陪安东尼度过漫长岁月 
20470917, 9.0, 13962, 深夜食堂 01 
1346815, 8.4, 33771, 一個人住第5年 
2340100, 8.1, 52197, 遇见未知的自己 
1088581, 8.9, 13380, 浮生六记 
4187411, 8.8, 14399, 万物有灵且美 
3026879, 8.8, 13277, 爱的艺术 
3369600, 8.1, 41865, 当我谈跑步时我谈些什么 
20470916, 9.1, 8088, 深夜食堂 02 
23008971, 9.0, 8967, 平如美棠 
5327697, 8.3, 27107, 橙 
26382433, 8.2, 31544, 无声告白 
2008284, 8.7, 13120, 佐贺的超级阿嬷 
4884218, 8.8, 11276, 我的阿勒泰 
3261600, 9.3, 5568, 人生的智慧 
4874131, 8.2, 27906, 东霓 
20470913, 9.1, 6740, 深夜食堂 03 
1865089, 8.4, 19079, 瓦尔登湖 
3633461, 8.6, 13726, 一句顶一万句 
2068249, 9.0, 7463, 温柔的夜 
1032501, 8.7, 11250, 心理学与生活 
10522856, 9.0, 7112, 冬牧场 
20470914, 9.1, 5926, 深夜食堂 04 
3607117, 8.9, 7535, 稻草人手记 
3316422, 8.9, 7263, 猫国物语 
2194123, 8.4, 15403, 相约星期二 
2250587, 7.6, 67269, 一个人的好天气 
4881850, 9.0, 5879, 阿勒泰的角落 
1878708, 8.3, 16473, LA流浪记 
1692648, 8.9, 6540, 一个人的村庄 
24934182, 8.1, 22712, 一个人的朝圣 
26340138, 7.7, 48856, 岛上书店 
2251434, 9.0, 5559, 被爱路过 
1056461, 8.3, 14838, 旅行的艺术 
1336968, 8.4, 12382, 一個人上東京 
4953695, 8.0, 24662, 拆掉思维里的墙 
1095634, 8.7, 7454, 小狗钱钱 
1056868, 8.5, 9455, 河童旅行素描本 
26278687, 7.8, 28749, 皮囊 
4780102, 8.4, 10125, 一个人住第9年 
20431965, 8.5, 8363, 只有医生知道! 
23780875, 9.1, 3682, 深夜食堂 05 
4714015, 9.0, 4129, 万物既伟大又渺小 
6387054, 8.6, 6681, 一个人住的每一天 
1079680, 8.7, 5634, 你今天心情不好吗？ 
21346636, 9.4, 2279, 三毛典藏全集 
6425061, 8.6, 5830, 哲学家们都干了些什么？ 
1075538, 8.2, 10724, 普罗旺斯的一年 
2070012, 8.2, 10653, 一个人的第一次 第一次一个人旅行 
25697520, 8.2, 10607, 他们最幸福 
25753361, 8.7, 4978, 最好金龟换酒 
4906101, 8.4, 7663, 一个人旅行2 
4127527, 8.2, 10477, 厨房 
20507206, 9.1, 2952, 众病之王 
1253310, 8.9, 3720, 人间草木 
2143304, 8.1, 11827, 我爱问连岳 
1227844, 8.8, 4097, 雅舍谈吃 
25984204, 7.6, 28611, 乖，摸摸头 
25747921, 7.2, 67809, 从你的全世界路过 
4882023, 9.2, 2449, 万物既聪慧又奇妙 
3826899, 8.6, 5183, 布鲁克林有棵树 
2258803, 8.3, 7786, 一個人去旅行 
4238144, 9.1, 2650, 岁朝清供 
1047719, 8.5, 5605, 傅雷家书 
1053088, 9.2, 2255, 陶庵梦忆 西湖梦寻 
1262986, 8.1, 9298, 我不是教你诈 
6709834, 8.4, 5740, 爸爸爱喜禾 
25920202, 8.6, 4303, 泛若不系之舟 
3413836, 8.4, 5682, 当下的力量 
20425053, 7.7, 16850, 我所理解的生活 
4159088, 7.8, 14062, 理想的下午 
25717097, 8.7, 3472, 囚徒健身 
5317075, 7.2, 46237, 蔡康永的说话之道 
3711733, 8.6, 3785, 那个姐姐教我们的事 
3533221, 8.5, 4359, 非暴力沟通 
2240482, 8.0, 9252, 走到人生边上 
5940434, 8.3, 5750, 一个人的美食之旅 
10607710, 8.0, 9055, 世间的盐 
1033248, 8.9, 2423, 幸福之路 
10440130, 8.8, 2762, 家庭日记 
6003067, 9.5, 1238, 未来ちゃん 
10747883, 8.0, 8095, 怦然心动的人生整理魔法 
4173403, 7.7, 13021, 温柔的叹息 
6114393, 8.1, 6380, 大家都有病 
1721111, 8.6, 3089, 周国平人生哲思录 
3277199, 8.1, 6303, 多田便利屋 
1070685, 8.1, 6223, 永远的普罗旺斯 
4905854, 8.9, 2090, 将饮茶 
25735727, 8.2, 5219, 站在两个世界的边缘 
26376603, 8.1, 5851, 秘密花园 
3000997, 7.6, 13724, 牛奶可乐经济学 
1288925, 8.8, 2216, 五味 
25808222, 8.2, 4962, 黄 
4208780, 8.1, 5775, 流浪集 
1906681, 8.8, 2209, 猎人们 
5410174, 9.1, 1522, 万物刹那又永恒 
1924318, 8.9, 1912, 汪曾祺谈吃 
3227126, 8.2, 4880, 30分老妈 
20278799, 7.6, 13124, 三十六大 
1015123, 8.7, 2429, 生存手册 
1050566, 8.0, 6382, 一地鸡毛 
6731566, 8.6, 2705, 一个人去跑步 
3640067, 8.7, 2377, 革命之路 
3264644, 8.8, 2076, 地久天长 
2000641, 8.2, 4354, 求医不如求己 
1026317, 7.7, 9830, 可爱的骨头 
4912688, 8.5, 2893, 干校六记 
11602267, 8.9, 1762, 羊道·春牧场 
3759806, 8.4, 3191, 西藏一年 
4266008, 8.3, 3696, 给一个未出生孩子的信 
1874488, 8.1, 4794, 别做正常的傻瓜 
25982254, 8.1, 4703, 大萝卜和难挑的鳄梨 
1223845, 7.6, 10888, 男人来自火星 女人来自金星 
1024846, 9.2, 1168, 所罗门王的指环 
4146756, 8.5, 2570, 浮生取义 
3181927, 7.6, 10283, 大便书 
6864307, 7.4, 14965, 像我这样笨拙地生活 
24749465, 7.5, 12145, 断舍离 
1007196, 8.5, 2514, 闲情偶寄 
11602263, 9.1, 1233, 羊道·深山夏牧场 
3267934, 8.4, 2883, 日本四季 
1440885, 8.0, 5018, 人体使用手册 
4732123, 8.5, 2488, 爸爸，我们去哪儿？ 
4246151, 8.0, 4974, 厨房里的人类学家 
1444900, 8.7, 1865, 爱的五种语言 
1254942, 9.2, 1068, 黄帝内经 
10485696, 7.6, 9428, 我就是想停下来，看看这个世界 
2118743, 8.6, 2118, 银元时代生活史 
1069805, 8.7, 1876, 给青年的十二封信 
4251473, 8.6, 2068, 手绘的奇思妙想 
4212607, 7.6, 9234, 有味 
7058059, 8.0, 4725, 我们心中的怕和爱 
3123393, 7.6, 9164, 遇见心想事成的自己 
2118032, 8.2, 3284, 窥视工作间 
1071821, 8.1, 3828, 你不可不知的人性 
11614293, 7.5, 10082, 人生需要揭穿 
11506941, 7.9, 5034, 我们始终牵手旅行 
3018322, 7.6, 8302, 活着活着就老了 
4121562, 7.9, 4896, 吃的真相 
6829323, 7.9, 4882, 我，睡了，81个人的沙发 
10739290, 7.9, 4862, 30岁前别结婚 
21346008, 8.5, 2064, 米格尔街 
21360827, 9.0, 1155, 朱生豪情书全集 
7067916, 9.3, 835, 施瓦辛格健身全书 
20507212, 8.0, 4002, 习惯的力量 
3682204, 7.6, 7491, 佐藤可士和的超整理术 
2257188, 7.6, 7528, 致女儿书 
1281653, 7.8, 5342, 秦腔 
10519369, 9.4, 726, 万物生光辉 
1929825, 9.3, 797, 农民进城防骗手册 
2036993, 8.1, 3315, 幸福的建筑 
1396339, 7.7, 6235, 创意市集 
3131814, 8.7, 1522, 笔记大自然 
1050349, 8.1, 3311, 上海的金枝玉叶 
1799984, 8.6, 1651, 家庭收纳1000例 
10565151, 7.5, 8507, 我是个年轻人 我心情不太好 
11542577, 8.6, 1622, 天生就会跑 
4189446, 8.8, 1279, 跟着君之学烘焙 
11608712, 8.7, 1433, 无器械健身 
3622904, 7.3, 11953, 不抱怨的世界 
2372450, 8.6, 1632, 改变，从心开始 
10587562, 8.2, 2687, 东京日和 
3273876, 8.1, 3060, 被劫持的私生活 
1884249, 8.0, 3476, 当我们旅行 
4059800, 8.0, 3454, 私语书 
25748787, 7.7, 5540, 平生欢 
3678694, 7.4, 9294, 窗灯 
20270670, 8.3, 2216, 为何爱会伤人 
1105890, 8.2, 2549, 生命的重建 
3318174, 8.3, 2202, 这书能让你戒烟 
24875416, 8.3, 2176, 生命最后的读书会 
1987453, 7.9, 3887, 人生不过如此 
25778837, 8.3, 2190, 时差党 
11588848, 8.2, 2520, 坦白书 
2287123, 8.3, 2156, 時裝時刻 
1101921, 8.7, 1290, 定本育儿百科 
1273759, 8.2, 2413, 人在欧洲 
4589142, 9.7, 477, Book 
25870384, 8.4, 1846, 你的生命有什么可能 
6885715, 7.7, 4981, 蓝另一种蓝 
4177120, 8.7, 1249, 西尔斯亲密育儿百科 
2307720, 8.2, 2342, 幸福的方法 
1057601, 7.8, 4193, 半饱 
19963049, 8.5, 1591, 留住手艺 
1877096, 8.1, 2669, 花间十六声 
1438461, 7.8, 4128, 窥视日本 
10768064, 8.0, 3052, 涡虫 
2974903, 8.1, 2562, 香港味道2 
1053174, 8.6, 1350, 你干吗在乎别人怎么想？ 
6391166, 7.8, 3989, 碎片 
11588627, 7.9, 3331, 无非求碗热汤喝 
4260576, 7.4, 7541, 有些事现在不做，一辈子都不会做了 
2074851, 8.1, 2447, 食品真相大揭秘 
1485625, 9.1, 756, 瑜伽之光 
2209227, 8.3, 1839, 一个孤独漫步者的遐想 
24827456, 8.6, 1277, 万箭穿心 
25957554, 8.0, 2769, 在不安的世界安静的活 
3786755, 7.2, 10771, 每天懂一点色彩心理学 
20389195, 7.4, 7242, 慢慢来，一切都来得及 
2282081, 8.0, 2725, 香港味道1 
6794016, 7.5, 6011, 如何成为一个怪物 
26300508, 8.7, 1106, 万物的签名 
20424614, 7.8, 3620, 红 
4904074, 8.3, 1757, 塔莎奶奶的美好生活1－跟着感觉走就对了 
7154688, 8.1, 2278, 知日·书之国 
1013369, 7.7, 4058, 格调 
3225748, 7.9, 3001, 路上有惊慌 
26349261, 8.3, 1690, 孤儿列车 
20272112, 8.2, 1928, 欢喜 
3224456, 7.7, 3965, 少有人走的路Ⅱ 
2282946, 7.8, 3388, 直面内心的恐惧 
7067934, 7.7, 4004, 打工旅行 
1436707, 7.6, 4634, 如何掌控自己的时间和生活 
6847760, 7.2, 9397, 随遇而安 
6048071, 8.6, 1132, 七声 
6861517, 8.5, 1260, 时时刻刻 
2070807, 8.5, 1228, 懂得爱 
10554464, 8.2, 1797, 去他的巴西 
4274472, 8.2, 1784, 茶之书 
6896040, 8.2, 1784, 好小猫 
6872434, 7.6, 4319, 最好的时光在路上 
25731506, 8.0, 2249, 乱时候，穷时候 
3410763, 8.6, 1064, 最后的演讲 
6746290, 8.9, 764, 奥丽芙·基特里奇 
6844469, 8.1, 1944, 走夜路请放声歌唱 
19977313, 8.8, 842, 花乱开 
3218534, 8.1, 1917, Eat
4818177, 8.2, 1674, 英国人的言行潜规则 
26359758, 7.9, 2468, 硬派健身 
4746128, 7.7, 3340, 家 
11535030, 8.3, 1452, 一个一个人 
3253854, 7.7, 3360, 书店的灯光 
10570257, 7.9, 2475, 特别的一天 
5913475, 8.2, 1615, 高难度谈话 
25793667, 8.2, 1616, 植物知道生命的答案 
10570587, 7.4, 5381, 就想开间小小咖啡馆 
2280027, 7.6, 3816, 自杀俱乐部 
6735972, 8.2, 1604, 兔子什么都知道 
4732427, 7.8, 2809, 十二味生活设计 
25858916, 8.3, 1391, 感谢自己的不完美 
25898124, 7.6, 3764, 得未曾有 
6052834, 8.2, 1587, 亲密关系 
7003354, 7.7, 3247, 谣言粉碎机 
4917641, 8.9, 705, 故乡的食物 
21617690, 8.4, 1229, 再会，老北京 
10678825, 8.4, 1223, 小白素食记录 
26819477, 9.0, 625, 东京本屋 
25913413, 8.2, 1518, 四季便当 
25934646, 8.6, 940, 咦，被发现了呢 
1084078, 7.9, 2318, 钟鼓楼 
6879215, 7.6, 3644, 乌克兰拖拉机简史 
26387640, 8.2, 1495, 忧伤的时候，到厨房去 
2270925, 8.5, 1048, 病者生存 
26775466, 8.5, 1018, 小家，越住越大 
4934733, 8.3, 1314, 真实的幸福 
2301475, 8.4, 1157, 人间食粮 
10553189, 8.6, 920, 传家 
1607478, 8.3, 1280, 巴黎伦敦落魄记 
2133074, 7.0, 10035, 20几岁，决定女人的一生 
6967496, 8.2, 1461, 不去吃会死 
1995655, 9.2, 493, 演员自我修养(第一部) 
4149893, 7.0, 10193, 每天懂一点好玩心理学 
26325928, 8.4, 1108, 人在纽约 
4746130, 7.8, 2453, 家 
1357843, 9.1, 526, Cui cui 
1004719, 8.6, 892, 谈修养 
20475794, 8.1, 1622, 身体知道答案 
10345560, 7.8, 2453, 离别之音 
2341848, 7.9, 2133, 身体语言密码 
25845203, 8.6, 877, 五岁熊孩子教我的事 
1415311, 8.1, 1591, 美食家 
1984347, 8.3, 1236, Power Sleep 
26735064, 7.3, 5484, 孤独小说家 
26367364, 8.1, 1609, 爱吃沙拉的狮子 
5419801, 8.4, 1095, 别样的色彩 
6084703, 7.3, 5463, 独立，从一个人旅行开始 
10946178, 8.0, 1830, 无尾狗 
2071207, 8.4, 1089, 到黑夜想你没办法 
24083865, 7.7, 2783, 女人明白要趁早之三观易碎 
25895442, 6.9, 11566, 你的孤独，虽败犹荣 
20267987, 7.4, 4428, 孤独美食家 
20413742, 7.5, 3743, 不说，就真来不及了 
5914563, 8.1, 1501, 边走边啃腌萝卜 
4932095, 7.6, 3120, 好好爱自己 
25768216, 8.8, 664, 冀连梅谈：中国人应该这样用药 
3376635, 8.6, 803, 咖啡品鉴大全 
2381093, 7.4, 4145, 一辈子做女孩 
3410797, 7.8, 2197, 吃，吃的笑 
4011282, 8.2, 1275, 京味儿 
24527845, 7.0, 8667, 我讲个笑话，你可别哭啊 
26610864, 8.2, 1273, 浮生六记 
21770836, 8.5, 899, 八九十枝花 
26841146, 8.3, 1123, 人间乐 
7063932, 8.2, 1266, 东京散步 
25858068, 7.6, 2884, 100个基本 
5341225, 8.3, 1099, MUJI 無印良品 
1049016, 8.7, 703, 戴眼镜的女孩 
1515170, 8.9, 573, 室内设计资料集 
6967980, 7.4, 3948, 然后，我就一个人了 
25784438, 8.2, 1231, 不留心，看不见 
4240403, 7.1, 6837, 最好的女子 
6890672, 8.7, 692, 这一生，至少当一次傻瓜 
19974860, 8.6, 764, 孤獨的美食家 
1220789, 8.1, 1385, 爱上双人舞 
3931849, 7.6, 2817, 天黑前的夏天 
26733854, 8.7, 678, 明天也是小春日和 
26606389, 7.4, 3778, 白说 
25799716, 8.6, 757, 一日一花 
20389192, 7.2, 5435, 30岁前的每一天 
5344908, 8.0, 1557, 别独自用餐 
25935074, 8.1, 1368, 文·堺雅人：憧憬的日子 
25870629, 7.7, 2278, 亲爱的生活 
26272073, 8.1, 1278, 一生里的某一刻 
26796558, 8.8, 572, 走来走去 
26371292, 8.1, 1271, 不在他方 
26337198, 8.8, 563, 多多，爸爸一直在这儿 
10437353, 8.1, 1248, 我想遇见你的人生 
20499677, 8.0, 1421, 味道·味觉现象 
6404040, 8.1, 1250, 三行情书 
3769019, 8.5, 777, 闪亮的日子 
25917140, 7.2, 4768, 不要让未来的你，讨厌现在的自己 
1310112, 8.3, 960, 诫律 
6826615, 7.8, 1839, 台北小吃札记 
4249967, 8.1, 1196, 财务自由之路 
2382544, 8.7, 607, 园圃之乐 
25741244, 7.1, 5643, 我承认我不曾历经沧桑 
1070899, 8.6, 658, 浮生悠悠 
25935075, 8.1, 1150, 文·堺雅人：健康的日子 
5502946, 7.5, 2692, 元气糖 
2054246, 8.0, 1312, 你的误区 
25897333, 7.5, 2630, 我讲个故事，你可别当真啊 
3655433, 8.4, 796, 西尔斯怀孕百科 
6519759, 7.5, 2668, 记事本圆梦计划 
4934590, 8.5, 706, 活出最乐观的自己 
25849892, 8.8, 508, 人间滋味 
1850861, 8.0, 1267, 托斯卡纳艳阳下 
3006483, 7.7, 1932, 每周工作4小时 
6517150, 7.6, 2225, 31岁又怎样 
23186549, 7.8, 1665, 我们家 
20433605, 7.8, 1620, 因自由而美丽 
25693190, 8.3, 867, 舍得让你爱的人受苦 
25903198, 7.8, 1620, 做衣服 
25775069, 7.2, 4161, 让我留在你身边 
4908957, 7.5, 2470, 我的100件时尚单品 
26416401, 7.4, 2944, 我敢在你怀里孤独 
1101447, 7.7, 1838, 不要用爱控制我 
2222030, 8.0, 1214, 生活中的经济学 
1483573, 8.8, 498, 其實你已經很塔羅了 
19963287, 9.0, 410, 诸神的面具 
26584387, 7.7, 1766, 一个人的朝圣2 
19899834, 7.2, 3917, 只愿你曾被这世界温柔相待 
25849895, 8.8, 477, 人间草木 
20499702, 7.7, 1784, 味道·第一宗罪 
22993829, 7.7, 1766, 我们这儿是精神病院 
10566257, 8.0, 1171, 出国自助游教室 
11627774, 8.2, 907, 贪食纪 
26592648, 8.9, 423, 癌症·真相：医生也在读 
24696902, 8.3, 781, 和二木一起玩多肉 
2277314, 8.4, 699, 碰巧的杰作 
2980475, 8.4, 693, 长路漫漫 
25788697, 7.6, 1932, 一切都是最好的安排 
24839553, 7.3, 3089, 拖拉一点也无妨 
11625032, 7.4, 2659, 欢乐颂  第一季 
1912653, 9.0, 382, 朱光潜谈美 
2344105, 8.1, 979, 把妹達人之謎男方法 
26831788, 8.0, 1101, 旅行与读书 
3896758, 8.4, 675, 参谋助手论 
25746421, 8.2, 844, 公开的秘密 
4816212, 7.4, 2474, 真希望我20几岁就知道的事 
10439099, 9.0, 361, 旅之绘本（全六册） 
25774772, 8.5, 593, 做饭 
24754720, 6.9, 5881, 我的朋友陈白露小姐 
25777461, 8.4, 646, 日日是好日：茶道带来的十五种幸福 
1764940, 8.3, 726, 爱是一种选择 
25923063, 8.3, 726, 考拉小巫的留学成长日记 
26420555, 8.0, 1011, 何必等来生 
26687647, 7.8, 1318, 至味在人间 
6510522, 7.0, 4660, 分开旅行 
4912669, 7.3, 2756, 忧伤的老板 
25836825, 7.3, 2744, 你是最好的自己 
11620497, 8.2, 777, 简单的艺术 
25750714, 7.7, 1468, 爱上跑步的13周 
7061613, 8.5, 553, Steal Like an Artist 
6851608, 8.0, 979, 奢侈的！ 
6556332, 7.8, 1281, 旅行，人生最有价值的投资 
26693418, 7.5, 1906, 按自己的意愿过一生 
26852275, 8.7, 447, 好妈妈胜过好老师2:自由的孩子最自觉 
1460123, 8.0, 959, 寒夜客来 
25961294, 8.2, 757, 虫子旁 
5408843, 7.7, 1434, 旅行从客房开始 
26303520, 9.0, 328, 婚姻的意义 
4214217, 7.5, 1896, 女人明白要趁早 
20480681, 7.4, 2199, 你当温柔，却有力量 
25858712, 8.5, 531, 这样装修不后悔（插图修订版） 
25752046, 8.1, 828, 心如钢铁地追求幸福 
5914555, 8.0, 932, 暴食江湖 
26413835, 8.2, 720, 匠人 
25802595, 7.3, 2482, 灵魂有香气的女子 
5423785, 8.1, 804, 千年繁华 
1435793, 9.2, 269, 世界园林植物与花卉百科全书 
4229525, 7.4, 2047, 筆記女王的手帳活用術 
25933841, 7.2, 2863, 蔡康永的说话之道2 
2141865, 8.5, 510, 家庭会伤人 
5409459, 8.0, 902, 摩托日记 
1223612, 8.5, 506, 唐鲁孙谈吃 
3729173, 7.5, 1772, 时间投资法 
25982794, 7.1, 3406, 世界上所有童话都是写给大人看的 
26171593, 7.5, 1726, 今天也要用心过生活 
1083309, 8.9, 340, 论可能生活 
5068077, 8.3, 609, 拉伸 
5914556, 7.6, 1470, 台湾味道 
26337959, 8.3, 612, Lens·目客001:花朵与我 
26431217, 8.6, 447, 在江湖 
1000972, 8.1, 768, 一生的忠告 
1151386, 8.4, 541, 怀孕圣经（最终定本） 
1879497, 8.5, 485, 新家庭如何塑造人 
2130270, 8.7, 395, 折纸大全 
26673941, 8.2, 671, 正午故事001 
6781486, 8.2, 655, 趣味生活简史 
25713576, 7.8, 1070, 玩儿 
26797271, 8.8, 350, Lens·目客004·猫：懒得理你 
20434430, 8.0, 815, 你要如何衡量你的人生 
26656018, 9.1, 264, 那些年，我们一起追的球星 
25948154, 7.7, 1186, 扛得住，世界就是你的 
25843908, 7.7, 1160, 怦然心动的人生整理魔法2 
26685539, 8.1, 696, 有鹿来 
5338233, 8.3, 561, 我的法兰西岁月 
26363926, 8.6, 402, 何为良好生活 
25763528, 8.1, 689, 植物学家的锅略大于银河系 
26183848, 7.3, 2044, 完美关系的秘密 
4320555, 8.6, 394, 别对我撒谎 
1150414, 9.4, 199, 篆刻学 
26285734, 8.1, 673, 6点27分的朗读者 
24732964, 7.9, 864, 佛陀与想太多的猪 1 
10426611, 8.3, 538, 一本摄影书 
24307336, 7.5, 1416, 跟巴黎名媛学到的事 
26747208, 8.2, 586, 优秀的绵羊 
5321843, 6.5, 8654, 假装的艺术 
6061658, 8.7, 347, 幸福超越完美 
26318808, 7.5, 1434, 我的脖子让我很不爽 
25921293, 6.8, 4652, 愿有人陪你颠沛流离 
25852665, 7.6, 1236, 孤独的人都要吃饱 
25870967, 8.3, 517, 时蔬小话 
25939157, 8.2, 576, 吃货的孤单心事 
24838958, 8.7, 344, 我们的小镇 
4843911, 7.1, 2563, 魔鬼搭讪学 
26761291, 9.0, 255, 人间草木 
1019959, 7.8, 891, 精力管理 
26665498, 7.5, 1310, 生命中最简单又最困难的事 
2374070, 9.0, 251, 夫妻双修功 
26599283, 8.2, 547, 梅子青时 
6902934, 9.3, 196, 学徒面包师 
23116260, 8.2, 542, 其实，大家都想做菜 
6957796, 8.4, 434, 爱得太多的女人 
26757657, 8.2, 528, 望春风 
26258977, 8.8, 288, 四季花传书 
25837146, 7.3, 1686, 倾我所有去生活 
3374562, 8.5, 382, 营养圣经 
25871638, 7.7, 961, 品味四讲 
4114636, 8.3, 470, 性学观止（上下册） 
25827812, 7.5, 1239, 我这个普通人的生活 
5299847, 8.0, 643, 与全世界做生意 
25732461, 7.9, 720, 住宅设计解剖书 
24714245, 7.8, 807, 看得开
4086725, 7.3, 1628, 不持有的生活 
26905389, 8.5, 365, 人生所有经过的路，都是必经之路 
26362975, 8.0, 628, 藏在这世间的美好 
26801361, 9.2, 195, 鹿苑长春 
25912887, 6.8, 3662, 练习一个人 
25908552, 7.5, 1175, 上瘾五百年 
25747597, 7.5, 1158, 不能不去爱的两件事 
10564563, 7.1, 2161, 闺蜜 
26529262, 8.3, 443, Lens·视觉002：想在一生中做一件正确的事 
21622634, 8.9, 247, 滚吧，生活 
26821757, 8.4, 392, 他们说，我是幸运的 
4605558, 7.9, 683, 布鲁克林 
26672748, 8.9, 245, 山居杂忆（插图精装版） 
25900802, 7.6, 969, 我在底层的生活 
25660015, 6.9, 2895, 以自己喜欢的方式过一生 
10481061, 7.8, 751, 小&#34;食&#34;光 
26656779, 7.5, 1118, 当你的才华还撑不起你的梦想时 
26313575, 8.2, 466, 各自爱 
11586903, 7.9, 656, 夏目漱石的百合 
5936610, 8.2, 467, 工艺之道 
25985499, 7.6, 942, 这一生，静待时光检验 
25843055, 9.1, 195, 花花朵朵坛坛罐罐 
2340062, 7.4, 1195, 跑步圣经 
26215044, 7.4, 1202, 我们台湾这些年2 
26295733, 7.2, 1592, 我知道你没那么坚强 
25955940, 8.6, 296, 透过佛法看世界 
24878414, 8.3, 389, 少有人看见的美 
6751045, 8.2, 429, Wabi-Sabi 
26712787, 8.2, 434, 可爱的诅咒 
10527118, 8.9, 224, 精品咖啡學 上 
6039397, 8.0, 543, 哪啊哪啊神去村 
26761859, 7.9, 610, 精要主义 
25847224, 6.9, 2624, 世界与你无关 
4137809, 7.8, 678, 让大脑自由 
26108007, 7.8, 673, 我已经结婚了  我心情还不好 
7007774, 7.7, 765, 没有意义就没有摇摆 
25731751, 7.8, 668, 99%的新人，没用心做好的50件事 
26882320, 9.0, 200, 嗨，好久不见 
26802388, 7.6, 845, 自在独行 
26628313, 8.3, 374, 柴犬绅士 
5411583, 8.6, 279, 中国居民膳食指南 
25895467, 7.6, 858, 鲤·一间不属于自己的房间 
25872643, 9.1, 183, 不可思议的旅程 
24736494, 8.5, 309, 地理学与生活（插图第11版） 
25963932, 8.0, 510, 女孩像你 
26801831, 7.3, 1276, 在宇宙间不易被风吹散 
6079823, 8.1, 457, 物尽其用 
25978468, 7.8, 648, 遇见孩子，遇见更好的自己 
25852441, 6.9, 2419, 当我足够好，才会遇见你 
25918524, 7.7, 730, 美好百科：这个知识点超纲了 
6513841, 8.6, 274, LIFE家庭味 
2130184, 8.0, 505, 叫醒布拉格 
25978608, 7.1, 1687, 再美也美不过想象 
2310529, 8.8, 226, 遵生八笺 
25818124, 8.2, 396, 翡翠岛编年 
26883447, 9.4, 138, 在人群中消失的日子 
26935001, 9.4, 138, 豆瓣电影生活日历 
26357269, 7.2, 1378, 京都山居生活 
3083546, 8.4, 316, 田中宥久子的塑颜按摩法 
26384985, 7.3, 1183, 我有个恋爱想和你谈下 
6021094, 7.9, 538, 喜乐京都 
6839883, 9.7, 113, 共和国教科书 
26805083, 9.5, 126, 心理治疗之路 
25828868, 7.5, 881, 快活馋 
21764541, 8.7, 238, 爱的五种能力 
26235467, 7.5, 869, 你不懂咖啡 
26348121, 8.4, 306, 由内向外看世界 
3405756, 7.9, 524, 生活的暗面 
1861252, 9.1, 167, 普利策新闻奖 特稿卷 
26893033, 8.5, 274, 把小日子收进手帐里 
4292120, 7.0, 1772, 低智商社会 
6507262, 7.5, 843, 如何让你爱的人爱上你 
26248587, 7.6, 740, 美好古董衣店 
1339273, 9.6, 113, 如何在KTV出人頭地 
20273181, 8.1, 407, 生命是长期而持续的累积 
26707942, 7.2, 1270, 知更鸟女孩 
5286675, 7.2, 1238, 我的风格小黑皮书 
2252637, 8.0, 443, 诱惑的艺术 
26409799, 7.4, 909, 独立日：用一间书房抵抗全世界 
6844364, 8.2, 352, 人生一瞬 
22993407, 7.7, 619, 跑步，该怎么跑？ 
26263052, 7.9, 488, 毫无必要的热情 
6844359, 8.2, 346, 绿光往事 
25727991, 7.9, 480, 不靠谱的演员都爱说如果 
14267490, 9.3, 132, 厨神的家常菜 
26925068, 9.7, 101, 不敢不乐 
26293066, 7.7, 596, 你是一切的答案 
25820165, 8.7, 210, 田园之秋 
26672723, 7.5, 769, 女神日常修炼手册 
26282087, 7.8, 527, 把所有失眠的夜都给你 
25945941, 7.1, 1347, 日和手帖001：我们终究是一个人 
1411023, 8.3, 299, 独居日记 
25839107, 7.4, 858, 魔鬼约会学 
2977509, 7.8, 518, 有钱人想的和你不一样 
26830134, 7.7, 568, 就喜欢你看不惯我又干不掉我的样子2 
26848146, 7.8, 495, 民国太太的厨房 
26844348, 6.6, 3047, 好吗好的 
10441244, 6.8, 2089, 整理的艺术 
4016036, 9.4, 117, 食物與廚藝 
20493284, 7.6, 637, 寻欢者不知所终 
25836981, 8.8, 185, 爬出窗外并消失的百岁老人 
26416276, 7.9, 431, 愿生命从容 
26235729, 7.6, 621, 单身社会 
26367995, 7.7, 551, 你心柔软，却有力量 
1892409, 8.2, 316, 口愛 
4156058, 9.4, 114, Mastering the Art of French Cooking 
26721548, 8.3, 276, Lens·视觉005：以手抵心 
24318989, 8.5, 229, 崔玉涛 
26762941, 8.7, 191, 一个人的博物馆 
11442509, 8.4, 249, 读懂恋人心 
25921388, 8.4, 248, 大自然笔记 
26383741, 8.5, 227, 和妈妈如影随形的日子 
1967845, 8.5, 226, 从出生到3岁 
3094686, 7.6, 590, 銀座媽媽桑說話術 
4195722, 9.1, 137, 好吃的西點蛋糕祕訣 
26658841, 8.6, 204, 走进建筑师的家 
1396959, 8.2, 295, 化妆品好坏知多少 
26394204, 8.4, 242, 爱情故事 
25807523, 7.3, 860, 唯爱与美食不可辜负 
26236436, 7.2, 991, 我们夜里在美术馆谈恋爱 
1029957, 7.8, 454, 大狗:富人的物种起源 
26760537, 8.9, 159, 给孩子的动物寓言 
26897699, 8.8, 169, 极简 
26312476, 7.5, 643, 你的身体，是一切美好的开始 
3420221, 8.5, 216, 实用程序育儿法 
1358404, 7.5, 639, 穿KENZO的女人 
26586771, 7.4, 711, 神奇手账 
1485694, 7.7, 489, 雅致生活 
24870163, 7.6, 556, 万物皆有伤心处 
2209663, 7.2, 918, 孤独的性 
24713564, 7.6, 542, 不要和鲨鱼接吻
26849123, 9.1, 128, 厚积落叶听雨声 
26672581, 7.3, 780, 嘿，三十岁 
26681392, 8.1, 304, 去山里盖座小屋吧 
3535331, 8.7, 173, 食经 
20393127, 6.9, 1454, 请把我留在最好的时光里 
26895254, 9.1, 125, 雪中的印记 
26538428, 7.6, 517, 造物有灵且美 
4894977, 8.6, 187, 长物志 
1911799, 9.1, 125, 酒吧圣经-调酒师宝典 
26791930, 8.2, 271, 生于一九八四 
26043286, 7.4, 678, 孤单星球 
20391459, 7.8, 409, 一觉睡到小时候 
26801234, 7.9, 363, 我二十九岁的夏天 
26578484, 7.3, 756, 世界上有趣的事太多 
26774272, 8.2, 263, 一平米健身：硬派健身 
21617698, 7.1, 1011, 二十五岁的世界 
26849731, 8.1, 286, 看了高兴的爱情故事 
26782113, 7.4, 632, 筑巢记 
1012401, 8.5, 193, 蓝色笔记本 
26108383, 6.9, 1329, 人生永远没有太晚的开始 
26108423, 7.3, 722, 你看起来很美味 
7058387, 8.9, 139, 手艺中国 
26877306, 8.6, 175, 微习惯 
26648290, 9.0, 127, 酸痛拉筋解剖书 
26771603, 8.2, 251, 英雄的食材和神做法 
25827271, 7.4, 625, 吃早餐，彻底改变了我 
5976521, 8.1, 275, 女醫師教你真正愉悅的性愛 
26825522, 9.0, 126, 生活三部曲：生活的样子 
26775412, 8.9, 136, 最朴素的生活和最遥远的梦想 
4214860, 7.3, 700, 绅士生活 
26775414, 8.9, 134, 茶，汤和好天气 
26377479, 8.1, 267, 素食
25913147, 7.7, 409, 因为深爱，所以放手 
26576308, 8.0, 296, 我喜爱一切不彻底的事物 
24298657, 6.7, 1709, 永远热泪盈眶 
25855770, 8.1, 263, 就因為「沒時間」，才什麼都能辦到 
11628722, 9.3, 98, Building Stories 
26293455, 7.0, 1024, 我依然爱你，我只是不喜欢你了 
25958461, 6.5, 2392, 一人食 
26782781, 7.7, 393, 不必交谈的时刻 
26814859, 8.2, 232, 独立日：日出之食 
19925567, 6.7, 1615, 过日子要有技术含量 
26694904, 7.5, 491, 世界很大
23010110, 7.3, 638, 如何征服英俊少男 
26681333, 7.4, 544, 日日100 
26693234, 8.5, 172, 心有欢喜过生活 
26769450, 8.0, 276, 400次 
26384723, 7.6, 431, 我比谁都相信努力奋斗的意义 
25800850, 8.0, 274, 动荡的世界 
26899220, 9.1, 107, 生活，是很好玩的 
26781744, 7.2, 699, 台北女孩看大陆 
26806660, 8.7, 143, 一夫食堂 
26253714, 7.9, 298, 在西伯利亚森林中 
1344535, 8.4, 184, 搞定男人 
2343561, 8.1, 245, 演讲的艺术 
4832482, 7.9, 297, 真实的颜色 
20549889, 7.0, 919, 厨房里的哲学家 
26425651, 6.4, 2630, 你只是看起来很努力 
26596713, 7.6, 408, 知中·山水 
26373220, 9.0, 111, 西尔斯健康育儿百科 
10554274, 8.0, 259, 关于写作 
26797183, 8.0, 261, 喵呜，原来你是这种汪 
6519055, 7.6, 405, 买基金为自己加薪 
26741879, 8.1, 232, 诗经：越古老，越美好 
25885921, 7.5, 444, 摩托车修理店的未来工作哲学 
26892222, 8.2, 207, 生活的哲学 
3884424, 8.9, 115, 料理圖鑑 
26281730, 7.9, 276, 南华录 
24745650, 7.5, 438, 我怕没有机会，选择真正喜欢的生活 
26416549, 8.3, 188, 兰屿之歌 清泉故事 
19952425, 7.0, 868, 再冷门的问题也有最热闹的答案 
7564165, 8.0, 245, PONY四季美妆物语 
25866817, 6.8, 1145, 有些路，只能一个人走 
24754142, 7.6, 380, 柔软的距离 
26841391, 7.6, 371, 把你交给时间 
24528199, 7.9, 267, 恋爱从失恋开始 
26548374, 7.0, 813, 好物100 
4706662, 9.4, 80, 食物與廚藝 
11636270, 8.4, 165, 最简单的小户型收纳整理术 
26688691, 8.3, 176, 美物抵心 
26590171, 7.3, 521, 做事的常识 
20472494, 9.0, 101, 漫长的革命 
24310435, 7.4, 458, 卑微的套套 
26921283, 9.8, 60, 惜君如常 
26682087, 7.2, 585, 借山而居 
26741843, 9.1, 93, 你不懂葡萄酒 
1925936, 9.0, 99, 默克家庭诊疗手册 
26674136, 7.9, 248, 京都手艺人 
25833051, 8.6, 132, 幸福的婚姻 
26934539, 9.8, 59, 长大后的世界 
26838609, 8.7, 123, 猫山狗海，穿越人间 
26284233, 6.6, 1440, 鬼水瓶录 
20278805, 7.2, 563, 鱼为什么放屁 
26891340, 9.3, 80, 我不过别人指定的生活 
26422097, 7.6, 345, 这就是台湾
25894861, 6.5, 1664, 跟任何人都聊得来 
26770722, 8.2, 180, 一个人的面包屑生活 
26844959, 8.3, 164, 学会花钱 
26789264, 7.4, 417, 极简生活：简而美地活 
26921021, 9.6, 64, 一辈子很长，要和有趣的人在一起 
26868621, 7.9, 235, 一生欠安 
25948155, 7.3, 470, 每一个优秀的人，都有一段沉默的时光 
26756565, 8.6, 124, 一加一 
26785986, 8.3, 159, 食帖09：了不起的面包 
26470077, 9.1, 86, 西尔斯亲密育儿练习手册 
1085007, 8.0, 211, 敏感的人:如何面对外界压力 
26835061, 8.8, 104, 扫把的旅行手账 
1473957, 7.9, 226, 慢慢快活 
11581273, 8.1, 188, 减肥这件正经事儿 
26894476, 9.6, 61, 华人育儿百科 
26352480, 9.0, 90, 魔法岁月 
1824306, 7.2, 495, 学习的艺术 
26728018, 6.7, 1032, 你所谓的稳定，不过是在浪费生命 
25724107, 8.8, 102, 家事的撫慰（上冊） 
25870117, 8.8, 102, 木工全书 
26593188, 8.9, 95, 一日一果 
26733302, 7.5, 339, 自控力：和压力做朋友 
25922761, 7.1, 558, 我是如何一步步毁掉我的生活的 
26285423, 8.2, 162, 亲密关系的秘密 
26615680, 8.5, 126, 暖暖的女人不生病 
26831504, 8.1, 179, 喵呜，来摸 
25981846, 7.4, 369, 这世上的美好，唯你而已 
3133917, 8.8, 99, 男人不屌女人不High 
26852845, 8.4, 134, 仅记住所有快乐 
10831736, 8.1, 174, 故事技巧 
10794605, 7.8, 230, 超级恋爱催眠术 
26862433, 8.7, 104, 不为我们改变的世界 
24699306, 6.9, 675, 整理的艺术2：时间是整理出来的 
26770999, 8.5, 119, 斯坦福大学创业成长课 
26722322, 8.7, 101, 我的时尚厨房 
1773430, 8.6, 109, The Omnivore&#39;s Dilemma 
26896875, 9.2, 70, 极简整理术 
26387817, 8.3, 136, 核心基础运动 
26910938, 9.5, 59, 让经济学回归常识 
26740257, 8.0, 179, 内在革命：一本关于成长的书 
26779589, 6.3, 1804, 我喜欢这个&#34;功利&#34;的世界 
26590273, 7.8, 215, 你会想念你自己吗 
4293302, 9.3, 66, 眾神的植物 
26739700, 8.4, 124, 食光深处的温暖 
26580165, 8.0, 174, 这世界，只是一个食堂 
10739339, 7.9, 194, 北欧风格小屋 
6722886, 7.1, 479, 设计准则 
26266562, 7.6, 257, 所念人，所感事 
20507377, 8.1, 156, 永恆如新的日常設計 
26775628, 7.5, 279, 好好地吃一朵西蓝花 
26782151, 7.8, 206, 黄小厨的美好日常 
1018426, 9.0, 77, 服装缝制图解大全 
26577701, 8.0, 168, 我的美的世界 
26914080, 9.7, 49, 咖啡咖啡处处开 
25905227, 7.5, 270, 你的生存本能正在杀死你 
26588107, 7.4, 302, 只有大众
6913349, 7.1, 435, 巴黎女人的时尚经 
1674916, 9.1, 69, 专业烹饪 
26747676, 9.0, 73, 愿世上所有的孤单，都有温暖相伴 
26865490, 8.7, 88, 明日的便当 
26796536, 9.4, 56, 身体从未忘记 
26671358, 8.2, 132, 周末田舍生活 
26826236, 7.3, 326, 负负得正的人生奥义书 
26677405, 8.0, 156, 老灵魂 
25892661, 6.9, 530, 就想开间自己的小店 
26834939, 9.0, 68, 生活三部曲：美好的生活 
26831768, 9.3, 56, 人生有信 
26340273, 6.8, 581, 我们这个时代的怕和爱 
25876757, 8.2, 122, 鲜花帝国 
26717862, 8.8, 76, 让教育回归美好生活 
26721353, 8.1, 132, 遇见怦然心动的小书店 
26266672, 7.3, 298, 你以为没有的，可能在来的路上 
5336293, 7.0, 436, 风格白痴 
26857572, 8.8, 76, 处处见生机 
26832895, 9.1, 62, 生活三部曲：生活的意味 
26825931, 9.1, 62, 一曲终了 
26919061, 7.6, 206, 晚安·夜风相伴 
26832090, 8.1, 128, 别扯了，时间才不会改变一切 
10830941, 10.0, 37, 美甲时尚讲堂 
25941678, 6.8, 542, 他爱的是玫瑰，而你是蔷薇 
19954650, 9.1, 61, 日本古書店的手繪旅行 
26853572, 7.9, 143, 理想家：2025 
6064406, 8.6, 81, 配色美人 
26646578, 8.4, 94, 文艺复兴的故事02：我的朋友马基雅维利——佛罗伦萨的兴亡 
26775415, 9.2, 54, 到山中去 
26860716, 8.5, 85, 视觉008：那就无所畏惧地老去 
26745200, 7.3, 253, 我的衣橱故事 
26388428, 8.0, 126, 匠人 
4894568, 8.2, 106, 个人理财 
26335804, 7.2, 281, 相遇是比爱更美好的事 
26411821, 7.9, 132, 无印良品的人气菜肴 
25774384, 8.5, 82, 冥想 
26806934, 9.4, 45, 自然怪咖生活周记 
26278430, 7.5, 189, 别害怕你所向往的生活 
26819850, 8.5, 78, 世界咖啡地图 
26576605, 6.1, 1377, 这么慢，那么美 
26830671, 8.2, 92, 愿你出走半生，归来仍是少年 
26889630, 8.6, 69, 对这个残酷的世界说情话 
26813986, 8.0, 107, 如果可以这样做农民 
26413830, 7.2, 239, 这辈子活得热气腾腾 
4910688, 8.1, 99, 超级名模教你show出明星腿 
20172597, 7.7, 141, 优雅与质感 
26869120, 8.5, 72, 走路健身法 
26761558, 6.9, 346, 日常生活中的思维导图 
26879195, 8.4, 76, 食帖12：厨房，治愈人生的避难所 
25834256, 8.4, 76, 培养高情商的孩子 
26840552, 8.1, 94, 西瓜的香气 
26703717, 8.0, 100, 我決定簡單的生活 
26851707, 7.9, 109, 等一朵花开 
26881057, 8.7, 59, 视觉009：接受彼此的那种亲密 
11614503, 9.4, 39, 20世纪中外散文经典 
26378862, 7.3, 192, 气质 
26393558, 8.6, 62, 水彩画的实质 
26755786, 8.1, 89, 耕食生活 
20375073, 9.5, 36, 艺术博物馆 
26882312, 9.2, 42, 我有一切的美妙 
4884761, 7.9, 102, 旅行的所在 
26826899, 9.1, 44, 走进世界最美的家 
26878858, 8.5, 64, 恋爱心理学：愿你被男人温柔相待 
26890742, 8.9, 50, 看见·看不见 
25867744, 8.3, 75, 简单冥想术：激活你的潜在创造力 
5044283, 8.6, 58, 食物营养与配餐 
26767011, 6.9, 274, 先谋生，再谋爱 
26843309, 8.1, 83, 过去现在，一并深爱 
26699409, 7.1, 213, 明天过得怎么样，取决于今天的你怎么做 
26609131, 9.0, 44, 簡單‧豐盛‧美好 
26844750, 7.7, 113, 优秀的人，都敢对自己下狠手 
10493119, 8.2, 75, 女性健康私密书 
26904196, 9.5, 33, 愿你不必取悦任何人 
26902122, 9.1, 40, 卖晾衣杆的小贩为何不会倒：懂点会计很有必要 
26879048, 9.1, 39, 京料理 
26843917, 8.9, 43, 和食十品 
26848701, 9.6, 30, 一亿人，不如你一人 
26802430, 8.3, 63, 诚实的手艺 
26853723, 9.3, 34, 唐人街 
1127432, 8.7, 48, 乐理自学指南 
26827563, 8.4, 58, 胡椒树上的鹦鹉 
10520093, 7.4, 131, 型男日志 
26692621, 7.2, 163, 猫可以作证 
26837959, 8.4, 56, 设计冲刺 
26857129, 7.9, 77, 把日子过成诗 
26849278, 7.7, 90, 你的善良必须有点锋芒 
26738072, 8.4, 53, 这就是二十四节气 
26850083, 8.3, 56, 致命药瘾 
26775411, 8.6, 45, 祝，一切安好 
26423783, 8.5, 48, 树的秘密生活 
26904716, 9.6, 26, 跑到最后是飞翔：我的跑步生活 
26905289, 8.6, 41, 掌中花园 
26869816, 8.8, 36, 上海屋里厢（中英双语） 
26844382, 8.3, 48, 和这本书一样安静 
26779450, 8.2, 52, 何以为家 
26845423, 9.3, 27, 十二幅画 
26744946, 8.9, 33, 英国皇家园艺学会植物学指南 
26319654, 7.4, 96, 护肤品全解码 100款超人气护肤品成分大检阅 
26901529, 9.3, 26, 怎样观察一棵树 
3070464, 8.4, 42, 日本料理神髓 
26774591, 8.4, 42, 怀旧食堂 
26898505, 9.0, 29, 奢侈的滋味 
26849540, 8.6, 36, 弄堂风流记 
26878653, 7.7, 67, 无罪辩护 
26827019, 7.5, 79, 旅之良品 
26760973, 8.4, 40, 战略高手 
26761470, 8.3, 42, 唯有香如故 
26827725, 8.7, 33, 安身与立命 
1108590, 8.8, 31, 周恩来邓颖超通信选集 
26722320, 7.9, 54, 感知艺术 
26743743, 8.3, 41, 穿越孤独 
26794006, 9.3, 23, 撒切尔夫人 
26720709, 7.0, 111, 恋物物语 
26851858, 8.7, 29, 画的力量 
26757192, 9.1, 23, 简简单单做面包 
26838713, 9.0, 24, 告别节食时代 
26803573, 8.7, 28, 文艺青年的自我修养 
26894664, 8.6, 28, 看脸 
26769704, 8.2, 34, 早安，早餐 
26760972, 8.4, 30, 危险关系 
26854457, 8.5, 27, 你只活一次 
26711352, 8.1, 34, 面包制作的科学 
26852140, 7.8, 41, 冷眼观爱2：一切情感问题的答案 
26745354, 8.9, 21, 轻健身 
3729119, 6.7, 105, 我要一双明星腿 
26844050, 8.2, 30, 器物帖 
3566473, 8.4, 27, 《木工DIY傢具》 
26919685, 8.5, 23, 365日 
26914156, 8.1, 27, 你不努力，就别怪世界残酷 
26822490, 8.8, 16, 我们在为什么样的广告买单 
26878090, 8.3, 20, 以父之名 
26894809, 8.3, 19, 家有小苗初长成 
1676582, 8.0, 19, 猫头鹰的咖啡馆 
26911258, 7.8, 19, 食帖13：腐的品格!初心者的发酵料理书 
26907493, 8.1, 16, 种满院植物，安守四季阳光 
26868554, 8.1, 15, 小津安二郎美食三昧·关东篇 
26889364, 7.7, 16, 英国皇家植物园植物画教程 
26825896, 8.2, 11, 自给自足生活简明指南 
26798371, 7.5, 11, 冬天的故事 
