Tag: 科幻 
The number of books: 280 

ID, Rating, Votes, Title
5363767, 9.2, 73722, 三体Ⅲ 
3066477, 9.2, 74274, 三体Ⅱ 
2567698, 8.8, 124869, 三体 
1192090, 8.7, 24103, 球状闪电 
1258490, 9.2, 10238, 基地 
1394364, 8.8, 13703, 银河系漫游指南 
25829693, 9.0, 9405, 永恒的终结 
1258489, 9.3, 5574, 第二基地 
1085470, 8.4, 18499, 海底两万里 
1258491, 9.2, 5603, 基地与帝国 
3266609, 8.8, 9465, 流浪地球 
1140727, 8.8, 9355, 安德的游戏 
26586492, 8.9, 7656, 火星救援 
1418999, 9.2, 4603, 银河英雄传说 
3268399, 8.5, 12058, 上海堡垒 
6518605, 9.3, 3534, 三体全集 
1187842, 9.0, 4885, 你一生的故事 
1442869, 8.9, 4848, 献给阿尔吉侬的花束 
2340609, 9.0, 3529, 2001太空漫游 
2052049, 9.0, 3449, 海伯利安 
1772786, 8.6, 4954, 真名实姓 
25752955, 9.0, 2812, 来自新世界 （上下） 
1146267, 8.8, 3598, 深渊上的火 
1161852, 8.2, 7991, 天意 
1195590, 8.6, 4420, 带上她的眼睛 
10488563, 8.7, 3771, 宇宙尽头的餐馆 
1258487, 8.9, 2825, 基地前传1·基地前奏（上下） 
26264967, 8.3, 6108, 神们自己 
1258488, 9.0, 2372, 基地前传2·迈向基地（上下） 
1418437, 8.7, 3253, 安德的影子 
3571732, 8.4, 4700, 全频带阻塞干扰 
4202422, 8.3, 5295, 云图 
1258485, 8.9, 2358, 基地续集1·基地边缘（上下） 
1275907, 8.3, 5204, 八十天环游地球 
1399992, 8.9, 2172, 天渊 
1481311, 8.7, 2690, 沙丘 
25709685, 9.6, 976, 守望者 上 
10767124, 8.6, 2986, 乡村教师 
1258486, 8.8, 2281, 基地续集2·基地与地球（上下） 
1204488, 8.4, 3471, 格兰特船长的儿女 
2143016, 9.1, 1438, 我，机器人 
25907864, 9.6, 818, 守望者 下 
24538715, 8.6, 2184, 艾比斯之梦 
2221889, 8.3, 3274, 无限恐怖 
1391510, 9.2, 1048, 机器人短篇全集（上下） 
3198422, 8.6, 1937, 光明王 
3041463, 8.3, 2820, 时间回旋 
26210607, 8.4, 2399, 时间移民 
24715686, 8.7, 1607, 仿生人会梦见电子羊吗？ 
1865765, 8.5, 2020, 童年的终结 
2340610, 8.8, 1379, 2010太空漫游 
1391513, 8.9, 1117, 机器人与帝国（上下） 
19938026, 8.5, 1760, 生命，宇宙以及一切 
4326055, 8.4, 1979, 微纪元 
3345595, 8.5, 1748, 猫城记 
24283160, 8.7, 1345, 间客 
3431718, 8.5, 1690, 卫斯理全集 
1467492, 9.0, 942, Blame! 1 
11511232, 8.9, 1029, 大师的盛宴 
1391508, 8.6, 1445, 钢穴 
3636385, 7.6, 5850, 超新星纪元 
6744648, 8.8, 1083, 与拉玛相会 
3266663, 8.2, 2251, 魔鬼积木·白垩纪往事 
24715669, 8.9, 937, 少数派报告 
3290026, 8.7, 1174, 火星编年史 
26295450, 8.7, 1114, 软件体的生命周期 
20279665, 9.2, 656, “太空漫游”四部曲 
20470849, 8.3, 1768, 神的九十亿个名字 
1391509, 8.6, 1212, 裸阳 
24107596, 8.0, 2446, 神经漫游者 
1440243, 8.7, 1015, 索拉里斯星 
1391511, 8.7, 975, 曙光中的机器人（上下） 
1075245, 8.8, 848, 蚂蚁 
1321790, 8.1, 1636, 华氏451 
2064688, 8.3, 1253, 异乡异客 
26280924, 8.4, 1091, 看海的人 
10763170, 8.5, 946, 发条女孩 
2214337, 8.9, 617, 星新一微型小说选 
26811147, 8.6, 813, 月族 
3774646, 8.2, 1314, 平面国 
26046043, 8.3, 1160, 人类灭绝 
1316584, 8.7, 738, 玩具修理者 
1140728, 8.6, 810, 索拉利斯星·K星异客 
12404751, 8.6, 808, 遥远地球之歌 
21690283, 8.2, 1288, 再会，谢谢所有的鱼 
3816883, 8.3, 1111, 黑暗的左手 
4887589, 8.0, 1649, 梦侦探 
4720666, 8.5, 880, 图夫航行记 
1525866, 8.9, 567, 蚂蚁时代 
1734009, 8.5, 845, 沙丘之子 
1130892, 8.7, 660, 幽灵5号 
1159012, 8.5, 813, 浪漫服务公司 
6779980, 7.4, 3518, 天命 
2049339, 8.3, 963, 变化的位面 
1146266, 8.0, 1370, 被毁灭的人 
25941893, 8.3, 844, 安迪密恩的觉醒 
1906155, 8.5, 662, 爱因斯坦赤道 
1439017, 8.2, 913, 进入盛夏之门 
24935042, 7.4, 2538, 时间之墟 
19976976, 9.1, 338, 回憶愛瑪儂 
1157681, 8.0, 1078, 外星屠异 
10608453, 8.7, 473, 盲视 
6265750, 7.2, 3374, 三体X 
2340613, 8.1, 915, 2061太空漫游 
25808977, 8.4, 635, 全息玫瑰碎片 
3816895, 8.1, 902, 雪崩 
2216512, 7.7, 1467, 冒死记录 
3262395, 7.8, 1179, 垂暮之战 
3021566, 7.9, 1028, 我是传奇 
4814392, 8.0, 846, 光逝 
24843834, 7.6, 1409, 羊毛战记 
1758746, 7.9, 905, 苍穹微石 
1440442, 8.7, 360, 完美的真空 
1465602, 8.1, 660, 七重外壳 
25736982, 9.4, 189, 菲利普·迪克作品集（全5册） 
1900903, 9.3, 206, 阿西莫夫科幻小说 
3607224, 8.5, 402, 实时放逐 
1959340, 8.3, 484, 时间机器（中英双语） 
25917727, 8.8, 290, 神秘博士：沙达 
25816893, 8.1, 566, 微宇宙的上帝 
11639956, 9.2, 200, 星际迷航：联邦星舰进取号完全图解 
24944354, 8.3, 457, 流吧！我的眼泪 
1125417, 7.8, 809, 日暮 
26807576, 8.4, 401, 赡养人类 
26392016, 7.7, 903, 未来边缘 
1085533, 8.3, 436, 时震 
1424756, 8.0, 607, 人类曾经被毁灭 
24840349, 8.2, 469, 幽灵舰队 
3724680, 7.3, 1499, 外星人就在月球背面 
3908305, 7.4, 1286, 宿主 
1469242, 7.5, 1093, 日本沉没 
5391812, 7.8, 743, 风港 
1980793, 8.5, 339, 王晋康科幻小说精选（全4册） 
6885709, 8.0, 555, 未来闪影 
3601195, 7.9, 623, 彩虹尽头 
5395151, 8.2, 432, 副本 
5395149, 8.0, 536, 宇宙过河卒 
1433694, 8.0, 516, 金羊毛 
1228395, 7.8, 657, 化身博士 
3105462, 8.6, 275, 接触 
2146031, 9.2, 167, 科幻世界文库（全六册） 
26779789, 8.8, 226, 安德的游戏·三部曲 
24153098, 7.5, 918, 差分机 
1767300, 7.6, 794, 寄生前夜 
5336223, 7.0, 1829, 地铁 
26791409, 8.7, 229, 奇爱博士 
11605558, 8.2, 372, 六道众生 
26108260, 8.4, 298, 思维的形状 
3607222, 8.4, 298, 弗诺·文奇科幻小说集 
11498196, 7.9, 483, 黑暗的速度 
6541263, 7.6, 702, 枪，偶尔有音乐 
4885073, 8.2, 350, 脸上的门，口中的灯 
1150862, 8.8, 197, 星新一短篇小说集 
10570091, 8.4, 277, 天堂的喷泉 
26688708, 8.8, 190, 大英雄时代 
3244055, 7.9, 447, 群 
26590999, 8.0, 393, 伤心者 
1315569, 8.5, 239, 羚羊与秧鸡 
6016230, 7.9, 428, Y先生的结局 
19894099, 8.1, 345, 毛毛星球 
26722307, 7.9, 408, 暗夜独行客 
26767242, 8.6, 207, 亲爱的阿道夫 
25832600, 8.1, 326, 冬至草 
1812047, 8.2, 292, 宇宙墓碑 
20501664, 7.7, 498, 荒潮 
10532684, 9.1, 130, 赶往火星 
26389897, 9.6, 92, 银河帝国：机器人五部曲 
5966315, 9.2, 118, 呼吸--宇宙的毁灭 
25978738, 8.8, 159, 机器人大师 
11597370, 8.5, 196, 陶偶 
4025049, 7.8, 380, 末日之书 
25831464, 6.9, 1192, 分歧者 
4720669, 7.8, 347, 废园天使 
26320244, 8.7, 145, 巫师、外星人和星舰 
3684656, 7.5, 482, 环形世界 
26352270, 7.8, 335, 《三体》中的物理学 
3576412, 8.4, 184, 海，另一个未知的宇宙 
25977519, 7.8, 326, 屠杀器官 
4282061, 7.8, 319, 科幻小说史 
19977751, 8.5, 165, 图案人 
26791407, 6.4, 2497, 孤独深处 
25977518, 8.0, 254, 和谐 
24253393, 7.5, 450, 中国2185 
26638272, 7.2, 644, 天年 
19935618, 9.1, 98, 星球大战：千年隼号完全图解 
25767894, 8.2, 200, 武器浮生录 
26895400, 9.2, 90, 镜像人之末世如你 
26652880, 7.4, 454, 遗落的南境1：湮灭 
26617142, 8.4, 161, 最后的猎巫人 
20278368, 7.7, 322, 行尸走肉 
25722933, 7.8, 280, 穹顶之下（上下） 
4027244, 8.3, 170, 玛士撒拉之子 
26534892, 8.2, 182, 未来的序曲 
2079387, 8.3, 165, 猿猴世界 
3136230, 7.7, 293, 红火星（全两册） 
11612052, 8.3, 154, 路边野餐 
4025048, 7.8, 242, 阿努比斯之门 
5245576, 8.8, 99, 星球大战前传三部曲·漫画限量典藏版 
1065102, 8.3, 145, 鲵鱼之乱 
11597324, 7.6, 270, 游戏玩家 
24853106, 8.2, 151, 利维坦号战记Ⅰ——飞越阿尔卑斯 
20470853, 7.4, 336, 地光 
26309770, 8.1, 158, 杀敌算法 
6038876, 8.6, 105, 科幻文学论纲 
26364303, 7.6, 257, 亚特兰蒂斯：基因战争 
24745622, 8.3, 131, 太空将来时 
6827865, 7.1, 472, 火星照耀美国 
24739619, 7.7, 224, 飞翔吧！大清帝国 
26787943, 8.4, 116, 消失的殖民星球 
24699423, 8.2, 135, 撒旦之锤 
11519001, 7.3, 313, 末日爱国者 
26261589, 8.2, 123, 上帝眼中的微尘 
26389898, 9.2, 59, 银河帝国：帝国三部曲 
10491574, 7.8, 172, 这完美的一天 
26834592, 8.8, 75, 夏日遇见狄更斯 
26271843, 8.4, 101, 死亡迷局 
26372813, 8.5, 93, 帕莫·艾德里奇的三处圣痕 
26579776, 8.5, 91, 基里尼亚加 
26598144, 8.7, 77, 再生砖 
26648648, 8.8, 70, 起风之城 
26249763, 7.8, 155, 犹太警察工会 
5990493, 7.3, 261, 流浪玛厄斯 
3552454, 8.3, 100, 蓝火星（全两册） 
25725500, 7.5, 206, 虚拟偶像爱朵露 
10732280, 7.5, 187, 时间旋涡 
26596367, 8.1, 107, 完美末日 
26435482, 7.5, 186, 博物馆行星 
26677364, 8.0, 109, 雪国列车 
26283241, 7.2, 237, 光与暗的生灵 
25831055, 7.0, 294, 逃出母宇宙 
2158991, 9.2, 45, More Than Human 
26673252, 8.2, 83, 致命拜访 
2363135, 6.8, 349, 米与盐的年代 
26649737, 9.5, 36, 中国科幻年度坐标 
11529448, 7.4, 169, 一秒之后 
4882004, 8.4, 67, 阿西莫夫论科幻小说 
26675529, 8.0, 91, 爱因斯坦与上海神秘人 
26260066, 8.5, 61, 没有你的天堂 
26868921, 8.7, 53, 新新日报馆：机械崛起 
26805833, 8.2, 75, 时间深渊 
24529566, 7.5, 132, 发条人偶 
26420540, 8.7, 50, 平面宇宙 
25982711, 7.4, 141, 玩家一号 
26609776, 8.9, 43, 最糟的宇宙，最好的地球 
25886180, 7.6, 108, 血音乐 
6129292, 7.1, 172, 移動迷宮 
25822107, 8.3, 58, 未来考古学 
26302565, 8.7, 40, 百年法(上) 
26299615, 8.1, 57, 如何创作科幻小说与奇幻小说 
5988701, 7.4, 97, 三日而亡 
26777044, 7.5, 84, 重启人 
26303964, 7.5, 83, 泰坦棋手 
26591916, 7.6, 73, 时间狂想故事集 
26806567, 8.5, 37, 高能预警 
1935232, 9.3, 24, Dirk Gently&#39;s Holistic Detective Agency 
26739275, 8.7, 32, 6号泵 
26791402, 7.2, 95, 去远方 
26935435, 9.3, 23, 大裂 
26320237, 7.8, 55, 苍穹浩瀚1：利维坦觉醒（上、下） 
20415302, 7.3, 80, 未来的夏娃 
25892730, 7.5, 65, 屍者的帝國 
3293448, 9.4, 20, The Man from Earth 
26672867, 8.8, 26, 烈火的召唤 
26827210, 8.1, 38, 林中秘族 
19957024, 7.6, 54, 湿婆之舞 
3448116, 8.7, 26, Story of Your Life 
26849200, 9.3, 19, 离开地球表面 
26833837, 7.5, 52, 遗落的南境（三部曲） 
26783055, 8.8, 22, 科幻电影导论 
26790752, 8.2, 29, 第六大陆 
26366597, 8.5, 23, 阿瑟•克拉克中短篇科幻小说集 
26431296, 7.4, 45, 科幻电影写作 
26921237, 9.1, 16, 果壳里的一百五十九个宇宙 
26314798, 6.4, 81, Nature杂志科幻小说选集 
26824306, 7.5, 23, 被删除的人 
26743284, 7.9, 17, 圣迭戈 
26811326, 7.9, 15, 脑渊 
26769984, 7.8, 13, 奥杜瓦伊峡谷的七个故事 
1474041, 7.7, 12, Mona Lisa Overdrive 
25976704, 6.9, 12, 意识零界之 赎灵师 
