Tag: 童话 
The number of books: 640 

ID, Rating, Votes, Title
1084336, 9.0, 211135, 小王子 
1046209, 9.1, 34410, 安徒生童话故事集 
1043008, 8.9, 27844, 格林童话全集 
3608208, 8.6, 45268, 牧羊少年奇幻之旅 
3554154, 9.0, 23073, 阿狸·梦之城堡 
1433640, 9.3, 8874, 猜猜我有多爱你 
1119839, 9.1, 11011, 王尔德童话 
2361768, 9.3, 7909, 爷爷变成了幽灵 
1941301, 9.2, 8029, 365夜故事（上下） 
1765512, 9.1, 9053, 海的女儿 
1036274, 8.5, 20120, 夏洛的网 
1035848, 8.6, 15698, 一千零一夜 
5395407, 8.9, 9769, 阿狸·永远站 
1257365, 8.9, 9320, 活了100万次的猫 
1001136, 8.8, 9338, 彼得·潘 
1021193, 8.8, 9318, 皮皮鲁传 
1033190, 8.8, 8450, 失落的一角 
1028404, 8.8, 7638, 鲁西西传 
1041128, 8.5, 10724, 天蓝色的彼岸 
3608235, 8.5, 10824, 失物之书 
1004088, 9.0, 5291, 长袜子皮皮 
1095634, 8.7, 7452, 小狗钱钱 
1467519, 9.8, 1690, 世界童话名著连环画 
1072319, 8.5, 7338, 长腿叔叔 
4049269, 9.5, 1969, 狐狸的窗户 
1907739, 8.6, 5829, 当世界年纪还小的时候 
1064841, 9.0, 3352, 绿山墙的安妮 
1270150, 9.3, 2316, 风与树的歌 
1059503, 9.1, 2944, 爱心树 
4826530, 9.1, 2795, 我亲爱的甜橙树 
6857344, 8.5, 6093, 夜莺与玫瑰 
2150240, 8.8, 3758, 我讨厌妈妈 
1982200, 8.7, 4090, 爱德华的奇妙之旅 
1007952, 9.4, 1719, 蓝熊船长的13条半命 
26647054, 9.2, 1940, 小王子（纯美珍藏绘本） 
1436586, 9.1, 2003, 你真好 
3089661, 9.1, 1980, 永远永远爱你 
1310673, 9.3, 1559, 遥远的野玫瑰村 
1005279, 8.7, 3172, 皮皮鲁和鲁西西的故事 
1474343, 9.1, 1940, 手绢上的花田 
1024889, 8.6, 3598, 大灰狼罗克 
1156424, 9.0, 2163, 罐头小人 
1351652, 8.5, 4099, 路德維希革命1 
2050767, 8.6, 3532, 绿野仙踪 
2296687, 8.5, 3866, 纸牌的秘密 
1880823, 8.8, 2568, 格林童话 
1397331, 8.9, 2236, 爷爷一定有办法 
1873569, 9.3, 1414, 郑渊洁童话全集(33卷) 
1433572, 9.2, 1508, 随风而来的玛丽阿姨 
2161691, 8.3, 4652, 伊索寓言 
1152745, 9.1, 1661, 花香小镇 
1021311, 8.5, 3490, 爱丽斯漫游奇境 
5993314, 8.0, 7154, 安吉拉·卡特的精怪故事集 
1803641, 8.8, 2330, 小公主 
1030469, 8.2, 5071, 青鸟 
1152495, 9.2, 1412, 白鹦鹉的森林 
2081975, 8.7, 2550, 七色花 
3608170, 8.0, 6774, 我想吃一个小孩 
1073333, 8.7, 2478, 我的妈妈是精灵 
1090575, 8.5, 3189, 金拇指 
1092965, 8.3, 4164, 智齿 
1047927, 8.9, 1876, 郑渊洁十二生肖童话（12册） 
1072126, 9.1, 1463, 我是霸王龙 
1156423, 8.8, 1988, 五个苹果折腾地球 
2117872, 8.9, 1745, 花婆婆 
1448645, 8.8, 1927, 鳄鱼怕怕牙医怕怕 
1152564, 9.2, 1215, 黄昏海的故事 
1023882, 8.4, 3145, 病菌集中营 
1899006, 9.1, 1325, 我想去看海 
1064532, 8.5, 2604, 秘密花园（2册） 
1192706, 9.1, 1232, 大盗贼 
1163327, 8.8, 1705, 列那狐的故事 
1933479, 8.9, 1525, 小灵通漫游未来 
1819816, 9.3, 955, 风的旱冰鞋 
1536911, 9.3, 909, 舒克和贝塔（上篇） 
4097264, 9.0, 1198, 小兔彼得和他的朋友们（全3册） 
1008459, 9.0, 1195, 毛毛 
1010898, 7.6, 8379, 格列佛游记 
1491317, 9.0, 1189, 皮皮鲁和罐头小人 
1162717, 8.8, 1484, 红沙发音乐城 
1949268, 8.9, 1294, 夜莺 
1855231, 8.6, 1810, 银河铁道之夜 
1290911, 9.1, 1027, 银孔雀 
1022341, 8.2, 2989, 白客 
3338175, 7.9, 4366, 诗翁彼豆故事集 
1046883, 8.5, 1900, 查理和巧克力工厂 
3689118, 8.3, 2427, 梦想家彼得 
1204911, 8.8, 1279, 洋葱头历险记 
2003189, 9.2, 843, 皮皮鲁全传 
1486658, 9.2, 828, 奥菲利娅的影子剧院 
1021209, 8.4, 2055, 尼尔斯骑鹅历险记 
1321696, 9.4, 667, 小布头奇遇记 
1982096, 8.4, 1915, 关于来洛尼亚王国的十三个童话故事 
1220559, 8.7, 1318, 胡桃夹子 
1066133, 9.0, 940, 怪老头儿 
1006770, 8.4, 1858, 卡尔维诺文集（第一卷 上下） 
3210683, 8.2, 2378, 星尘 
1079945, 8.1, 2675, 生化保姆 
1912993, 9.2, 728, 海蒂 
1129879, 8.4, 1661, 魔方大厦 
1056707, 8.8, 1019, 时代广场的蟋蟀 
1416289, 8.9, 864, 晴天有时下猪 
1080758, 9.3, 579, 史努比全集（全25册） 
2135803, 8.7, 1082, 今天运气怎么这么好 
1806300, 8.9, 857, 雪人 
1059016, 8.7, 1038, 蛇王淘金 
3137185, 8.8, 921, 阿米I-星星的孩子 
3823070, 8.4, 1439, 最后的精灵 
1959287, 8.6, 1119, 月亮的味道 
1000251, 9.0, 712, 王尔德全集 
1797670, 8.8, 873, 兔子屋的秘密 
2212064, 8.9, 786, 小房子 
1461652, 8.2, 1744, 纳尼亚传奇：狮子、女巫和魔衣柜 
2257333, 9.2, 560, 松鼠先生和月亮 
6735972, 8.2, 1604, 兔子什么都知道 
1456628, 9.3, 490, 长袜子皮皮的冒险故事 
1074234, 8.5, 1116, 爱死你 
2979054, 8.3, 1352, 动物绝对不应该穿衣服 
1019293, 8.8, 740, 小飞人卡尔松 
1022582, 8.4, 1131, 瞬间收藏家 
2340082, 9.0, 589, 亲爱的小鱼 
3086575, 8.6, 906, 单翼天使不孤单 
1192700, 9.0, 587, 永远讲不完的故事 
1012189, 8.9, 622, 柳林风声 
1824714, 9.1, 516, 拥抱幸福的小熊-阳光姐姐嘉年华 
1085038, 8.4, 1064, 水孩子 
1797665, 8.7, 750, 红玫瑰旅馆的客人 
3053271, 8.7, 742, 小猫出生在秘密山洞 
1016435, 8.8, 649, 女巫 
1816104, 8.5, 894, 保姆狗的阴谋 
1949237, 9.3, 404, 柳树下的梦 
1025251, 8.6, 800, 屎捞人·浮屎若梦 
1912513, 9.0, 532, 我去找回太阳 
1008592, 8.6, 789, 那个骑轮箱来的蜜儿 
1052424, 8.9, 574, 假话国历险记 
1860433, 9.2, 436, 格林童话全集(上) 
1939608, 9.1, 472, 两个意达 
1279913, 8.6, 771, 安徒生剪影 
4887519, 8.6, 748, 给姑娘陛下 
1076320, 8.9, 551, 豆蔻镇的居民和强盗 
1207993, 7.8, 2057, 鬼车 
1959339, 9.0, 494, 巨人的花园（中英双语） 
3222829, 9.2, 407, 快乐王子 
10560097, 9.3, 377, 不一样的卡梅拉（1-10册） 
1264253, 9.1, 450, 少女安妮 
4726738, 9.1, 440, 小狐狸买手套 
1041104, 8.7, 654, 吹牛大王历险记 
2042511, 8.5, 816, 第五个 
2052682, 8.7, 655, 虎皮猫，你在哪里 
20273030, 8.3, 1013, 哈尔的移动城堡 
2052229, 8.1, 1293, 爱丽斯奇境历险记 
1578881, 9.0, 474, 车的颜色是天空的颜色 
1263747, 9.0, 460, 海的女儿 
1005455, 9.3, 353, 淘气包埃米尔 
1000353, 8.6, 681, 纳尼亚王国传奇（全7册） 
1491319, 8.6, 668, 皮皮鲁和教室里的隐身人 
5355666, 8.5, 740, 小国王 
1975886, 8.5, 729, 一片叶子落下来 
1884655, 8.9, 483, 皮皮鲁和幻影号 
1919733, 8.6, 658, 彼得潘 
1340590, 8.9, 479, Where the Wild Things Are 
1854580, 9.0, 429, 皮皮鲁和蛇王阿奔 
4109194, 8.5, 716, 为自己出征 
2996273, 9.7, 238, 绿野仙踪全集之一 
2052697, 8.7, 548, 能闻出孩子味儿的乌龟 
1915337, 7.5, 2429, 百变小红帽 
1816103, 8.6, 600, 想变成人的猴子 
3099801, 8.9, 440, 我可以抱你吗宝贝 
5299807, 8.6, 589, 当世界还不存在的时候 
3867627, 9.3, 307, 松鼠先生和第一场雪 
1084335, 8.3, 813, 古堡里的月亮公主 
1072447, 7.6, 2010, 羊男的圣诞节 
1221823, 9.7, 220, 中国童话名著连环画(上下) 
6560648, 8.5, 630, 教海鸥飞翔的猫 
3437051, 9.3, 296, 別的國家都沒有 
4087909, 8.4, 697, 借东西的小人 
1048047, 8.5, 618, 风沙星辰 
1104027, 8.7, 507, 彼得潘 
5261730, 8.4, 683, 月亮看见了 
1850977, 8.6, 551, 风到哪里去了 
3686974, 8.7, 500, 樱桃沟的春天 
3232946, 9.5, 241, Lost and Found 
1219255, 8.7, 489, 龙子太郎 
1058413, 8.6, 532, 没有画的画册 
1816105, 8.5, 579, 塔顶上的猫 
2054207, 9.4, 251, The Happy Prince and Other Stories 
1020054, 9.3, 270, 格林童话 
2161686, 8.7, 452, 豪夫童话 
1000934, 8.8, 397, 詹姆斯与大仙桃 
3111121, 8.9, 361, 黑兔和白兔 
1442789, 9.0, 326, 小女巫 
1130002, 8.4, 585, 好好照顾我的花 
2340080, 9.0, 326, 小恩的秘密花园 
1461655, 8.2, 732, 纳尼亚传奇：黎明踏浪号 
25982794, 7.1, 3406, 世界上所有童话都是写给大人看的 
3123757, 8.8, 377, 奥斯卡与玫瑰夫人 
1170759, 9.0, 317, 你很特别 
1223582, 8.4, 571, 波莉安娜 
1491320, 8.2, 701, 皮皮鲁和419宗罪 
1017830, 9.5, 203, 英汉对照安徒生童话全集（全三册） 
1007576, 8.5, 481, 了不起的狐狸爸爸 
1485700, 8.6, 435, 苹果树上的外婆 
3428902, 9.3, 233, Complete Fairy Tales of Oscar Wilde 
1001872, 9.1, 277, 黄色童话 
1076966, 8.6, 428, 大林和小林 
3011068, 8.8, 353, 公主的月亮 
2266772, 9.1, 270, 绿色童话 
1052629, 9.0, 293, 魔法师的帽子 
1225366, 8.7, 377, 小毛驴与我 
2247147, 8.8, 343, 小熊维尼 
3016791, 8.3, 566, 逆流河 
1491325, 8.7, 381, 皮皮鲁和梦中人 
1339950, 9.3, 217, 風與樹之歌 
5908794, 8.2, 611, 童 
2340081, 8.7, 366, 月亮，你好吗 
1678877, 8.2, 599, 鬼妈妈 
1311998, 8.2, 605, 杀人蚁 
1461653, 7.9, 863, 纳尼亚传奇：凯斯宾王子 
1022023, 9.0, 275, 小巫婆求仙记 
1491324, 8.7, 352, 皮皮鲁和金拇指 
1215241, 9.1, 250, 晴天下猪 
1758593, 8.4, 480, 我绝对绝对不吃番茄 
5254082, 8.7, 348, 兔之眼 
2223473, 9.3, 208, 舒克贝塔和五角飞碟 
3608659, 8.2, 572, 很禽兽 
2301328, 9.7, 153, 绿野仙踪全集之三 
3930210, 8.9, 280, 下头一场雪的日子 
1461658, 8.1, 628, 纳尼亚传奇：能言马与男孩 
3750803, 9.3, 195, 蓝色童话 
1916820, 9.0, 248, 狐狸列那的故事 
5401650, 9.1, 224, 小王子手稿画传版 
6001114, 8.1, 577, 猫的事务所 
2069663, 9.0, 239, 雨滴项链 
1076136, 9.0, 240, 狮心兄弟 
1029259, 8.5, 375, 风语河岸柳 
1044299, 8.6, 343, 毛绒绒的逻辑·存在 
1278974, 9.2, 203, 海的女儿 
1888637, 8.6, 338, 于是，天使来到身边 
1442791, 8.8, 275, 我和小姐姐克拉拉 
3129407, 8.8, 274, 喵呜 
1949266, 9.3, 179, 幸运的贝儿 
2050877, 8.8, 266, 大海在哪里 
4263422, 8.4, 393, 笑猫日记-一头灵魂出窍的猪 
2160319, 8.4, 388, 魔女宅急便 
1854578, 8.7, 287, 皮皮鲁和红桃老K 
1030065, 8.6, 314, 人面狮身的女子 
1482975, 9.0, 219, 普希金童话诗 
1962718, 8.4, 376, 宝葫芦的秘密 
10432767, 8.3, 415, 西女巫之死 
2039809, 8.8, 260, 皮皮鲁和红沙发音乐城 
4230583, 9.3, 170, 《There&#39;s a dark dark wood inside my head》 
1431184, 8.3, 402, 笋瓜自传 
1038137, 8.9, 229, 海蒂 
3317244, 8.9, 228, 阿米III-爱的文明 
2050878, 8.7, 262, 爸爸、妈妈、我和她 
2074254, 7.9, 596, 挖鼻孔真好玩 
4003002, 8.9, 215, 你睡不着吗? 
2342074, 8.1, 462, 麦先生的旅行 
2029726, 8.8, 231, 月亮，晚安 
10807915, 8.2, 407, 泪奔吧，无用超能力 
3699146, 8.6, 271, 杨红樱童话珍藏版 
1491327, 8.6, 272, 皮皮鲁恐怖易位 
3099800, 8.5, 297, 神奇女生祝如愿 
1256220, 8.9, 207, 阿巴拉岛 
3084678, 8.5, 295, 青蛙王子副班长 
3797864, 8.5, 288, 穿靴子的猫 
2080462, 9.1, 174, 红蜡烛和人鱼姑娘 
3930204, 8.8, 220, 声音森林 
1345430, 8.7, 239, 那天，我用爸爸換了兩條金魚 
1033226, 9.1, 172, 大侦探小卡莱 
1949240, 9.2, 159, 老栎树的梦 
1055445, 8.7, 237, 魔法灰姑娘 
1036205, 8.7, 235, 好心眼儿巨人 
25959972, 8.3, 338, 染血之室与其他故事 
1456886, 7.9, 522, 胡萝卜须 
1842181, 9.0, 180, 塔克的郊外 
1217319, 8.6, 250, 流浪狗和流浪猫 
1350811, 9.3, 140, 阿米：宇宙之心 
1118982, 9.1, 160, 我的妖怪培养计划 
1085217, 8.9, 187, 道连·葛雷的画像 快乐王子 
2220265, 8.7, 217, Coraline 
1034274, 9.2, 144, 5月35日 
2145115, 8.5, 256, 狐狸的神仙 
22693008, 8.2, 339, 兔子共和国 
1884658, 8.5, 254, 皮皮鲁分身记 
3930209, 8.9, 180, 兔子剧团之夜 
10530984, 8.8, 190, 我要把我的帽子找回来 
1225062, 8.7, 205, 汤姆的午夜花园 
1138908, 8.6, 223, 我是谁?我的爱... ... 
1028506, 8.5, 245, 风先生和雨太太 
1819858, 8.8, 185, 蛇山的爱子 
11530250, 8.9, 167, 这是我最好的爱 
2372854, 9.4, 116, 九色鹿 
2039812, 8.7, 198, 皮皮鲁和巴拉娜 
6440304, 8.3, 277, 青鸟 
2274446, 9.1, 140, 橡树上的逃亡（共两部） 
6401118, 8.0, 370, 要求太多的餐馆 
2993974, 9.5, 104, 365夜知识童话(上下) 
1083092, 8.2, 299, 精灵鼠小弟 
2326886, 9.3, 117, 魔鬼三角的秘密 
2010066, 9.6, 96, 幽默儿童文学名著译丛 （全6册） 
1875743, 8.8, 171, 西游新记 
3176824, 8.3, 261, 外星童话 
1963663, 9.6, 95, 罗大里童话 
4100304, 8.1, 320, 巫术族的预言-萝铃的魔力-上下册 
3124950, 9.4, 106, 去年的树 
25857969, 7.6, 547, 拿不动的世界 
1758542, 9.3, 112, The Nightingale and the Rose 
1854579, 8.5, 211, 皮皮鲁逃往雅典娜 
3750813, 9.1, 130, 紫色童话 
1066911, 9.1, 127, 大森林里的小木屋 
6971390, 7.5, 605, 小狗钱钱2 
2975344, 8.7, 172, 外公是棵樱桃树 
1053532, 8.3, 246, 来自矮人国的小兄妹 
1030864, 8.4, 221, 丛林故事 
1994618, 9.1, 124, 倒长的树 
2039814, 8.6, 184, 皮皮鲁遥控老师 
2266827, 9.3, 108, 度假村的狗儿猫儿 
1949258, 9.3, 107, 曾祖父 
10491578, 9.3, 106, 小狐狸阿权 
1863195, 9.4, 99, The Happy Prince &amp; Other Stories 
1042748, 9.2, 112, 看不见的小妞 
24886923, 9.0, 129, 当鸭子遇见死神 
2223475, 9.2, 111, 舒克贝塔和歌唱家 
1063639, 9.5, 91, 六人飞行组 
4882042, 8.4, 209, 时间之城 
1031901, 8.6, 175, 出卖笑的孩子 
1367103, 8.5, 189, 公主向前走 
1854577, 8.8, 148, 皮皮鲁保卫叛逆者 
1098155, 9.0, 128, 郑渊洁中篇童话选 
1949256, 9.1, 119, 干爸爸的画册 
1438221, 8.9, 137, 小无知气球旅行 
2015044, 9.6, 84, 小淘气：尼古拉的下课时间 
2039811, 8.7, 158, 皮皮鲁和肥皂订书机 
2023825, 9.4, 93, 比波王子的故事 
1063651, 8.9, 133, 木民谷的冬天 
1768128, 8.4, 200, The Tale of Peter Rabbit 
19894084, 7.6, 455, 矮人星上的矮人 
3238521, 8.9, 131, 王尔德童话 
1030717, 9.7, 75, 世界儿童文学名著故事大全 
4261769, 8.9, 128, 到你心里躲一躲 
1077390, 8.5, 176, 彼得兔的故事 
2372939, 9.3, 96, 吹牛大王历险记 
2038043, 9.3, 95, 两个小路特 
2120267, 8.2, 225, 一百条裙子 
2979789, 8.4, 189, 犟龟 
11606365, 9.2, 101, 汤普森心理童话药书2 
2298270, 9.7, 73, 世界童话画库（1－6册） 
1781949, 8.8, 133, 罐头里的孩子 
3349991, 8.8, 133, 会飞的抱抱 
20379682, 9.0, 113, 最美最美的中国童话 
3124951, 8.6, 153, 小狐狸买手套 
1854581, 8.7, 142, 皮皮鲁和机器猴 
1884657, 8.7, 142, 皮皮鲁和魔筷 
1341757, 9.3, 90, 安徒生童话.绘本原画展 
1258500, 8.2, 215, 黑猫尼诺 
1138916, 8.7, 138, 小鼹鼠的土豆 
3518551, 8.7, 138, 暴风雨之夜/翡翠森林狼和羊第1册 
2224122, 9.3, 89, 舒克贝塔航空公司 
1433571, 8.9, 117, 玛丽阿姨回来了 
26374356, 8.1, 229, 刚好有你在 
5398731, 7.4, 481, 童话的心理分析 
5476602, 8.1, 222, 竹久梦二的童画童话 
1214004, 8.9, 112, 风又三郎 
1950218, 8.4, 167, The Book of Lost Things 
1102980, 8.4, 166, 小王子2(中英文对照彩色版) 
1131805, 8.4, 163, 光荣的荆棘路 
1106466, 9.0, 102, 水仙月四日 
4274281, 9.2, 88, 永远讲不完的童话 
2349013, 8.7, 126, The Wizard of Oz 
1045569, 8.4, 160, 宫泽贤治童话 
10438947, 8.3, 172, 我们都爱桃伯特 
1017632, 9.0, 100, 木民谷的彗星 
1915734, 8.5, 144, 狗来了 
4048025, 8.7, 122, 吹牛大王历险记 
2298482, 8.8, 112, 星星出租车 
1222704, 8.8, 108, 小猪唏哩呼噜 
2224276, 9.1, 87, 舒克贝塔德国游 
2956704, 8.9, 100, Humpty Dumpty and other nursery rhymes 
3734719, 8.7, 117, 环游世界做苹果派 
26328457, 8.4, 145, 童话心理学 
2298455, 8.3, 159, 森林报-春 
6401133, 7.7, 281, 座敷童子的故事 
2298480, 8.9, 97, 春天的乘客 
6438494, 9.1, 83, 彼得兔经典故事集-小兔彼得 
10741326, 7.8, 246, 岁月是贼 
1066771, 8.3, 154, 丰子恺童话 
3112357, 8.6, 119, 睡美人 
2034987, 9.6, 60, 一岁的小鹿 
1797851, 9.5, 64, 黑猫历险记 
1168743, 8.1, 177, 小约翰 
1981950, 8.0, 195, 佛兰德斯的狗 
3684940, 9.1, 80, 小公主和矮爸爸 
5360686, 8.4, 131, 动物医院三十九号 
1489184, 8.5, 120, 稻草人 
1427526, 8.1, 169, 不老泉 
3052649, 8.6, 110, 怪医杜里特的故事1 
26582271, 7.8, 222, 有我陪着你，什么都不怕 
1060947, 7.4, 344, 爱丽丝镜中世界奇遇记 
20273033, 7.9, 201, 空中城堡 
26267109, 9.0, 80, 雾中的刺猬 
1426168, 8.8, 92, 猫和少年魔笛手 
5907917, 8.4, 125, 绿狗山庄 
3063045, 9.0, 80, 绿拇指男孩 
1071463, 8.1, 158, 笨狼的故事 
10567935, 8.3, 134, 风之又三郎 
3549894, 9.0, 79, 鹅妈妈童谣 
25917623, 7.7, 225, 女巫一定得死 
1097899, 9.1, 72, 郑渊洁短篇童话选 
1464162, 9.6, 53, Cinderella Skeleton 
1573766, 9.1, 72, Owl at Home 
1351869, 8.4, 120, Coraline 
26276701, 6.9, 594, 南极姑娘 
1677118, 8.9, 81, 神奇的玛丽阿姨 
1281454, 7.7, 224, 我丢失了我的小男孩 
2151785, 8.7, 91, 宫泽贤治杰作选 
1394428, 8.8, 85, 黑塞童话选 
4826983, 9.9, 44, 宝宝晚安----儿童睡前故事366 
10604012, 9.3, 61, 爱丽丝漫游奇境 
1584476, 8.7, 92, 红发安妮 
1486596, 8.3, 124, 香草女巫 
1875765, 9.0, 74, “全不知”游月球 
1048732, 8.2, 135, 五个孩子和一个怪物 
4261770, 8.2, 133, 来自鬼庄园的九九 
26607921, 9.2, 63, 《异世界童话之旅1：许愿魔咒》 
26579234, 9.1, 67, 蝴蝶狮 
1161662, 8.1, 143, 兔子坡 
11534101, 9.1, 67, 星星和蒲公英 
3885381, 8.1, 144, 猫女咪妮 
2004336, 8.7, 89, 世界上最美的图画书 
26260642, 8.8, 81, 岩崎千弘绘本经典系列（全三册） 
6965583, 7.6, 230, 毒蜘蛛之死 
4087075, 9.0, 71, 王尔德童话集 
1007601, 8.2, 130, 红帆 
1091402, 9.3, 59, 灰姑娘 
1257996, 8.6, 92, 谁也不知道的小小国 
1318950, 7.9, 167, 浪漫鼠德佩罗 
3620498, 8.4, 108, 魔法手指 
1005447, 8.1, 138, 豪夫童话全集 
10732336, 9.0, 69, 凯迪克与凯特·格林威图画书精选集 
3921902, 7.3, 306, 飞吧.乔舒亚!-与神对话的乌鸦 
1030328, 8.3, 114, 人鸦 
1442794, 8.3, 115, 小幽灵 
1858367, 9.7, 45, Moomin 
2243169, 9.7, 45, 周锐童话选 
25756921, 8.9, 72, 星语者 
2279355, 9.2, 60, 住在屋顶上的小飞人 
2006699, 8.8, 77, 盲孩与弃狗 
25774843, 9.3, 55, 快乐王子 
1047430, 7.6, 206, 装在口袋里的爸爸 
1442790, 8.5, 93, 小水精 
3504802, 9.7, 44, 三百六十五夜童话故事 
4720095, 9.1, 61, 安徒生童话全集 
1036361, 8.1, 126, 火狐狸 
25767512, 8.1, 124, 无论如何等到我们相遇 
3229487, 9.0, 63, 爱丽莎的眼睛 
4005108, 8.6, 82, 渔夫和他的灵魂 
3141960, 9.1, 56, 世界童话精选百篇 
1807447, 9.0, 60, 万花筒 
3608169, 7.9, 139, 挖鼻孔的大英雄 
1197455, 8.4, 91, 不不园 
1190569, 9.2, 52, 蓝鲸的眼睛 
1153634, 9.0, 57, 童话仙境旅游公司/李志伟童话·长篇酷 
26611997, 9.3, 47, 故宫里的大怪兽 
5320843, 7.6, 169, 欧洲童话村之旅 
20441860, 8.9, 59, 从前，有一个点 
6124308, 8.3, 90, 安徒生童话剪纸 
21352385, 8.0, 116, 请在星光尽头等我 
2347556, 7.9, 126, 躲藏的人 
4891165, 8.6, 72, 黑猩猩的面包店 
19963456, 7.6, 165, 忽至森林深处 
20285341, 8.9, 58, 梦的尽头 
26907738, 9.0, 54, 圣诞男孩 
3291913, 8.1, 102, 爱哭的猫头鹰 
1805593, 8.9, 57, 轻轻公主 
1085121, 8.3, 87, 戴高帽的猫 
1459234, 8.9, 56, Momo 
1810764, 8.1, 99, Grimm&#39;s Fairy Tales 
4373852, 9.2, 46, The Velveteen Rabbit 
25723267, 9.1, 49, 魔法树 
1010172, 9.1, 49, 吹牛大王奇游记 
3239719, 7.8, 128, Stuart Little 
1252645, 8.1, 98, 帅狗杜明尼克 
1082636, 9.6, 37, 比得兔的世界 
1119308, 8.0, 106, 小坡的生日 
1449920, 8.5, 70, 帽子里的天空 
1536909, 6.7, 430, 黑猫警长 05 
4005336, 9.5, 38, 青色童话 
2283183, 9.2, 45, 严文井童话寓言集 
4293260, 9.0, 50, 挖開兔子洞 
4723787, 8.4, 74, 雾中的奇妙小镇 
1349331, 9.2, 44, 自私的巨人 The Selfish Giant  
5245599, 9.0, 50, 苏斯博士最经典童书 
25750814, 8.8, 56, 不能得罪的樱树 
1489168, 8.4, 74, 一百个中国孩子的梦 
5333078, 8.6, 63, 小鱼散步 
6953245, 8.5, 67, 童书创作实用指南 
1017228, 8.7, 57, 飞翔的教室 
1099330, 8.4, 70, 坎特维尔的幽灵 
4822470, 8.7, 57, 家庭作业 
1146300, 8.8, 53, 北风的背后 
1029928, 8.1, 87, 穿越夜空的疯狂旅行 
2021742, 8.9, 50, 女孩子必读的100个公主故事 
10736308, 8.0, 93, 13只钟 
3121289, 9.1, 43, 尼姆的老鼠 
1773996, 9.1, 42, The Real Mother Goose (Real Mother Goose) 
3519771, 9.2, 40, 儿童文学的乐趣 
26690100, 8.8, 50, 百年童话 
1498976, 8.9, 47, Love You Forever 
1361630, 8.2, 73, 初版格林童話（精華篇） 
2081961, 8.9, 46, 阿信坐在云彩上 
20261696, 8.1, 79, 我也曾如你般天真 
2223474, 8.9, 46, 贝塔无敌软件 
24902816, 8.2, 72, 格林童话I 
2381257, 9.0, 43, 会搔耳朵的猫 
26613610, 9.2, 38, 故宫里的大怪兽-御花园里的火车站 
3240304, 8.1, 78, 不莱梅的音乐家 
4860711, 7.3, 159, 野兽国 
5941349, 8.8, 47, 一起去远方 
1010147, 8.6, 54, 奇妙的数王国 
24878424, 8.3, 65, 每一次相遇都是一粒种子 
10736307, 8.0, 80, 最后一朵花 
2968974, 9.0, 41, 妖湖怪谭 
26823936, 9.5, 31, 天啊，这本书没有名字！ 
26613629, 9.2, 36, 故宫里的大怪兽-睡龙床的男孩儿 
1781440, 7.1, 177, 童话是童话是童话 
1035835, 8.1, 70, 秋空爽朗 
25723268, 9.3, 32, 魔法树顶的国度 
2117867, 9.5, 29, 小靈魂與太陽 
4042064, 9.2, 34, 小狐狸阿权 
2285301, 9.0, 38, 豪夫童话 
26721099, 7.9, 78, 冰龙 
3876627, 8.5, 50, 假如狐狸和兔子互道晚安 
5323757, 9.7, 26, 安徒生童话全集 二 
1017343, 8.6, 46, 哈默林的花衣吹笛人 
2025004, 9.2, 33, 动物远征队 
2132898, 9.6, 27, 怪老头儿随想录 
1151060, 7.8, 83, 五毛钱的愿望 
2303918, 9.5, 28, Moomin 
3157839, 6.9, 198, 成人殘酷童話（上） 
1007761, 7.7, 86, 尘封160年的格林童话 
26644623, 8.6, 44, 童话镇 
20281379, 8.2, 58, 畸人馆 
1044377, 9.6, 26, 埃梅童话 
1080914, 8.6, 44, 电话里的童话 
4004771, 8.6, 44, 注文の多い料理店 
6852273, 9.1, 32, 爱拉与洞熊族 
4226366, 9.0, 34, 鼹鼠的故事 
3237107, 9.2, 30, 纽约少年 
1486662, 7.7, 78, 出走的绒布熊 
1322448, 8.8, 37, 安徒生文集（共四卷） 
10809013, 9.2, 29, 绒布小兔子 
4208884, 9.6, 24, 沼泽王的女儿 
3011048, 9.0, 32, 非洲童话 
26681724, 7.9, 63, 童话镇: 别悲伤，阳光还在温暖 
26785346, 9.3, 27, 不能弄湿脚的青蛙女王 
1041638, 8.8, 34, 恰佩克童话集 
1645293, 9.0, 30, 吉卜林 动物小说 
1021064, 9.1, 28, 张天翼儿童文学全集（全四册） 
4299189, 8.1, 51, 皮皮鲁和有鬼电车 
1146270, 9.1, 28, 西顿动物小说全集（全三册） 
25881282, 8.4, 41, 香梅女皇 
2050581, 8.7, 34, 我的甜橙树 
1085500, 7.8, 62, 拉封丹寓言诗全集 
1029926, 9.6, 22, 杜利特医生的动物园；杜利特医生的大篷车 
2060238, 7.0, 127, 一个叫窦唯de孩子 
1038271, 7.8, 61, 一头驴子的回忆录 
11620648, 8.8, 31, 巧克力天使 
1854232, 9.1, 26, 七条龙 
3059436, 9.0, 27, 中国童话 
2277935, 8.8, 30, 山羊兹拉特 
26687654, 8.3, 39, 童话里的世界 
11620650, 8.8, 29, 拴牛的山茶树 
10519842, 9.7, 19, 怪老头的故事 
2100205, 8.5, 34, 十三海盗 
25819503, 8.6, 32, 杉 
24902735, 8.4, 36, 格林童话II 
2076616, 7.1, 97, 时间的皱纹 
11530534, 8.8, 28, 爷爷的煤油灯 
5937224, 9.1, 24, 丽塔和小东西的圣诞节 
5922149, 6.7, 148, 流血的童话 
20414891, 8.6, 31, 奥兹国的稻草人 
26642435, 7.4, 68, 原来如此的故事 
2987855, 8.4, 33, 是谁在门外 
4728862, 9.4, 19, 天鵝絨兔子 
11528349, 8.2, 35, 浮生五记 
26315808, 8.1, 36, 童话的魅力 
26755572, 9.2, 20, 记忆之歌 
26275816, 8.1, 35, 曼哈顿的小红帽 
3409995, 8.9, 22, Roald Dahl 15 Book Box Set 
26285731, 7.3, 62, 山精灵普克 
6709788, 8.2, 31, 微笑男孩和冰霜巨人 
26270313, 7.3, 58, 荒野丛林 
10575575, 9.1, 19, 彩色世界童话全集-第一辑 
6601270, 8.3, 28, 国王与死神 
3686824, 7.8, 36, 外教社德语分级注释有声读物系列A1-金发艾克贝尔特 
24529222, 7.4, 47, 春天在到来的路上 
1059351, 8.9, 19, 格林童话全集（上下）（成人双语版） 
1575995, 8.2, 27, The Jungle Book 
1192109, 9.0, 18, 以撒辛格童话 
4743833, 7.8, 35, 黄瓜国王 
5505953, 8.1, 28, Fantastic Mr. Fox 
2052257, 7.2, 51, 五日谈 
2342846, 7.8, 33, 魔法小仙子 
3193630, 7.9, 30, 故事大王讲故事100篇 
2299002, 8.0, 27, 卡里来和笛木乃 
26921701, 8.5, 20, 岛王 
1348377, 8.1, 25, 向達倫大冒險全集 
1797822, 8.0, 26, 酷蚁安特儿 
11442796, 7.7, 29, 吉祥子 
2002917, 7.6, 31, 谢德林童话集 
26640819, 8.3, 20, 《异世界童话之旅2：女巫归来》 
4087638, 8.6, 17, 世界上最美的告别 
1351509, 6.5, 73, 美麗城堡的禁忌傳說 
2336818, 8.3, 19, 小无知的故事（1-4） 
26831362, 8.1, 21, 我要是别人就好了 
1070869, 7.9, 23, 糊涂大头鬼 
26326504, 7.6, 27, 猫的旅店 
26730676, 7.6, 26, 小王子 
25901258, 7.6, 23, 妖精的小孩 
1007380, 7.8, 19, 马戏团的动物明星 
2138019, 8.2, 15, 德意志童话 
26834739, 7.6, 20, 遇见信天翁 
1266599, 7.3, 23, 让人失去记忆的木马 布娃娃有双活眼睛 
4212862, 7.8, 17, 欢迎光临魔法池塘 
3124816, 7.7, 18, 酷蚁安特儿历险记 
3733119, 7.2, 23, 装在口袋里的爸爸·爸爸变小记 
26897440, 8.0, 14, 妈妈菩萨孩子佛 
10794270, 8.0, 14, 莫里斯桑達克的格林童話 
25735053, 8.0, 14, 你也可以成为故事高手 
4837451, 7.7, 16, 绝佳拍档 
1347835, 7.8, 15, Pippi Longstocking 
1081768, 8.2, 12, 儿童睡前故事大全 
2159856, 6.8, 27, 陶奇的暑期日记 
26666135, 7.9, 12, 爱尔兰童话故事 
26579664, 7.2, 17, 布伦迪巴 
2643542, 7.7, 13, Swedish Folk Tales 
3161141, 7.7, 13, 新美南吉童话 
5379124, 7.7, 12, 镜子与永无岛 
24744916, 7.5, 10, 螃蟹做生意 
