Tag: 纪实 
The number of books: 280 

ID, Rating, Votes, Title
20427187, 8.8, 108296, 看见 
5414391, 9.0, 28831, 寻路中国 
7060185, 9.0, 21059, 江城 
3239549, 9.1, 11271, 夹边沟记事 
5252677, 8.1, 15669, 幸福了吗? 
3266345, 8.1, 12332, 三杯茶 
25884880, 8.9, 3656, 我不知道该说什么，关于死亡还是爱情 
26371317, 8.2, 7845, 24个比利 
2791877, 9.1, 1977, One Billion Customers 
2245468, 9.2, 1738, 南京浩劫 
1270508, 8.7, 3193, 失焦 
26291984, 8.8, 2610, 最后的耍猴人 
26704403, 9.1, 1688, 二手时间 
20453024, 8.6, 2935, 不要因为走得太远而忘记为什么出发 
3759806, 8.4, 3191, 西藏一年 
3178741, 9.2, 1199, 来自民间的叛逆 
1125731, 8.8, 1645, 第三帝国的兴亡（上中下） 
25822105, 8.4, 2698, 无缘社会 
3824491, 9.0, 1270, 父亲的战场 
21329239, 8.8, 1572, 巴黎烧了吗? 
3032690, 9.3, 900, 被人遗忘的人：中国精神病人生存状况 
3155180, 8.6, 1940, 荒野生存 
25845647, 8.7, 1681, 天空的另一半 
3206270, 8.9, 1202, 拥抱战败 
21458706, 8.4, 2156, 出梁庄记 
1394907, 8.8, 1323, 雪白血红 
3623831, 8.1, 2923, 温故一九四二 
1541322, 9.3, 710, 黑镜头 9、10 
1805764, 8.6, 1416, 宫女谈往录 
6265779, 8.3, 2034, 地下 
5362836, 8.6, 1293, 我的抗战 
5350804, 8.0, 2650, 中国在梁庄 
10512506, 7.8, 3548, 世界上的另一个你 
4231394, 8.0, 2602, 中国足球内幕 
1042157, 9.0, 755, 黑镜头（1、2册） 
5502440, 8.3, 1603, 南渡北归（第二部） 
1083692, 8.9, 790, 中国人本 
26602467, 9.0, 691, 我是女兵
2363998, 8.4, 1346, 雨啊
2353663, 9.3, 500, 四季 
3024802, 9.3, 485, 在路上——中国的天主教 
21617690, 8.4, 1229, 再会，老北京 
5400595, 7.8, 2760, 中国，少了一味药 
25913058, 7.9, 2368, 我爱这哭不出来的浪漫 
6724865, 8.7, 812, 坚不可摧 
21370840, 7.6, 3352, 打工女孩 
26425892, 8.5, 970, 我的凉山兄弟 
1321820, 8.4, 1090, 烟花三月 
3063889, 8.8, 695, 进入空气稀薄地带 
3320694, 8.9, 589, 巨塔杀机 
5980471, 8.4, 1011, 生命如歌 
1201259, 8.7, 648, 最长的一天 
26341546, 8.9, 503, 大灭绝时代 
1082798, 9.0, 456, 美国新闻摄影教程 
25833450, 7.6, 2381, 奇石 
25940556, 8.3, 925, 锌皮娃娃兵 
6840152, 8.0, 1297, 甘南纪事 
1899764, 8.4, 739, 长征 
25870998, 8.3, 812, 西部招妻 
6556296, 8.3, 797, 亚洲教父 
1005929, 8.4, 703, 变化 
26591790, 8.6, 548, 我还是想你，妈妈 
26712353, 8.7, 473, 血疫 
4822610, 7.6, 1775, 暗访十年 
1069507, 9.1, 321, 战争风云：1939－1941（上下） 
3043520, 8.6, 498, 不哭 
24839756, 8.1, 806, 死亡如此多情 
1322852, 8.8, 381, 孤筏重洋 
3924388, 8.1, 799, 解放战争（上）（1945年8月—1948年9月） 
1444504, 8.3, 615, 四面墙 
26390426, 8.3, 597, 比利战争 
26673941, 8.2, 671, 正午故事001 
6968193, 8.7, 397, 我的抗战2 
1003322, 9.2, 252, 黑镜头 
4821769, 8.6, 417, 死者在说话 
1327414, 8.5, 447, 唐山大地震 
20424572, 8.6, 389, 敢问路在何方 
1006732, 9.0, 266, 战争与回忆：1941－1945（上下） 
1292443, 8.5, 422, 离上帝最近 
3699210, 8.0, 734, 蛛丝马迹 
1445011, 8.6, 386, 看不见的人 + 看不见的城市 
1916614, 7.8, 902, 我，十三岁，妓女，吸毒者…… 
10600121, 8.2, 550, 在约定的场所 
2980452, 7.7, 1001, 上帝的指纹（上下） 
1077427, 8.6, 353, 狮城舌战 
1227816, 7.8, 859, 纪实摄影 
11637051, 8.1, 590, 平壤水族馆 
26681349, 8.6, 349, 视觉004 
5253517, 8.1, 570, 大逃港 
1288895, 9.0, 232, 在乌苏里的莽林中 
2072469, 8.0, 610, 死亡回忆 
25756932, 7.5, 1142, 两个故宫的离合 
24856612, 8.2, 482, 十四年猎诡人 
25900802, 7.6, 968, 我在底层的生活 
3887878, 8.9, 242, 缅北监狱 
26578141, 8.5, 340, 医生的精进 
11445372, 8.3, 416, 是非洲 
26353607, 8.6, 303, 为你，耶路撒冷（上下册） 
26052898, 7.7, 824, 我从新疆来 
26791257, 8.6, 306, 没眼人 
4102053, 8.2, 458, 解放战争（下）（1948.10-1950.5） 
1048771, 8.4, 363, 长征 
1530882, 9.0, 213, 恶魔的饱食 
5290283, 7.6, 923, 最寒冷的冬天 
5296918, 8.4, 365, 三杯茶2 
3182220, 7.8, 701, 法医鉴证实录 
2228784, 8.2, 435, 火车上的中国人 
6714848, 8.6, 288, 十四家 
1428482, 8.6, 286, 心理神探 
26584746, 9.0, 200, 天谴行动 
26737134, 8.0, 523, 就要一场绚丽突围 
25951868, 8.6, 279, 茶之路 
26586579, 8.9, 214, 敦煌 
3081123, 9.2, 162, China
25880420, 7.9, 538, 少林很忙 
4151203, 8.5, 286, 莫妮卡的芒果雨 
25731355, 8.1, 415, 都市速写簿 
6085417, 8.4, 305, 遗产 
25858898, 7.7, 655, 益往直前 
1028008, 8.2, 361, 一个伪知识分子的警察生涯 
5477166, 7.5, 807, 京城十案 
25871639, 8.1, 390, 广岛 
1038702, 8.0, 431, 贼巢 
1272779, 8.4, 288, 可卡因传奇 
5026845, 8.7, 217, 我不会死在这里 
25952582, 7.9, 470, 我爱·我家 
25660877, 8.4, 278, 场记 
26711101, 8.2, 326, “边缘人”纪事 
5299885, 7.3, 972, 遗物整理人看见的 
3092928, 8.2, 315, 逼近的瘟疫 
25831406, 8.3, 288, 陌生的中国人 
25770575, 8.7, 200, 宁静的地平线 
6444274, 7.4, 789, 太平轮一九四九 
1016627, 8.6, 206, 另类人生 
2040853, 7.8, 448, 紫禁城的黄昏 
5038624, 8.7, 186, 麦客 
3035211, 8.0, 364, 日本帝国的衰亡（上下册） 
1049165, 8.5, 218, 留美幼童 
6727722, 7.9, 390, 进城走了十八年 
25960996, 8.1, 309, 中国十亿城民 
5291316, 9.0, 138, 异域1945 
25846976, 8.5, 205, 跑步在最绝望的城市 
2058587, 8.7, 170, 遥远的桥 
26427189, 8.7, 166, 抗日战争 
25929823, 8.5, 196, 活着•见证 
5353256, 8.4, 214, 世界上最糟糕的旅行 
4245541, 8.2, 260, 残影 
26434974, 7.5, 558, 行云纪 
25827006, 8.7, 160, 大地清凉 
4912682, 8.6, 174, 阿瑟・米勒手记 
20271719, 8.7, 158, 马克·吕布 东方印象 
25761548, 8.5, 188, 被遗忘的动物们 
20278566, 7.4, 593, 艰难一日 
25755752, 8.4, 195, 监狱琐记 
1016454, 8.0, 287, 东史郎日记 
3219109, 9.0, 117, 中国震撼世界 
3908779, 8.9, 127, 陕北盲说书人 
24847834, 8.8, 135, 黄河边的中国 
20257127, 8.2, 220, 从小李到老李 
26853060, 9.3, 90, 我心深处 
25929815, 7.6, 377, 中国人的一天 
4312477, 8.8, 123, 天地九重 
24295881, 8.8, 122, 汶川地震168小时 
23134218, 7.1, 693, 工厂女孩 
1907091, 8.0, 238, 苏州河 
1790130, 7.7, 320, 她们 
1506809, 8.9, 105, 漂泊 
26884467, 8.8, 112, 我甚至希望旅途永无止境 
1073656, 8.6, 130, 经历：我的1957年 
25764376, 8.1, 200, 父亲到死，一步三回头 
5320300, 7.4, 421, 兄弟我在义乌的发财史 
20453794, 7.4, 411, 人体交易 
4714008, 8.4, 145, 山中最后一季 
26315071, 8.7, 114, 不要因为走得太远而忘记为什么出发——陈虻，我们听你讲 收藏版 
1963579, 8.1, 191, 柏林日记 
24873049, 8.4, 147, 中国梦：刘香成摄影三十年（平装版） 
4233382, 8.7, 112, 心灵的慰籍 
26431643, 8.4, 141, 吉卜力的风 
26140658, 8.2, 169, 人造恐慌 
26790004, 7.7, 269, 正午故事002 
4111974, 7.8, 243, 黑帮老大的一天 
26335757, 8.9, 92, 最后的熊猫 
25772581, 8.5, 124, 寂静的烽塔 
20390907, 9.1, 79, 自由与荣耀 
10433224, 8.4, 132, Wild 
3108939, 8.5, 122, 触及巅峰 
1253285, 8.3, 143, 第四级病毒 
1419710, 8.7, 104, 亚洲腹地探险八年 
25956246, 8.2, 153, 与绝望抗争 
1606642, 9.0, 82, 聚焦生存 
1051012, 8.9, 87, 世界摄影大师萨尔加多——与苦难者呼吸同一口空气的人 
3321575, 7.5, 288, 谁在收藏中国 
25902031, 8.2, 134, 她们知道我来过 
1843305, 8.2, 129, 最后一役 
24858349, 9.4, 55, 珍藏麦柯里 
1037101, 7.4, 283, 谁杀了古典音乐 
5275411, 8.0, 152, 蛾摩拉 
3268044, 9.2, 61, 我們 
1768861, 7.3, 307, 漫长的战斗 
26540600, 8.6, 89, 175封遗书 
1449651, 8.9, 71, 从贝鲁特到耶路撒冷 
26694664, 8.3, 107, 遗失在西方的中国史 
1977840, 7.7, 175, 房间里最精明的人 
26701708, 8.6, 80, 幸运男孩 
26617241, 7.5, 209, 渡过 
26183950, 8.2, 107, 子弟 
26341543, 8.2, 104, 汤姆斯河 
1676672, 8.5, 77, 1942 
24851265, 8.4, 83, 朝鮮聞見錄 
1005912, 8.2, 98, 哭泣的阿富汗 
4243170, 8.0, 110, 我是医生不是人 
5446436, 8.7, 64, 禁地青春 
1080567, 8.7, 64, 犯罪升级 
26813986, 8.0, 107, 如果可以这样做农民 
26577466, 6.9, 327, 崖边报告 
24882996, 8.1, 94, 世界的眼睛（修订版） 
1796547, 6.6, 496, 忏悔无门 
26655694, 9.5, 37, 如履薄冰 
24530565, 8.6, 63, 东京罪恶 
26588890, 8.0, 98, 中国人的一天：变与不变的中国人 
26577842, 8.6, 62, 抗日战争 
26270320, 7.6, 138, 穷忙 
25928076, 8.2, 82, 当法医遇上警察 
10538451, 8.0, 96, 战火之外 
25921319, 8.8, 52, 冰点•特稿2012～2013 
5415880, 7.8, 108, 住院医生夜未眠 
20268131, 8.3, 72, 国家 
6721187, 8.5, 59, 他们为什么要摄影 
25717603, 8.7, 51, 广州火车站的日与夜 
25798973, 7.8, 99, 触：台湾娘子上凉山 
26593066, 8.2, 71, 抗日战争 
1774187, 7.6, 118, 失语者的呼声 
10566148, 7.3, 158, 被偷走的人生 
26902280, 9.6, 29, 田野调查.被遗忘的村落 
26862163, 8.4, 57, 她他 
23081005, 7.6, 108, 午夜北平 
2301586, 9.1, 36, 食人魔窟．日本关东军细菌战部队的恐怖内幕 
26686539, 8.7, 45, 走的人多了，就有了路 
26877449, 7.7, 92, 正午3：到海底去 
26417295, 7.3, 135, 我父亲是恐怖分子 
25783026, 7.6, 101, 南城根 
26263824, 9.6, 27, 南京大屠杀全纪实 
19977771, 8.7, 42, 回来的路 
1076906, 8.2, 59, 猎奇之旅 
26435649, 8.5, 46, 南方 
26838122, 9.7, 24, 痞子英雄 
26294167, 8.3, 52, 敬愛的領袖 
26636418, 8.8, 37, 艾略特·厄威特：快照集 
26869816, 8.8, 36, 上海屋里厢（中英双语） 
1327515, 8.1, 54, 美国梦寻 
25905872, 9.1, 28, 无法触碰的爱 
25812943, 8.7, 33, 从布朗克斯到百老汇 
25871899, 8.2, 45, 狂欢至死 
26449650, 8.2, 43, 擁有七個名字的女孩 
26333266, 7.6, 67, 与荒原同行 
6065807, 8.0, 49, 3096天 
26596897, 7.8, 57, 生如逆旅 
3916126, 6.8, 129, 三十五年的新闻追踪 
26840483, 8.2, 37, Hillbilly Elegy 
26292822, 8.3, 31, 沧海之后 
4127878, 7.0, 83, 咀嚼爱情 
26816747, 8.1, 34, 破茧001 
1031814, 8.1, 28, 看看他们 
26897747, 8.3, 24, 黑旗 
26827374, 8.2, 23, 我只想成为英雄背后的普通人 
26755709, 7.8, 28, 远在古巴 
26665636, 9.0, 13, alone on the wall 
26568375, 7.2, 35, 劳作的女人 
26836368, 8.0, 15, 往来于故土之间 
26858554, 8.0, 14, 生死之间 
26808933, 7.8, 15, 不平靜的江河 
26633782, 7.7, 13, Street of Eternal Happiness 
26312262, 7.5, 14, 县委书记们的主政谋略 
26834567, 7.5, 14, 正义的代价 
26430646, 7.0, 19, 死亡如此多情Ⅱ 
26911423, 7.8, 10, 欲望之石 
26431477, 7.2, 13, 1942—1945：我的上海沦陷生活 
26904058, 7.3, 12, 漫长的夏天 
26678814, 7.4, 10, One of Us 
25812563, 7.1, 10, 洗冤伏枭录 
