Tag: 经济 
The number of books: 557 

ID, Rating, Votes, Title
1970428, 8.8, 18960,  激荡三十年（上） 
2380307, 8.9, 13401,  激荡三十年（下） 
1028842, 9.0, 10753,  经济学原理（上下） 
1077528, 8.9, 8047,  通往奴役之路 
1033778, 8.2, 21348,  富爸爸，穷爸爸 
1261560, 9.0, 5716,  国富论 
1220853, 8.3, 9897,  伟大的博弈 
3223711, 8.1, 12486,  怪诞行为学 
1072438, 8.3, 8697,  大败局 
5346110, 9.0, 3210,  穷查理宝典 
1958714, 8.7, 4380,  彼得　林奇的成功投资 
1325507, 8.9, 3055,  江村经济 
2081876, 7.3, 38046,  货币战争 
24851460, 8.7, 3452,  历代经济变革得失 
4010186, 8.6, 3903,  跌荡一百年（下） 
2791877, 9.1, 1977,  One Billion Customers 
1087737, 8.9, 2498,  日本蜡烛图技术 
5243775, 9.0, 2165,  聪明的投资者 
3432304, 9.1, 1866,  大江东去（共三部） 
6403593, 8.6, 3382,  时寒冰说 
1867642, 7.7, 13037,  世界是平的 
1082512, 9.4, 1232,  公司理财 
10785583, 8.2, 5346,  思考，快与慢 
1082593, 9.1, 1621,  经济学 
3000997, 7.6, 13721,  牛奶可乐经济学 
5921213, 8.5, 3263,  MBA教不了的创富课 
3055719, 8.7, 2472,  经济学的思维方式（第11版） 
26297606, 7.6, 13176,  从0到1 
1919072, 7.7, 10592,  长尾理论 
1070007, 8.8, 1970,  致命的自负 
1015375, 8.7, 2207,  现代化的陷阱 
1874488, 8.1, 4793,  别做正常的傻瓜 
26658379, 8.5, 2749,  必然 
1116367, 8.7, 2018,  道德情操论 
1281898, 8.8, 1807,  宏观经济学 
3891900, 7.7, 8432,  金融的逻辑 
1150503, 9.0, 1360,  资本论（第一卷） 
2005726, 8.7, 1825,  货币金融学 
10733032, 8.3, 2967,  王二的经济学故事 
20366370, 8.6, 1981,  变革中国 
1473250, 7.6, 8250,  魔鬼经济学 
1252057, 8.9, 1273,  1844年经济学哲学手稿 
26163553, 8.7, 1583,  投资中最简单的事 
6743298, 8.9, 1249,  经济为什么会崩溃 
3225979, 8.4, 2236,  一课经济学 
3025921, 7.7, 5917,  黑天鹅 
3097539, 8.9, 1146,  自由选择 
4860448, 9.0, 1005,  经济解释卷一： 科学说需求 （神州增订版） 
5297291, 8.4, 1994,  大而不倒 
1004118, 8.2, 2613,  富爸爸财务自由之路 
3900987, 7.7, 5361,  引爆点 
1058131, 8.4, 1925,  金融炼金术 
25926542, 8.8, 1085,  一本书读懂财报 
1438147, 9.0, 869,  让数字说话 
1005813, 9.0, 855,  自由秩序原理 
5921785, 8.7, 1186,  乱世华尔街 
1084435, 8.5, 1472,  策略思维 
1949744, 8.2, 2123,  对冲基金风云录 
1972412, 8.1, 2399,  说谎者的扑克牌 
3376690, 8.4, 1599,  中国怎么办 
1046164, 8.3, 1760,  巴菲特致股东的信 
1812833, 8.7, 1067,  穷人的银行家 
5914475, 8.0, 2520,  无价 
26582558, 8.5, 1280,  经济学通识 
4243276, 9.3, 548,  田园诗与狂想曲 
5408886, 8.3, 1525,  大空头 
1196945, 8.5, 1179,  集体行动的逻辑 
3027464, 8.6, 1049,  专业投机原理 
4225644, 8.5, 1176,  街头生意经 
25902226, 8.3, 1471,  时寒冰说：未来二十年，经济大趋势（现实篇） 
2048893, 7.8, 2818,  财报就像一本故事书 
4244859, 8.4, 1235,  超越金融 
1137246, 8.6, 958,  就业、利息和货币通论 
4238939, 8.1, 1790,  吴敬琏传 
11626951, 8.8, 757,  解读中国经济 
1438948, 8.5, 1055,  卖桔者言 
1084434, 9.0, 612,  以自由看待发展 
3836277, 7.3, 5473,  货币战争2:金权天下 
4831337, 8.0, 1816,  郎咸平说：新帝国主义在中国 2 
6913343, 8.3, 1210,  理性乐观派 
1032570, 9.1, 511,  哈耶克文选 
26435630, 9.4, 386,  经济学原理(第7版):微观经济学分册+宏观经济学分册(套装共2册) 
3043970, 8.4, 1063,  漫步华尔街 
1043419, 8.9, 612,  自由与繁荣的国度 
3869711, 8.2, 1298,  消费者行为学 （第8版　中国版） 
4012145, 7.9, 1941,  中国的经济制度 
4312139, 9.4, 376,  经济学基础 
6398075, 8.0, 1585,  一转念 
10773362, 8.2, 1201,  随机漫步的傻瓜 
3932520, 7.5, 3255,  免费 
4953707, 8.2, 1185,  门口的野蛮人 
10745270, 7.7, 2342,  只剩一个角落的繁华 
5914480, 8.6, 737,  富可敌国 
3427304, 8.9, 535,  美国货币史 1867　1960 
2079931, 8.7, 651,  大转型 
10439662, 8.9, 531,  货币的教训 
6429781, 9.0, 460,  诡辩与真相 
10544307, 8.6, 692,  自私的皮球 
3845101, 7.9, 1562,  24堂财富课 
5447147, 7.6, 2328,  货币战争3 
1138353, 8.8, 522,  统计学的世界 
26756140, 9.9, 202,  行动的勇气 
1465419, 8.5, 702,  资本主义与自由 
1418276, 9.4, 299,  Microeconomic Theory 
2222030, 8.0, 1214,  生活中的经济学 
21966353, 7.7, 1791,  贫穷的本质 
1780208, 8.8, 488,  凯恩斯传 
25908079, 8.5, 646,  新经济，新规则 
4893663, 8.3, 792,  市场的逻辑 
1086275, 8.4, 689,  微观经济学 
3595095, 7.5, 2165,  统计数字会撒谎 
20373351, 8.2, 844,  城市的胜利 
1085935, 8.0, 1053,  非理性繁荣 
1417775, 8.6, 533,  中国证券市场批判 
4062752, 8.8, 432,  古典自由主义 
3184668, 8.0, 1028,  人人都爱经济学 
1789444, 8.4, 621,  第三次浪潮 
6720539, 8.3, 678,  断层线 
3922162, 8.2, 747,  认识商业 
1315182, 8.7, 439,  权力与繁荣 
3393295, 9.2, 276,  改革历程 
24878434, 8.5, 525,  城乡中国（上） 
1004329, 8.7, 428,  个人主义与经济秩序 
26314063, 7.9, 1035,  斯坦福极简经济学 
26178426, 7.6, 1555,  稀缺 
24700123, 8.5, 515,  一炮走红的国家 
20563189, 7.8, 1134,  中国人的焦虑从哪里来 
2026086, 7.6, 1493,  博弈论的诡计 
1171881, 8.0, 866,  有闲阶级论 
3265599, 8.2, 672,  逃不开的经济周期 
1088096, 8.7, 400,  中国的奇迹 
21329758, 8.7, 388,  博弈与社会 
1211972, 8.5, 476,  博弈论 
3260366, 9.1, 267,  社会主义 
1315186, 9.2, 247,  国民经济学原理 
11591539, 8.0, 816,  时寒冰说 
3142118, 7.5, 1571,  郎咸平说：公司的秘密 
1038949, 8.5, 457,  资本主义、社会主义与民主 
1141543, 7.8, 1013,  金融心理学 
4126261, 8.1, 701,  身份与暴力 
3300402, 9.0, 277,  制度、制度变迁与经济绩效 
3248513, 7.6, 1300,  为什么中国人勤劳而不富有 
25717107, 8.8, 325,  红色资本 
10555456, 8.7, 349,  你所不知道的冰冷经济真相 
4720572, 7.5, 1425,  超爆魔鬼经济学 
25844463, 8.8, 314,  摩根财团 
24696672, 8.5, 419,  经济运行的逻辑 
4012040, 8.5, 415,  妙趣横生博弈论 
1011731, 9.0, 261,  信息规则 
1410322, 8.7, 336,  经济学（上下册）（第三版） 
1190181, 8.4, 444,  国家的视角 
3825687, 9.1, 231,  企业、市场与法律 
1448727, 8.4, 429,  博弈论基础 
1278268, 8.9, 267,  十年沧桑 
3237711, 8.7, 318,  自由的伦理 
5299847, 8.0, 643,  与全世界做生意 
2301436, 7.9, 734,  不顾诸神 
6548683, 7.6, 1069,  商业的常识 
5068453, 8.0, 650,  公司的力量 
20394150, 8.7, 308,  八次危机 
11632329, 8.7, 309,  经济学讲义（上） 
3507422, 8.4, 409,  萧条经济学的回归和2008年经济危机 
1254597, 9.2, 200,  15至18世纪的物质文明、经济和资本主义（第一卷） 
1074178, 9.0, 233,  经济分析史（第一卷） 
1873802, 9.2, 193,  人的行　 
10434287, 8.0, 587,  搞懂金融的第一本书 
1928447, 8.5, 350,  国际经济学 
1340525, 8.9, 232,  贫困与饥荒 
3233988, 8.5, 337,  资本的游戏 
1928449, 8.7, 280,  国际经济学 
3669688, 7.6, 942,  NO LOGO 
3558787, 8.7, 274,  美国大萧条 
2985723, 8.5, 331,  经济思想史 
25766497, 9.3, 164,  城市化转型与土地陷阱 
6976968, 8.9, 226,  冬吴相对论2 
4265573, 8.1, 484,  赌客信条 
2006592, 8.3, 386,  资本的秘密 
21326266, 8.1, 475,  与机器赛跑 
25890247, 8.4, 347,  风吹江南之互联网金融 
26877827, 8.5, 308,  合适 
25947310, 7.3, 1259,  21世纪资本论 
1011216, 8.5, 306,  佃农理论 
1169104, 9.1, 181,  产权的经济分析 
1030171, 8.3, 373,  中国人的道德前景 
3164293, 8.8, 229,  七天读懂宏观经济 
10566136, 8.1, 452,  大拐点 
1262630, 7.8, 637,  博弈论与信息经济学 
25719688, 8.2, 398,  中国经济史 
4193722, 8.3, 359,  国富国穷 
26032227, 7.5, 894,  金融的解释 
2155338, 9.1, 171,  货币、方法与市场过程 
25777447, 7.9, 529,  货币战争5 
4262048, 8.8, 213,  当代中国经济改革教程 
1837823, 7.5, 861,  卧底经济学 
1936599, 7.9, 514,  身边的博弈 
4175450, 7.4, 942,  当中国统治世界 
5348296, 8.4, 290,  理性选民的神话 
1074525, 8.9, 189,  杨小凯谈经济 
1968264, 7.4, 940,  卖竹竿的小贩为什么不会倒？ 
1133991, 8.8, 205,  财产权利与制度变迁 
4748753, 8.7, 218,  机构投资的创新之路 
3598279, 9.2, 143,  价格理论及其应用 
1809644, 8.0, 428,  博弈论：战略分析入门 
1010915, 8.6, 236,  世纪大拍卖 
3229849, 8.0, 423,  粮食危机 
3235204, 7.6, 688,  三井帝国在行动 
6148690, 7.9, 469,  金融之王 
4846148, 8.5, 252,  政府的本分 
4137490, 7.5, 746,  牛角包一样的会计 
4187474, 8.4, 267,  西方世界的兴起 
1085393, 9.0, 160,  新兴古典经济学与超边际分析 
4882119, 8.2, 321,  价值起源 
1263907, 8.5, 241,  国际经济学 
4898529, 8.8, 186,  论经济学和经济学家 
21346249, 7.7, 549,  选择的悖论 
6849713, 8.7, 200,  银行的秘密 
2265341, 7.2, 1080,  维基经济学 
2004425, 8.1, 346,  小的是美好的 
2253697, 7.5, 690,  M型社会 
1000093, 9.0, 152,  民族国家与经济政策 
1421049, 8.1, 342,  刷盘子，还是读书？ 
1203329, 8.3, 277,  人类行为的经济分析 
4198018, 7.3, 888,  五百年来谁著史 
1419377, 9.3, 117,  利息理论 
25849758, 8.1, 321,  富足 
25912159, 8.7, 184,  当音乐停止之后 
4730209, 9.0, 143,  经济与社会（第二卷 上下） 
2068710, 8.3, 258,  国家的兴衰 
1157539, 9.0, 142,  公司财务原理 
1000506, 8.5, 213,  蜜蜂的寓言 
3242450, 8.0, 347,  为什么我们的钱变薄了 
1055038, 7.7, 493,  经济学是什么 
26824237, 8.8, 162,  大国大城 
19895515, 8.3, 252,  卢瑟经济学 
3274991, 8.3, 254,  商业无边界 
3717165, 7.3, 790,  众包 
1477425, 8.7, 173,  市场演进的故事 
1312035, 8.3, 248,  计量经济学基础（第四版）（上、下册） 
23789345, 8.9, 146,  渐行渐远的红利 
6833967, 7.8, 410,  Why Nations Fail 
25869991, 8.1, 293,  正义的成本：当法律遇上经济学 
25758308, 7.7, 452,  巨富 
3225659, 8.3, 239,  金融帝国 
4886251, 7.3, 756,  哈佛经济学笔记 
4053033, 8.3, 240,  我们怎样阅读中国 
1076446, 9.1, 121,  财产　法律与政府 
4923147, 8.0, 318,  史上最伟大的交易 
24872278, 7.2, 836,  信号与噪声 
25953932, 8.2, 256,  第二次机器革命 
1510737, 8.4, 213,  经济史上的结构和变革 
2044286, 7.9, 346,  中国的新革命 
2015536, 8.1, 279,  消费者行为学 
5325363, 7.9, 343,  八瞿甏 
3266550, 8.5, 186,  现代奥地利学派经济学的基础 
4002726, 8.6, 172,  听故事学会计 
4012148, 8.0, 299,  轻松读懂财报 
10587755, 9.0, 123,  以利为利 
1928404, 7.5, 520,  1929年大崩盘 
26695863, 8.8, 142,  梦想与浮沉：A股十年上市博弈 
1085487, 8.5, 181,  农民的道义经济学 
2151543, 8.0, 291,  与天为敌 
1010197, 8.3, 210,  金融战败 
3824134, 7.4, 562,  动物精神 
1002574, 8.8, 137,  资本主义的动力 
2363744, 6.4, 2816,  在星巴克要买大杯咖啡！ 
1006020, 7.5, 492,  白银资本 
1016929, 8.8, 137,  法律的经济分析(上下) 
10453927, 9.0, 116,  吴晓波中国企业史三部曲完整典藏版 
21331443, 8.0, 276,  中国是部金融史 
1070147, 7.7, 382,  大分流 
3270417, 8.6, 158,  宏观经济学 
25893995, 9.1, 107,  亚洲大趋势 
1446417, 8.2, 221,  微观动机与宏观行为 
1075682, 8.8, 132,  当代中国经济改革 
1511636, 8.8, 133,  价值投资 
23760469, 8.9, 121,  投资银行、对冲基金和私募股权投资 
1053707, 9.1, 104,  经济分析史（第二卷） 
1910216, 9.1, 103,  会计学基础 
1019877, 8.4, 179,  开放社会 
11632330, 8.6, 148,  经济学讲义（下） 
5029370, 7.7, 353,  百辩经济学 
4071865, 8.3, 188,  石器时代经济学 
1028005, 9.1, 99,  经济分析史（第三卷） 
19955707, 8.8, 122,  中国改革 
5271687, 8.6, 141,  金融市场与金融机构基础 
4721724, 8.5, 154,  兜售繁荣 
3248522, 7.7, 329,  非理性亢奋 
1144530, 8.5, 151,  哈佛商学院启示录 
1057378, 7.8, 286,  非同寻常的大众幻想与群众性癫狂 
3347568, 8.7, 126,  转型中的地方政府 
3518436, 9.1, 91,  现代宏观经济学 
1933951, 8.6, 133,  改造传统农业 
1423046, 8.8, 111,  纳什博弈论论文集 
1274030, 7.7, 305,  人口原理 
26258214, 8.0, 216,  理念的力量 
4882102, 7.6, 329,  不可思议的年代 
5379189, 8.4, 152,  米塞斯评传 
24758859, 8.9, 100,  新政治经济学讲义 
3031727, 9.0, 93,  中国货币史 
3698555, 7.3, 469,  货币崛起 
1759703, 9.5, 68,  Recursive Methods in Economic Dynamics 
3413327, 8.6, 124,  经济学的邀请 
3597843, 8.7, 113,  自由与市场经济 
3925917, 8.0, 207,  巴比伦最富有的人 
1758109, 7.6, 310,  犬与鬼 
20386252, 7.7, 276,  金融与好的社会 
3273009, 7.7, 274,  索罗斯带你走出金融危机 
21363088, 7.9, 220,  价格游戏 
4074403, 8.7, 109,  伟大的中国经济转型 
3128794, 8.1, 182,  贸易打造的世界 
4267929, 8.8, 102,  资源角逐 
3298715, 9.5, 64,  Introduction to Modern Economic Growth 
10581468, 8.6, 117,  正义的理念 
2326066, 8.5, 126,  The Age of Turbulence 
1789440, 7.8, 232,  财富的革命 
5912230, 7.3, 411,  世界是部金融史 
3702843, 9.1, 79,  基于实践的微观经济学 
1315171, 7.9, 207,  奢侈与资本主义 
1017064, 8.6, 113,  现代世界体系(第一卷) 
2265236, 8.7, 102,  The Chinese Economy 
6963612, 8.1, 169,  经济思想史的趣味 
1134082, 8.2, 154,  经济史理论 
11605939, 8.4, 127,  这个国家会好吗 
4048193, 8.5, 118,  财政学 
2326487, 9.3, 67,  郎咸平学术文选（全二册） 
1871281, 8.5, 118,  中国土地制度史 
3693088, 8.2, 151,  不确定的时代 
26910938, 9.5, 59,  让经济学回归常识 
25815267, 8.6, 107,  经济学百科 
6519849, 7.4, 336,  一切皆有价 
4140489, 8.8, 92,  官僚体制的政治 
4012118, 8.3, 137,  高手 
26362997, 7.4, 330,  商业冒险 
4326049, 8.7, 97,  社会选择与个人价值 
1832047, 7.9, 190,  权力的转移 
2137823, 8.4, 119,  经济发展理论 
5325844, 8.0, 170,  任你评说 
1430069, 8.7, 93,  政治经济学及赋税原理 
2983307, 8.8, 87,  和约的经济后果 
5364295, 8.4, 117,  奥地利学派 
3528045, 8.8, 87,  富国的伪善 
10765392, 8.7, 92,  货币、银行信贷与经济周期 
26361453, 7.7, 220,  郁金香热 
2255991, 9.2, 65,  经济学原理 
2335325, 9.0, 74,  经济学基础文献选读 
1104482, 8.2, 136,  投资学精要 
3845472, 8.9, 80,  Predictably Irrational 
1958530, 8.9, 80,  微观经济学 
1025829, 8.1, 147,  信任 
25884442, 8.1, 146,  有些道理只是逼真 
26378573, 9.0, 72,  经济人的末日 
3618093, 8.5, 103,  策略博弈 
3094759, 8.4, 112,  合作的复杂性 
2131777, 7.6, 231,  财富的帝国 
25804908, 7.7, 208,  一篇读罢头飞雪，重读马克思 
3189919, 7.9, 173,  石油大博弈（上） 
4047067, 8.5, 103,  成本与选择 
25781918, 7.2, 370,  比特币 
3882250, 8.8, 83,  后资本主义社会 
25720885, 8.2, 129,  超级合作者 
5424508, 9.4, 55,  高级计量经济学及Stata应用 
1048851, 7.5, 255,  体验经济 
10572016, 7.3, 316,  失去的二十年 
2155336, 8.6, 92,  经济学方法论探究 
1787516, 8.6, 93,  经济理论中的最优化方法 
25841476, 8.9, 75,  经济解释卷四：制度的选择（神州增订版） 
3905263, 7.6, 219,  罗斯柴尔德家族.第1部 
2075831, 7.7, 198,  疯狂、惊恐和崩溃 
2030439, 7.8, 177,  赢者的诅咒 
1159542, 8.6, 88,  新企业的起源与演进 
26314075, 9.3, 55,  信用创造、货币供求与经济结构 
26676661, 8.6, 87,  从黄河文明到“一带一路”.第1卷 
3315951, 7.6, 206,  被掩盖的经济真相 
5347809, 8.7, 80,  社会主义：经济计算与企业家才能 
26865812, 8.4, 101,  方太儒道 
26358914, 7.8, 167,  正义的成本 
1089405, 8.6, 85,  中世纪晚期欧洲经济社会史 
2567247, 6.6, 740,  性越多越安全 
1283521, 7.9, 150,  知识分子为什么反对市场 
4023402, 8.0, 135,  经济指标解读 
6517366, 7.7, 181,  我在高盛的经济预测法 
1183711, 8.7, 78,  在商言商 
1948897, 8.4, 97,  经济通史 
11601459, 8.5, 88,  能源重塑世界（上下） 
5408889, 7.7, 176,  一件T恤的全球经济之旅 
26584055, 8.6, 81,  米塞斯回忆录 
26847674, 8.7, 75,  狡猾的情感 
21268040, 8.8, 70,  竞逐富强 
1480720, 8.1, 117,  冲突的战略 
20272111, 8.1, 117,  债 
24705392, 6.9, 429,  金融可以颠覆历史 
1224613, 8.4, 93,  喧嚣的九十年代 
26342274, 8.0, 127,  纯粹经济学 
26374984, 8.5, 83,  选择做富人 
1442992, 8.7, 72,  改革时期的外国直接投资 
2568149, 7.6, 180,  财富公式 
26697774, 8.6, 76,  “错误”的行为 
3198695, 7.5, 191,  黄金简史 
2357740, 8.0, 117,  中国经济史 
5408888, 7.3, 234,  美学的经济 
26576499, 8.8, 62,  房债 
26866034, 7.9, 124,  菜场经济学 
5946317, 8.4, 82,  美国经济史 
2347627, 9.3, 46,  公司金融理论（上下册） 
22741516, 7.9, 123,  美联储 
25912364, 8.2, 95,  吾民无地 
4158135, 7.4, 203,  日本的反省 
1169318, 8.2, 96,  宪政经济学 
20379631, 9.3, 45,  古典经济学 
1037572, 8.5, 75,  从马克思到凯恩斯 
25756203, 8.1, 100,  底特律往事 
23193963, 8.8, 60,  推手 
1390512, 8.3, 85,  家庭论 
4166301, 8.0, 108,  十字路口的中国经济 
19950855, 8.2, 92,  繁荣的求索 
1390096, 9.0, 53,  哈耶克论文集 
1320278, 8.4, 78,  策略与博弈 
3257745, 7.9, 116,  白人的负担 
4322858, 9.0, 51,  东南亚的贸易时代 
2326852, 8.4, 76,  技术革命与金融资本 
2038122, 8.8, 58,  企业的性质 
3000263, 8.4, 77,  经济学是如何忘记历史的 
1152293, 8.4, 75,  福利资本主义的三个世界 
25911445, 8.7, 60,  理解公司 
24880341, 7.7, 130,  疯狂经济学 
10516877, 8.0, 99,  体验经济 
2381199, 8.5, 68,  日本经济奇迹的终结 
11601987, 8.0, 99,  现在终结萧条！ 
3141521, 7.9, 109,  最底层的10亿人 
25975503, 8.3, 77,  金融的哲学 
25712458, 7.4, 171,  大繁荣 
26214776, 7.7, 127,  实力、运气与成功 
3693086, 8.0, 98,  富裕社会 
26656350, 8.1, 88,  增长的本质 
1179158, 8.3, 76,  拯救日本 
1084649, 8.6, 61,  企业生命周期 
1021340, 8.6, 60,  掠夺之手 
2372640, 8.8, 53,  为增长而竞争 
1042075, 7.5, 148,  生活中的经济学 
2112510, 8.3, 74,  美元危机 
26388011, 7.4, 162,  隐性动机 
26771310, 9.2, 41,  一盘大棋？中国新命运解析 
1792332, 7.6, 131,  从江户到平成 
26765359, 7.9, 98,  金融是本故事书 
26435017, 7.5, 142,  资源革命：如何抓住一百年来最大的商机 
4884847, 7.4, 157,  经济黑帮 
25860723, 9.4, 36,  Economic Principles 
4860587, 8.3, 70,  通产省与日本奇迹 
2995495, 9.2, 39,  　　　的最後基　 
5419238, 8.1, 80,  过去的钱值多少钱 
2011330, 7.4, 147,  我是如何弄垮巴林银行的 
26802446, 9.4, 35,  从黄河文明到一带一路第2卷 
1142995, 9.0, 43,  大道至简 
6004589, 9.1, 40,  资本与利息 
1792470, 8.4, 60,  行为博弈 
3179286, 8.6, 52,  剑桥美国经济史（第三卷） 
1860684, 7.6, 112,  欢乐的经济学 
3248617, 7.9, 87,  城市经济学 
1283500, 8.4, 59,  流行的国际主义 
26345472, 8.0, 79,  全球经济史-牛津通识读本 
1916259, 9.2, 36,  资本实证论 
1445685, 8.4, 58,  日本经济的悖论 
4139254, 7.7, 99,  利率史 
26315806, 8.1, 72,  台湾往事 
21965914, 7.6, 108,  Think Like a Freak 
25846145, 7.8, 91,  布雷顿森林货币战 
26358478, 9.1, 37,  人、经济与国家 
3635974, 6.8, 251,  富人国 
1139211, 9.0, 39,  发展经济学 
4736005, 8.0, 76,  美国宪法的经济观 
26220124, 8.4, 56,  货币野史 
20471994, 8.5, 52,  中国股市 
3235685, 8.2, 64,  从威权到民主 
25979459, 7.3, 136,  逃离不平等 
1552511, 8.1, 67,  公共选择理论 
26700368, 8.7, 43,  市场与大师 
26142366, 7.9, 75,  中国巨债 
1547736, 9.1, 34,  不确定条件下的投资 
4159397, 8.7, 43,  政治博弈论 
22538508, 8.5, 48,  空间的力量 
1484103, 8.5, 48,  规模与范围 
24704563, 8.8, 39,  思想的力量 
2012517, 9.6, 26,  经济分析基础 
1486718, 8.5, 46,  产权、激励与公司治理 
26800364, 7.4, 102,  第四次工业革命 
4303209, 8.7, 39,  行为经济学新进展 
10523687, 9.0, 33,  农业与工业化 
3241909, 8.8, 35,  演化与博弈论 
10945357, 9.2, 28,  竞争论 
26279564, 8.2, 49,  《21世纪资本论》导读本 
10787101, 7.7, 71,  纸与铁 
1151129, 8.7, 36,  食利者政治经济学 
25762436, 8.0, 55,  房地产的繁荣与萧条 
1861934, 8.5, 38,  时运变迁 
26801676, 8.7, 33,  债务和魔鬼 
4063315, 8.9, 29,  　父-那些我在　堂外　　的本事 
4909252, 7.8, 59,  日本经济史 
1008379, 8.6, 34,  政治与市场 
2137745, 9.0, 27,  短缺经济学（上下） 
26417039, 7.9, 52,  废物星球 
3394945, 8.3, 39,  　格　人如何　明　代世界 
26320379, 6.4, 231,  小众行为学 
26589347, 9.2, 23,  经济学思想史进阶讲义 
25851669, 8.8, 28,  不流于美好愿望 
1968268, 8.5, 32,  论经济不平等 
10484710, 9.1, 23,  鲍尔货币金融学 
4832498, 9.0, 24,  全球分裂 
24232359, 8.6, 29,  亚当　斯密传 
26699908, 7.1, 82,  刚性泡沫 
1057505, 8.3, 33,  吴敬琏：十年纷纭话股市 
26800138, 7.6, 52,  滴滴：分享经济改变中国 
3738532, 8.9, 23,  经济决策的概率模型 
4735950, 7.7, 48,  决策、不确定性和大脑 
25743457, 7.5, 54,  企鹅与怪兽 
26607882, 8.2, 33,  行为经济学要义 
5922121, 8.5, 27,  经济学理论与认知科学 
5405599, 8.2, 32,  策略 
3537251, 9.1, 20,  世界经济千年统计 
26861524, 8.7, 24,  The Undoing Project 
25941373, 8.1, 32,  令人惊艳的十年 
5033884, 8.6, 24,  制度是如何演化的 
3679794, 8.7, 22,  公共物品的需求与供给 
24465833, 8.7, 22,  吴敬琏文集（套装共3册） 
26689271, 7.3, 54,  韩娱经济学 
26786410, 8.1, 30,  超级版图 
26422298, 8.3, 26,  奇点系列 
10432196, 8.2, 27,  　自由到　　 
6526466, 8.1, 28,  行为金融 
10484711, 8.1, 27,  哈林顿博弈论 
3667896, 7.0, 56,  消费心理学 
24871400, 7.3, 43,  凯恩斯、拉斯基、哈耶克：改变世界的三个经济学家 
26666438, 8.4, 21,  癫狂与恐慌 
22811016, 7.7, 32,  大转变 
26612166, 8.2, 23,  同理心文明 
11578494, 8.5, 19,  信用战 
1704223, 8.5, 18,  各国的经济增长 
6877419, 8.3, 18,  房地产周期百年史 
4147040, 8.0, 21,  亲密关系的购买 
26883446, 8.0, 20,  图解全球资源真相 
25924610, 8.0, 20,  政府与市场 
26873728, 8.3, 17,  穿越历史聊经济 
26383233, 8.1, 18,  中央银行与货币供给 
26884338, 8.4, 15,  资本社会的17个矛盾 
26312260, 6.5, 51,  从零开始读懂金融学 
26756689, 8.1, 16,  货币数量、利率调控与政策转型 
26840503, 7.6, 20,  大势研判 
26279300, 7.5, 20,  美国制造:国家繁荣为什么离不开制造业 
26190562, 8.1, 13,  货币政策实施:理论、沿革与现状 
26804095, 7.5, 17,  百年经济史笔记 
25721547, 7.5, 17,  四千年通胀史:工资和价格管制为什么失败 
26863595, 7.7, 13,  陈经说 
26883450, 7.6, 12,  金融炼金术的终结 
20536746, 7.5, 12,  The Rise and Fall of American Growth 
26860153, 7.5, 12,  汇率的本质 
26856935, 7.1, 14,  富人的逻辑 
26874502, 7.0, 11,  金钱与好的生活 
26799195, 6.6, 11,  货币政治 
