Tag: 美术 
The number of books: 319 

ID, Rating, Votes, Title
1092149, 8.7, 8389,  梵高传 
1441853, 8.9, 4437,  伯里曼人体结构绘画教学 
25811462, 8.4, 7274,  小顾聊绘画　壹 
26265303, 8.2, 3791,  小顾聊绘画　贰 
1370944, 9.4, 890,  席勒（中文版- BASIC ) 
1154707, 8.6, 2035,  素描的诀窍 
3410759, 9.0, 1140,  隔江山色 
1047957, 9.2, 789,  比亚兹莱大师图典 
1076426, 8.8, 1085,  世界美术名作二十讲 
1055088, 8.3, 1727,  像艺术家一样思考 
1227986, 9.2, 622,  护生画集 
1019715, 8.8, 881,  世界名画家全集--莫奈 
4882050, 8.5, 1173,  竹久梦二：画与诗 
1134620, 9.2, 496,  席勒油画.水彩 
1145983, 8.6, 893,  中央美术学院附中50年作品经典 
1264792, 8.7, 768,  色铅笔的散步随笔 
1039208, 8.4, 990,  凡高画传 
2138351, 9.2, 406,  E.席勒速写 
25774379, 8.5, 786,  图说中国绘画史 
21363162, 9.4, 321,  詹森艺术史（插图第7版） 
1219614, 9.2, 375,  伦勃朗速写 
3105174, 7.7, 1820,  信封 
26647742, 8.8, 484,  陌生的经验 
21267489, 9.2, 327,  加德纳艺术通史 
1135548, 9.1, 343,  E.席勒速写/大师经典速写新选系列 
1004151, 8.6, 532,  艺用解剖 
1131501, 8.7, 473,  丢勒 
1001871, 8.7, 477,  梵高 
2990422, 9.1, 321,  克里姆特 
26390189, 9.0, 346,  如何看懂印象派 
2362352, 9.3, 263,  莫奈 
1264793, 8.4, 609,  水彩画的写意生活 
1606879, 9.2, 278,  莫兰迪 
3464448, 8.4, 570,  剑桥艺术史：17世纪艺术 
1084866, 8.7, 390,  莫奈 
1017227, 9.0, 292,  温迪嬷嬷讲述绘画的故事 
1445978, 9.1, 255,  阿道夫　门采尔人物素描集 
2162209, 8.3, 543,  外号像颗怪味豆-伍美珍作品 
1131497, 8.7, 353,  奥列佛风景建筑速写 
1038523, 8.8, 318,  人体素描 
26354318, 9.1, 240,  梵高传 
4606351, 9.1, 233,  傅雷谈艺录 
1252151, 8.2, 545,  康定斯基论点线面 
4265920, 9.3, 194,  形状游戏 
25872094, 7.5, 1097,  如何看一幅画 
2149449, 8.8, 251,  绘画史事 
1480064, 8.7, 264,  夏加尔 
20387173, 8.5, 315,  30天学会绘画 
20389355, 8.5, 316,  水彩色铅笔之旅 
1479591, 9.4, 142,  Gustav Klimt 
1923636, 8.7, 243,  从莫奈到毕加索 
1446300, 8.1, 432,  丰子恺谈名画 
1002701, 8.9, 200,  中国绘画三千年 
2261529, 8.3, 341,  你能读懂的西方美术史 
2224412, 8.5, 278,  PHOTOSHOP CS/CS2 WOW!BOOK 
1149897, 9.1, 164,  马格里特 
1046584, 8.5, 277,  米开朗琪罗传 
1099604, 8.6, 248,  动态素描　人体解剖 
10742073, 8.6, 238,  水彩画完全自学教程 
1264120, 8.0, 436,  我的色铅笔日记本 
1057552, 8.8, 199,  黄永玉大画水浒 
1054384, 7.9, 476,  西方美术史十五讲 
1212372, 8.1, 384,  弗里达 
1817964, 8.4, 277,  于小冬讲速写 
5363491, 8.6, 227,  千年丹青 
3529322, 8.4, 271,  水彩画工作室 I 
5417093, 8.9, 177,  水彩入门 
2225512, 8.5, 248,  超级漫画素描技法-草图篇 
5980848, 8.8, 184,  美国设计学院教授讲课手稿　奥列佛风景速写教学 
1148711, 8.2, 319,  毕加索 
3799728, 9.4, 115,  克劳德　莫奈 
1119281, 8.7, 192,  动态素描　人体结构 
25842278, 7.6, 583,  奈良美智48个女孩 
26845886, 9.1, 138,  野作 
1421566, 8.8, 171,  埃舍尔魔镜 
1797637, 8.1, 320,  西方美术简史 
1010199, 8.2, 290,  像艺术家一样思考之二 
1463340, 8.9, 151,  凡　高 
1119268, 9.0, 137,  动态素描　着衣人体 
3622449, 8.6, 189,  我与西藏组画 
1057887, 8.4, 228,  世界名画家全集--达利 
1005299, 8.1, 296,  与莫奈赏花 
1326012, 7.5, 564,  你应该读懂的100幅世界名画 
1947469, 8.2, 255,  后现代主义艺术系谱 
1029439, 8.6, 175,  京洛四季 
1442199, 8.6, 173,  艺用人体解剖 
1311346, 8.4, 201,  解构人体 
26763747, 8.8, 141,  永山裕子的水彩课 
1261815, 9.3, 98,  芥子园画传 
22994564, 9.5, 85,  哥特艺术 
2362359, 9.2, 104,  常玉 
4323894, 7.8, 355,  像野狗一样生存 
2188178, 9.3, 96,  乔治.莫兰迪 
1027758, 8.0, 279,  印象派绘画史（全二册） 
3117749, 8.8, 138,  卢浮宫指南 
1257057, 8.8, 134,  动态素描　手部结构 
3436133, 8.7, 147,  丰子恺漫画精品集 
2185016, 7.5, 445,  乔治.莫兰迪 
26417642, 7.6, 385,  蒋勋破解莫奈之美 
22994429, 9.3, 86,  米开朗基罗 
1743043, 8.9, 111,  欧洲绘画大师技法和材料 
1594043, 9.4, 78,  姹紫嫣红 
26416437, 8.2, 192,  名画之谜：历史故事篇 
3909836, 8.3, 176,  柯林斯30分钟水彩花卉 
25720155, 8.9, 106,  敦煌壁画复原图 
1045194, 7.8, 278,  中国工艺美术史 
3444293, 9.7, 63,  Giorgio Morandi 1890-1964 
1150342, 9.1, 92,  莫迪里阿尼 
1220943, 7.5, 388,  你不可不知道的300幅名画 
26756741, 8.3, 168,  胆小别看画 1 
1808314, 8.9, 103,  怎样画钢笔画 
1820965, 8.8, 111,  藏传佛教绘画史 
2815285, 9.3, 79,  Perspective Drawing Handbook 
4018791, 8.8, 110,  查理雷德的水彩技法 
2274770, 8.1, 195,  100名画《旧约》 
5936451, 9.6, 63,  伯里曼着装形体绘画 
1792954, 8.7, 114,  欧洲漫画史 
26850007, 8.2, 171,  一幅画开启的世界 
1015252, 8.5, 132,  中国书画 
2010621, 8.5, 133,  超级漫画素描技法:头身比篇 
5241663, 9.1, 84,  吴冠中自选速写集 
1540063, 7.2, 477,  中国美术简史 
3156478, 9.2, 75,  海外中国画研究文选 
1467764, 9.4, 66,  Mucha 
4104397, 8.9, 88,  彰显生命力 
1440168, 8.2, 154,  傅雷谈美术 
1086166, 7.5, 306,  中国美术史 
24869637, 8.9, 86,  世界建筑风景速写 
5948181, 8.9, 86,  画为心声 
3070038, 7.9, 195,  像艺术家一样思考 
1081808, 8.3, 136,  西洋美术史 
26888764, 8.4, 124,  寂然的狂喜 
1261821, 9.3, 65,  芥子园画传 
1323900, 8.6, 103,  中国绘画的历史与审美鉴赏 
1196877, 8.7, 96,  新世纪水彩人物画技法 
4850206, 9.1, 71,  卢西安　弗洛伊德 1996　2005 
1965604, 8.2, 136,  景观.建筑手绘效果图表现技法 
26873136, 8.2, 133,  画在人心的苦闷上 
1153320, 8.7, 90,  艺用人体结构运动学 
6429635, 7.7, 209,  克利与他的教学笔记 
26315410, 8.8, 83,  水彩奶奶Cathy Johnson的清新手绘教程 
1429282, 8.5, 102,  世界名画家全集（全10册） 
2274771, 7.9, 168,  100名画：《新约》 
1081290, 9.3, 58,  丰子恺随笔精粹 
1962817, 8.3, 112,  英国速写教学 
1028476, 8.2, 123,  照相馆的故事 
1018479, 8.5, 96,  德拉克罗瓦日记 
1606284, 9.7, 45,  刘继卣《闹天宫》 
2274564, 8.0, 147,  100名画：古希腊罗马历史 
1171985, 8.5, 96,  红楼梦群芳图谱 
5936445, 9.2, 57,  伯里曼人体绘画技法 
1140959, 8.0, 139,  铅笔速写技法 
2035616, 8.1, 124,  画出你心中的艺术家 
2132639, 7.4, 249,  美第奇家族 
2205654, 9.3, 52,  看示范.学水彩-水彩画书法关键必学 
1222680, 8.8, 70,  J.夏帕德动态人体解剖 
3742814, 7.8, 156,  美术馆 
1014485, 8.4, 92,  钢笔画技法 
1544623, 8.9, 65,  光感的表现 
1464236, 8.4, 90,  德国手绘建筑画 
1488175, 8.1, 114,  画坛点将录 
1861230, 8.8, 66,  Fun with a Pencil 
1160888, 8.1, 110,  透视的艺术 
26890960, 8.9, 61,  疗愈美术馆 
25909781, 8.6, 75,  阿姆斯特丹梵高博物馆 
1028904, 8.6, 75,  中国美术史稿 
4198017, 8.7, 70,  于小冬再讲速写 
1037051, 7.8, 140,  美的分析 
4850617, 7.8, 139,  安野光雅的七堂绘画课 
1010683, 8.1, 108,  中国绘画史 
1084867, 8.1, 108,  雷诺阿 
3184787, 8.9, 59,  达芬奇素描解析（下） 
5936448, 9.4, 44,  伯里曼人体构造 
1814344, 8.5, 75,  室内设计师专用配色色谱 
1814322, 9.2, 47,  外国钢笔画选集 
1126264, 9.5, 40,  吴冠中墨彩作品集 
1860641, 9.6, 38,  Art in Theory 1900 - 2000 
1038321, 8.3, 85,  鲁本斯:巴罗克绘画大师 
5038495, 8.3, 84,  高更艺术书简 
1029261, 8.8, 59,  铅笔风景画技法 
4813705, 7.7, 139,  对焦中国画 
5976780, 9.4, 41,  常玉-世界名画家 
1769027, 8.8, 56,  艺术与自然中的抽象 
26758311, 8.5, 68,  胆小别看画 3 
6530839, 8.6, 63,  户牖之艺 
2181356, 9.4, 38,  中国美术全集(共60册) 
4120799, 9.5, 36,  中国美术电影造型选集 
26345618, 8.7, 57,  看名画的眼睛.2 
4889020, 9.3, 40,  重庆近代城市建筑 
20375073, 9.5, 36,  艺术博物馆 
1429281, 8.3, 76,  世界名画家全集 
3934265, 8.4, 69,  像艺术家一样思考系列 
1151886, 8.2, 81,  马蒂斯论艺术 
4261170, 9.7, 32,  Caravaggio 
26388669, 7.7, 115,  一公分 
2228589, 8.3, 71,  素描精义 
26657262, 8.6, 57,  梦二画集　秋之卷 
1734333, 8.6, 57,  伟大的欧洲小博物馆 
6773763, 8.8, 50,  素描的原点 
26642242, 7.4, 150,  蒋勋破解高更之美 
1114924, 8.4, 64,  世界室内设计史 
1196878, 8.7, 52,  新世纪水彩画技法 
26258175, 9.6, 31,  故宫海错图 
1410190, 8.4, 62,  水彩画疑难问题解决方案 
5915006, 9.0, 42,  世界绘画经典教程 
20432628, 8.1, 77,  幸福四季水彩花园 
3225358, 9.1, 39,  绘画史鉴-从公元1000年至公元2000年的西方绘画图鉴 
2990586, 9.3, 35,  安格尔素描 
2148046, 9.0, 41,  叶浅予谈速写 
26599282, 8.8, 46,  肯特里奇的六堂绘画课 
1440792, 9.0, 41,  中国敦煌 
26658071, 8.3, 63,  梦二画集　夏之卷 
1072657, 7.9, 85,  欧姬芙 
26657264, 8.7, 47,  梦二画集　冬之卷 
1132033, 8.5, 53,  人体素描的艺术 
2828764, 9.9, 25,  Venice Sketchbook 
1934665, 7.8, 90,  美国素描基础教程 
1416745, 8.3, 60,  现代生活的英雄 
1002809, 7.7, 96,  欧洲现代画派画论（插图珍藏本） 
1044124, 8.2, 63,  印象派绘画大师 
26382825, 8.5, 50,  《艺术原来可以这样看（修订版）》 
2368586, 8.6, 46,  &#39; 85美术运动 
3909835, 8.5, 49,  柯林斯30分钟写生 
1123099, 7.9, 74,  中国古代服饰史 
1154031, 8.8, 40,  现代绘画与北方浪漫主义传统 
2221287, 8.2, 59,  画禅室随笔 
1833596, 8.6, 44,  美国基础素描完全教材 
24732500, 9.2, 31,  春痕不老 
1312466, 7.4, 106,  美国色彩基础教材 
26378537, 7.5, 96,  古画里的中国生活 
6857564, 9.2, 30,  佛教造像手印 
26838824, 8.3, 50,  木心美术馆特辑 
2334600, 8.2, 54,  德勒兹身体美学研究 
1809955, 8.3, 50,  铅笔素描肌理 
4036664, 8.1, 57,  犍陀罗 
6778101, 8.3, 49,  席勒.速写全集 
26430273, 7.5, 89,  画布下的乐园 
10442006, 8.8, 35,  历代名画记 
3923282, 8.2, 50,  西方绘画材料技法手册 
26758312, 7.6, 77,  胆小别看画 4 
5266183, 9.2, 27,  Botany for the Artist 
1452451, 8.2, 48,  绘画色彩基础教程 
5922095, 9.1, 28,  世界绘画经典教程　　动物素描 
3116072, 8.8, 33,  中国书法史（全7册） 
6982046, 7.9, 59,  素描完全教程 
6829264, 7.8, 62,  Q版漫画技法从入门到精通 
3031416, 8.4, 41,  素描-俄罗斯列宾美术学院绘画基础教学 
1910075, 8.7, 34,  蒙德里安 
1058905, 8.1, 49,  油画技法 
2004773, 9.5, 22,  怎样画猫 
6105683, 8.4, 39,  我怎样画工笔花鸟画 
1003023, 8.7, 32,  怎样画动物素描 
25934798, 8.3, 41,  维也纳艺术史博物馆 
1479578, 9.1, 26,  缺一块的拼贴画 
5027557, 8.8, 30,  色　　教科　 
2206452, 8.9, 28,  故宫书画图录（全三十册） 
1676781, 8.9, 28,  完全水彩画教程 
25900367, 9.1, 25,  青州龙兴寺佛教造像艺术 
26344577, 8.4, 36,  西方绘画大师经典佳作:梵高 
1092382, 8.6, 32,  美术家手册 
3753779, 8.5, 33,  中国历代闲章集粹 
3267130, 9.2, 23,  陈丹青速写 
1143736, 8.7, 29,  人物默写教程 
6709237, 9.7, 18,  Rome Sketchbook 
1027546, 8.3, 36,  世界工艺史 
3529319, 8.6, 30,  素描工作室 
1923634, 9.1, 23,  素描技法教学 
25660718, 8.5, 31,  色铅笔下的美食王国 
21817840, 7.1, 89,  铅笔素描从入门到精通 
1392945, 8.2, 37,  跟塞斯学素描 
19974410, 7.4, 67,  蒙克私人笔记 
26302352, 8.6, 29,  狼图腾 : 视觉设计与叙事语言 
1081296, 8.1, 39,  古代埃及和美索不达米亚美术 
5936559, 9.2, 21,  超级漫画素描技法 人物表现篇 
26369749, 8.6, 28,  1000个点画出城市美景 
1040649, 7.0, 91,  外国美术史 
4881499, 8.1, 37,  古典素描技法 
1659968, 8.4, 29,  吴湖帆文稿 
26523933, 8.9, 22,  现代绘画简史 
1835439, 7.4, 57,  中国美术史百题 
6742681, 7.9, 39,  五天学会绘画 
26351318, 8.2, 31,  开罗埃及博物馆 
14098347, 8.0, 34,  六胖子油画技法 
26697886, 7.1, 67,  博物馆里的活色生香 
20435707, 8.4, 26,  版画今日谈 
3792490, 7.8, 37,  中国的美术及其他 
4589676, 9.2, 17,  Imaginative Realism 
25865937, 8.5, 23,  造就全人的艺术教育 
3335552, 8.2, 27,  版画技法（上） 
1923666, 8.3, 25,  世界美术史 
3185762, 9.1, 16,  中国历代传统纹样 
25972806, 8.0, 28,  水彩小时光 
25815185, 7.8, 30,  每天一幅禅绕画 
11599218, 9.0, 16,  旅途上的　　　 
20382246, 8.6, 19,  彩色铅笔的魅力 
3031408, 7.8, 28,  速写-俄罗斯列宾美术学院绘画基础教学 
26280492, 8.5, 19,  威尼斯学院美术馆 
19977895, 8.2, 22,  北魏佛教造像史研究 
26756729, 8.3, 20,  如何看中国画 
3342087, 8.0, 22,  教孩子画画 
1339275, 7.7, 24,  中国失落的色彩 
26287657, 6.1, 86,  水色斑斓 
26280491, 6.7, 45,  伦敦大英博物馆 
26431274, 8.1, 17,  我的手指画创意绘本（全3册） 
4301314, 8.0, 15,  叶浅予速写画稿 
26829546, 7.8, 16,  西洋镜：中国衣冠举止图解 
1668807, 8.3, 12,  美国透视基础简明教程 
26360519, 8.3, 12,  Anatomy for Sculptors
1066763, 7.5, 17,  日本美术简史 
4775345, 7.5, 17,  艺用人体造型图集 
1019201, 7.3, 19,  中国美术・魏晋至隋唐 
26374869, 7.8, 14,  梦花园 
25763618, 8.1, 12,  中国画论研究（上、下卷）（王世襄集） 
26429581, 7.7, 13,  电影机械模型制作 
24232318, 8.0, 11,  美术丛书（全四十册） 
10598981, 6.6, 23,  配色设计从入门到精通 
26791989, 7.5, 12,  醍醐寺艺术珍宝 
1593962, 7.5, 12,  西方当代艺术：从抽象表现主义到超级写实主义 
26637642, 7.8, 10,  Crucial Interventions 
