Tag: 美食 
The number of books: 220 

ID, Rating, Votes, Title
20470916, 9.1, 8088, 深夜食堂 02 
20470913, 9.1, 6739, 深夜食堂 03 
5940434, 8.3, 5749, 一个人的美食之旅 
4189446, 8.8, 1279, 跟着君之学烘焙 
1057601, 7.8, 4193, 半饱 
2974903, 8.1, 2562, 香港味道2 
11588627, 7.9, 3330, 无非求碗热汤喝 
2282081, 8.0, 2725, 香港味道1 
11537640, 8.4, 1205, 一个人的美食之旅2 
26387640, 8.2, 1495, 忧伤的时候，到厨房去 
1415311, 8.1, 1591, 美食家 
20267987, 7.4, 4428, 孤独美食家 
3410797, 7.8, 2197, 吃，吃的笑 
4011282, 8.2, 1275, 京味儿 
25776456, 8.7, 716, 老味道 
19974860, 8.6, 764, 孤獨的美食家 
6826615, 7.8, 1838, 台北小吃札记 
1457211, 7.8, 1772, 吃主儿 
5502946, 7.5, 2692, 元气糖 
4692016, 9.1, 366, 西式糕点制作大全 
20499702, 7.7, 1784, 味道·第一宗罪 
5263544, 9.0, 400, 昨日的美食 02 
11627774, 8.2, 907, 贪食纪 
1064014, 8.3, 801, 中国吃 
5333049, 8.8, 462, 最详尽的甜点制作教科书 
25774772, 8.5, 593, 做饭 
2996680, 7.8, 1344, 蔡澜食材字典 
11507833, 8.4, 653, 深夜食堂料理特輯 
4175452, 7.8, 1334, 美味关系 
1460123, 8.0, 959, 寒夜客来 
5914555, 8.0, 932, 暴食江湖 
1082586, 7.8, 1213, 厨室机密 
3062449, 9.2, 273, 唐鲁孙作品（六卷精华版） 
1916929, 8.6, 468, 梁实秋谈吃 
1223612, 8.5, 506, 唐鲁孙谈吃 
5914556, 7.6, 1470, 台湾味道 
4705912, 8.9, 327, 意大利餐制作大全 
1069778, 8.1, 745, 我的川菜生活 
1039661, 7.7, 1157, 厨师之旅 
5954632, 8.4, 496, 寿司品鉴大全 
25763528, 8.1, 689, 植物学家的锅略大于银河系 
25852665, 7.6, 1234, 孤独的人都要吃饱 
26461519, 8.0, 735, 面包会有的 
23116260, 8.2, 542, 其实，大家都想做菜 
5423779, 7.9, 704, 食桌情景 
1042250, 7.9, 691, 肚大能容 
10481061, 7.8, 751, 小&#34;食&#34;光 
2131829, 7.3, 1405, 煮妇日记 
1037090, 8.1, 478, 天下味 
25975888, 8.5, 303, 食事 
6513841, 8.6, 274, LIFE家庭味 
25828868, 7.5, 881, 快活馋 
6397533, 8.2, 347, 水果猎人 
4703383, 8.9, 174, 经典面包制作大全 
4016036, 9.4, 117, 食物與廚藝 
6558053, 7.9, 445, 灶下书 
4156058, 9.4, 113, Mastering the Art of French Cooking 
25807523, 7.3, 860, 唯爱与美食不可辜负 
1228011, 8.0, 354, 知堂谈吃 
3535331, 8.7, 173, 食经 
3406848, 7.6, 531, 终极美味 
20379785, 8.3, 231, 京味儿食足 
26771603, 8.2, 251, 英雄的食材和神做法 
25827271, 7.4, 625, 吃早餐，彻底改变了我 
20172515, 8.5, 192, 寻味 
24704589, 8.4, 205, 跟着小嶋做烘焙 
4760876, 7.4, 609, 写给牡蛎的情书 
1563556, 8.2, 242, 日本蛋糕名店的私藏秘方 
6510146, 7.7, 404, 梅酒香螺嘬嘬菜 
10830940, 9.0, 120, 法式西餐制作大全 
10480691, 8.2, 230, 蓝带甜点师的纯手工果酱 
10560187, 8.5, 174, 我爱面包机 
19974381, 7.3, 590, 味道台北 
26680436, 8.2, 216, 来份杂碎 
2125029, 7.8, 308, 无尽的盛宴 
1479240, 7.4, 480, 餐桌上的普罗旺斯 
4706662, 9.4, 80, 食物與廚藝 
5390093, 7.5, 421, 后厨机密 
26587847, 7.9, 262, 食帖05：全宇宙都在吃甜品 
10586500, 8.6, 136, 四季的幸福烘焙 
3665981, 7.6, 342, 吃的大冒险 
1598832, 8.7, 120, 专业烘焙 
26613060, 7.7, 291, 食帖06：理想身材，吃即王道！ 
3102649, 7.9, 235, 恶魔花园 
6265143, 8.9, 99, 最详尽的面包制作教科书 
25861937, 7.4, 404, 昔日的味道 
25985699, 7.4, 380, 爱就是在一起，吃好多好多顿饭 
26638269, 8.7, 108, 寿司之神 
26314759, 7.2, 483, 食帖02：只为喝杯好咖啡 
11509650, 8.0, 195, 舌尖上的世界 
25774256, 7.2, 475, 肥肉 
20272103, 7.3, 410, 旧时光的味道 
1484084, 9.3, 68, 大众川菜 
24849908, 7.6, 280, 假如我有一间咖啡馆 
26722322, 8.7, 101, 我的时尚厨房 
3698039, 8.2, 149, 法式西餐烹饪基础 
26739700, 8.4, 124, 食光深处的温暖 
26775628, 7.5, 279, 好好地吃一朵西蓝花 
26293762, 7.1, 458, 食帖01：Brunch吧!没那么赶时间 
1674916, 9.1, 69, 专业烹饪 
10533384, 8.3, 123, 潮汕味道 
25943103, 7.1, 417, 温暖灵魂的味道 
25815344, 7.1, 417, 民国吃家 
7154270, 7.7, 210, 在阳台种美味 
5249966, 7.4, 284, 巴黎小厨房 
25799696, 7.8, 181, 寻味中国 
26265818, 7.4, 269, 电影食堂 
26593509, 7.6, 215, 酒友 饭友 
10602305, 6.9, 496, 斗宴 
26827556, 7.8, 164, 食帖10:早餐，真的太重要了 
26789266, 8.7, 76, 你不懂面包 
1042616, 8.0, 132, 云乡话食 
25724942, 7.1, 337, 肠子，脑子，厨子 
26602109, 7.4, 233, 吃饱了才有力气谈恋爱 
25797851, 8.4, 92, 山家清供 
26806905, 9.4, 48, 时光，一场不散的筵席 
24852220, 8.2, 108, 半间灶披间 
20429355, 9.3, 50, 意大利面制作大全 
26681993, 7.9, 138, 食帖07:大丈夫生于厨房 
20470506, 7.0, 367, 不过一碗人间烟火 
2010072, 7.6, 182, 国宴与家宴 
26411821, 7.9, 132, 无印良品的人气菜肴 
10426453, 7.6, 177, 寻味日本 
23164585, 6.9, 398, 爱自己，好好吃早餐 
25772471, 6.8, 432, 唯美食与爱不可辜负 
10528380, 8.6, 72, 有生之年非吃不可的1001种食物 
26281415, 7.5, 183, 早餐礼赞 
25958209, 7.4, 191, 四季蔬：小白素食记录 
7002722, 7.7, 139, Julia&#39;s香草满屋 
25662823, 8.6, 67, 杰米·奥利弗30分钟上菜 
3066876, 8.6, 66, 日本鐵路便當大全 
26411825, 8.0, 103, 无印良品的花样土锅料理 
6771884, 7.9, 113, 甜点品鉴大全 
26276634, 7.4, 174, 無印良品的四季食谱 
26879049, 9.0, 49, 和果子 
26617305, 8.3, 78, 美食近似于爱 
10864608, 8.6, 61, 拍出幸福美滋味 
25913193, 7.2, 209, 一切有情
3314139, 8.7, 57, 小小乳酪蛋糕食譜書 
5972443, 8.0, 87, 白话随园食单 
4730272, 8.0, 87, 高橋美起陪你來吃丼飯 
26303206, 7.4, 152, 今天也谢谢招待了 
26369001, 8.2, 74, 一起来吃早午餐 
4922458, 8.9, 46, 歡迎進入Grace西點紅茶時間 
6967739, 7.5, 128, 老爹妈思厨 
11600027, 7.6, 114, 大仲马美食词典 
26843917, 8.9, 43, 和食十品 
26665581, 8.6, 52, 料理全书 
25780643, 7.3, 153, 最好的厨房 
2089292, 7.1, 187, 饭醉分子 
26583821, 7.9, 83, 嗜：戒不掉的甜蜜 
1228392, 7.9, 82, 橄榄色的托斯卡纳在歌唱·意大利食物恋 
26369033, 7.2, 154, 一起来吃轻晚餐 
26561125, 9.1, 36, 小森食光 2 
1055518, 8.3, 60, 知味集 
20481421, 6.7, 273, 终于尝到真滋味 
5407463, 8.4, 55, 世界葡萄酒全书 
25857506, 8.0, 69, 菜单中的秘密 
3187449, 8.8, 40, 细说川菜 
26142174, 7.6, 95, 今天的早餐 
25843177, 8.2, 59, 我爱沙拉 
26718762, 8.2, 52, 真味 
24742991, 7.6, 80, 再赴美食之旅 
25785271, 7.1, 124, 男人的菜市场 
26774591, 8.4, 42, 怀旧食堂 
26898505, 9.0, 29, 奢侈的滋味 
26771606, 7.8, 62, 没完没了的好时光 
26819233, 9.2, 26, 给你一桌子美好 
26421322, 7.3, 82, 蔬菜之神 
26862352, 9.1, 24, 莫扎特，请入席 
25929854, 7.1, 93, 宋朝饭局 
26757192, 9.1, 23, 简简单单做面包 
1248264, 8.0, 43, 鸡尾酒的178种标准鸡尾酒的配制 
26297786, 7.4, 67, 你烩你做啊 
26765379, 8.0, 40, 爱上铸铁锅 
25941119, 8.8, 25, 够味儿!80道经典家常菜烹饪详解 
26261047, 8.2, 35, 北平味儿 
3387283, 7.9, 43, 巴黎藍帶廚藝學校日記 
26734610, 9.0, 22, 中国食谱 
26769704, 8.2, 34, 早安，早餐 
1908263, 7.2, 71, 咖喱传奇 
3848885, 7.1, 76, 茶果子 
3829038, 8.8, 23, 本心斋蔬食谱 
26711352, 8.1, 34, 面包制作的科学 
26803921, 7.9, 38, 味言道（精装水墨版） 
25802892, 8.1, 33, 幸福  从早餐开始 
26780654, 8.9, 21, 美味岁时记 
26812868, 8.2, 30, 吃的美德 
26281256, 8.4, 27, 味覺獵人 
10727853, 8.7, 22, 廚藝之鑰（上） 
26784339, 7.8, 37, 胖子之城 
26789646, 7.4, 48, 四万十食堂 
25902282, 8.2, 27, 美食摄影全书 
26454651, 7.0, 62, 口头馋 
26866719, 7.2, 52, 食帖11：美食漫画万岁！ 
26413982, 8.7, 20, 吃对你的家常菜2 
26677846, 9.0, 17, 有味是清欢：美食小品赏读 
25929641, 8.1, 26, 美食快到碗里来 
26849966, 8.1, 23, 深夜食堂 严选之味 
10514966, 7.6, 30, 米饭杀手 
26684007, 7.9, 23, 明日的餐桌 
1335492, 8.0, 21, 大廚食材完全指南 
26369075, 8.0, 20, 寿司笔记 
26911258, 7.8, 19, 食帖13：腐的品格!初心者的发酵料理书 
25786083, 7.8, 18, 山家清供 
26868554, 8.1, 15, 小津安二郎美食三昧·关东篇 
26767061, 8.1, 15, 《只一盘也是盛宴：懒人的10000种健康沙拉》 
1507156, 8.2, 13, The French Laundry Cookbook 
26596235, 7.0, 24, 食物 
26802578, 7.8, 14, 一粒糖 
25828630, 7.8, 14, 戚风蛋糕 
25960995, 6.8, 21, XFun吃货俱乐部之泰国美食记 
4277974, 7.3, 15, 分子廚藝 首部曲: 揭開美食奧祕的科學革命 
26906511, 8.1, 10, 梅森瓶里的轻食光 
4898906, 7.7, 12, 風味聖經 
2095990, 7.9, 11, 韩良露私房滋味 
11511602, 7.7, 10, 顶级名师常温蛋糕的多样化 
26927383, 7.5, 10, 回味北京老食光 
25762705, 7.4, 10, 京都午茶時光！日式抹茶幸福甜點 
25885271, 6.8, 13, 北歐廚神 
