Tag: 自由 
The number of books: 373 

ID, Rating, Votes, Title
1200840, 9.0, 93714, 平凡的世界（全三部） 
1829226, 9.1, 35268, 肖申克的救赎 
2035179, 9.2, 28056, 动物农场 
1082387, 9.2, 23980, 一九八四·动物农场 
1027191, 9.0, 26836, 历史深处的忧虑 
1003000, 8.4, 53967, 悟空传 
1014578, 9.0, 17230, 我的精神家园 
1426971, 8.8, 18279, 野火集 
6880158, 8.7, 17202, 陆犯焉识 
1418180, 8.9, 8527, 思维的乐趣 
4872671, 8.2, 24859, 佛祖在一号线 
1077528, 8.9, 8049, 通往奴役之路 
1277981, 8.8, 8056, 社会契约论 
1041385, 9.2, 4493, 论美国的民主 
3897928, 8.8, 7644, 我的路5 
5269439, 8.4, 13755, 城门开 
6401128, 8.9, 6224, 批评官员的尺度 
1056461, 8.3, 14838, 旅行的艺术 
1144185, 9.1, 4582, 美国宪政历程 
4953695, 8.0, 24662, 拆掉思维里的墙 
1431870, 9.1, 4459, 源泉 
1823349, 9.0, 4808, Happy Birth Day 
1321789, 8.5, 8903, 美丽新世界 
2282097, 8.8, 5361, 像自由一样美丽 
6789551, 8.8, 3886, 不存在的骑士 
3151990, 8.5, 5756, 达摩流浪者 
5401989, 8.1, 9784, 自由在高处 
5366278, 8.0, 11576, 走吧，张小砚 
3905366, 7.8, 15858, 迟到的间隔年 
1047138, 7.7, 18974, 少年维特的烦恼 
1288916, 8.6, 4046, 伤心咖啡店之歌 
1534951, 8.9, 2717, 逃避自由 
20425053, 7.7, 16850, 我所理解的生活 
10569619, 8.5, 4187, 自由 
1400195, 8.7, 2983, 论自由 
2302217, 8.8, 2529, 阿特拉斯耸耸肩（上下） 
1829799, 8.7, 2740, 爱的觉醒 
1048930, 9.0, 1886, 联邦党人文集 
1015748, 8.9, 1842, 开放社会及其敌人（全二卷） 
3101021, 8.7, 2260, 极权主义的起源 
1070007, 8.8, 1970, 致命的自负 
26695174, 9.0, 1495, 灯塔 
1315844, 9.1, 1272, 古拉格群岛（上中下） 
4189980, 9.5, 797, 尋找家園 
6558202, 9.0, 1242, 容忍与自由 
3155180, 8.6, 1940, 荒野生存 
1186350, 7.8, 6125, 红字 
1440997, 8.6, 1899, 燕子 
3880846, 8.7, 1578, 学飞的盟盟 
4240969, 8.6, 1707, 民主是一种现代生活 
3097539, 8.9, 1146, 自由选择 
3263006, 8.8, 1293, 飞越疯人院 
11542577, 8.6, 1622, 天生就会跑 
26662515, 8.0, 3481, 他知道风从哪个方向来 
1488794, 9.0, 929, 荒野的呼唤 
25733467, 9.1, 826, V字仇杀队 
2295122, 8.4, 1721, 卡门 
1005813, 9.0, 855, 自由秩序原理 
4850629, 8.6, 1181, 言论的边界 
1434071, 7.9, 2973, 我们 
1024854, 7.3, 8052, 成都，今夜请将我遗忘 
4039903, 9.2, 618, 王小波全集（第六卷 中篇小说） 
1027030, 8.4, 1497, 常识 
2135139, 8.4, 1290, 我为什么要写作 
2049781, 8.5, 1134, 世界在你心中 
26831234, 8.7, 848, 不属于我们的世纪 
1438948, 8.5, 1056, 卖桔者言 
1084434, 9.0, 613, 以自由看待发展 
1256282, 8.5, 1021, 心灵自由之路 
7916069, 8.8, 736, 被禁锢的头脑 
1077568, 9.0, 589, 自由论 
6838635, 8.6, 871, 八十年代中学生 
1877291, 8.5, 978, 论出版自由 
21432137, 8.7, 776, 共同的底线 
2213965, 8.2, 1404, 他人就是地狱 
1043419, 8.9, 612, 自由与繁荣的国度 
3238339, 8.7, 747, 人以什么理由来记忆 
1151872, 7.8, 2236, 玩的就是心跳 
3891385, 8.1, 1330, 制造伍德斯托克 
25777331, 8.4, 877, 美国十讲 
3808810, 7.7, 2123, 来去自由 
1465419, 8.5, 702, 资本主义与自由 
20433605, 7.8, 1620, 因自由而美丽 
6097491, 8.0, 1228, 把心安顿好 
1722020, 8.7, 528, 最初和最终的自由 
2974917, 8.7, 519, 自由主义 
5423772, 7.8, 1500, 西夏旅馆 
1437686, 8.8, 462, 自由及其背叛 
6100929, 8.2, 873, 死亡诗社 
4758246, 8.9, 407, 夏山学校 
1080223, 9.2, 314, 人与国家 
26237097, 7.6, 1792, 尔本 
1075764, 7.9, 1111, 我在美国当农民 
1004329, 8.7, 428, 个人主义与经济秩序 
19956258, 8.5, 490, 容忍比自由更重要 
1255584, 8.4, 511, 时间与自由意志 
25768151, 7.7, 1172, 为奴十二年 
1185214, 8.1, 689, 一个自由而负责的新闻界 
1026628, 9.0, 275, 原则与妥协（修订本） 
24845545, 8.0, 745, 阿桑奇自传 
1131988, 8.4, 472, 不服从的江湖 
4841640, 8.9, 291, 地下 
1033829, 9.0, 263, 法律、立法与自由(第一卷) 
1424797, 7.9, 802, 储安平与《观察》 
1278268, 8.9, 267, 十年沧桑 
3237711, 8.7, 318, 自由的伦理 
1474527, 8.5, 380, 漫漫自由路 
1065531, 8.4, 420, 我的爱我的自由 
24379797, 8.7, 305, 民主•宪法•人权 
1015524, 9.2, 197, 荒野的呼唤.白牙 
1031917, 8.5, 362, 遇罗克遗作与回忆 
1048539, 8.0, 617, 富爸爸年轻退休 
24716172, 8.8, 265, 黄金时代 
4895794, 8.5, 354, 海子经典诗歌 
1051349, 8.4, 381, 法国革命论 
1074037, 9.3, 172, 法律、立法与自由(第二、三卷) 
1010615, 8.6, 309, 自由之路 
3014033, 7.9, 638, 法槌十七声 
5391566, 8.2, 453, 家国天下 
1116334, 7.9, 579, 自由主义 
1031956, 8.7, 250, 美国自由的故事 
2019392, 9.0, 194, 罗素论自由 
2068955, 8.9, 208, 大学之理念 
1427824, 8.7, 249, 无政府、国家与乌托邦 
1069634, 8.3, 358, 伯林谈话录 
2064067, 7.6, 793, 一个人 
23155678, 9.0, 184, 1984 
1126207, 8.0, 465, 斯巴达克斯 
1013371, 8.6, 257, 中国文化的展望 
1118819, 8.5, 272, 邓肯自传 
3110731, 7.3, 1098, 风雅颂 
1067782, 8.4, 293, 自由的言说 
1220895, 8.7, 222, 动物庄园 
2125536, 8.5, 260, 懂得生命 
5404221, 8.4, 281, 在德黑兰读《洛丽塔》 
3510267, 8.8, 192, 殷海光林毓生书信录 
1072924, 8.7, 204, 共和・民主・宪政--自由主义思想研究 
2365621, 8.6, 225, 心的对话 
1062960, 9.1, 146, 美洲三书 
1658346, 8.4, 257, 思想史上的失踪者 
1026534, 8.5, 228, 布拉格精神 
2365403, 8.7, 193, 生而自由 
1055355, 8.3, 268, 储安平 
1055355, 8.3, 268, 储安平 
1049797, 8.4, 237, 科学的反革命 
5254268, 8.5, 217, 妮娜·西蒙娜停止歌唱的那一天 
26853566, 8.2, 280, 出家 
1789317, 8.1, 307, 美国自由主义的历史变迁 
1999741, 8.1, 311, 类人孩《动物庄园》另类解读 
1075896, 7.6, 538, 光与影 
2969080, 8.5, 211, 胡适与鲁迅 
1215547, 7.8, 417, 中国知识分子十论 
2152822, 8.6, 183, 哈耶克评传 
1838187, 8.3, 236, 华伦夫人的职业 
1943535, 8.7, 166, 我是大卫 
24840593, 7.5, 557, 李银河:我的生命哲学 
1043294, 8.7, 163, 另一个人 
1013042, 8.3, 229, 孤独的狂欢 
6539848, 8.3, 229, 爱是一种病 
1019192, 8.7, 162, 储安平文集(上下) 
6004602, 8.7, 153, 给我自由! 
23780838, 9.0, 121, 沉默的大多数 
2973325, 8.2, 239, 纠正 
1010750, 8.7, 152, 伦理学的两个基本问题 
1010750, 8.7, 152, 伦理学的两个基本问题 
1175396, 8.0, 276, 跳出盒子 
11530736, 8.5, 171, 林清玄经典散文菩提十书之紫色菩提 
1878630, 8.8, 131, 理性与自由 
1316507, 8.1, 239, 言论自由的反讽 
1000759, 8.3, 196, 古代人的自由与现代人的自由 
1075312, 8.8, 125, 自由与权力 
24745650, 7.5, 438, 我怕没有机会，选择真正喜欢的生活 
2051548, 9.1, 97, 人的奴役与自由 
21364142, 7.5, 418, 带100支牙刷去旅行 
1512482, 8.5, 152, 自由之路 
1022725, 8.9, 109, 马丁·路德文选 
6784958, 8.4, 162, 偶遇 
1310160, 8.6, 134, 自由18岁 
1783132, 8.4, 155, 自由民主的理路 
1186901, 8.4, 150, 代码 
6720544, 7.3, 475, 天上大风 
3830650, 9.1, 89, 胜过黑暗 
20419231, 8.2, 178, 北岛作品精选 
4834600, 8.3, 158, 自由与命运 
3597843, 8.7, 113, 自由与市场经济 
1019509, 8.4, 141, 政治自由主义 
2361291, 9.0, 89, 胡適文選 
1004122, 8.3, 154, 邓肯自传 
5372672, 8.5, 128, 自由在哪里 
1786219, 8.6, 116, 宪政主义 
10605693, 9.0, 85, 入世的清教徒 
1106296, 8.1, 172, 给你所爱的人以自由 
1104522, 8.3, 142, 内心枷锁 
1313160, 7.7, 251, 美国草根政治日记 
11580821, 7.8, 219, 环保的暴力 
1085582, 8.0, 179, 自由主义与正义的局限 
2015877, 8.6, 107, 捕蝶者 
2065105, 7.4, 337, 常言道 
5414530, 7.5, 299, 与自己对话 
4167913, 8.8, 91, 胡适作品新编 
1657408, 8.8, 90, 表达自由的法律限度 
24301821, 8.5, 104, 要么孤独要么庸俗 
1027251, 8.6, 97, 自由与传统 
25758203, 7.9, 174, 青春，我们逃无可逃 
1028484, 9.0, 73, 阳光碎片 
1027251, 8.6, 97, 自由与传统 
26281271, 7.6, 234, 我不要一成不变的生活 
2382099, 8.3, 119, 自由是什么 
25892661, 6.9, 530, 就想开间自己的小店 
6392223, 8.7, 84, 浪漫主义时代的政治观念 
1052463, 8.1, 128, 自由史论 
1143665, 7.7, 186, 富媒体 穷民主 
1799965, 8.1, 127, 法律、自由与道德 
1064115, 8.4, 95, 自由交流 
1814438, 7.8, 160, 黑白摄影 
1359219, 9.2, 55, 愛．自由與單獨 
3042304, 9.5, 46, Living in Truth 
25811502, 6.4, 929, 柴静×刘瑜：自由从何而来（中国故事） 
2011487, 9.0, 60, 美是自由的象征 
26333278, 6.8, 491, 宿命 
25918577, 7.7, 168, 每时每刻皆为逍遥时光 
10578488, 6.8, 490, 栖 
25834607, 7.9, 137, 自由的进化 
26545443, 7.8, 149, 自由的基因 
10564525, 8.6, 77, 浪 
1392051, 8.1, 112, 自由 
1056575, 7.9, 133, 风景中的人类 
6914425, 9.0, 57, Ryan McGinley 
3294709, 8.3, 92, 自由之路 
20371004, 7.5, 185, 生命咖啡馆 
3607722, 9.1, 51, 击开捆锁 
1070328, 7.7, 145, 自由主义基本理念 
2269232, 9.4, 42, 基督徒的自由 
26247601, 8.2, 93, 十二公民 
25950163, 8.2, 92, 自由女人 
1142977, 7.8, 127, 自由主义之前的自由 
1884698, 7.7, 138, 面包与自由 
26411560, 7.2, 229, 不被理想束缚的生活 
3697468, 8.2, 87, 美国的言论自由 
5939811, 8.7, 59, 走向宪政 
3212463, 9.5, 37, 真理与自由 
1030036, 8.2, 85, 消极自由有什么错 
1775669, 8.5, 68, 宪政与民主 
1854672, 8.1, 91, 美国史纲 
25840365, 7.8, 117, 致总有一天会出发的你 
1228399, 8.4, 72, 当代西方自由主义理论 
2343947, 8.0, 97, 自由·平等·博爱 
1860003, 8.2, 83, 席慕蓉和她的内蒙古 
24381563, 8.5, 67, 斯格拉柔达 
3250213, 9.3, 40, Two Concepts of Liberty 
24743326, 7.3, 182, 发现另一个你 
1426702, 7.7, 123, 马斯洛的智慧 
1279485, 7.7, 122, 自由主义 
1067066, 8.0, 95, 殷海光与近代中国自由主义 
2117001, 8.7, 55, 海德格尔与伦理学问题 
3075613, 8.1, 84, 恩典与自由 
1348659, 7.6, 127, 孤獨，或類似的東西 
19945864, 7.0, 241, 66号公路 
1068684, 7.7, 112, 思想自由史 
21318090, 7.9, 94, 自由的深渊 
26920390, 9.3, 36, 自由的夜行 
3163316, 9.0, 43, 灰喜鹊 
20503759, 8.3, 66, 自由的界限 
4288530, 8.3, 65, 民主还是独裁 
1539094, 7.9, 86, 自由的历险 
1041727, 8.4, 59, 直面历史 
26221429, 8.2, 67, 李安哲学 
25747346, 7.8, 92, 一头自由主义的鹿 
1059277, 8.7, 48, 爱默生和中国 
1449788, 8.3, 63, 殷海光书信集 
6710896, 6.6, 342, 非常道II 
1740397, 8.1, 70, 第三种自由 
7060546, 8.8, 43, 良心的自由 
3136345, 8.6, 47, 对人类自由的本质及其相关对象的哲学研究 
2066252, 8.7, 44, 论美 
3162050, 7.6, 99, 自由的崛起 
25870702, 7.0, 183, 浮图 
1207812, 8.4, 53, 自由诗篇 
19977771, 8.7, 42, 回来的路 
2062681, 7.4, 113, 论自由 
3163939, 8.5, 48, 永活的信心 
24264880, 6.8, 215, 要么读书，要么旅行，身体和灵魂总有一个在路上 
1225136, 7.8, 78, 表达自由 
3885856, 8.7, 41, 翁山蘇姬 
4719016, 7.9, 71, 《梨俱吠陀》神曲选 
4719016, 7.9, 71, 《梨俱吠陀》神曲选 
26294167, 8.3, 52, 敬愛的領袖 
26260107, 7.7, 81, 梦想开花前 没有人知道它是什么 
1029623, 7.7, 81, 重申自由主义 
3172125, 9.6, 25, 神的预定与人的自由 
1105751, 8.3, 52, 共创未来 
26827530, 7.9, 68, 书旅人 
6428837, 7.1, 141, 当我们一起去跳海 
1283039, 7.8, 74, 自由的逻辑 
1512080, 8.6, 41, 亚当·斯密关于法律、警察、岁入及军备的演讲 
6798843, 8.4, 47, 积极自由 
26835963, 8.2, 53, 想象共和国 
26615892, 8.9, 34, 像猪一样自在 
1263695, 8.3, 49, 自由与法律 
1146071, 7.9, 66, 自由主义思想文化史 
3575310, 8.5, 43, 诗集 
26293301, 8.8, 35, 奥地利学派的大师们 
25807605, 7.4, 97, 搭车十年 
6920096, 8.5, 41, 实现自由 
3521990, 8.6, 39, 宠物猫咪鲁·杰克逊 
1261264, 8.3, 45, 古典传统与自由教育 
26319307, 8.0, 55, 100岁的人生方式 
26607285, 8.5, 39, 厨房屋 
2029360, 7.6, 75, 精神生活·意志 
1936788, 7.8, 64, 20世纪最后的浪漫──北京自由艺术家生活实录 
3993715, 8.0, 54, 自由与文明 
1444114, 7.1, 114, 自由与神经生物学 
4259272, 7.6, 72, 花花公子（上） 
26839437, 7.9, 56, 谷物03 
26148741, 8.7, 33, 自由的阶梯——美国文明札记 
10558000, 7.7, 64, 为了人的尊严 
2346021, 8.1, 47, 《Go it alone》单干！靠自己开创成功事业的秘诀 
1980602, 8.4, 38, 自由意志与道德责任 
11530734, 7.7, 62, 林清玄经典散文菩提十书之星月菩提 
1001424, 7.9, 52, 欧洲自由主义史 
3713242, 7.7, 60, 密尔《论自由》精读 
26762569, 8.3, 38, 别让世界改变我 
1450034, 7.4, 72, 致一位“愤青”的信 
1041592, 8.0, 45, 至上的美德 
1005416, 7.8, 51, 经济学的著名寓言：市场失灵的神话 
2274657, 7.2, 81, 建立你的时间资产-倍增财富.开创有闲人生的5天法则 
1968488, 8.6, 30, 生命存在与心灵境界 
1081405, 7.3, 71, 情境笔记 
2328345, 8.9, 24, 狱中书简：致亲爱的奥尔嘉 
26384465, 6.9, 99, 天堂茶话 
1227946, 6.8, 102, 自由主义的两张面孔 
5976557, 8.2, 33, 棄業日記 
11520569, 7.9, 39, 翅鬼 
4178529, 6.7, 112, 行走·行走·爱 
1810543, 8.0, 35, 自由之声 
10567761, 7.8, 38, 走出晚清 
2913433, 8.7, 22, Propaganda 
1004609, 8.1, 31, 自由主义与当代世界 
22692866, 8.3, 27, 自由的权利 
1004775, 7.7, 39, 自由的哲学 
1023159, 8.1, 30, 谢林论人类自由的本质 
25760465, 8.2, 28, 自由 
24696936, 8.4, 25, 随处自在 
3301339, 7.3, 52, 论出版自由 
3361047, 8.1, 28, 黑格尔与现代人的自由 
1709335, 8.1, 28, 政府为什么干预经济 
26280672, 7.5, 41, 只要在路上，全世界都会帮你 
26761139, 7.8, 32, 梦里犹知身是客 
25808899, 7.2, 48, 藏漂十年 
2303141, 7.6, 32, 自由与生存 
19977100, 8.1, 23, 立场 
26589912, 8.1, 20, 我往何处去 
20432051, 7.1, 36, 美国总统是怎么选出来的 
3999117, 7.4, 28, 不自由的希腊民主 
3999117, 7.4, 28, 不自由的希腊民主 
26639069, 8.4, 15, 不愿待在水下的鲍里斯 
6128973, 8.1, 17, 积极自由的悖论 
20388552, 7.7, 21, 公民不服從！ 
25938945, 5.4, 223, 陪你一起直播青春 
26757140, 6.6, 45, 睡在我上铺的兄弟 
1390295, 7.3, 23, 艺术化生存-中西审美文化比较 
10432153, 7.9, 15, Consent of the Networked 
1343726, 7.9, 15, The Future of Freedom 
26344870, 7.5, 17, 刘墉给孩子的成长书 
1025006, 8.0, 13, 路标与灵魂的拷问 
6101310, 6.1, 47, 尼采谈自由与偏见 
1190205, 6.7, 26, 别把工作当回事 
3671604, 7.2, 17, 自由世界 
6013010, 7.5, 13, 自由的轨迹 
25818090, 7.5, 12, 赫胥黎自由教育论 
6507665, 7.6, 10, 一切坚固的都烟消云散了 
1054652, 6.5, 16, 独立的悲伤 
1930817, 5.1, 59, 不上班的23种活法 
