Tag: 自然 
The number of books: 220 

ID, Rating, Votes, Title
10522856, 9.0, 7110,  冬牧场 
4714015, 9.0, 4129,  万物既伟大又渺小 
10439064, 9.0, 3395,  发现之旅 
4882023, 9.2, 2449,  万物既聪慧又奇妙 
6125543, 9.2, 1183,  北方的空地 
1024846, 9.2, 1167,  所罗门王的指环 
1018925, 9.2, 978,  玫瑰圣经 
10519369, 9.4, 726,  万物生光辉 
1032369, 9.1, 773,  花卉圣经 
25793667, 8.2, 1611,  植物知道生命的答案 
5290498, 8.6, 951,  自然的建筑 
6750347, 9.2, 477,  演化 
1441487, 9.4, 373,  中国鸟类野外手册 
1084020, 8.6, 720,  宝石 
25876750, 9.0, 458,  看不见的森林 
1000284, 8.9, 485,  百合圣经 
3023897, 9.2, 291,  希腊三部曲Ⅰ 追逐阳光之岛 
1315187, 8.1, 853,  植物的欲望 
1375619, 8.6, 490,  The Call of the Wild 
10569646, 8.8, 397,  猫的故事 
1435793, 9.2, 269,  世界园林植物与花卉百科全书 
20480834, 9.0, 314,  雨林精灵 
1061979, 9.2, 265,  夜空 
1458838, 7.8, 1062,  东京昆虫物语 
1084009, 8.4, 464,  树 
1444547, 8.8, 300,  设计结合自然 
26905274, 8.5, 383,  海错图笔记 
3023898, 9.2, 197,  希腊三部曲Ⅱ 桃金娘森林宝藏 
1489218, 8.8, 275,  旷野的声音 
26801361, 9.2, 195,  鹿苑长春 
1031355, 8.8, 263,  狗的家世 
1434335, 8.8, 260,  讨山记 
26646456, 8.1, 456,  无尽绿 
3023900, 9.1, 177,  希腊三部曲Ⅲ 众神的花园 
26679862, 9.3, 146,  生命的跃升 
26308505, 8.4, 314,  杂草的故事 
1253117, 8.5, 266,  梭罗日记 
20283571, 9.1, 157,  灰雁的四季 
1021809, 8.1, 385,  诗经植物图鉴 
25820165, 8.7, 210,  田园之秋 
19923440, 8.0, 401,  鸟与兽的通俗生活 
3061503, 8.8, 187,  蘑菇 
1058414, 8.2, 312,  花朵的秘密生命 
1084012, 8.5, 226,  昆虫 
20431859, 8.4, 243,  我的山居动物同伴们 
3229838, 9.3, 118,  眷恋昆虫 
26673246, 9.6, 96,  重返狼群（第二部） 
4096847, 8.7, 177,  希望的收获 
4002957, 9.0, 136,  常见野花-第二版 
2184970, 7.4, 669,  植物记 
1972794, 8.7, 170,  感觉的自然史 
1006594, 8.2, 267,  鸟类圣经 
1084264, 8.4, 218,  自达尔文以来 
4247648, 9.2, 114,  最后的浪漫主义者 
5407368, 8.0, 306,  古典之殇 
1597381, 8.8, 149,  自然与人生 
21357312, 8.1, 269,  新笔记大自然 
1433163, 8.9, 131,  星　雪　火 
10750284, 9.6, 80,  哈尔罗杰历险记典藏全集 
1315265, 8.3, 215,  从混沌到有序 
26345725, 9.3, 94,  自然之美 
3061002, 8.4, 186,  野花 
3576412, 8.4, 184,  海，另一个未知的宇宙 
5924706, 9.6, 75,  地球之光 
26004339, 9.2, 97,  伊西斯的面纱 
5348905, 8.4, 182,  一粒种子的旅行 
26348734, 8.4, 176,  听客溪的朝圣 
26654475, 9.1, 102,  节气手帖：蔓玫的花花朵朵 
1073544, 8.1, 228,  醒来的森林 
1060088, 8.6, 138,  蚂蚁的故事 
3061421, 8.4, 164,  欧洲花卉 
26711222, 8.5, 144,  一九隽：英伦乡野手记 
24698961, 7.4, 440,  植物名字的故事 
3222755, 9.0, 93,  风把人刮歪 
4714008, 8.4, 145,  山中最后一季 
1067976, 8.0, 211,  楚辞植物图鉴 
1103362, 8.7, 112,  塞耳彭自然史 
4233382, 8.7, 112,  心灵的慰籍 
1011170, 9.2, 77,  雁语者 
2034987, 9.6, 60,  一岁的小鹿 
1225684, 9.0, 87,  古老阳光的末日 
10544783, 7.0, 632,  草木的理想国 
21336523, 7.5, 327,  多肉萌物志 
1275567, 9.2, 75,  林中水滴 
3238790, 7.7, 258,  植物记Ⅱ 
26661075, 8.8, 96,  等鹿来 
10544770, 8.7, 102,  宇宙的答案云知道 
26337651, 9.1, 76,  无尽深蓝 
4847299, 8.7, 100,  林间最后的小孩 
26339917, 7.7, 246,  胡麻的天空 
5955216, 9.2, 71,  海洋 
4293302, 9.3, 66,  　神的植物 
24861516, 9.3, 66,  鸟喙 
24716081, 8.2, 147,  自然笔记 
6963813, 8.9, 84,  灵境追踪师 
25837525, 8.9, 85,  蝴蝶　天堂　探险记 
26743027, 8.2, 143,  黑麋鹿如是说 
25728813, 8.8, 89,  美国国家地理125年伟大瞬间 
25956953, 8.5, 110,  迷蝶志 
5400561, 8.6, 102,  天涯芳草 
6062359, 9.2, 67,  中国昆虫生态大图鉴 
10541076, 8.5, 109,  低吟的荒野 
6540216, 9.0, 76,  山居鸟日记（全4册） 
1029841, 9.1, 71,  与孩子共享自然 
24906848, 8.3, 128,  故乡的微光 
1796044, 8.7, 93,  地球守　者 
1422222, 8.4, 116,  贝壳的自然史 
1276333, 9.2, 64,  太阳升起以后 
5948721, 8.8, 82,  向大自然　　　 
5360086, 8.6, 96,  菜园里的学问 
1936868, 8.8, 83,  半农半X的生活 
25969416, 8.8, 81,  南开花事 
6068063, 7.8, 186,  异域盛放 
10594588, 8.6, 91,  城市农夫有块田 
24529131, 8.4, 105,  自然野趣DIY 
1964867, 9.0, 68,  昆虫的社会 
25788663, 8.7, 77,  深圳自然笔记 
1951398, 9.1, 59,  黑猩猩在召唤 
3004271, 9.0, 62,  西藏生灵 
6963840, 9.0, 62,  草原狼导师 
2145499, 9.0, 61,  Art Forms in Nature 
3220140, 8.6, 78,  典型的日子 
25922449, 8.5, 81,  自然的历史 
25987064, 8.6, 76,  云与大气现象 
1184293, 9.0, 58,  实用自然图鉴 
20279671, 9.1, 55,  狗的故事 
1466526, 7.5, 195,  红楼梦植物图鉴 
25895511, 8.1, 108,  禅定荒野 
4771454, 8.2, 100,  植物的识别 
25876107, 8.5, 74,  种子的故事 
1019758, 9.4, 42,  迁徙的鸟 
10484579, 7.6, 153,  博物人生 
11587597, 7.4, 191,  植物记 
3988306, 8.6, 68,  自然之门 
4953482, 9.3, 42,  　果教我的事 
26577650, 9.2, 44,  林中漫步 
1489234, 8.6, 60,  鸟儿不惊的地方 
1055165, 7.5, 144,  唐诗植物图鉴 
26755786, 8.0, 89,  耕食生活 
26577652, 9.2, 40,  原野漫步 
3100335, 8.1, 83,  自然地理学 
26582858, 7.2, 187,  京都里山四季 
25862411, 8.8, 50,  乌鸦的教科书 
1332380, 9.2, 39,  植物的秘密生命 
11587598, 7.4, 148,  植物记 
26576620, 8.0, 85,  桃之夭夭 
26630973, 7.9, 92,  嗑：做一只会吃的松鼠 
1217651, 8.0, 83,  多肉植物仙人掌种植活用百科 
3903015, 8.6, 54,  风光的内在 
25884666, 7.6, 116,  怎样看到鹿 
20271703, 8.5, 55,  自然，是最好的老师 
6113825, 9.0, 40,  梅里雪山自然观察手册 
26589634, 9.1, 36,  大自然的灵魂 
25792729, 8.7, 46,  酷虫成长记 
1000076, 8.0, 74,  植物化石 
25752974, 8.6, 48,  从相残到相爱 
25720193, 8.5, 49,  清新彩铅微笔记. 花草集 
26044320, 7.7, 88,  世界最美森林之旅 
26423783, 8.5, 48,  树的秘密生活 
1032726, 8.4, 50,  植物的象征 
10575134, 9.1, 32,  好鼠兔 
25900884, 8.3, 51,  檀岛花事 
25720194, 9.4, 27,  清新彩铅微笔记. 动物集 
25705641, 7.6, 84,  半农半X的生活 
6310330, 8.1, 55,  海 
1005673, 7.9, 63,  马来群岛自然科学考察记 
25912352, 9.2, 28,  大迁徙：地球上最伟大的生命旅程 
25743166, 9.1, 29,  地球:行星的力量 
26602535, 8.0, 55,  野草离离 
26901529, 9.3, 25,  怎样观察一棵树 
1145592, 8.1, 50,  植物的故事 
24852221, 8.2, 46,  我的自然笔记 
21357444, 8.8, 32,  地球脉动 
6398404, 8.6, 35,  与兽同在 
2974153, 8.5, 37,  植物名实图考校释 
10809308, 8.5, 37,  荒野孤舟 
25804161, 7.4, 80,  南极　北极 
1001075, 9.0, 26,  与孩子共享自然.Ⅱ 
1049746, 8.1, 43,  寻归荒野 
26387120, 8.6, 31,  世界最美透明生物 
26636404, 9.0, 25,  我们去找小昆虫1：昆虫的工具 
26831722, 9.6, 19,  自然 
3428495, 8.8, 27,  自然科学史 
25763792, 9.2, 22,  美国自然文学三十讲 
26387128, 9.4, 20,  世界最美飞鸟 
6839994, 7.8, 49,  秦岭无闲草 
25839405, 8.1, 39,  四分之三的香港 
6101446, 8.6, 29,  中国湿地植物图鉴 
26596019, 9.2, 21,  The Invention of Nature 
1956689, 8.7, 27,  春满北国 美国山川风物四记之一 
26661086, 8.6, 28,  飞禽记 
26751769, 8.0, 40,  过一日山间生活 
3741374, 8.8, 25,  希腊三部曲（全三册） 
2267321, 9.0, 22,  植物名实图考长编 
26390297, 8.6, 27,  大自然的日历 
3793286, 8.4, 29,  我的自然　色　 
2284570, 9.1, 20,  花经 
1334488, 9.0, 21,  林　琪的　密花　 
26607136, 8.6, 25,  你好！植物 
26882298, 8.7, 21,  世界上最老最老的生命 
26666130, 7.5, 41,  下田 
26706778, 8.9, 18,  布洛赫手绘鱼类图谱 
20428336, 7.7, 34,  草言草语 
2019404, 8.1, 26,  地质旅行 
26755052, 8.6, 19,  我的动物，我的家人 
3140385, 8.1, 23,  中国文人的自然观 
26830114, 8.5, 18,  家门口的自然探索笔记 
26378180, 8.4, 17,  城市野趣 
26734783, 7.8, 23,  46亿年的地球物语 
26924202, 8.4, 16,  怎样观察一朵花 
11507803, 7.6, 25,  邪恶的虫子 
26354327, 8.1, 17,  野趣童年 
26628436, 7.9, 17,  托梅教授的植物图谱 
26751784, 7.9, 15,  中国常见植物野外识别手册（衡山册） 
26589043, 8.0, 14,  昆虫Q&amp;A 
26889364, 7.7, 16,  英国皇家植物园植物画教程 
23117072, 7.7, 14,  朴门设计手册 
3679542, 7.9, 10,  　地的呼　 
26674278, 7.7, 10,  喜马拉雅山珍稀鸟类图鉴 
6784977, 7.4, 11,  自然的概念 
