Tag: 艺术 
The number of books: 520 

ID, Rating, Votes, Title
3162991, 9.6, 5199,  艺术的故事 
1941558, 8.6, 20883,  设计中的设计 
2326403, 8.9, 8434,  认识电影 
1092149, 8.7, 8389,  梵高传 
1056461, 8.3, 14837,  旅行的艺术 
3323633, 8.6, 8557,  写给大家看的设计书（第3版） 
1034067, 8.8, 6087,  美的历程 
1003284, 8.1, 17886,  退步集 
1005660, 9.0, 3778,  雕刻时光 
6114392, 9.1, 3175,  奈良美智横滨手稿 
25811462, 8.4, 7273,  小顾聊绘画　壹 
3547099, 8.5, 6056,  贾想1996　2008 
1047719, 8.5, 5603,  傅雷家书 
1017238, 8.8, 3500,  美学散步 
1485731, 9.6, 1383,  原动画基础教程 
2381950, 8.8, 3226,  论摄影 
5408858, 8.9, 2444,  建筑家安藤忠雄 
2052596, 8.2, 5200,  退步集续编 
26376603, 8.1, 5851,  秘密花园 
4903265, 9.1, 1422,  亲爱的提奥 
1370944, 9.4, 889,  席勒（中文版- BASIC ) 
1154707, 8.6, 2035,  素描的诀窍 
25746578, 9.2, 1004,  大英博物馆世界简史（全3册） 
1012039, 8.1, 3825,  我的视觉日记 
3095037, 9.0, 1166,  听音乐（插图第6版） 
1017818, 8.3, 2601,  观看之道 
4265526, 9.4, 745,  珍藏布列松 
2984865, 8.6, 1687,  马未都说收藏　家具篇 
10590165, 9.5, 639,  聆听音乐 
3410829, 8.6, 1614,  给青年建筑师的信 
10739689, 8.8, 1153,  伟大的电影 
1779243, 8.9, 999,  摄影构图学 
26613052, 8.7, 1249,  我的造梦之路 
25960141, 9.2, 735,  地图（人文版） 
1003093, 8.7, 1204,  美学三书 
1485268, 9.4, 587,  波隆那插画年鉴.第一辑 
3057936, 8.5, 1522,  马未都说收藏　陶瓷篇（上） 
4579688, 8.5, 1502,  丑的历史 
1067710, 9.0, 842,  造型的诞生 
1937346, 8.5, 1487,  亚洲的书籍、文字与设计 
6728876, 8.1, 2214,  知日　 HI! 美术馆 
3334535, 8.5, 1251,  剑桥艺术史：绘画观赏 
3175195, 8.7, 976,  美术史十议 
1019715, 8.8, 881,  世界名画家全集--莫奈 
4149287, 8.9, 770,  好绘本如何好 
4882050, 8.5, 1173,  竹久梦二：画与诗 
19977313, 8.8, 842,  花乱开 
1450035, 9.4, 457,  比亚兹莱插画集 
2979694, 9.2, 555,  赫尔佐格谈赫尔佐格 
5502934, 7.8, 2792,  荒木经惟的天才写真术 
3071208, 9.0, 642,  一章木椅 
3128801, 8.1, 1764,  写给大家的中国美术史 
3335742, 8.6, 960,  设计元素 
1174739, 8.9, 694,  艺用人体解剖 
1315258, 9.0, 616,  中国古代服饰研究 
26848051, 8.8, 735,  造房子 
3410760, 9.0, 606,  江岸送别 
5397340, 9.6, 348,  Alexander McQueen 
1134620, 9.2, 496,  席勒油画.水彩 
26666533, 9.2, 481,  梵高手稿 
25934300, 8.6, 856,  塞拉菲尼抄本 
1483086, 9.1, 511,  Diane Arbus 
25878880, 9.0, 559,  认识艺术（全彩插图第8版） 
3223917, 8.1, 1508,  颜色的故事 
1288019, 9.4, 378,  波隆那插画年鉴（第二辑） 
10602301, 8.3, 1109,  Nancy的街头印象簿 
1515170, 8.9, 573,  室内设计资料集 
1003414, 9.3, 378,  魔镜 
4145428, 8.2, 1152,  为什么设计 
2138351, 9.2, 406,  E.席勒速写 
3410761, 9.0, 472,  山外山 
26662689, 8.8, 554,  画的秘密 
21363162, 9.4, 321,  詹森艺术史（插图第7版） 
26425832, 9.3, 347,  纸上中洲 
1219614, 9.2, 375,  伦勃朗速写 
3287650, 8.0, 1330,  白 
2079491, 8.1, 1171,  另一种讲述的方式 
5935614, 8.6, 620,  杜尚传 
1453129, 9.2, 348,  惊世比亚兹莱 
4818174, 8.6, 609,  黄泉下的美术 
3908344, 9.0, 405,  图像中国建筑史 
25811516, 8.4, 733,  日本的八个审美意识 
5951252, 8.7, 530,  圆与方 
21267489, 9.2, 327,  加德纳艺术通史 
1437472, 8.9, 423,  笔记《清明上河图》 
3933045, 8.7, 510,  旅途上的建筑 
1912653, 9.0, 382,  朱光潜谈美 
2277314, 8.4, 699,  碰巧的杰作 
4126702, 8.5, 615,  心的视界 
1036272, 8.5, 601,  素描基础 
6026129, 8.3, 739,  高处眼亮 
3041567, 8.8, 434,  美的情愫 
1004151, 8.6, 532,  艺用解剖 
4720817, 7.9, 1174,  消解设计的界限 
4048631, 8.6, 517,  摄影师的视界 
1963674, 7.7, 1510,  陈丹青 艾未未：非艺术访谈 
4760770, 8.5, 560,  音乐课 
2296690, 8.1, 880,  拍电影 
11601218, 8.1, 883,  眨眼之间 
7061613, 8.5, 553,  Steal Like an Artist 
3806309, 7.6, 1690,  如何写影评 
10467105, 8.1, 862,  感动，如此创造 
2362352, 9.3, 263,  莫奈 
1430877, 8.3, 688,  妆匣遗珍 
1606879, 9.2, 278,  莫兰迪 
26845199, 9.2, 275,  大都会艺术博物馆指南 
4238217, 9.1, 299,  游艺黑白（上下） 
2331702, 8.3, 650,  大拙至美 
6534870, 8.7, 420,  瓷之色 
4218687, 8.7, 417,  天雨流芳 
3464448, 8.4, 570,  剑桥艺术史：17世纪艺术 
1255097, 8.0, 877,  世界电影史 
5383582, 9.2, 263,  奢华之色 
1493169, 8.9, 338,  指尖下的音乐 
3649874, 8.7, 396,  中国古代艺术与建筑中的“纪念碑性” 
2143015, 8.4, 527,  我们什么也没看见 
1059690, 8.5, 460,  辛丰年音乐笔记 
1276767, 8.0, 790,  设计几何学 
4047917, 8.7, 375,  秋籁居琴话 
20441938, 8.1, 690,  字体故事 
22790094, 8.5, 437,  玛丽娜　阿布拉莫维奇传 
1150414, 9.4, 199,  篆刻学 
10426611, 8.3, 538,  一本摄影书 
3645098, 8.6, 399,  生活在音乐中 
2382924, 8.1, 664,  色彩的性格 
2297218, 7.7, 1075,  蚁呓 
20561931, 8.2, 577,  恋爱中的建筑 
26354318, 9.1, 239,  梵高传 
26721550, 8.4, 455,  Lens　目客003：山本耀司 
1320297, 8.8, 307,  文艺心理学 
25953928, 8.6, 365,  植田正治小传记 
1227959, 8.1, 622,  看 
4606351, 9.1, 233,  傅雷谈艺录 
1065159, 8.6, 364,  尼金斯基手记 
3653125, 9.1, 233,  摄影师的朝圣 
1252151, 8.2, 545,  康定斯基论点线面 
26038326, 9.3, 196,  故宫日历（2015年） 
1785342, 8.1, 596,  达　芬奇传 
4200121, 9.0, 248,  青衣张火丁 
26905274, 8.5, 381,  海错图笔记 
26681349, 8.6, 348,  Lens　视觉004：需要什么，年轻的身体便去找寻 
1038594, 8.5, 386,  罗丹艺术论 
4202342, 8.6, 347,  电影史 
1096240, 8.2, 496,  机械复制时代的艺术作品 
24871971, 8.5, 358,  然而，很美 
26529262, 8.3, 442,  Lens　视觉002：想在一生中做一件正确的事 
25804649, 7.4, 1323,  无知的游历 
25660221, 7.6, 982,  代表作和被代表作 
5936610, 8.2, 467,  工艺之道 
1051175, 7.9, 656,  艺术概论 
1064864, 8.6, 309,  摄影大师对话录 
1627415, 9.0, 216,  中国陶瓷史 
1912129, 9.0, 215,  营造法式 
1065010, 8.9, 233,  谎言的衰落 
2078883, 8.3, 394,  毕加索的成败 
2032347, 8.8, 247,  怎样欣赏音乐 
20471312, 8.6, 296,  大自然的艺术 
25811057, 8.1, 491,  在建筑中发现梦想 
4721058, 9.5, 140,  Figure Drawing 
24878414, 8.3, 389,  少有人看见的美 
3168709, 8.6, 292,  风格与世变 
26577096, 9.1, 190,  吉米　科瑞根 
1480064, 8.7, 264,  夏加尔 
1580046, 9.0, 201,  高迪 
6732077, 7.3, 1336,  艺术里的金钱游戏 
4882052, 8.5, 310,  电影诗学 
10539159, 8.0, 518,  欲望的教育 
1915388, 8.5, 308,  电影的故事 
1856723, 8.6, 279,  沉默的美学 
26586579, 8.9, 214,  敦煌 
20411692, 8.9, 211,  隐秘的知识 
1067019, 8.3, 372,  现代性的五副面孔 
5383583, 9.1, 180,  奢华之色 
1072739, 8.5, 301,  时间―影像 
6039233, 7.5, 940,  蒋勋的卢浮宫 
26800841, 8.9, 207,  Lens　视觉006：我停在你将回来的地方 
5353300, 9.0, 190,  林泉高致 
1010587, 8.1, 443,  古典作曲家排行榜 
1157182, 9.1, 176,  艺术家手册 
4898682, 8.8, 224,  十二美人 
3038328, 8.6, 264,  浮世绘 
1063414, 9.1, 172,  简明牛津音乐史 
1446300, 8.1, 432,  丰子恺谈名画 
4882055, 7.8, 586,  异兽图志 
24527087, 8.7, 229,  干净的错误 
3196877, 8.3, 332,  中世纪的秋天 
1046584, 8.5, 277,  米开朗琪罗传 
3224315, 7.2, 1279,  钓大鱼 
4109177, 9.5, 121,  伯克利现代吉他教程 
4213390, 7.3, 1076,  包豪斯理想 
7001470, 8.9, 189,  四十年的故事 
20515245, 8.6, 239,  20世纪中国艺术与艺术家 
10453633, 8.7, 220,  蓝围巾男人 
3038656, 9.1, 158,  20世纪世界时装绘画图典 
3135032, 8.3, 319,  鹊华秋色 
25736470, 8.7, 214,  素材与身体 
1321743, 8.5, 256,  古典音乐 
1054384, 7.9, 476,  西方美术史十五讲 
1440188, 8.6, 236,  在音乐与社会中探寻 
4710578, 8.5, 252,  艺术的去人性化 
3710672, 7.7, 594,  内秀 
1817964, 8.4, 277,  于小冬讲速写 
3529322, 8.4, 271,  水彩画工作室 I 
1033486, 8.8, 187,  艺境 
5980848, 8.8, 184,  美国设计学院教授讲课手稿　奥列佛风景速写教学 
5399602, 9.7, 97,  Framed Ink 
19971184, 8.5, 237,  废墟的故事 
25789478, 8.8, 183,  宽忍的灰色黎明 
3906332, 8.4, 259,  与古为徒和娟娟发屋 
5247986, 8.5, 231,  书法有法 
1381728, 9.1, 141,  Fashion 
26236437, 6.9, 1666,  八卦艺术史 
26762941, 8.7, 191,  一个人的博物馆 
20456359, 9.2, 130,  纸 
21345677, 8.7, 193,  安妮在工作 
1021698, 8.3, 276,  西方现代艺术史 
4211022, 8.1, 332,  神思陌路 
19912141, 8.6, 205,  为真实的世界设计 
25751322, 7.6, 586,  植物的记忆与藏书乐 
19950884, 9.1, 136,  视觉艺术用光 
25923079, 8.1, 326,  设计师的自我修养 
11626392, 7.8, 435,  这不是一只烟斗 
20513213, 9.0, 137,  色彩与光线 
1046615, 8.5, 206,  达利的秘密生活/一个天才的日记 
2253778, 7.8, 416,  皮娜　鲍什 
1119268, 9.0, 137,  动态素描　着衣人体 
26538428, 7.6, 517,  造物有灵且美 
5333443, 8.4, 222,  抽象与移情 
10748702, 8.7, 171,  宁静乐园 
1911799, 9.1, 125,  酒吧圣经-调酒师宝典 
1018205, 8.0, 332,  风格的特征 
6402688, 8.7, 170,  中国艺术与文化 
20452670, 7.5, 583,  看电影的门道（插图第2版） 
20278563, 8.3, 242,  碧山01：东亚的书院 
4880993, 7.9, 361,  佛像的历史 
25849608, 8.0, 321,  艺术的起源 
20515277, 8.7, 164,  逝者的面具 
6813398, 7.3, 720,  艺术战斗论 
6727670, 8.1, 279,  明代的图像与视觉性 
3238550, 8.0, 305,  老美国志异 
25794692, 8.9, 133,  中国画颜色的研究 
26323411, 7.7, 409,  想象你是一颗飞翔的种子 
1153961, 8.6, 168,  美术史的形状 
25805781, 7.9, 331,  建筑的意境 
26646201, 7.6, 454,  葡萄柚 
3652204, 8.8, 141,  塞尚及其画风的发展 
1929042, 8.9, 130,  一九四零年以来的艺术 
22994564, 9.5, 85,  哥特艺术 
25953656, 7.4, 568,  写真的话 
4582324, 9.3, 96,  中国陶瓷史 
1009164, 8.4, 193,  没有人是艺术家，也没有人不是艺术家 
26335638, 7.3, 641,  蒋勋破解梵高之美 
24297988, 7.8, 339,  西文字体的故事 
1881101, 9.4, 87,  西方六大美学观念史 
25795773, 8.1, 245,  荣荣的东村 
10457355, 7.8, 331,  摇滚谱系 
1626948, 8.7, 142,  视觉思维 
25876641, 8.9, 121,  穿越火焰 
20270447, 8.7, 141,  翰墨荟萃 
2271909, 7.9, 294,  落差 
1036860, 8.0, 267,  艺术的起源 
4852887, 8.5, 166,  希利尔讲艺术史 
1592223, 9.2, 98,  黑白画理 
26022685, 8.2, 215,  现象 
5388015, 8.0, 257,  亲爱的詹姆斯 
26348734, 8.4, 176,  听客溪的朝圣 
1429194, 8.2, 210,  中国书法167个练习 
4263899, 7.6, 397,  设计之美 
2298937, 8.1, 230,  做 
25732578, 8.9, 113,  三十二个展览：印象派全景 
1148778, 8.1, 219,  心印 
1743043, 8.9, 111,  欧洲绘画大师技法和材料 
26416437, 8.2, 192,  名画之谜：历史故事篇 
5326144, 8.8, 117,  后戏剧剧场 
24855168, 9.0, 101,  琴道 
1785522, 8.3, 177,  情感与形式 
4241588, 7.2, 596,  像设计师那样思考 
1149662, 7.9, 257,  艺术风格学 
3909836, 8.3, 176,  柯林斯30分钟水彩花卉 
3159708, 8.5, 146,  西方服装通史经典图鉴 
26674136, 7.9, 248,  京都手艺人 
25997023, 7.7, 309,  亚历山大　麦昆 
1030096, 8.2, 187,  圆顶的故事 
25720155, 8.9, 106,  敦煌壁画复原图 
3444293, 9.7, 63,  Giorgio Morandi 1890-1964 
6104723, 8.6, 132,  英雄的旅程 
1808314, 8.9, 103,  怎样画钢笔画 
5936372, 8.2, 184,  民艺四十年 
2815285, 9.3, 79,  Perspective Drawing Handbook 
3062958, 8.8, 110,  草间弥生全版画集 
5391704, 8.2, 173,  超现实主义宣言 
26850007, 8.2, 171,  一幅画开启的世界 
26284858, 8.7, 112,  欲望的眩晕 
1037839, 8.8, 105,  艺术与科学：贡布里希谈话录和回忆录 
11632465, 8.9, 98,  瓶花谱 瓶史 
26676586, 8.3, 156,  山丘上的修道院 
6963965, 8.1, 188,  大设计 
3830593, 8.5, 132,  艺术家的真实 
1398968, 8.1, 187,  女性，艺术与权力 
26658022, 9.4, 69,  紫禁城100 
11534281, 8.8, 101,  摄影批判导论 
10773827, 8.3, 150,  让木乃伊跳舞 
26806997, 8.5, 126,  平面设计中的网格系统 
2221283, 8.9, 92,  苦瓜和尚画语录 
1016673, 9.1, 79,  水彩画里的色与光 
1491255, 9.3, 69,  世界人文简史 
5450194, 8.5, 119,  形式的生命 
2284069, 9.1, 77,  石涛画语录 
4090260, 9.1, 77,  力量 
25795535, 9.3, 67,  十九世纪欧洲艺术史 
20254610, 8.7, 100,  被遗忘的真迹 
6394943, 9.0, 81,  西方建筑史 
26832918, 8.8, 93,  视觉007：想要不提供翅膀的飞翔 
6967955, 8.3, 139,  天生是个审美的人 
4171533, 8.8, 93,  附庸风雅和艺术欣赏 
10571606, 7.7, 247,  物中看画 
25928292, 7.7, 242,  不懂色彩 不看电影 
26271992, 8.1, 161,  写真物语II：日本摄影1969　1989 
26278292, 7.9, 191,  织色入史笺 
11600001, 8.4, 124,  摄影构图与图像语言 
10509471, 8.6, 106,  52个创意绘画实验 
4233819, 8.0, 171,  石涛 
1323900, 8.6, 103,  中国绘画的历史与审美鉴赏 
1316370, 8.7, 95,  20世纪艺术批评 
10452399, 8.5, 110,  图像与观看 
4257259, 8.1, 150,  设计是什么 
25891899, 7.2, 391,  圆点女王，草间弥生 
26865865, 8.7, 91,  深泽直人 
25760481, 8.7, 92,  电影研究导论（插图第4版） 
25919591, 7.7, 220,  经典人物原型45种 
19964301, 8.3, 125,  日常生活颂歌 
26873136, 8.2, 133,  画在人心的苦闷上 
25873852, 9.2, 63,  杜尚之后的康德 
24899757, 8.6, 95,  舞者 
6429635, 7.7, 209,  克利与他的教学笔记 
25800793, 8.7, 87,  现代主义之后的艺术史 
4713415, 9.7, 47,  大　　北宋　　特展 
1603077, 8.5, 99,  艺术　设计的色彩构成 
1001198, 8.7, 86,  色彩艺术 
1024526, 8.3, 117,  著名画家、雕塑家、建筑家传 
26273245, 8.0, 151,  写真物语I：日本摄影1889　1968 
20279525, 8.1, 138,  现代艺术：1851　1929 
26695223, 7.1, 397,  独立日：用电影延长三倍生命 
1105355, 8.7, 84,  新的冲击 
25816167, 9.7, 45,  人文传统（一） 
25834552, 9.1, 64,  正　院考古　 
26617176, 8.8, 78,  我的真文字 
26293436, 8.2, 122,  碧山06：民艺复兴 
10580248, 6.9, 506,  地书 
1962817, 8.3, 112,  英国速写教学 
1032814, 8.6, 89,  艺术家的传奇 
4905941, 7.6, 217,  达达和超现实主义 
3776390, 8.4, 103,  我们应有的文化 
4121084, 8.3, 110,  马奈的绘画 
10355142, 8.7, 81,  东正教圣像史 
3711444, 9.3, 54,  Photoshop CS3/CS4 Wow! Book
2205654, 9.3, 52,  看示范.学水彩-水彩画书法关键必学 
25786085, 7.9, 147,  即兴的智慧 
21233389, 8.6, 82,  当代艺术的主题 
25894782, 8.7, 76,  不朽的钢琴家 
4920489, 8.6, 82,  爵士乐 
26247864, 9.1, 58,  中国古代金银首饰 
26610898, 8.4, 94,  竹久梦二画集 
2132133, 8.8, 70,  日本暗黑舞踏 
5386667, 8.3, 101,  当代艺术 
25859276, 8.5, 85,  文艺复兴时期的意大利艺术 
6535089, 8.5, 85,  超越再现 
26284399, 7.8, 155,  世界最美的书店 
2145499, 9.0, 61,  Art Forms in Nature 
26409840, 7.6, 187,  最美之物 
1143334, 8.2, 107,  傅山的交往和应酬 
25765054, 8.1, 115,  去伦敦上插画课 
6973688, 7.5, 204,  如何培养美感 
26304875, 8.5, 84,  漫不经心的传奇 
1194876, 9.2, 53,  东亚乐器考 
1939289, 8.5, 84,  视觉艺术的含义 
3071221, 9.0, 59,  演技六讲 
26692203, 8.8, 66,  日本电影史 
1790553, 8.0, 119,  江　四十八手：浮世　的色　　 
3425531, 8.8, 64,  书法 
24892377, 8.2, 100,  巴黎的艺术女神：吉吉画传 
1496324, 8.5, 77,  艺术与历史 
26740258, 8.8, 62,  弗里达 
25776749, 9.3, 46,  王世襄集：锦灰堆 
21372410, 7.8, 134,  自动对焦 
4215068, 9.0, 55,  中国画论研究（上中下） 
4249111, 8.1, 104,  1985年以来的当代艺术理论 
24089002, 7.8, 133,  像导演一样思考 
26354262, 7.6, 162,  就是要整理 : 艺术 
1115792, 8.5, 74,  艺术　设计的立体构成 
26678745, 9.6, 38,  We Go to the Gallery 
25861518, 6.8, 405,  奢侈 
19975555, 8.2, 91,  巴黎神话 
5038495, 8.3, 84,  高更艺术书简 
25795774, 8.5, 71,  风景与西方艺术 
6397149, 8.2, 89,  艺术光晕中的电影 
26796791, 9.1, 48,  永山裕子的水彩课 
25981059, 8.0, 103,  蒙克与摄影 
1661655, 8.9, 54,  山西古建筑通览 
20280795, 7.8, 122,  策展简史 
25819569, 9.3, 42,  摄影理论 历史脉络与案例分析 
7057439, 8.6, 64,  风格与观念 
26667817, 8.9, 53,  早安，生活 
1074732, 8.6, 64,  新艺术的震撼 
26758311, 8.5, 68,  胆小别看画 3 
1265476, 8.2, 85,  艺术 
26393558, 8.6, 62,  水彩画的实质 
10571762, 7.5, 154,  音乐的极境 
26828401, 8.7, 57,  发现薇薇安　梅耶 
26591305, 8.2, 82,  万物身刻 
20497039, 8.1, 87,  戏剧的故事 
25902449, 8.1, 86,  图像的生与死：西方观图史 
24839474, 8.9, 49,  色彩圣经 
19944239, 8.0, 92,  图像的命运 
26379057, 7.5, 144,  长物 
26714710, 7.5, 143,  生命的热情何在 
1679286, 9.3, 38,  黄自元间架结构摘要九十二法 
25806782, 9.5, 34,  人文传统(二) 
10563114, 8.5, 61,  《洛神赋图》与中国古代故事画 
25895044, 7.7, 114,  审丑:万物美学 
25845924, 8.4, 64,  波普主义 
3316828, 9.1, 41,  Photoshop CS3以假乱真的艺术 
10565990, 7.9, 92,  色彩构成 
25752971, 7.4, 146,  烟云过眼 
25898774, 8.9, 45,  伟大的绘画:图解世界名画 
6810299, 9.2, 38,  　若　的三十六堂表演　 
26647513, 8.7, 50,  关于构图问题 
26348288, 9.0, 42,  卢浮宫 
1165742, 8.6, 53,  中国纹样史 
21354012, 8.9, 43,  何藩 昨日香港 
26415199, 9.8, 27,  吕楠经典三部曲（套装共3册） 
25718083, 8.7, 49,  在中间地带 
26802430, 8.3, 63,  诚实的手艺 
5336377, 7.2, 166,  美第奇家族兴亡史 
26699062, 8.2, 67,  如画观法 
19971268, 7.1, 184,  中国艺术 
1348129, 9.1, 37,  　意的身　 
25779312, 8.1, 70,  插花册子 
26819278, 8.8, 43,  一曲微茫 
26866156, 9.4, 31,  幸绘京城守艺人 
25977750, 7.7, 96,  文字的力与美 
11885197, 9.2, 34,  HERE 
26825412, 9.2, 33,  认识乐理 
2368586, 8.6, 46,  &#39; 85美术运动 
1813858, 9.2, 33,  中国敦煌壁画全集 1 
26900644, 8.9, 38,  阴影 
3156475, 8.4, 52,  山川悠远 
11611250, 8.4, 51,  世界动画史 
1172414, 9.2, 32,  中国历代装饰纹样 
20266346, 8.0, 68,  年代学 
26732543, 8.7, 41,  水彩技法完全指南：贵图子的37堂实用水彩课 
26268296, 8.6, 43,  迪士尼的艺术（插图第5版） 
26674042, 7.9, 70,  第九区　游戏 
26830979, 9.1, 32,  宇宙 
24931826, 7.4, 107,  你为什么看不懂现代艺术？为什么你五岁时没做出来？ 
25852352, 8.5, 45,  商人与收藏 
26378537, 7.5, 96,  古画里的中国生活 
26382823, 8.9, 35,  琳琅 
1047441, 8.1, 59,  当代艺术的哲学分析 
26838824, 8.3, 50,  木心美术馆特辑 
26782825, 9.4, 26,  时尚通史 
26794102, 8.3, 48,  图解欧洲艺术史：14世纪 
26856615, 8.6, 40,  肥猫艺术课 
26606499, 8.2, 52,  艺术与文化 
25862678, 8.4, 45,  香乘 
4202383, 8.1, 56,  首演 
3194298, 9.1, 30,  象征的图像 
25923455, 7.1, 130,  痛 
26314659, 8.0, 59,  设计改变生活 
26758312, 7.6, 77,  胆小别看画 4 
25881206, 8.3, 46,  欲求之物：1750年以来的设计与社会 
26279638, 7.1, 122,  中国艺术讲演录 
26292968, 7.7, 70,  写真的思考 
25910891, 7.8, 63,  艺术的疗效 
3116072, 8.8, 33,  中国书法史（全7册） 
26789784, 8.1, 48,  盖博瓦丛书　插画考：插画艺术的黄金时代 
26436676, 7.9, 56,  设计，为更好的世界 
26722320, 7.9, 53,  感知艺术 
20505731, 8.0, 49,  有生之年非看不可的1001幅绘画 
26305944, 8.7, 31,  青花瓷的故事 
26384263, 8.5, 34,  花艺大师到你家　　凌宗　的花品味 
10434751, 7.2, 89,  图像学 
25962831, 9.5, 20,  艺术社会史 
26851858, 8.7, 29,  画的力量 
1603078, 8.3, 37,  艺术　设计的光构成 
26865433, 7.5, 64,  谁在收藏中国 
1379556, 8.3, 36,  　立策展人Independent Curators 
26614161, 7.8, 49,  移动的桃花源 
26760273, 8.0, 40,  性与艺术 
26640170, 8.3, 32,  艺术为社会学带来什么 
11623716, 7.1, 74,  表演圣经 
26627818, 8.7, 24,  神圣艺术 
26351318, 8.2, 31,  开罗埃及博物馆 
26898849, 7.2, 62,  力比多记 
26631439, 7.7, 40,  敦煌石窟艺术简史 
26813989, 7.1, 64,  知日　现代霓虹艺术力 
26731187, 8.6, 22,  英国摄影教室 
26910119, 9.5, 14,  如何看电影 
26892231, 7.9, 30,  早安，生活2017（蓝） 
26593673, 8.5, 21,  图说日本美术史 
26285258, 8.2, 25,  文艺复兴的秘密语言 
3661477, 8.3, 23,  The Art of Art History 
6990277, 7.6, 34,  西方音乐简史 
26544996, 8.7, 18,  教堂建筑的秘密语言 
26882908, 8.3, 21,  图解欧洲艺术史：15世纪 
26913980, 8.4, 19,  阿部智幸的水彩笔记 
26756729, 8.3, 20,  如何看中国画 
26894265, 8.1, 22,  叶锦添的创意美学 : 流形 
26845771, 7.8, 26,  未完成的梦 
26821658, 7.3, 37,  敦煌艺术入门十讲 
26780651, 7.4, 26,  古典时尚考 
26874238, 7.8, 19,  呼吸 
26683667, 7.4, 21,  照片的历史 
26920731, 8.2, 13,  触摸，庙宇 
26891553, 7.8, 15,  西洋镜日历（公元2017年） 
26857147, 7.7, 13,  色彩列传: 绿色 
26899424, 7.8, 12,  艺术与诸众 
26761875, 7.7, 12,  印度诸神的世界 
26872939, 7.8, 10,  陈师曾中国绘画史 （彩图珍藏版） 
2228603, 7.7, 10,  培根　　　 
