Tag: 艺术史 
The number of books: 100 

ID, Rating, Votes, Title
1958685, 8.4, 1899,  美的历史 
3464436, 8.9, 956,  剑桥艺术史：古希腊罗马艺术 
3334535, 8.5, 1251,  剑桥艺术史：绘画观赏 
3175195, 8.7, 976,  美术史十议 
3410760, 9.0, 606,  江岸送别 
1450027, 8.7, 714,  万物 
4218686, 9.0, 488,  中国美术史讲座 
3410761, 9.0, 472,  山外山 
1879204, 8.8, 564,  武梁祠 
10430691, 8.5, 683,  画家生涯 
4818174, 8.6, 609,  黄泉下的美术 
3674485, 8.9, 439,  时空中的美术 
3649874, 8.7, 396,  中国古代艺术与建筑中的“纪念碑性” 
2143015, 8.4, 527,  我们什么也没看见 
11533606, 8.8, 337,  贾科梅蒂的画室 
3312323, 9.1, 208,  艺术与观念（上册） 
3168709, 8.6, 292,  风格与世变 
20411692, 8.9, 211,  隐秘的知识 
1002701, 8.9, 200,  中国绘画三千年 
3196877, 8.3, 333,  中世纪的秋天 
20515245, 8.6, 239,  20世纪中国艺术与艺术家 
3135032, 8.3, 319,  鹊华秋色 
1054384, 7.9, 476,  西方美术史十五讲 
5363491, 8.6, 227,  千年丹青 
1496315, 8.9, 174,  文艺复兴 
6800514, 8.7, 199,  《艺术的故事》笺注 
19971184, 8.5, 237,  废墟的故事 
3906332, 8.4, 259,  与古为徒和娟娟发屋 
26236437, 6.9, 1666,  八卦艺术史 
25803294, 8.8, 161,  画语录 
6059208, 8.9, 145,  图像学研究 
6402688, 8.7, 170,  中国艺术与文化 
1929042, 8.9, 130,  一九四零年以来的艺术 
22994564, 9.5, 85,  哥特艺术 
22994566, 9.7, 75,  巴洛克艺术 
25696117, 8.5, 168,  南画十六观 
20270447, 8.7, 141,  翰墨荟萃 
25928734, 8.9, 114,  古典风格 
4177161, 8.5, 152,  牛津西方艺术史 
1173332, 9.0, 99,  历代名画记 
25833287, 8.7, 125,  我的第一本艺术启蒙书 
2307531, 9.2, 80,  艺术与人文科学 
1037839, 8.8, 105,  艺术与科学：贡布里希谈话录和回忆录 
1015252, 8.5, 132,  中国书画 
4191719, 8.4, 134,  作为精神史的美术史 
20254610, 8.7, 100,  被遗忘的真迹 
4171533, 8.8, 93,  附庸风雅和艺术欣赏 
1086166, 7.5, 306,  中国美术史 
19964301, 8.3, 125,  日常生活颂歌 
3267930, 7.8, 192,  另一种古史 
3202491, 8.6, 96,  艺术的历史 
4713415, 9.7, 47,  大　　北宋　　特展 
1024526, 8.3, 117,  著名画家、雕塑家、建筑家传 
20279525, 8.1, 138,  现代艺术：1851　1929 
1145990, 8.4, 108,  现代艺术的意义 
10482772, 8.5, 98,  寻常物的嬗变 
25834552, 9.1, 64,  正　院考古　 
21233389, 8.6, 82,  当代艺术的主题 
25859276, 8.5, 85,  文艺复兴时期的意大利艺术 
6535089, 8.5, 85,  超越再现 
26662477, 8.9, 57,  艺术的逃难 
25795774, 8.5, 71,  风景与西方艺术 
26611270, 8.7, 61,  从风格到画意 
26313596, 8.9, 54,  现代艺术 
19380776, 8.2, 83,  论美术的现状 
10355213, 7.9, 107,  祖先与永恒 
25902449, 8.1, 86,  图像的生与死：西方观图史 
25806782, 9.5, 34,  人文传统(二) 
26834573, 8.2, 68,  这就是凡　高 
24696954, 9.1, 36,  图像与眼睛 
1399790, 7.7, 90,  美术史的观念 
25873062, 8.7, 43,  艺术界 
3156475, 8.4, 52,  山川悠远 
25986157, 8.2, 58,  佛光无尽 
26201588, 8.0, 66,  名利场 
26382823, 8.9, 35,  琳琅 
25798901, 9.0, 33,  古希腊艺术 
3194298, 9.1, 30,  象征的图像 
26279638, 7.1, 122,  中国艺术讲演录 
10761238, 8.3, 45,  墨梅 
26678663, 8.4, 40,  摇滚编年史 
26303076, 7.7, 62,  山水之境 
3799372, 8.6, 33,  艺术、历史、视觉、文化 
25962831, 9.5, 20,  艺术社会史 
26865433, 7.5, 64,  谁在收藏中国 
20516547, 8.6, 30,  艺术与物性 
26523933, 8.9, 22,  现代绘画简史 
25819931, 7.9, 39,  重返风景：当代艺术的地景再现 
26593673, 8.5, 21,  图说日本美术史 
26285258, 8.2, 25,  文艺复兴的秘密语言 
3661477, 8.3, 23,  The Art of Art History 
24738734, 8.9, 17,  叙事和图画 
26882908, 8.3, 21,  图解欧洲艺术史：15世纪 
25841002, 8.6, 18,  世界音乐通史 
26411248, 7.7, 24,  万变 
26668696, 8.0, 18,  可视的艺术史：从教堂到博物馆 
26683667, 7.4, 21,  照片的历史 
26690183, 7.8, 16,  欧洲艺术 
26857122, 7.8, 10,  长安街与中国建筑的现代化 
26865591, 7.6, 10,  中国艺术史九讲 
