Tag: 英国 
The number of books: 280 

ID, Rating, Votes, Title
1041007, 9.0, 82341, 哈利·波特与魔法石 
1040211, 9.2, 46835, 福尔摩斯探案全集（上中下） 
1071241, 8.9, 70047, 哈利·波特与阿兹卡班的囚徒 
1009257, 8.9, 67957, 哈利·波特与火焰杯 
1083428, 8.8, 80162, 傲慢与偏见 
1858513, 8.9, 61385, 月亮和六便士 
1039487, 8.8, 67775, 哈利·波特与密室 
2295163, 8.9, 53384, 哈利·波特与死亡圣器 
4820710, 9.3, 28030, 1984 
1432596, 8.8, 59504, 哈利·波特与混血王子 
1141406, 8.5, 101538, 简爱 
2035179, 9.2, 28045, 动物农场 
1082387, 9.2, 23979, 一九八四·动物农场 
1827374, 9.0, 32402, 东方快车谋杀案 
1013129, 8.6, 56094, 哈利·波特与凤凰社 
3006581, 8.9, 30634, 无人生还 
2035162, 9.0, 22367, 刀锋 
1119522, 8.4, 54306, 呼啸山庄 
1807516, 8.9, 14868, 罗杰疑案 
1119839, 9.1, 11011, 王尔德童话 
26698660, 9.0, 10920, 巨人的陨落 
1818347, 8.7, 17013, 尼罗河上的惨案 
2035171, 9.0, 10678, 人生的枷锁 
4187411, 8.8, 14398, 万物有灵且美 
1394364, 8.8, 13703, 银河系漫游指南 
1016003, 8.0, 40857, 鲁滨逊漂流记 
1316648, 8.3, 21550, 查令十字街84号 
1040104, 8.7, 11005, 魔戒（第一部） 
1001136, 8.8, 9338, 彼得·潘 
1856025, 8.9, 7254, 道连·葛雷的画像 
1006197, 8.4, 15254, 哈姆莱特 
24934182, 8.1, 22698, 一个人的朝圣 
4011440, 8.0, 25418, 最初的爱情 最后的仪式 
1056461, 8.3, 14837, 旅行的艺术 
1041128, 8.5, 10724, 天蓝色的彼岸 
10560798, 8.7, 7909, 面纱 
1321789, 8.5, 8903, 美丽新世界 
10774752, 9.1, 3871, 毛姆短篇小说精选集 
4714015, 9.0, 4129, 万物既伟大又渺小 
1203251, 8.1, 15458, 雾都孤儿 
1007772, 8.2, 12713, 双城记 
2340609, 9.0, 3529, 2001太空漫游 
10439064, 9.0, 3395, 发现之旅 
3014444, 8.7, 4650, 自深深处 
4882023, 9.2, 2449, 万物既聪慧又奇妙 
3673651, 7.7, 23532, 岛 
5366382, 8.7, 4196, 夜航西飞 
3594151, 8.1, 10122, 柑橘与柠檬啊 
6712255, 8.8, 3498, 天真的人类学家 
1016429, 8.6, 4431, 毛姆读书随笔 
10488563, 8.7, 3771, 宇宙尽头的餐馆 
2996596, 8.4, 5794, 特别的猫 
21979017, 9.5, 1445, 魔戒 
1079252, 8.2, 6826, 爱情笔记 
1085021, 8.2, 6680, 蝴蝶梦 
1072334, 8.5, 4226, 魔戒前传 
2033081, 8.2, 6399, 身份的焦虑 
1034922, 8.9, 2398, 莎士比亚喜剧悲剧集 
4202422, 8.3, 5295, 云图 
4143051, 8.6, 3419, 荆棘之城 
6097966, 8.1, 6954, 发条橙 
1882915, 8.9, 2269, 莎士比亚四大悲剧 
1045201, 8.2, 5713, 哲学的慰藉 
1872158, 8.2, 5552, 蝇王 
3129584, 8.8, 2398, 莎乐美 
1433572, 9.2, 1508, 随风而来的玛丽阿姨 
1089049, 9.3, 1336, 莎士比亚全集（全8册） 
5993314, 8.0, 7154, 安吉拉·卡特的精怪故事集 
1035477, 7.8, 9971, 德伯家的苔丝 
10768068, 8.4, 3529, 寻欢作乐 
3191247, 8.7, 2377, 好兆头 
4881998, 8.4, 3487, 猜火车 
2073345, 8.7, 2354, 拜伦 雪莱 济慈 抒情诗精选集 
6797396, 8.5, 2958, 焚舟纪 
3026875, 8.7, 2318, 幕后凶手 
3402999, 8.5, 2951, 到灯塔去 
1014144, 8.3, 3882, 大卫·科波菲尔（上下） 
4175473, 8.6, 2196, 波斯少年 
2980471, 8.2, 3616, 赎罪 
1468426, 8.7, 1848, 利维坦 
4882159, 7.6, 9077, 橘子不是唯一的水果 
3908032, 7.3, 16127, 怪诞心理学 
25746578, 9.2, 1005, 大英博物馆世界简史（全3册） 
1011228, 8.3, 2948, 远大前程 
10473355, 8.6, 1961, 木麻黄树 
4097264, 9.0, 1198, 小兔彼得和他的朋友们（全3册） 
21346008, 8.5, 2062, 米格尔街 
10764363, 9.2, 913, 是，大臣 
10519369, 9.4, 726, 万物生光辉 
1397467, 7.9, 4551, 理智与情感 
3338175, 7.9, 4366, 诗翁彼豆故事集 
3689118, 8.3, 2427, 梦想家彼得 
4038615, 9.3, 775, 阿加莎·克里斯蒂侦探推理“波洛”系列（全32册） 
3010128, 8.6, 1617, 剧院风情 
3669671, 8.5, 1805, 我们在此相遇 
10746177, 8.5, 1794, 终结的感觉 
5336228, 8.7, 1409, 作家笔记 
4219125, 8.3, 2328, 坟场之书 
26356948, 7.0, 21746, 摆渡人 
1468997, 8.6, 1573, 守望灯塔 
4870150, 8.3, 2298, 44号孩子 
19938026, 8.5, 1760, 生命，宇宙以及一切 
1063401, 8.4, 1888, 精灵宝钻 
1760730, 8.3, 2121, 伍尔夫读书随笔 
3055316, 7.7, 5083, 第十三个故事 
3210683, 8.2, 2378, 星尘 
3783409, 8.7, 1239, 圣殿春秋（上） 
4151134, 7.8, 4217, 只爱陌生人 
1415226, 8.7, 1244, 奥兰多 
1028779, 8.1, 2588, 神奇动物在哪里 
1825855, 8.8, 1087, 荒原 
6744648, 8.8, 1083, 与拉玛相会 
1039840, 7.6, 5618, 查特莱夫人的情人 
20279665, 9.2, 656, “太空漫游”四部曲 
20470849, 8.3, 1768, 神的九十亿个名字 
5940829, 8.1, 2285, 写在身体上 
1027767, 8.2, 1975, 时间的女儿 
3172156, 8.5, 1356, 柏林谍影 
4198469, 8.2, 1973, 轻舔丝绒 
3175259, 8.3, 1725, 锅匠，裁缝，士兵，间谍 
3765092, 8.6, 1162, 旧地重游 
26349261, 8.3, 1685, 孤儿列车 
3783412, 8.8, 939, 圣殿春秋（下） 
1433659, 7.8, 3352, 失恋排行榜 
5283663, 8.4, 1407, 另一个波琳家的女孩 
2032523, 8.5, 1230, 失乐园 
1000251, 9.0, 712, 王尔德全集 
5988558, 8.3, 1579, 深夜小狗神秘事件 
6832303, 6.9, 16176, 别相信任何人 
4818177, 8.2, 1674, 英国人的言行潜规则 
2174410, 8.2, 1661, 名利场 
2135139, 8.4, 1290, 我为什么要写作 
2280027, 7.6, 3816, 自杀俱乐部 
19898714, 7.6, 3667, 偶发空缺 
4836697, 8.3, 1376, 看见真相的男孩 
6879215, 7.6, 3644, 乌克兰拖拉机简史 
20425489, 9.3, 453, 是，首相 
26725405, 7.9, 2166, Harry Potter and the Cursed Child 
1607478, 8.3, 1280, 巴黎伦敦落魄记 
10594802, 8.0, 1898, 写给无神论者 
26591906, 8.3, 1210, 浮生梦 
6003394, 8.2, 1368, 爱，始于冬季 
4160472, 8.5, 967, 告诉我，你怎样去生活 
5988624, 8.2, 1388, 远山淡影 
2174400, 8.2, 1361, 达洛卫夫人 
6873632, 8.7, 741, 冒烟的耳朵和尖叫的牙齿 
2364762, 8.7, 743, 唐璜（上下册） 
3774646, 8.2, 1313, 平面国 
5940877, 8.4, 1024, 激情 
12404751, 8.6, 808, 遥远地球之歌 
21690283, 8.2, 1288, 再会，谢谢所有的鱼 
3190550, 8.3, 1135, 巨匠与杰作 
3402988, 8.9, 577, 海浪 
2042631, 7.9, 1893, 弗兰肯斯坦 
10740054, 8.0, 1610, 给樱桃以性别 
3931849, 7.6, 2817, 天黑前的夏天 
26292964, 8.8, 596, 世界小史 
1959270, 8.0, 1516, 小世界 
20273030, 8.3, 1013, 哈尔的移动城堡 
10563464, 8.8, 574, 总结 
2568438, 8.6, 693, 权力与荣耀 
26276743, 8.5, 729, 金雀花王朝 
6560651, 7.9, 1515, 雨必将落下 
4262685, 8.0, 1324, 戏梦巴黎 
26262141, 8.3, 887, 毛姆传 
26607924, 8.4, 793, 午夜之子 
3266349, 8.3, 891, 恋情的终结 
25919825, 8.4, 792, 大河湾 
10432334, 8.3, 854, Me Before You 
2375988, 8.0, 1214, 一间自己的屋子 
3073401, 7.4, 2858, 隐之书 
10430397, 8.9, 436, 艺术通史 
3665961, 8.2, 904, 客厅里的绅士 
7046857, 8.3, 763, 长日留痕 
5043526, 7.6, 1883, 床笫之间 
6885341, 8.1, 897, 别让我走 
3668430, 8.4, 623, 明智的孩子 
4191638, 8.4, 621, 10 1/2章世界史 
1927487, 7.7, 1354, 乌托邦 
3174506, 8.5, 507, 一个自行发完病毒的病例 
26394876, 8.9, 335, 小说机杼 
4732177, 8.1, 728, 小说的艺术 
1858493, 7.8, 1049, 虹 
10774932, 8.0, 728, 柠檬桌子 
26266067, 8.9, 262, 重返美丽新世界 
26756030, 8.4, 407, 时间之间 
20273137, 7.8, 779, 伦敦塔集雨人 
11584608, 7.5, 1147, 世界和其他地方 
6799474, 9.0, 224, 文化与社会 
20273121, 8.2, 480, 易碎品 
26342182, 8.7, 285, 天堂之火 
25840545, 7.2, 1625, 布谷鸟的呼唤 
4742942, 8.4, 358, 归于尘土 
5260193, 7.7, 741, 狼厅 
21370327, 8.5, 303, 学做工 
22606931, 8.5, 299, 寒鸦行动 
1812843, 7.7, 709, 在中国屏风上 
3826293, 8.2, 392, 教授与疯子 
26308505, 8.4, 314, 杂草的故事 
25959972, 8.3, 338, 染血之室与其他故事 
26840830, 8.9, 195, 爱德华·巴纳德的堕落 
26791409, 8.7, 229, 奇爱博士 
26310659, 8.9, 188, 莎士比亚 
4869637, 8.1, 380, 福楼拜的鹦鹉 
26900889, 9.1, 154, 佛罗伦萨的神女 
3158094, 8.8, 194, 英国个人主义的起源 
1065410, 8.2, 325, 三怪客泛舟记 
25762288, 9.2, 135, 风景与记忆 
1780564, 8.7, 201, 米德尔马契（全二册） 
26323105, 9.2, 134, 艺术的力量 
26328639, 7.4, 793, 一份不适合女人的工作 
6722199, 9.2, 131, 英国文学史（全三册） 
1535600, 8.2, 297, 黑暗的心 
26819479, 8.5, 217, 小说药丸 
25920297, 7.7, 487, 丘吉尔的黑狗 
26883132, 8.9, 148, 英格兰简史 
26895254, 9.1, 125, 雪中的印记 
25887908, 8.6, 188, 提堂 
26609809, 6.8, 1670, 火车上的女孩 
4121656, 8.4, 221, 水之乡 
25850008, 8.4, 221, 奥登诗选：1927-1947 
26220631, 8.3, 238, 霍夫曼博士的魔鬼欲望机器 
4214860, 7.3, 700, 绅士生活 
25702794, 8.3, 225, 银行家的情人 
26686803, 9.0, 121, 葬礼竞技会 
26837789, 8.6, 165, 不存在的父亲 
19975229, 8.8, 139, 时间之线 
26866448, 8.6, 161, 皮囊之下 
26765930, 9.4, 90, 努门诺尔与中洲之未完的传说 
26286751, 8.5, 173, 文学阅读指南 
1154561, 7.9, 283, 抵达之谜 
26286757, 8.8, 122, 莎士比亚的动荡世界 
26667282, 8.6, 144, 见信如晤 
20472494, 9.0, 101, 漫长的革命 
26752646, 8.0, 231, 天意 
26711222, 8.5, 145, 一九〇六：英伦乡野手记 
25985298, 8.7, 124, 巫术师 
5375977, 9.1, 88, 英格兰宪政史 
25760132, 8.9, 99, 重访希区柯克 
25722936, 8.7, 115, 孩子们的书 
1103362, 8.7, 112, 塞耳彭自然史 
26702850, 8.9, 95, 大博弈 
26646633, 8.4, 138, 高窗 
6838389, 9.0, 81, Why Be Happy When You Could Be Normal? 
26575658, 7.9, 195, 被掩埋的巨人 
5063402, 7.7, 240, 歌唱的白骨 
26652354, 8.4, 116, 世界重启 
26902009, 8.7, 83, BBC世界史 
24740871, 8.3, 111, 乡村与城市 
26775503, 8.5, 93, 伦敦传 
25889953, 8.4, 99, 古道 
26844660, 9.4, 51, 经典摇滚音乐指南·齐柏林飞艇 
1763860, 8.8, 71, 眾妙之門 
26545443, 7.8, 148, 自由的基因 
26365959, 8.2, 97, 模仿者 
26666023, 8.5, 75, 睡美人与魔纺锤 
26907738, 9.0, 53, 圣诞男孩 
26644964, 8.3, 82, 耶鲁文学小历史 
26751986, 8.6, 60, 特拉法尔加战役 
26844939, 7.9, 96, 只有她知道 
26852367, 8.3, 67, 文具盒里的时空漫游 
26870270, 8.2, 68, 第十个人 
26862163, 8.4, 57, 她他 
26857911, 8.7, 39, 叶之震颤 
26787948, 8.7, 36, 不止信仰 
3090839, 7.7, 70, 黑王子 
26806567, 8.5, 37, 高能预警 
26286752, 8.3, 33, 影舞 
19896056, 9.2, 20, 永恆之王: 亞瑟王傳奇 
26435598, 7.4, 46, Career of Evil (Cormoran Strike) 
26698900, 8.3, 23, 大雾霾 
26917251, 7.8, 25, 哈利·波特神奇动物解密宝典 
26937732, 9.7, 10, 黑暗时代的她们 
26892916, 8.2, 16, 极简图书史 
26879082, 8.3, 15, 吉诃德大神父 
26930483, 7.9, 13, 英国插画师 
26840136, 8.2, 11, 惊悦 
2118471, 7.0, 21, 绿色黄金 
26901824, 7.8, 12, 阿加莎的毒药 
26916148, 7.5, 14, 血王冠：玫瑰战争 
