Tag: 茨威格 
The number of books: 80 

ID, Rating, Votes, Title
2154960, 8.7, 38533, 一个陌生女人的来信 
1159939, 8.5, 21868, 一个陌生女子的来信 
1083762, 8.7, 11521, 人类的群星闪耀时 
1062343, 9.2, 5705, 昨日的世界 
2158684, 9.0, 4725, 象棋的故事 
1818583, 9.1, 2098, 斯·茨威格中短篇小说选 
2146279, 9.0, 2305, 心灵的焦灼 
4173402, 8.4, 2687, 昨日之旅 
1083483, 8.7, 1829, 一个陌生女人的来信 
1465543, 8.8, 1518, 异端的权利 
1051745, 8.7, 1440, 一个陌生女人的来信 
10563555, 8.9, 1078, 恐惧 
2146277, 9.1, 784, 一个政治性人物的肖像 
1123546, 8.8, 910, 一个陌生女人的来信 
1320521, 8.8, 806, 一个陌生女人的来信 
1760134, 9.1, 538, 茨威格小说集 
1316564, 8.9, 508, 情感的迷惘 
6730333, 8.6, 647, 变形的陶醉 
1051524, 8.3, 880, 断头王后 
3044492, 7.4, 2066, 百年诅咒 
1065485, 8.6, 444, 玛丽·斯图亚特 
21714777, 8.3, 400, 巴西：未来之国 
11637640, 8.8, 233, 一个陌生女人的来信 
6538431, 9.1, 169, 一个陌生女人的来信 
4320859, 8.9, 172, 外国中短篇小说藏本·茨威格 
3040515, 8.9, 169, 灼人的秘密 
26352569, 9.3, 114, 茨威格文集 
1068151, 8.7, 180, 夜色朦胧 
1925129, 9.0, 139, 茨威格文学代表作 
1024060, 9.0, 133, 国际象棋的故事 
4108901, 8.8, 155, Letter from an Unknown Woman 
21335414, 8.8, 133, 马来狂人 
25751749, 8.6, 141, 一个陌生女人的来信 
10603708, 8.6, 129, 茨威格情欲小说 
3931477, 8.1, 167, 犹太人的命运 
1210503, 9.2, 64, 象棋的故事 
19966302, 9.1, 62, 茨威格中短篇小说经典 
6535064, 8.8, 73, 一个陌生女人的来信 
5338526, 8.8, 63, 一个陌生女人的来信 
11444363, 8.3, 88, 一个陌生女人的来信 
26256868, 8.7, 62, 一个陌生女人的来信 
26256868, 8.7, 62, 一个陌生女人的来信 
3583519, 8.7, 61, 回归自我 
1138765, 8.2, 83, 罗曼·罗兰传 
4880389, 8.5, 66, 一个陌生女人的来信 
1291477, 8.4, 69, 精神疗法 
4051532, 8.3, 68, 一个陌生女人的来信 
26374535, 8.9, 45, 一个女人一生中的二十四小时 
26394190, 9.1, 40, 鹿特丹的伊拉斯谟 
1424708, 9.1, 39, The World of Yesterday 
1388331, 8.5, 55, 一个女人的24小时 
1327345, 8.5, 51, 自画像 
1459745, 8.8, 41, 世界文学著名文库 第一辑 
26335337, 9.2, 32, 昨日世界 
25895962, 9.1, 33, 一个陌生女人的来信 
1118817, 8.5, 43, 为爱疯狂 
1959534, 8.3, 46, 一个陌生女人的来信 
1763023, 8.6, 36, 昨日世界：一個歐洲人的回憶 
25857441, 8.5, 31, 邂逅人与书籍 
4743480, 9.5, 19, 心灵的焦灼 
3080219, 8.9, 25, 危险的怜悯 
1192728, 8.6, 29, 心灵的焦躁 
2055745, 9.1, 21, 人类命运攸关的时辰 
25882970, 9.2, 19, 巴尔扎克传 
1017465, 8.7, 24, 大探险家 
1208899, 7.9, 37, 海滨之屋 
2101439, 8.9, 20, 三大师 
1120817, 8.0, 32, 玛丽亚.斯图亚特 
1898593, 8.4, 25, 三人书简 
1016247, 8.3, 22, 茨威格传记精华――罗曼・罗兰 
1208897, 7.6, 31, 罗曼·罗兰传 
1191019, 8.3, 20, 麦哲伦传 
6852590, 7.4, 25, 茨威格画传 
26118434, 7.9, 17, 一颗心的沦亡 
1642810, 8.2, 14, 与魔搏斗的人 
1021671, 8.2, 14, 茨威格自传 
1642814, 7.9, 15, 罗曼·罗兰 
22685326, 7.6, 13, 三作家 
1548196, 6.1, 32, 茨威格小说研究 
1001095, 7.8, 10, 人文之光 
