Tag: 西方哲学 
The number of books: 300 

ID, Rating, Votes, Title
3261600, 9.3, 5562,  人生的智慧 
1004821, 8.7, 12775,  理想国 
1008189, 8.9, 8640,  西方哲学史（上卷） 
1012032, 8.6, 7376,  查拉图斯特拉如是说 
1004699, 8.9, 4440,  作为意志和表象的世界 
6425061, 8.6, 5824,  哲学家们都干了些什么？ 
1012307, 9.1, 3003,  规训与惩罚 
1089398, 8.9, 3525,  西方哲学史（下卷） 
1071227, 9.0, 2898,  大问题 
1063852, 8.8, 3583,  悲剧的诞生 
1036541, 8.7, 4075,  疯癫与文明 
1216737, 8.9, 2780,  纯粹理性批判 
1783111, 8.7, 3117,  存在与时间 
1292412, 9.1, 1760,  叔本华思想随笔 
1460340, 8.9, 2205,  人性的，太人性的 
1079104, 8.6, 3153,  尼采：在世纪的转折点上 
1005354, 9.1, 1484,  逻辑哲学论 
1071023, 8.6, 2391,  谈谈方法 
1051943, 9.1, 1236,  尼各马可伦理学 
1027280, 9.2, 1118,  柏拉图的《会饮》 
1060531, 8.5, 2396,  忏悔录 
6073019, 9.1, 1181,  斐多 
1116338, 9.1, 1058,  叔本华论说文集 
1070410, 8.9, 1301,  柏拉图对话集 
1034259, 8.5, 2058,  小逻辑 
1315184, 9.0, 1107,  哲学研究 
1053009, 9.2, 886,  游叙弗伦 苏格拉底的申辩 克力同 
3463292, 9.2, 829,  叔本华美学随笔 
4766921, 8.9, 1054,  解体概要 
1041452, 8.4, 1823,  存在与虚无 
1137244, 9.1, 807,  判断力批判 
1005692, 8.4, 1722,  西方哲学史 
1076280, 8.7, 1150,  第一哲学沉思集 
1254278, 8.7, 1129,  思想录 
1027085, 8.3, 1838,  叔本华人生哲学 
1251839, 8.6, 1246,  权力意志 
1437687, 8.7, 1045,  性经验史 
3389811, 8.7, 996,  西方哲学史（修订第8版） 
1393233, 9.2, 583,  古典时代疯狂史 
1787729, 8.4, 1375,  单向度的人 
1083054, 9.0, 688,  现代性与大屠杀 
1030294, 8.8, 834,  林中路 
1077428, 9.1, 618,  自然权利与历史 
1077833, 8.7, 864,  形而上学 
1223897, 9.1, 562,  实践理性批判 
1274953, 8.7, 824,  伦理学 
2111791, 8.7, 826,  哲学问题 
1077568, 9.0, 589,  自由论 
1178535, 8.6, 869,  人性论（上下） 
2213965, 8.2, 1404,  他人就是地狱 
1095849, 8.8, 655,  词与物 
14439405, 8.9, 583,  哲学的故事 
1227966, 7.8, 2123,  你的第一本哲学书 
1444025, 8.2, 1176,  存在主义是一种人道主义 
1074030, 8.3, 965,  西方哲学十五讲 
1048672, 8.0, 1425,  尼采生存哲学 
1651032, 8.5, 738,  西方哲学史 
1012380, 8.8, 516,  精神现象学（上卷） 
1228193, 8.4, 775,  回忆苏格拉底 
1315167, 9.0, 406,  历史的用途与滥用 
1392562, 8.5, 648,  康德哲学讲演录 
3803268, 8.5, 645,  历史决定论的贫困 
6784964, 8.5, 643,  观点 
1288870, 8.4, 688,  看哪这人 
1074329, 8.9, 402,  尼采（上下） 
1731081, 9.1, 336,  叔本华论道德与自由 
1069576, 8.5, 602,  西方哲学史 
2222359, 8.9, 398,  非理性的人 
1958791, 9.1, 324,  朝霞 
1271862, 9.2, 278,  偶然、反讽与团结 
1500045, 8.7, 432,  猜想与反驳 
1039771, 8.9, 356,  法哲学原理 
5396636, 9.2, 270,  资本主义与精神分裂 （卷二） 
2143763, 8.4, 563,  疯狂的意义 
4246032, 9.4, 222,  西方哲学史讲演录 
1071514, 8.8, 372,  西方哲学原著选读(下卷) 
1002562, 8.7, 387,  论道德的谱系 善恶之彼岸 
1052276, 8.9, 318,  路标 
1251842, 9.3, 227,  巴曼尼得斯篇 
1050527, 8.8, 333,  逻辑学（上卷） 
1065051, 7.6, 1208,  西方哲学简史 
1024677, 8.2, 571,  上帝死了 
1288402, 9.3, 200,  马克思恩格斯选集（第一卷） 
1008757, 9.0, 234,  致死的疾病 
1048712, 8.4, 407,  柏拉图全集（第一卷） 
1095500, 8.8, 276,  意识形态的崇高客体 
1426973, 8.5, 362,  诗人哲学家 
1010615, 8.6, 309,  自由之路 
1066008, 8.7, 279,  非此即彼 
1827054, 9.1, 196,  诺斯替宗教 
1462846, 8.8, 249,  克尔凯戈尔日记选 
10449401, 9.3, 162,  现代性的神学起源 
1023775, 8.6, 293,  不正常的人 
2296820, 8.8, 235,  现象学的观念 
1034534, 8.0, 519,  人，诗意地安居 
2019392, 9.0, 194,  罗素论自由 
1020182, 8.5, 300,  尼采与柏拉图主义 
4712697, 9.0, 190,  康德《纯粹理性批判》句读 
10485841, 8.8, 223,  作为教育家的叔本华 
1031720, 7.8, 622,  现代西方哲学十五讲 
2256360, 8.8, 222,  胡塞尔现象学 
2302817, 8.8, 222,  批判哲学的批判 
3069267, 9.1, 174,  陀思妥耶夫斯基的世界观 
1054092, 8.1, 415,  罗素自传（第一卷） 
1085518, 8.4, 309,  临床医学的诞生 
1030254, 8.0, 466,  误入世界 
2338733, 8.4, 292,  西方的智慧 
2008074, 8.6, 242,  希腊悲剧时代的哲学 
2278697, 8.6, 237,  赫拉克利特著作残篇 
1067969, 9.3, 134,  哲学史教程（下卷） 
1512490, 8.3, 294,  实用主义 
1116325, 8.6, 216,  人类理解论（上下） 
2997197, 8.6, 215,  权利与意志 
1068301, 8.4, 254,  意识形态与乌托邦 
1799735, 8.2, 310,  邓晓芒讲黑格尔 
3117984, 9.1, 140,  康德《判断力批判》释义 
1506334, 9.2, 129,  论反讽概念 
1315211, 8.9, 163,  论三位一体 
1393386, 8.7, 190,  主体解释学 
1023293, 8.4, 246,  权力的眼睛 
1228654, 8.6, 199,  物性论 
1245505, 8.5, 218,  自然宗教对话录 
1444022, 9.1, 133,  欧洲科学危机和超验现象学 
1075174, 8.9, 150,  逻辑学（下卷） 
1768046, 8.5, 205,  从黑格尔到尼采 
1026171, 8.7, 171,  尼采与哲学 
1086511, 8.5, 199,  人类的知识 
1245516, 8.8, 152,  纯粹现象学通论 
5373892, 8.2, 251,  宗教的本质 
1450985, 8.5, 181,  黑格尔辩证法讲演录 
1536540, 8.1, 262,  论宗教宽容 
1812420, 8.7, 154,  保卫马克思 
1010750, 8.7, 152,  伦理学的两个基本问题 
7056695, 9.1, 110,  论我们教育机构的未来 
26264205, 9.5, 82,  道德的谱系 
1135056, 8.4, 186,  道德原则研究 
1443350, 9.1, 107,  康德著作全集.第４卷 
1443526, 8.2, 220,  新工具 
3413840, 8.7, 141,  思辨的张力 
20284227, 8.4, 178,  欢迎来到实在界这个大荒漠 
3075468, 8.9, 119,  哲学史方法论十四讲 
25723773, 9.0, 109,  柏拉图对话录 
3806060, 9.3, 88,  爱比克泰德论说集 
2051548, 9.1, 97,  人的奴役与自由 
2281398, 8.6, 140,  海德格尔思想与中国天道 
6129143, 8.4, 165,  现象学导论七讲 
3022640, 8.0, 238,  逻辑学十五讲 
1248122, 8.5, 149,  数理哲学导论 
1809123, 8.8, 115,  逻辑研究（第一卷） 
3349509, 8.5, 146,  科学发现的逻辑 
26581735, 9.0, 98,  黑格尔 
1082468, 8.8, 112,  维特根斯坦全集（全12卷） 
1463876, 8.4, 152,  存在主义 
1060196, 8.9, 101,  思想家 
1157313, 8.4, 149,  物理学 
1252117, 8.4, 149,  范畴篇 解释篇 
1073103, 8.5, 129,  笛卡尔哲学原理 
4882100, 8.6, 115,  人类知识原理 
1072932, 8.3, 145,  哲学辞典 
4165362, 7.4, 366,  尼采的锤子 
2248141, 8.7, 104,  胡塞尔现象学概念通释 
4814377, 9.0, 81,  同一与差异 
1276339, 9.0, 81,  海德格尔选集（上下） 
1018634, 8.4, 126,  卢梭　康德　歌德 
2125921, 8.1, 156,  西方哲学与人生(第一卷) 
1223943, 7.8, 201,  拉康选集 
4230644, 8.7, 93,  分道而行 
1016764, 8.8, 87,  希腊哲学史 第一卷 
25798589, 9.1, 70,  潜能 
1467300, 8.2, 135,  黑格尔导读 
4908875, 9.3, 61,  康德与形而上学疑难 
21233495, 9.6, 49,  洛克与自由社会 
20276111, 8.9, 73,  智者 
1292301, 9.0, 68,  生活世界现象学 
1019043, 8.3, 113,  哲学寓言集 
1226351, 7.7, 195,  西方哲学笔记 
1526790, 8.8, 76,  德国古典哲学逻辑进程 
4117984, 9.2, 58,  维特根斯坦《哲学研究》解读 
1476953, 7.9, 153,  生存空虚说 
1267621, 8.5, 91,  感觉的分析 
1061195, 8.8, 74,  启蒙哲学 
2259925, 9.2, 57,  《逻辑哲学论》研究 
1853165, 9.1, 61,  弗雷格哲学论著选辑 
6062279, 9.2, 57,  现象学运动 
1916705, 7.7, 179,  牛津西方哲学史 
1878203, 8.3, 103,  康德哲学诸问题 
1811506, 9.3, 52,  精神哲学 
3147099, 8.5, 88,  论精神 
26774090, 8.5, 85,  内在体验 
1066774, 8.2, 106,  创造进化论 
3336968, 8.8, 68,  时间现象学的基本概念 
1065576, 8.4, 87,  萨特文学论文集 
4872491, 8.0, 112,  叔本华 
3313440, 7.4, 197,  海德格尔 
4062211, 9.4, 42,  还原与给予 
24699319, 9.4, 42,  哲学史讲演录（新校重排本） 
1214270, 7.5, 175,  维特根斯坦的拨火棍 
3040511, 9.0, 52,  主体性和自身性 
1226635, 8.3, 83,  思维方式 
1270576, 8.2, 88,  西方哲学智慧 
1851383, 9.2, 44,  哲学与真理 
25900379, 8.7, 58,  导读利奥塔 
6000089, 7.3, 189,  尼采 
11542251, 8.6, 61,  《存在与时间》释义 
1510740, 8.1, 88,  全部知识学的基础 
5500884, 8.4, 70,  哲学百科 
4922508, 8.2, 81,  简论上帝、人及其心灵健康 
2165276, 7.9, 101,  西方哲学经典讲演录 
1135048, 8.5, 62,  人类理智新论 
2256290, 8.3, 72,  笛卡尔与《第一哲学的沉思》 
1315193, 7.8, 107,  哲学通信 
1040965, 8.2, 76,  后形而上学思想 
25810167, 7.7, 112,  哲学百科 
4220051, 8.9, 46,  20世纪亚里士多德研究文选 
1228655, 8.1, 78,  狄德罗哲学选集 
1880079, 8.9, 43,  弗洛伊德 
26354332, 9.4, 33,  泰阿泰德 
24701792, 8.7, 46,  在康德与黑格尔之间 
26791792, 9.5, 29,  敌基督者-对基督教的诅咒 
4140491, 8.4, 53,  自我的超越性 
1275397, 8.9, 39,  胡塞尔选集（上下） 
1429828, 7.3, 131,  莫伟民讲福柯 
4179680, 8.5, 47,  热爱生命 
1495244, 8.7, 40,  犹太教神秘主义主流 
2335441, 8.2, 56,  西方哲学基础文献选读 
6124203, 8.8, 38,  胡塞尔思想概论 
26711191, 8.4, 48,  简单的哲学 
3090933, 8.5, 45,  宗教与哲学的相遇 
1316284, 8.1, 58,  休谟经典文存 
1018390, 8.3, 50,  苏格拉底及其哲学思想 
1216206, 8.4, 46,  工具论(上下) 
1253291, 8.4, 46,  现代性与矛盾性 
26279443, 8.9, 34,  圣保罗 
1015145, 7.9, 66,  十八训导书 
3300152, 8.3, 48,  当代形而上学导论 
1157323, 8.0, 58,  政治论 
1947565, 7.8, 67,  苏格拉底的困惑 
2080776, 8.1, 54,  海德格尔的根 
1444027, 8.6, 38,  确定性的寻求 
1051277, 8.2, 49,  材料与记忆 
10540007, 8.7, 34,  哲学之诗 
3206314, 8.3, 44,  理解自由意志 
2083742, 8.4, 41,  胡塞尔与《笛卡尔式的沉思》 
6719963, 9.0, 28,  存在与实体 
2978197, 7.6, 68,  经过省察的人生 
4208019, 8.1, 46,  激进哲学 
1252032, 8.2, 43,  从开端到柏拉图 
26280127, 9.3, 23,  哲学与宗教的永恒同盟 
25839995, 7.7, 60,  柏拉图的本原学说 
10736771, 7.4, 77,  尼采随笔 
1001424, 7.9, 52,  欧洲自由主义史 
1094879, 8.7, 30,  牛津哲学词典 
1216332, 8.0, 46,  天才的激情与感悟 
1013969, 7.1, 96,  西方哲学史 下册 
1013635, 9.0, 25,  自然的体系（上下） 
25788706, 8.2, 38,  沉默的世界 
1000083, 7.5, 63,  尼采、海德格尔与德里达 
10568280, 9.1, 23,  悲剧的诞生 
2219656, 8.7, 27,  十力语要初续 
24385452, 8.8, 25,  中世纪哲学（上下） 
5321217, 8.9, 24,  政治经济学批判 
1071019, 8.2, 35,  西方哲学问题研究 
26663535, 9.3, 19,  善恶的彼岸 
24699232, 8.2, 33,  论存在者与本质 
1032400, 7.9, 40,  隐蔽的上帝 
4213241, 7.8, 43,  走进分析哲学 
1054859, 8.6, 25,  对莱布尼茨哲学的叙述、分析和批判 
1063369, 8.5, 26,  胡塞尔思想的发展 
1427722, 8.9, 21,  哲学逻辑引论 
25866227, 8.5, 24,  时间与存在 
1610399, 7.9, 33,  亚里士多德全集（第三卷） 
26371104, 7.2, 54,  哲学的快乐 
1839914, 8.8, 19,  Totality and Infinity 
1560019, 7.2, 49,  古希腊罗马犬儒现象研究 
1265294, 7.5, 38,  主体的退隐 
1396732, 7.8, 31,  自由主义、社会契约与政治辩护 
1253523, 8.3, 21,  现代文明与人的困境――马尔库塞文集 
1132934, 8.0, 25,  是与真 
2061503, 8.1, 23,  德意志社会主义 
3605626, 8.3, 20,  从绝对自我到绝对他者 
1072124, 7.6, 29,  多义的记忆 
1010563, 7.6, 29,  杜威 
1075084, 7.3, 36,  语言与哲学--当代英美与德法哲学传统比较研究 
5411387, 7.2, 37,  在康德的唤醒下 
5300084, 8.0, 22,  《实践理性批判》通释 
3025003, 7.7, 24,  犹太哲学史（上、下卷） 
6901618, 7.9, 21,  现代性与后现代性 
2567391, 7.6, 23,  海德格尔式的现代神学 
1255063, 7.5, 24,  哲学主要趋向 
4115722, 7.5, 21,  海德格尔的政治存在论 
1890557, 8.1, 14,  The Cambridge Companion to Kant 
26425763, 7.2, 23,  自然法则 
4248143, 7.7, 17,  论黑格尔的逻辑学 
25848949, 7.6, 16,  作为一个他者的自身 
20497366, 8.1, 12,  耶拿体系1804-1805 
26850053, 7.7, 14,  文德尔班哲学导论 
25831732, 7.7, 13,  灵长目与哲学家 
5356227, 7.2, 15,  心的秩序 
2160665, 7.2, 15,  结构主义时代 
26639105, 7.2, 14,  伦理学是什么 
