Tag: 讽刺 
The number of books: 319 

ID, Rating, Votes, Title
1083428, 8.8, 80171, 傲慢与偏见 
1474773, 9.5, 25234, 海贼王 
1829226, 9.1, 35268, 肖申克的救赎 
2035179, 9.2, 28057, 动物农场 
1054685, 9.0, 36567, 沉默的大多数 
1088065, 8.6, 28150, 阿Q正传 
1424741, 8.5, 22323, 心是孤独的猎手 
1424741, 8.5, 22323, 心是孤独的猎手 
1776683, 9.0, 9944, 沉默的大多数 
1418686, 8.6, 13550, 红拂夜奔 
3136271, 8.6, 12467, 罗生门 
1424314, 9.4, 4050, 1984 
1424314, 9.4, 4050, 1984 
1258498, 8.3, 18211, 项链 
1058679, 8.7, 7246, 人·兽·鬼 
1321789, 8.5, 8903, 美丽新世界 
1096790, 8.6, 7445, 黑铁时代 
1470625, 9.1, 3750, 西游记（全三册） 
3394338, 7.5, 49188, 他的国 
1136881, 9.3, 2821, 悲惨世界 
1136881, 9.3, 2821, 悲惨世界 
1136881, 9.3, 2821, 悲惨世界 
1000517, 8.8, 5177, 故事新编 
6902639, 7.9, 20117, 青春 
5920385, 8.2, 11858, 肠子 
1764991, 8.9, 4263, 我的阴阳两界·革命时期的爱情 
1468602, 9.1, 3338, 围城 
1764991, 8.9, 4263, 我的阴阳两界·革命时期的爱情 
1468602, 9.1, 3338, 围城 
1453210, 7.4, 50278, 一座城池 
1777932, 8.6, 5901, 寻找无双·东宫西宫 
1822862, 8.8, 3881, 王小波全集：红拂夜奔（第四卷） 
1822857, 9.0, 2983, 王小波全集（第二卷 杂文） 
1132956, 8.3, 7755, 白银时代 
1132956, 8.3, 7755, 白银时代 
1082577, 8.7, 4334, 黑铁时代 
1859108, 8.8, 3254, 白痴 
1859108, 8.8, 3254, 白痴 
1465007, 8.2, 7425, 生死疲劳 
5939312, 8.2, 5728, 超·杀人事件 
1460340, 8.9, 2205, 人性的，太人性的 
1000856, 7.9, 8910, 我是猫 
1119528, 7.9, 8860, 高老头 
1849791, 8.5, 3390, 铁皮鼓 
4213995, 7.7, 11513, 黑笑小说 
1733250, 8.4, 3804, 韩寒五年文集（上下） 
1090575, 8.5, 3189, 金拇指 
3871911, 8.4, 3597, 大树 
6742586, 7.8, 8858, 我不是潘金莲 
1050566, 8.0, 6383, 一地鸡毛 
4718973, 7.8, 8417, 毒笑小说 
1839492, 9.2, 1221, 傲慢与偏见 
1125556, 8.6, 2372, 朝花夕拾 
1088812, 8.3, 3471, 第二十二条军规 
1491853, 8.2, 3795, 变色龙 
1152701, 7.7, 7933, 漂亮朋友 
1092246, 8.1, 4044, 百万英镑 
4264003, 7.4, 12361, 名侦探的守则 
1010898, 7.6, 8382, 格列佛游记 
1408193, 9.1, 1037, To Kill a Mockingbird 
10764363, 9.2, 914, 是，大臣 
1015767, 8.0, 4096, 门萨的娼妓 
1022341, 8.2, 2989, 白客 
1394254, 9.1, 1004, Animal Farm 
1022341, 8.2, 2989, 白客 
1426214, 8.1, 3227, 少林寺第八铜人 
1426214, 8.1, 3227, 少林寺第八铜人 
1814118, 9.1, 924, 月亮和六便士 
1042053, 8.1, 3115, 儒林外史 
3345595, 8.5, 1749, 猫城记 
1433381, 8.6, 1526, 生活在别处 
1982096, 8.4, 1915, 关于来洛尼亚王国的十三个童话故事 
2298769, 8.1, 2821, 殷商舰队玛雅征服史 
1139941, 8.1, 2515, 秋 
1139941, 8.1, 2515, 秋 
1139941, 8.1, 2515, 秋 
24540864, 6.8, 24545, 第七天 
1097052, 8.3, 1772, 包法利夫人 
20497889, 7.4, 6933, 全世界人民都知道 
2153887, 8.6, 1163, 儒林外史 
3770726, 7.7, 3906, 草 
1398461, 8.7, 1029, 梁实秋散文 
1432422, 7.2, 8829, 草样年华Ⅱ 
1753077, 9.3, 464, 王小波文集 
1753077, 9.3, 464, 王小波文集 
1753077, 9.3, 464, 王小波文集 
1865968, 8.6, 927, 罗生门 
20425489, 9.3, 454, 是，首相 
1017839, 7.9, 2218, 带着鲑鱼去旅行 
1975541, 7.9, 2022, 名偵探的守則 
3774646, 8.2, 1314, 平面国 
1031354, 8.0, 1705, 死魂灵 
1872343, 8.5, 893, 絕望先生 01 
1212486, 8.5, 888, 马克·吐温中短篇小说选 
1526690, 8.2, 1262, 红与黑 
10554709, 8.6, 776, 第二十二条军规 
1083375, 7.2, 5418, 活不明白 
1959270, 8.0, 1516, 小世界 
1762890, 9.5, 315, Nineteen Eighty-Four 
1762890, 9.5, 315, Nineteen Eighty-Four 
1035475, 8.2, 1077, 好兵帅克历险记 
1853428, 8.2, 1055, 洛丽塔 
1853428, 8.2, 1055, 洛丽塔 
1832682, 8.9, 486, 罗生门 
1470235, 8.3, 908, 猫的摇篮 
1470235, 8.3, 908, 猫的摇篮 
1854580, 9.0, 430, 皮皮鲁和蛇王阿奔 
1128700, 8.9, 474, 卡夫卡短篇小说全集 
1854580, 9.0, 430, 皮皮鲁和蛇王阿奔 
6428818, 8.4, 786, 田园交响曲 
4903440, 7.1, 5154, 名侦探的诅咒 
1054600, 8.7, 568, 人・兽・鬼 
1483285, 7.6, 2153, 有关品位 
1127653, 8.4, 755, 法兰柴思事件 
1788654, 8.3, 817, 我是你爸爸 
1487997, 8.3, 791, 我是猫 
1420500, 8.4, 697, 百万英镑 
1444225, 7.3, 2895, 那么，爱呢？ 
1135331, 8.7, 475, 警察和赞美诗 
1427315, 8.8, 431, The Importance of Being Earnest 
1135331, 8.7, 475, 警察和赞美诗 
19987957, 7.3, 2665, 寡人有疾 
2265954, 8.2, 763, 文学部唯野教授 
1465704, 8.7, 444, Lolita 
1484597, 7.5, 1864, 毒2 
1055536, 8.9, 350, 埃梅短篇小说选 
1136277, 7.3, 2462, 嘉莉妹妹 
1136277, 7.3, 2462, 嘉莉妹妹 
1962249, 8.3, 630, 换位 
1768519, 9.2, 265, 古文观止 
1768519, 9.2, 265, 古文观止 
6771942, 9.2, 259, 1984 
1428345, 7.3, 2339, 伊甸樱桃 
1820046, 8.7, 402, 雅舍小品(上、下) 
4140451, 8.4, 535, 潘达雷昂上尉与劳军女郎 
1395228, 8.5, 484, 五号屠场 
26586889, 9.0, 295, 阿城精选集 
6791962, 8.9, 312, 契科夫短篇小说精选 
3903121, 8.9, 316, 第六病室 
1823785, 7.9, 918, 误读 
1808600, 7.8, 993, 皇后之死 
1691936, 7.9, 866, 47楼万岁 
1722720, 8.4, 486, 名利场（上下） 
1722720, 8.4, 486, 名利场（上下） 
5321843, 6.5, 8654, 假装的艺术 
4898668, 8.4, 451, 缺月梧桐 
5248331, 7.9, 765, 庸见词典 
1831012, 8.8, 290, 围城（高中部分） 
2156635, 7.5, 1240, 有人喜欢冷冰冰 
1143899, 7.7, 935, 一点正经没有 
1085468, 8.7, 314, 冠军早餐 囚鸟 
1130069, 8.0, 625, 巨人传 
1131617, 8.2, 465, 变色龙 
1042702, 8.3, 405, 钦差大臣 
1962248, 8.3, 377, 好工作 
1320188, 7.7, 704, ￥19.99 
2021489, 9.0, 190, 絕望先生 03 
1084808, 8.1, 445, 我是猫 
1182750, 8.4, 317, 马克·吐温短篇小说选集 
1525761, 8.1, 432, 法国中尉的女人 
1085471, 8.7, 207, 10 1/2卷人的历史 
4200316, 7.3, 894, 我愿意 
1813012, 8.1, 329, 我是钱 
1029957, 7.8, 454, 大狗:富人的物种起源 
1469232, 8.6, 195, 审判 
1814172, 9.2, 119, 大师和玛格丽特 
1053532, 8.3, 246, 来自矮人国的小兄妹 
2251415, 9.0, 134, 谁家老婆上错床 
1608633, 7.8, 400, 神鞭 
1608633, 7.8, 400, 神鞭 
1838187, 8.3, 236, 华伦夫人的职业 
1469400, 8.9, 139, 茫茫黑夜 
6539848, 8.3, 229, 爱是一种病 
3143383, 8.0, 304, 马伯乐 
1438060, 8.8, 147, Cat&#39;s Cradle 
3238521, 8.9, 131, 王尔德童话 
1137000, 8.9, 131, 欢乐英雄 
1137000, 8.9, 131, 欢乐英雄 
1137000, 8.9, 131, 欢乐英雄 
2133033, 7.1, 867, 漫画兔的自杀 
1052127, 7.7, 393, 活动变人形 
1535586, 8.8, 137, 朝花夕拾 
1843486, 7.6, 431, 浮城 
3574251, 9.3, 91, 季诺疗法 
1481292, 8.2, 213, e小说 
1926594, 8.8, 127, 羊奶煮羊羔 
1862409, 8.7, 136, 荒凉山庄（上下） 
1862409, 8.7, 136, 荒凉山庄（上下） 
4139280, 7.1, 740, 乔布斯的秘密日记 
1459071, 8.5, 157, 手提箱 
1469443, 8.8, 123, Perfume 
1469443, 8.8, 123, Perfume 
1020339, 8.6, 142, 马克.吐温幽默作品集 
1453852, 9.0, 103, 大红脸 
1813973, 8.9, 109, Politically Correct Bedtime Stories 
1094367, 8.2, 187, 儒林外史 
1512597, 8.8, 114, 莫里哀喜剧选 
1144298, 8.4, 153, 莫泊桑短篇小说选 
1112323, 8.6, 125, 哈克贝利·费恩历险记 
1144294, 8.6, 123, 唐吉诃德（上下册） 
4248182, 7.8, 255, 名偵探的守則 
6863339, 8.1, 184, 梦见街 
2033688, 8.8, 100, 会说话的猪 
4054913, 7.2, 469, 光榮日 
10765457, 7.8, 223, 高潮 
6558214, 7.5, 283, 反语 
3215539, 7.9, 186, 蓝袍先生 
26259092, 7.5, 264, 山上有神 
1482492, 8.8, 84, Class 
24289267, 8.9, 77, Mox Nox 
1274159, 8.2, 128, 猫城记 小坡的生日 
1022928, 8.2, 127, 现在可以说了 
1788928, 7.7, 200, 富人秀 
1421485, 8.7, 84, 寫在人生邊上/人·獸·鬼 
1421485, 8.7, 84, 寫在人生邊上/人·獸·鬼 
6435850, 8.9, 71, 一九八四 
1771599, 8.5, 95, Alice in Wonderland 
1771599, 8.5, 95, Alice in Wonderland 
1663511, 8.1, 128, Gulliver&#39;s Travels 
1663511, 8.1, 128, Gulliver&#39;s Travels 
1091777, 7.8, 166, 格列佛游记 
3545887, 8.8, 73, 微神集 
1014531, 8.2, 112, 十二把椅子 
1725689, 8.2, 110, 姑妄言 
1511759, 7.7, 173, 漂亮朋友 
1125640, 8.0, 126, 不祥的蛋 
1326853, 8.4, 88, 钦差大臣 
2053682, 9.5, 43, 老舍幽默文集 
3306340, 8.9, 60, A Modest Proposal 
2037994, 8.1, 107, 西游怪记 
2037994, 8.1, 107, 西游怪记 
3306340, 8.9, 60, A Modest Proposal 
1197838, 7.6, 162, 老实人 
3810675, 7.2, 247, 大实话 
1084204, 8.2, 91, 老实人 
1705590, 8.3, 80, 二十年目睹之怪现状（上下） 
5366486, 7.2, 214, 我如何成为一名畅销书作家 
1783378, 8.1, 88, 岂有此理 
2143762, 7.3, 186, 男人底线 
1987674, 8.4, 69, 红房间 
1049899, 7.9, 102, 灰姑娘 
3204655, 8.6, 60, 骆驼祥子·狗之晨 
1657777, 8.5, 64, 死魂灵 
1657777, 8.5, 64, 死魂灵 
1436710, 8.0, 89, 八十一梦 
3436130, 8.3, 70, 大卫·考坡菲（下册） 
1737326, 7.9, 91, 哈尔次山游记 
1737326, 7.9, 91, 哈尔次山游记 
26276283, 7.7, 104, 人民公仆 
26276283, 7.7, 104, 人民公仆 
1168541, 7.5, 118, 死亡与国王的侍从 
6893858, 8.2, 65, 不朽者 
1687866, 7.9, 82, 官场现形记 
10539157, 7.2, 155, 不如就上商学院 
1029323, 7.5, 112, 有多少爱可以胡来 
1095392, 8.3, 58, 问题搞大了 
2137525, 7.8, 85, Tik-Tok 
1075929, 8.0, 63, 我们都是木头人 
25734531, 8.4, 47, 斯文扫地 
2264071, 8.6, 41, The Daily Show with Jon Stewart Presents America (The Book) Teacher&#39;s Edition 
2264071, 8.6, 41, The Daily Show with Jon Stewart Presents America (The Book) Teacher&#39;s Edition 
1805297, 8.3, 50, 马伯乐 
1104653, 7.8, 67, 衰落 
4320888, 8.7, 36, 外国中短篇小说藏本·莫泊桑 
1737325, 7.6, 77, 与里科克一起笑 
1737325, 7.6, 77, 与里科克一起笑 
1135330, 7.7, 71, 格列佛游记 
1135330, 7.7, 71, 格列佛游记 
1286901, 8.5, 40, 李柯克幽默作品选 
1843925, 8.6, 36, 契诃夫短篇小说精选 
1843925, 8.6, 36, 契诃夫短篇小说精选 
1330303, 7.8, 61, 董贝父子 
1330303, 7.8, 61, 董贝父子 
25765030, 8.0, 51, 再也不得安宁 
25765030, 8.0, 51, 再也不得安宁 
1430000, 8.1, 46, 野猫精 
25737817, 8.0, 48, 黑色恶作剧 
1891048, 9.4, 22, 絕不付帳 
2300532, 8.1, 45, 契诃夫幽默讽刺小说选 
4906151, 8.3, 39, 白眼狼 
5333069, 7.5, 65, 唐僧写给观音的36封信 
25773634, 8.2, 37, 爱孩子的男人 
3814266, 7.4, 58, 居辽同志兴衰记 
4729520, 7.0, 82, 鸟人 
1084972, 7.4, 53, 漂亮朋友 
1185083, 7.1, 68, 一脸猪相 
1050824, 7.7, 41, 重返语词的密林 
1446557, 8.1, 30, 里柯克幽默小品选 
1473229, 8.1, 29, 世界名家漫画CARTOON II 
6720814, 8.2, 27, 二十年目睹之怪现状 
6720814, 8.2, 27, 二十年目睹之怪现状 
1927504, 7.3, 49, 萨基短篇小说选 
1074948, 8.0, 29, 丁聪漫画系列--讽刺画(一集) 
2030633, 8.5, 20, 俏皮话 
2030633, 8.5, 20, 俏皮话 
20278399, 7.3, 42, 喜剧演员 
3746014, 7.8, 28, 爱伦·坡幽默小说集 
1463717, 7.7, 29, Stranger in a Strange Land 
1052346, 7.6, 27, 人文动物园 
1063461, 7.2, 35, 启蒙教授漫游记 
1417583, 7.8, 23, 梦林玄解 
1417583, 7.8, 23, 梦林玄解 
6966453, 6.9, 42, 妻与罚 
6966453, 6.9, 42, 妻与罚 
26668248, 7.4, 25, 东野圭吾在坏笑 
1131866, 7.7, 21, 在其香居茶馆里 
1131866, 7.7, 21, 在其香居茶馆里 
20419266, 7.6, 18, 蓝色城堡 
1855868, 7.7, 16, Gulliver&#39;s Travels 
1855868, 7.7, 16, Gulliver&#39;s Travels 
6425566, 7.1, 22, 西游无间道 
4746022, 7.6, 16, 百万英镑 
26277046, 7.5, 13, 澡盆故事 
10590920, 7.1, 16, 唐.吉诃德 
1541342, 7.6, 12, 林语堂评说中国文化  第一集  1930-1932 
1966313, 7.3, 12, 包法利夫人 
2153171, 7.6, 10, Mere Anarchy 
10862358, 7.3, 11, 竞选州长 
3539819, 6.2, 20, Pygmy 
