Tag: 随笔 
The number of books: 874 

ID, Rating, Votes, Title
20427187, 8.8, 108250,  看见 
1361264, 9.0, 53309,  撒哈拉的故事 
3995526, 8.7, 73471,  目送 
4238362, 8.6, 82617,  送你一颗子弹 
1054685, 9.0, 36543,  沉默的大多数 
1023045, 8.6, 68280,  我们仨 
3369793, 8.7, 50100,  亲爱的安德烈 
6388661, 8.8, 40950,  这些人，那些事 
5414391, 9.0, 28828,  寻路中国 
1027191, 9.0, 26831,  历史深处的忧虑 
3813669, 8.6, 51442,  民主的细节 
7060185, 9.0, 21045,  江城 
2070844, 8.8, 25001,  梦里花落知多少 
4207781, 8.8, 24579,  孩子你慢慢来 
1014578, 9.0, 17227,  我的精神家园 
1209899, 9.0, 15714,  我与地坛 
3014576, 8.4, 40604,  陪安东尼度过漫长岁月 
1426971, 8.8, 18278,  野火集 
1088581, 8.9, 13377,  浮生六记 
1056315, 8.8, 14145,  总统是靠不住的 
1014825, 9.0, 10535,  我也有一个梦想 
1036490, 8.8, 13989,  万水千山走遍 
6397275, 9.0, 9789,  此生未完成 
3369600, 8.1, 41839,  当我谈跑步时我谈些什么 
5327697, 8.3, 27103,  橙 
2136140, 8.7, 13734,  雨季不再来 
4884218, 8.8, 11273,  我的阿勒泰 
1001885, 8.5, 17459,  带一本书去巴黎 
3344676, 8.1, 34106,  常识 
4124727, 8.1, 32523,  孤独六讲 
1865089, 8.4, 19067,  瓦尔登湖 
2068249, 9.0, 7459,  温柔的夜 
1030052, 7.9, 44434,  清醒纪 
10522856, 9.0, 7110,  冬牧场 
4872671, 8.2, 24855,  佛祖在一号线 
3607117, 8.9, 7535,  稻草人手记 
4881850, 9.0, 5873,  阿勒泰的角落 
20463108, 8.3, 16382,  观念的水位 
1878708, 8.3, 16473,  LA流浪记 
1063190, 8.0, 27050,  蔷薇岛屿 
1056461, 8.3, 14838,  旅行的艺术 
1073349, 8.8, 6694,  写在人生边上 人生边上的边上 石语 
3642673, 8.0, 23089,  我执 
1005358, 9.2, 3653,  寻找家园 
2339950, 7.8, 32333,  被窝是青春的坟墓 
1056868, 8.5, 9452,  河童旅行素描本 
1003284, 8.1, 17886,  退步集 
1003986, 8.8, 5830,  病隙碎笔 
26278687, 7.8, 28692,  皮囊 
5252677, 8.1, 15667,  幸福了吗? 
1061242, 8.8, 4967,  写在人生边上 
1949679, 8.7, 5564,  素履之往 
6902639, 7.9, 20114,  青春 
1065239, 8.5, 7297,  我的宝贝 
21346636, 9.4, 2279,  三毛典藏全集 
1907199, 8.6, 5969,  扫起落叶好过冬 
1075538, 8.2, 10723,  普罗旺斯的一年 
2988943, 8.3, 9012,  青灯 
25753361, 8.7, 4975,  最好金龟换酒 
1082578, 9.0, 3333,  理想国与哲人王 
1253310, 8.9, 3714,  人间草木 
2143304, 8.1, 11825,  我爱问连岳 
1227844, 8.8, 4094,  雅舍谈吃 
4773224, 8.3, 8421,  生活十讲 
25747921, 7.2, 67693,  从你的全世界路过 
25984204, 7.6, 28576,  乖，摸摸头 
4882023, 9.2, 2449,  万物既聪慧又奇妙 
3698390, 8.6, 5288,  送你一匹马 
3009033, 7.8, 18790,  杂的文 
3566368, 8.3, 7949,  空谷幽兰 
4238144, 9.1, 2649,  岁朝清供 
1053088, 9.2, 2255,  陶庵梦忆 西湖梦寻 
1460313, 8.4, 6307,  哥伦比亚的倒影 
5333599, 8.2, 8599,  春天责备 
5401989, 8.1, 9778,  自由在高处 
1017238, 8.8, 3499,  美学散步 
1015864, 9.0, 2658,  惶然录 
2295324, 8.6, 4483,  地下乡愁蓝调 
3103080, 7.6, 23191,  须臾 
4199761, 8.4, 5979,  重新发现社会 
2216583, 8.8, 3396,  沉重的肉身 
6709834, 8.4, 5739,  爸爸爱喜禾 
25920202, 8.6, 4299,  泛若不系之舟 
4113090, 7.4, 33308,  我们台湾这些年 
5289756, 7.9, 12684,  爱的地下教育 
1856285, 7.3, 41228,  人生若只如初见 
3698217, 8.6, 4253,  花田半亩 
1933931, 8.7, 3675,  沿着塞纳河到翡冷翠 
1829614, 8.6, 4220,  琼美卡随想录 
1438816, 9.1, 2221,  给青年诗人的信 
3662230, 8.5, 4781,  七十年代 
20425053, 7.7, 16844,  我所理解的生活 
1035326, 8.7, 3447,  一次・图片和故事 
5317075, 7.2, 46225,  蔡康永的说话之道 
1001204, 7.9, 11557,  山居笔记 
7064313, 7.8, 13448,  突然就走到了西藏 
2240482, 8.0, 9248,  走到人生边上 
2034893, 7.6, 18719,  那些男孩教我的事 
3339812, 9.3, 1593,  木心作品八种 
10607710, 8.0, 9053,  世间的盐 
3880832, 8.2, 6145,  认得几个字 
1398441, 9.1, 1770,  汪曾祺散文 
1292412, 9.1, 1760,  叔本华思想随笔 
1045201, 8.2, 5713,  哲学的慰藉 
4905854, 8.9, 2089,  将饮茶 
25639223, 8.3, 4596,  身边的江湖 
3740431, 8.4, 3952,  灵魂只能独行 
1401795, 8.6, 3042,  时间的玫瑰 
3621542, 8.4, 4007,  蓝房子 
1070685, 8.1, 6222,  永远的普罗旺斯 
4118599, 8.3, 4561,  武侠，从牛A到牛C 
25735727, 8.2, 5216,  站在两个世界的边缘 
2052596, 8.2, 5200,  退步集续编 
3053868, 7.9, 8390,  永不永不说再见 
2294993, 8.2, 5132,  纽约琐记（修订版） 
20453024, 8.6, 2934,  不要因为走得太远而忘记为什么出发 
1033843, 8.7, 2562,  张看（上下） 
4208780, 8.1, 5775,  流浪集 
25808222, 8.2, 4958,  黄 
20278799, 7.6, 13117,  三十六大 
1924318, 8.9, 1909,  汪曾祺谈吃 
5290534, 7.8, 8991,  为了报仇看电影 
1489494, 8.5, 3116,  人与永恒 
3410833, 8.6, 2675,  给青年艺术家的信 
4151117, 8.5, 2896,  阴翳礼赞 
4912688, 8.5, 2889,  干校六记 
1079838, 8.7, 2218,  湘行散记 
3311009, 7.2, 24883,  原来你非不快乐 
1008732, 8.4, 3213,  失败之书 
1010888, 8.4, 3208,  一路走来一路读 
25982254, 8.1, 4701,  大萝卜和难挑的鳄梨 
1015403, 7.7, 9019,  今生今世 
1937939, 8.3, 3494,  河童杂记本 
1049361, 8.3, 3402,  比我老的老头 
3033668, 7.8, 7327,  闪开，让我歌唱八十年代 
1341035, 8.2, 3952,  痛快日记 
6864307, 7.4, 14960,  像我这样笨拙地生活 
1492634, 8.3, 3361,  生活的艺术 
3604331, 8.4, 2937,  午夜之门 
3267934, 8.4, 2883,  日本四季 
4199685, 7.6, 9986,  我读 
11602263, 9.1, 1233,  羊道　深山夏牧场 
5389557, 8.5, 2506,  姥姥语录 
11602265, 9.1, 1230,  羊道　前山夏牧场 
1073253, 8.8, 1717,  闲话闲说 
2375972, 8.3, 3237,  今朝风日好 
4246151, 8.0, 4973,  厨房里的人类学家 
1963395, 8.5, 2461,  鱼丽之宴 
10485696, 7.6, 9426,  我就是想停下来，看看这个世界 
4212607, 7.6, 9230,  有味 
1059040, 8.6, 2092,  雅舍小品 
1888215, 8.4, 2650,  即兴判断 
6511745, 8.0, 4671,  万象 
10607793, 8.5, 2243,  刀与星辰 
1022783, 8.2, 3369,  用我一辈子去忘记 
4031698, 7.8, 6231,  读者 
2118032, 8.2, 3281,  窥视工作间 
3018322, 7.6, 8299,  活着活着就老了 
1041414, 8.6, 1868,  威尼斯日记 
1204398, 8.8, 1455,  幽梦影 
20413794, 7.7, 6670,  眠空 
1072189, 8.8, 1438,  百年思索 
21360827, 9.0, 1152,  朱生豪情书全集 
1015767, 8.0, 4094,  门萨的娼妓 
3880846, 8.7, 1578,  学飞的盟盟 
1004539, 8.5, 2005,  爱与孤独 
25944034, 8.6, 1744,  菊次郎与佐纪 
10519369, 9.4, 726,  万物生光辉 
1032672, 8.2, 2908,  拥抱逝水年华 
1288913, 8.3, 2511,  半生为人 
6937888, 8.5, 1927,  树犹如此 
1876746, 8.3, 2434,  帷幕 
26575812, 7.3, 12130,  阿弥陀佛么么哒 
5336228, 8.7, 1409,  作家笔记 
10587562, 8.2, 2686,  东京日和 
3463292, 9.2, 828,  叔本华美学随笔 
1041616, 7.4, 9555,  那些忧伤的年轻人 
3652211, 8.6, 1574,  爱默生家的恶客 
4059800, 8.0, 3454,  私语书 
24876477, 7.4, 9403,  很高兴见到你 
25778837, 8.3, 2188,  时差党 
3391717, 8.1, 2837,  中国好人 
3621252, 7.4, 8816,  曾经 
1444558, 8.7, 1300,  博尔赫斯谈艺录 
1273759, 8.2, 2412,  人在欧洲 
1760730, 8.3, 2121,  伍尔夫读书随笔 
1400717, 8.0, 3223,  写作 
5336240, 8.3, 2096,  异乡记 
1270551, 9.0, 924,  八十忆双亲 师友杂忆 
26613052, 8.7, 1249,  我的造梦之路 
1057601, 7.8, 4193,  半饱 
1064734, 8.4, 1779,  疾病的隐喻 
2165057, 8.7, 1228,  堤契诺之歌 
1785512, 8.3, 1941,  漫卷西风 
26053771, 8.6, 1315,  小于一 
6126821, 8.4, 1665,  远方的鼓声 
11588627, 7.9, 3330,  无非求碗热汤喝 
1491630, 8.7, 1174,  小窗幽记 
6121542, 8.0, 2888,  当你途经我的盛放 
1077196, 8.6, 1288,  蒙田随笔全集（全三册） 
2209227, 8.3, 1839,  一个孤独漫步者的遐想 
1062608, 8.3, 1841,  旧时月色 
6794016, 7.5, 6010,  如何成为一个怪物 
20424614, 7.8, 3616,  红 
4904074, 8.3, 1757,  塔莎奶奶的美好生活1－跟着感觉走就对了 
20497889, 7.4, 6932,  全世界人民都知道 
4160794, 8.4, 1519,  多余的话 
3225748, 7.9, 3001,  路上有惊慌 
2287508, 8.0, 2577,  多余的素材 
26264154, 8.6, 1164,  悲伤与理智 
1034349, 8.7, 1050,  从前 
5908161, 8.5, 1304,  雨天的书 
6847760, 7.2, 9395,  随遇而安 
3644791, 7.4, 6518,  噪音太多 
6730310, 7.7, 3917,  我的不完美 
1793990, 8.9, 814,  早晨从中午开始 
6872434, 7.6, 4318,  最好的时光在路上 
6896040, 8.2, 1784,  好小猫 
20513012, 7.6, 4259,  无比芜杂的心绪 
3606804, 8.2, 1771,  徒然草 
1070246, 8.6, 1053,  置身于苦难与阳光之间 
10582351, 7.5, 4906,  虚实之间 
6844469, 8.1, 1943,  走夜路请放声歌唱 
2360390, 9.0, 676,  我知道你明天干了什么 
1220904, 8.9, 754,  春醪集 
25846182, 7.5, 4649,  鱼羊野史　第1卷 
2156168, 8.4, 1281,  书读完了 
10570257, 7.9, 2474,  特别的一天 
1438669, 8.6, 1012,  这个动荡的世界 
10570587, 7.4, 5381,  就想开间小小咖啡馆 
25913058, 7.9, 2366,  我爱这哭不出来的浪漫 
25898124, 7.6, 3762,  得未曾有 
1823058, 8.3, 1403,  关于他人的痛苦 
1949417, 8.2, 1593,  这就是纽约 
26390229, 8.0, 2048,  把生命浪费在美好的事物上 
2377014, 8.2, 1566,  阅读的故事 
1970116, 8.1, 1762,  这一代人的怕和爱 
1016806, 8.2, 1565,  与安东尼奥尼一起的时光 
6431957, 7.8, 2714,  遇见一些人，流泪 
10597973, 8.1, 1745,  旧山河 
1438948, 8.5, 1055,  卖桔者言 
2339264, 8.6, 952,  人为什么活着 
26692468, 8.6, 931,  智识分子 
1056968, 8.2, 1503,  老饕漫笔 
26848051, 8.8, 734,  造房子 
2301475, 8.4, 1156,  人间食粮 
10594802, 8.0, 1898,  写给无神论者 
20413880, 8.1, 1660,  古书之美 
1466236, 8.0, 1879,  风中的纸屑 
26325928, 8.4, 1108,  人在纽约 
1004719, 8.6, 892,  谈修养 
5419801, 8.4, 1095,  别样的色彩 
6084703, 7.3, 5462,  独立，从一个人旅行开始 
4252006, 7.6, 3267,  祖国的陌生人 
1949418, 8.5, 968,  重游缅湖 
1340986, 7.5, 3862,  你睡不著我受不了 
4160472, 8.5, 967,  告诉我，你怎样去生活 
26587564, 8.3, 1187,  我已与一万亿株白桦相逢 
20267987, 7.4, 4426,  孤独美食家 
3404727, 8.4, 1055,  同时 
1785502, 7.9, 2032,  咖啡苦不苦 
26698598, 8.2, 1334,  有如走路的速度 
5914563, 8.1, 1501,  边走边啃腌萝卜 
4067778, 8.5, 915,  文字的故事 
24527845, 7.0, 8661,  我讲个笑话，你可别哭啊 
21770836, 8.5, 898,  八九十枝花 
1137681, 8.8, 646,  　坡志林 
25776456, 8.7, 716,  老味道 
26610864, 8.2, 1260,  浮生六记 
10834769, 7.7, 2501,  门外汉的京都 
1322264, 7.8, 2180,  陈丹青音乐笔记 
4240403, 7.1, 6836,  最好的女子 
25858068, 7.6, 2880,  100个基本 
25784438, 8.2, 1230,  不留心，看不见 
3866002, 7.2, 5703,  我所爱的香港 
5293030, 7.1, 6871,  那些有伤的年轻人 
3662421, 8.1, 1379,  密涅瓦火柴盒 
25798977, 7.4, 3863,  去你家玩好吗 
1815627, 8.6, 770,  书斋里的革命 
6398075, 8.0, 1585,  一转念 
26733854, 8.7, 675,  明天也是小春日和 
25935074, 8.1, 1365,  文　　雅人：憧憬的日子 
1915716, 8.5, 836,  负暄琐话 
1968643, 7.3, 4492,  无目的美好生活 
26606389, 7.4, 3768,  白说 
5938219, 7.8, 1992,  昨日书 
6877598, 8.7, 667,  士人风骨 
3610492, 7.9, 1736,  好色的哈姆莱特 
24875976, 8.2, 1186,  失落的优雅 
1068907, 7.8, 1956,  如果我们的语言是威士忌 
1046276, 8.1, 1301,  温暖和百感交集的旅程 
26272073, 8.1, 1277,  一生里的某一刻 
1014737, 8.2, 1127,  政法笔记 
10527371, 8.9, 525,  马雁散文集 
6831222, 8.4, 899,  随性而至 
24845284, 7.7, 2253,  掷地有声 
1322445, 8.4, 901,  林语堂散文 
4154558, 8.7, 645,  人间草木 
10563464, 8.8, 574,  总结 
10437353, 8.1, 1248,  我想遇见你的人生 
20499673, 7.9, 1620,  味道　人民公社 
20499677, 8.0, 1420,  味道　味觉现象 
3769019, 8.5, 777,  闪亮的日子 
6827451, 8.3, 965,  美，看不见的竞争力 
25876750, 9.0, 458,  看不见的森林 
6826615, 7.8, 1838,  台北小吃札记 
4191577, 7.9, 1575,  相遇 
1460596, 7.7, 2097,  山河岁月 
1014310, 7.3, 3980,  痛并快乐着 
25741244, 7.1, 5640,  我承认我不曾历经沧桑 
1939594, 7.7, 2082,  京都一年 
6773642, 7.7, 2069,  猛虎细嗅蔷薇 
26647727, 7.8, 1801,  手机里的男朋友 
2382544, 8.7, 607,  园圃之乐 
25833450, 7.6, 2378,  奇石 
25918820, 7.8, 1762,  吴哥之美 
1427754, 8.8, 534,  侏儒的话 
1070899, 8.6, 658,  浮生悠悠 
26698223, 9.2, 366,  永恒的时光之旅 
25935075, 8.1, 1150,  文　　雅人：健康的日子 
5502946, 7.5, 2692,  元气糖 
1876333, 7.7, 1984,  没有国家的人 
25897333, 7.5, 2630,  我讲个故事，你可别当真啊 
26214729, 8.4, 797,  如果我能说了算 
25849895, 8.9, 475,  人间草木 
3826575, 7.8, 1692,  “小不列颠”札记 
1437162, 8.1, 1132,  随想录 
1963660, 7.8, 1682,  嗜书瘾君子 
1397549, 7.9, 1474,  作文本 
22542435, 7.6, 2234,  我是开豆腐店的，我只做豆腐 
3401286, 8.2, 982,  冷记忆1 
10282578, 7.7, 1901,  村上广播 
25849892, 8.8, 506,  人间滋味 
4836601, 8.3, 855,  扪虱谈鬼录 
20433605, 7.8, 1620,  因自由而美丽 
6783708, 8.1, 1102,  怒河春醒 
25775069, 7.2, 4159,  让我留在你身边 
25803923, 7.9, 1414,  你是我不及的梦 
26890235, 8.1, 1071,  白事会 
26416401, 7.4, 2940,  我敢在你怀里孤独 
5380072, 8.2, 946,  思想与乡愁 
1483285, 7.6, 2153,  有关品位 
4238941, 8.0, 1233,  新卖桔者言 
4917570, 9.0, 403,  旧人旧事 
6440324, 8.4, 733,  人各有异 
19899834, 7.2, 3916,  只愿你曾被这世界温柔相待 
20499702, 7.7, 1782,  味道　第一宗罪 
10875996, 8.9, 435,  朝圣者之歌 
24525766, 8.7, 525,  记忆小屋 
26451439, 8.1, 1022,  木心谈木心 
26584734, 8.4, 721,  乐之本事 
6784964, 8.5, 643,  观点 
4933087, 7.3, 3204,  机场里的小旅行 
1028201, 8.8, 464,  文明的孩子 
4732153, 7.7, 1691,  过得去 
25788697, 7.6, 1932,  一切都是最好的安排 
20394952, 8.1, 984,  九篇雪 
1963058, 7.9, 1274,  木腿正义 
26831788, 8.0, 1088,  旅行与读书 
1794333, 7.3, 3050,  再　也要　　　 
5921793, 7.6, 1871,  我这一代东京人 
3711727, 7.5, 2177,  等待香港 
10537645, 8.4, 661,  岛屿书 
25829051, 8.1, 926,  与小泽征尔共度的午后音乐时光 
3003475, 8.8, 439,  探讨别集 
26237097, 7.6, 1792,  尔本 
4861485, 7.2, 3400,  就算天空再深 
10540308, 8.4, 644,  走进生命的学问 
24754123, 7.0, 4812,  所有人问所有人 
1036947, 8.4, 648,  给青年小说家的信 
2297234, 7.7, 1559,  花事 
1469414, 8.7, 474,  世界美如斯 
2996680, 7.8, 1344,  蔡澜食材字典 
1270511, 8.1, 920,  湖上闲思录 
26785701, 7.5, 2056,  月童度河 
11587591, 7.7, 1534,  想念你的陌生人 
10746325, 8.2, 799,  犬的记忆 
3003471, 8.4, 640,  私人藏书 
7055536, 8.9, 386,  资中筠自选集（全五册） 
26420555, 8.0, 1009,  何必等来生 
6510522, 7.0, 4660,  分开旅行 
1000034, 7.4, 2342,  生死遗言 
4060877, 8.6, 499,  约定 
25745691, 7.2, 3175,  罗辑思维 
25961294, 8.2, 757,  虫子旁 
26333850, 7.5, 1935,  罗辑思维：成大事者不纠结 
25778829, 9.0, 337,  明亮的对话 
1460123, 8.0, 959,  寒夜客来 
1262580, 7.6, 1655,  像邦妮一样爱你 
3689094, 8.4, 593,  最美的决定 
20499070, 8.1, 832,  这个社会会好吗 
20375477, 8.6, 485,  这世间所有的白 
1432443, 8.5, 535,  存在之难 
1421803, 7.7, 1416,  蔡澜谈吃 
3062449, 9.2, 273,  唐鲁孙作品（六卷精华版） 
5914555, 8.0, 932,  暴食江湖 
25752046, 8.1, 828,  心如钢铁地追求幸福 
26413835, 8.2, 720,  匠人 
1082305, 8.9, 352,  沙郡年记 
1916929, 8.6, 468,  梁实秋谈吃 
1960044, 8.5, 522,  伊利亚随笔选 
3863494, 8.0, 912,  季羡林读书与做人 
2157181, 8.0, 908,  荷兰牧歌 
25774978, 8.7, 418,  眼泪与圣徒 
5409459, 8.0, 902,  摩托日记 
10536368, 8.2, 704,  纸上卧游记 
1223612, 8.5, 506,  唐鲁孙谈吃 
10529099, 8.3, 630,  笑红尘 
26171593, 7.5, 1724,  今天也要用心过生活 
26431217, 8.6, 445,  在江湖 
5914556, 7.6, 1470,  台湾味道 
10827882, 7.9, 975,  悉尼！ 
25804641, 7.7, 1261,  草草集 
4711466, 8.1, 750,  培根随笔 
26791998, 8.3, 585,  山中的糖果 
25713576, 7.8, 1069,  玩儿 
25699117, 8.1, 743,  都是遗风在醉人 
5982380, 8.3, 591,  祸枣集 
6126817, 7.8, 1077,  边境 近境 
3223719, 8.2, 644,  围炉夜话 
7001042, 8.5, 469,  无计花间住 
4710587, 8.5, 472,  畜界，人界（修订版） 
6796987, 7.8, 1049,  寡人 
2135140, 8.0, 825,  英国式谋杀的衰落 
1292448, 8.1, 722,  女子与小人 
26791617, 8.0, 800,  大好河山可骑驴 
25945487, 7.4, 1817,  鱼羊野史　第2卷 
1059690, 8.5, 460,  辛丰年音乐笔记 
1559728, 8.3, 569,  方丈记 徒然草 
2975939, 7.4, 1832,  论扯淡 
10795220, 7.7, 1180,  喃喃 
26685539, 8.1, 696,  有鹿来 
20387024, 7.2, 2462,  晓说 
3538438, 8.0, 793,  一切因你而值得 
1083333, 8.4, 502,  积极生活 
4934669, 7.6, 1329,  老而不死是为贼 
3191866, 8.1, 701,  杜甫的五城 
5935619, 8.0, 785,  记得 
26363926, 8.6, 402,  何为良好生活 
26639786, 8.1, 686,  舍得，舍不得 
6021091, 8.8, 333,  反与正　婚礼集　夏天集 
19977858, 9.1, 258,  朱光潜谈美 
23780549, 7.8, 977,  愿你的道路漫长 
20375515, 8.2, 595,  重生：桑塔格日记与笔记1947～1963 
25900956, 7.9, 851,  刻小说的人 
6042374, 8.9, 293,  政治与文学 
26318808, 7.5, 1430,  我的脖子让我很不爽 
4841640, 8.9, 291,  地下 
25921293, 6.8, 4646,  愿有人陪你颠沛流离 
25852665, 7.6, 1232,  孤独的人都要吃饱 
1615235, 8.2, 581,  蒙田随笔 
25904933, 8.4, 470,  我的母亲手记 
7051393, 7.6, 1233,  俗 
25870967, 8.3, 515,  时蔬小话 
4841292, 7.3, 1868,  十方一念 
1038703, 7.7, 1046,  音乐影响了我的写作 
25799286, 8.2, 565,  博尔赫斯的面孔 
25697347, 8.2, 559,  无畏 
23134220, 8.3, 509,  上课记2 
2250146, 8.1, 625,  书时光 
10770743, 9.4, 184,  林达作品集（全九册) 
20386247, 7.4, 1549,  趁，此身未老 
20258506, 7.8, 884,  怎样读书 
26761291, 9.0, 251,  人间草木 
23116260, 8.2, 541,  其实，大家都想做菜 
20499536, 7.8, 867,  时代的稻草人 
1114108, 7.7, 1000,  西窗法雨 
1028977, 8.7, 329,  玻璃屋顶 
6781409, 6.8, 4249,  窗里窗外 
6904615, 7.0, 2857,  再不相爱就软了 
22264311, 8.3, 482,  无声无光集 
2125296, 8.3, 478,  政治的人生 
25837146, 7.3, 1686,  倾我所有去生活 
25871638, 7.7, 960,  品味四讲 
25887839, 8.1, 591,  历史在你我身边 
3822989, 8.1, 584,  旧时风物 
24869869, 8.4, 423,  慢骑中国 
5906080, 7.6, 1088,  阿嬷，我回来了 
10593881, 7.5, 1254,  初见即别离 
1198520, 8.5, 383,  北方人的巴赫 
3995798, 8.4, 418,  讲故事的人 
20452319, 8.0, 650,  让“死”活下去 
24714245, 7.8, 807,  看得开
5321894, 8.5, 374,  崩溃 
7175432, 8.9, 256,  张枣随笔选 
7174705, 7.0, 2606,  老女孩 
26873638, 9.2, 194,  活着本来单纯 
25912887, 6.8, 3661,  练习一个人 
26274801, 7.5, 1171,  沉默也会歌唱 
25747597, 7.5, 1155,  不能不去爱的两件事 
1483001, 9.0, 227,  大自然的日历 
10466455, 7.3, 1568,  不必读书目 
10794793, 9.1, 210,  彩云聚散 
6109582, 8.1, 547,  走不出的风景 
24297906, 6.7, 4430,  不畏将来 不念过去 
25804649, 7.4, 1323,  无知的游历 
10815590, 6.9, 3002,  优雅 
25660015, 6.9, 2891,  以自己喜欢的方式过一生 
4849378, 8.6, 313,  世界 
24380058, 7.6, 978,  读书年代 
25660221, 7.6, 982,  代表作和被代表作 
10569245, 7.1, 2059,  不愿说谢谢的人 
10779411, 6.7, 4253,  男女内参 
25908110, 8.5, 343,  诗人的迟缓 
26313575, 8.2, 465,  各自爱 
11586903, 7.9, 656,  夏目漱石的百合 
26653460, 8.3, 421,  烟雾弥漫你的眼 
10607712, 8.0, 578,  迷人的谎言 
25712697, 7.5, 1098,  一个自己的房间 
25985499, 7.6, 942,  这一生，静待时光检验 
26679240, 7.6, 932,  槽边往事 
26798331, 8.9, 235,  醒来觉得甚是爱你 
1012221, 8.2, 460,  浮生三记 
5264468, 7.7, 817,  东西莫辨逛欧洲 
14449069, 8.0, 565,  春在绿芜中 
25843055, 9.1, 194,  花花朵朵坛坛罐罐 
26388796, 8.0, 547,  人间卧底 
26415165, 7.9, 617,  沐猿而冠 
1484804, 7.7, 790,  不文集 
25847224, 6.9, 2621,  世界与你无关 
6845414, 6.5, 5765,  去，你的旅行 
6711774, 7.8, 684,  出神 
25886896, 7.4, 1156,  关键词 
3316185, 8.0, 537,  失落的大陆 
20507419, 7.0, 2121,  东野圭吾的最后致意 
7007774, 7.7, 764,  没有意义就没有摇摆 
4766916, 8.6, 284,  爱默生随笔 
25804642, 7.5, 996,  谈话的泥沼 
2368338, 8.6, 285,  遥远的房屋 
7916067, 7.6, 865,  忘言书 
26889865, 7.5, 980,  我不知道该如何像正常人那样生活 
26335687, 7.6, 853,  我在最温暖的地方等你 
23197834, 7.0, 2093,  我们如何走到这一步 
26802388, 7.6, 835,  自在独行 
26646456, 8.1, 455,  无尽绿 
25975888, 8.5, 303,  食事 
26801831, 7.3, 1269,  在宇宙间不易被风吹散 
26270304, 9.0, 195,  七夜 
20396705, 7.4, 1089,  女心 
24371403, 6.8, 2911,  过得刚好 
6431238, 6.9, 2420,  一个人私奔 
26480625, 8.0, 505,  午夜降临前抵达 
3931106, 8.8, 228,  宇宙秘密：阿西莫夫谈科学 
10491606, 7.1, 1703,  寂寞带我去散步 
25978608, 7.1, 1687,  再美也美不过想象 
25910582, 8.0, 506,  成长，请带上这封信 
25818124, 8.2, 395,  翡翠岛编年 
4246990, 8.0, 491,  吃透法兰西 
1812843, 7.7, 709,  在中国屏风上 
24849840, 8.0, 495,  静默有时，倾诉有时 
26357269, 7.2, 1376,  京都山居生活 
1903578, 8.4, 320,  人生五大问题 
25727153, 9.2, 159,  永玉六记　珍藏版 
1117965, 9.0, 187,  伍尔芙随笔全集（共四册） 
26686234, 8.5, 286,  身　　　小　家 
5269117, 8.8, 216,  现实即弯路 
26696624, 7.6, 769,  笑场 
25828868, 7.5, 881,  快活馋 
26662051, 8.1, 429,  我说的不一定对 
26883447, 9.4, 134,  在人群中消失的日子 
26865082, 7.7, 669,  就这样吧 
25874670, 8.3, 339,  大地上的事情 
26613906, 8.5, 281,  野生动物在长春　第壹辑 
26303593, 8.4, 302,  三个胡安在海边 
26663951, 7.8, 582,  唧唧复唧唧 
24743163, 7.3, 1109,  世界将我包围 
6990248, 7.5, 851,  失败者之歌 
3627948, 8.4, 303,  持灯的使者 
26314606, 8.6, 248,  打回原形 
25734211, 8.1, 400,  慢慢爱，不慌张 
2998520, 8.0, 446,  论小丑 
26409799, 7.4, 908,  独立日：用一间书房抵抗全世界 
26338071, 7.5, 801,  新闻的骚动 
26263052, 7.9, 487,  毫无必要的热情 
26367995, 7.8, 548,  你心柔软，却有力量 
6844364, 8.2, 352,  人生一瞬 
19976775, 7.5, 796,  死城漫游指南 
26794598, 8.2, 347,  过去的痛 
6844359, 8.2, 346,  绿光往事 
24720088, 7.4, 893,  见好 
19961797, 7.5, 780,  少年台湾 
26282087, 7.8, 527,  把所有失眠的夜都给你 
26368561, 8.3, 304,  薄薄的故乡 
25859093, 7.2, 1168,  自由的老虎 
5401958, 7.2, 1180,  九万字 
25789689, 7.7, 594,  人生对人生观开的玩笑 
1411023, 8.3, 299,  独居日记 
25945941, 7.1, 1346,  日和手帖001：我们终究是一个人 
25820165, 8.7, 209,  田园之秋 
19948593, 8.0, 411,  表演与偷窥 
1499645, 9.5, 111,  Essays of E. B. White 
23765239, 8.2, 323,  世界停在我吻你的时候 
25726537, 7.8, 495,  小城故事 
19970056, 8.1, 357,  江南 
26349048, 7.4, 804,  鱼羊野史　第3卷 
26416276, 7.9, 431,  愿生命从容 
1010499, 8.6, 217,  龙坡杂文 
25886895, 7.0, 1429,  如何成为一个妖孽 
10438850, 8.6, 210,  古典的回声 
25961455, 8.4, 247,  重读 
25751322, 7.6, 586,  植物的记忆与藏书乐 
25976633, 8.0, 370,  我自己的陌生人 
26762263, 8.1, 325,  我被封杀的抒情 
1079739, 8.7, 186,  夏日走过山间 
5947457, 8.8, 172,  虚实之间 
26331783, 7.7, 495,  宋家客厅 
5993289, 8.3, 263,  故事开始了 
26657573, 8.3, 257,  眼前 
26877850, 8.2, 283,  你就适可而止吧 
24870163, 7.6, 556,  万物皆有伤心处 
20414497, 7.3, 825,  乱象丛生 
19956847, 7.6, 553,  请偷走海报！+3 
26787813, 8.4, 232,  纸上染了蓝 
24714249, 7.8, 428,  活
10793304, 8.1, 310,  读书的“风景” 
26903805, 9.8, 81,  交对人  做对事 
20393127, 6.9, 1454,  请把我留在最好的时光里 
25803500, 7.8, 421,  古典音乐的巨匠时代（1685　1897） 
26907029, 9.1, 125,  天真人类 
26293675, 7.2, 884,  晚安，我亲爱的人 
10748702, 8.7, 171,  宁静乐园 
21965475, 7.1, 1022,  爱上几个人渣 
26801234, 7.9, 363,  我二十九岁的夏天 
26578484, 7.3, 756,  世界上有趣的事太多 
21617698, 7.1, 1011,  二十五岁的世界 
26315075, 7.3, 760,  岛屿来信 
26674343, 8.6, 184,  容忍与自由 
26849731, 8.1, 286,  看了高兴的爱情故事 
26592869, 7.5, 566,  鱼羊野史　第4卷 
4247648, 9.2, 113,  最后的浪漫主义者 
1012401, 8.5, 193,  蓝色笔记本 
26108423, 7.3, 722,  你看起来很美味 
24699085, 7.7, 433,  不允许哭泣的场合 
26434974, 7.5, 558,  行云纪 
26270390, 8.7, 160,  亲爱的老爱尔兰 
22015881, 7.4, 616,  7749 
2372034, 8.3, 227,  福克纳随笔 
26905604, 9.7, 78,  此刻不爱的人，都有罪 
4323802, 8.4, 206,  风流绝 
10679501, 7.1, 914,  为什么读书 
26323411, 7.7, 409,  想象你是一颗飞翔的种子 
24298657, 6.7, 1709,  永远热泪盈眶 
25805781, 7.9, 331,  建筑的意境 
26383472, 7.3, 685,  你我皆凡人 
26315736, 7.7, 414,  树，不在了 
4045081, 7.7, 409,  美利坚物语 
26293455, 7.0, 1024,  我依然爱你，我只是不喜欢你了 
25746084, 7.0, 1015,  这个世界上的一切都是瘦子的 
25958461, 6.5, 2391,  一人食 
26841113, 9.2, 102,  岁月沧桑 
26595964, 7.2, 732,  当一切在我们周围暗下来 
26914330, 9.7, 73,  西藏，一个人的浩浩荡荡 
20366457, 6.0, 6822,  香蕉哲学 
25924211, 7.5, 482,  窃美记 
5299805, 7.9, 302,  写意巴洛克 
4828304, 7.6, 417,  好莱坞的七宗罪 
10867359, 8.3, 203,  考工记 
26177823, 6.6, 1827,  在这复杂世界里 
26253714, 7.9, 297,  在西伯利亚森林中 
25876615, 8.4, 182,  信徒的国度 
26899220, 9.1, 103,  生活，是很好玩的 
26022685, 8.2, 215,  现象 
10554274, 8.0, 259,  关于写作 
19976126, 8.5, 165,  在意义天际的写作 
26476959, 8.3, 193,  我青春漫游的时代 
26348734, 8.4, 176,  听客溪的朝圣 
26252929, 8.0, 255,  我只想和你说说话 
26782781, 7.6, 387,  不必交谈的时刻 
26416549, 8.3, 188,  兰屿之歌 清泉故事 
26825460, 8.4, 173,  我的世界都是你 
26593903, 8.5, 155,  洗牌年代 
25866817, 6.8, 1145,  有些路，只能一个人走 
26667282, 8.6, 144,  见信如晤 
24754142, 7.6, 379,  柔软的距离 
26291216, 6.5, 1930,  我们生活在巨大的差距里 
24838970, 6.9, 985,  无聊的魅力 
19995776, 6.9, 952,  我和这个世界不熟 
20444861, 8.4, 168,  始有集 
25904929, 7.8, 300,  扯平 
26927806, 9.7, 65,  你要相信，最好的总会到来 
26879486, 7.8, 293,  最初不过你好 
26841391, 7.6, 368,  把你交给时间 
25883291, 8.2, 195,  八百万零一种死法 
6785994, 8.0, 239,  流浪者旅店 
26373145, 7.4, 466,  耳朵借我 
26430928, 7.4, 458,  如何独处 
26253701, 8.6, 137,  船夫日记 
26590147, 7.7, 321,  正义的可能 
26378417, 7.7, 319,  时间会证明一切 
26791113, 7.6, 360,  男人相对论 
26682087, 7.2, 583,  借山而居 
20458907, 7.5, 399,  书淫艳异录（全二册） 
26301626, 7.6, 352,  谢谢你 
26639133, 7.6, 344,  我有个好故事，就要你一碗酒 
26284233, 6.6, 1440,  鬼水瓶录 
23765279, 7.8, 278,  爱的基本语法 
26359009, 6.5, 1651,  和喜欢的一切在一起 
25849381, 7.8, 265,  世界是自己的，与他人无关 
25718880, 8.8, 109,  拥抱之书 
10804421, 7.8, 263,  在荷兰过日子 
6969706, 8.9, 101,  朱光潜人生九论 
26437752, 6.8, 940,  灯下尘 
25925198, 7.5, 358,  现在开始，与自己和平相处吧 
26838035, 7.9, 229,  “鬼子”来了 
20444403, 8.3, 157,  知鱼之乐 
19912140, 7.0, 666,  读书毁了我 
26864237, 8.6, 120,  爱欲与哀矜 
26779589, 6.4, 1800,  我喜欢这个&#34;功利&#34;的世界 
20365139, 8.0, 203,  父亲那场永不止息的战争 
25922761, 7.1, 558,  我是如何一步步毁掉我的生活的 
19967508, 6.7, 1011,  我开始轻视语言 
26287355, 6.8, 861,  除了爱，我们什么都不会 
2334592, 9.0, 88,  萌萌文集 
26268552, 7.6, 296,  如何变得有思想 
25774256, 7.2, 475,  肥肉 
20272103, 7.3, 410,  旧时光的味道 
26661075, 8.8, 96,  等鹿来 
26647328, 8.2, 155,  我虚度的那部分世界 
25816576, 7.6, 271,  流浪者的乡愁 
25907098, 8.0, 181,  采绿 
25923206, 7.4, 344,  只要活着，就会有好事发生 
24089617, 6.6, 1044,  世界这么大，还是遇见你 
26304071, 8.1, 158,  京都人生 
25876133, 8.1, 159,  一平方英寸的寂静 
26590273, 7.8, 214,  你会想念你自己吗 
25909313, 7.3, 361,  阳光猛烈，万物显形 
24718813, 7.6, 258,  毫无目的去一次远方 
26640794, 7.5, 287,  没事别随便思考人生 
26775628, 7.5, 279,  好好地吃一朵西蓝花 
26577701, 8.0, 167,  我的美的世界 
26335158, 7.0, 515,  不过，一场生活 
26434054, 8.3, 128,  先放一把火 
26799357, 8.6, 98,  情关西游 
26895627, 8.7, 92,  很感谢你能来，不遗憾你离开 
26588107, 7.4, 301,  只有大众
25887970, 8.4, 116,  我们的普世文明 
25864840, 7.7, 220,  且借纸遁 
26278884, 8.4, 114,  文化不是味精 
26767595, 8.1, 146,  云物如故乡 
26747676, 9.0, 73,  愿世上所有的孤单，都有温暖相伴 
26937532, 9.6, 50,  在不确定的世界寻找确定的自己 
25774694, 8.3, 120,  梦书 
25798865, 8.5, 103,  波斯札记 
26597462, 8.3, 121,  失书记　得书记 
25943103, 7.1, 417,  温暖灵魂的味道 
20375538, 8.4, 109,  浪游之歌 
26269094, 6.7, 720,  文艺女青年这种病，生个孩子就好了 
25892661, 6.9, 530,  就想开间自己的小店 
26697279, 7.7, 198,  观复猫 
26340273, 6.8, 581,  我们这个时代的怕和爱 
26738158, 9.0, 68,  人生只差好好静度时光 
25937456, 7.3, 301,  我的九十九次死亡 
1759001, 8.9, 72,  老北京的生活 
26593509, 7.6, 215,  酒友 饭友 
26929750, 9.8, 42,  贪心的女人更好命 
25981426, 7.9, 157,  心为身役 
26333102, 7.7, 189,  我不愿让你一个人 
26266672, 7.3, 297,  你以为没有的，可能在来的路上 
10736312, 7.8, 173,  白日做梦有理 
25889953, 8.4, 99,  古道 
26546692, 8.2, 116,  安然于行的幸福 
26640167, 8.4, 99,  总有一段时光，虚度在江南 
6438955, 8.2, 114,  北京十年 
26730678, 7.9, 149,  我不过无比正确的生活 
25837032, 8.7, 78,  音乐的容器 
25944419, 7.3, 280,  大地上所有的河流 
26944299, 9.3, 52,  我们都是蒲公英，飘着飘着就散了 
26770916, 7.2, 308,  毛茸茸 
26798193, 8.2, 113,  不再独自旅行 
26357209, 7.9, 144,  生命的每一天都是奇遇 
24845767, 7.0, 382,  总有一次哭泣，让人瞬间长大 
26711266, 8.1, 120,  我相信失败 
25797851, 8.4, 92,  山家清供 
26658429, 7.6, 186,  没有人会因为心碎而绝望 
26717937, 7.6, 189,  女人的食指 
26295983, 8.1, 117,  苏珊　桑塔格谈话录 
26296081, 7.2, 293,  孤独的反义词 
25905654, 6.9, 429,  山河小岁月 
26919061, 7.5, 205,  晚安　夜风相伴 
26277384, 6.9, 420,  让未来的你，感谢现在的自己 
26925607, 8.7, 72,  不如去闯 
26077095, 7.8, 148,  论家用电器 
26709057, 7.9, 131,  那些被我们辜负的人 
26394467, 7.0, 345,  就像没有明天那样去生活 
26559540, 7.8, 140,  回锅肉和香菇菜心的语言等级 
26771781, 8.8, 64,  我把四季用来等你 
25895511, 8.1, 108,  禅定荒野 
26860716, 8.4, 84,  视觉008：那就无所畏惧地老去 
26615297, 9.2, 49,  道边狗 
25986624, 8.5, 75,  幽僻处可有人行？ 
26338006, 8.4, 81,  意大利的黄昏 
26830671, 8.2, 92,  愿你出走半生，归来仍是少年 
26846157, 8.7, 64,  我们都是赶路人 
25876107, 8.5, 74,  种子的故事 
26413830, 7.2, 238,  这辈子活得热气腾腾 
26390011, 8.2, 91,  伍尔夫读书笔记 
26616591, 7.1, 267,  不如任性过生活 
26411560, 7.2, 229,  不被理想束缚的生活 
26808156, 9.3, 41,  你可以活成自己喜欢的模样 
26851707, 7.9, 109,  等一朵花开 
26798155, 8.0, 97,  古拉格气象学家 
10520050, 8.7, 58,  Tiny Beautiful Things 
25909086, 7.7, 124,  第一口啤酒 
26832527, 8.7, 56,  小王子的　悟 
26425946, 7.5, 149,  用细节把日子过成诗 
26278431, 8.2, 79,  脱腔 
26391996, 7.6, 130,  二十八岁，我有点累 
26714710, 7.5, 143,  生命的热情何在 
26843309, 8.1, 82,  过去现在，一并深爱 
26582858, 7.2, 187,  京都里山四季 
26359066, 7.2, 187,  一瓢纽约 
26791612, 7.8, 99,  有时 
26679171, 8.9, 45,  晚饭花集 
26704405, 8.3, 65,  树敌 
26786630, 8.2, 70,  采葑小集 
26920390, 9.4, 33,  自由的夜行 
26883163, 8.5, 55,  好一座浮岛 
26827563, 8.4, 58,  胡椒树上的鹦鹉 
25918656, 8.1, 71,  我的花园、我的城市和我 
26775392, 7.8, 89,  星期一没有什么故事可说 
26393369, 7.2, 159,  我书架上的神明 
26819278, 8.8, 43,  一曲微茫 
26263150, 8.0, 75,  你和那些好时光，总有一天会相遇 
26843088, 9.0, 38,  懂，是对这个世界的温情告白 
26857129, 7.9, 77,  把日子过成诗 
26838657, 7.1, 163,  传奇在路上 
26800356, 8.0, 70,  来自静默时刻的讯息 
26577699, 8.5, 49,  序跋集 
26717285, 8.8, 41,  时评中国 
11531713, 6.8, 220,  单人旅行 
26463891, 7.9, 72,  心碎是爱情最美的样子 
26878042, 9.2, 31,  等待电影的日子 
25924913, 6.5, 305,  你这辈子就是吃了太严肃的亏 
24845782, 6.6, 268,  不忘初心，方得始终 
26910001, 8.9, 35,  这世界偷偷爱着你 
26827530, 7.9, 68,  书旅人 
26857406, 9.1, 30,  云游未满，微笑向前 
26803916, 7.8, 68,  苏州慢（精装水墨版） 
26849480, 8.8, 34,  捕梦之乡 
1055709, 8.6, 38,  重读古典 
26456492, 7.5, 85,  我不要在庸碌中老去 
26337354, 8.0, 56,  像哲学家一样思考 
26862453, 8.7, 35,  大地栖居 
26898505, 9.0, 29,  奢侈的滋味 
26862170, 7.9, 57,  冰雪纪行 
26388373, 8.2, 46,  荒野之境 
26840675, 8.8, 31,  自然骨魄 
26298264, 9.2, 25,  积存时间的生活 
26898387, 8.3, 40,  虚伪的真心话 
26847342, 8.3, 40,  撒野 
26840481, 6.9, 129,  除非我们虚构了爱 
26667280, 7.6, 65,  虽然没有遇到什么困难，但我就是要逃避 
26873192, 8.1, 45,  普通青年回答不了的，就问张公子吧 
26701711, 8.4, 35,  风下之乡 
26439450, 7.0, 101,  爱我少一点，爱我久一点 
26148885, 6.3, 234,  没有动力的时候，一个人发发呆也好（2） 
26321442, 8.3, 35,  The Door 
6557925, 9.2, 21,  大家小书 
26300028, 8.7, 26,  饥渴的想象 
26871303, 8.1, 34,  寻人不遇 
26803921, 7.9, 38,  味言道（精装水墨版） 
26919685, 8.6, 22,  365日 
26265843, 8.8, 20,  我的疯狂世纪 
26844057, 8.6, 22,  华夏边城 
26914216, 8.3, 24,  山是山水是水 
26808266, 8.1, 26,  我书架上的神明续编 
26928786, 8.4, 17,  万物和你一样动人 
26782682, 7.7, 19,  世界之道 
26820356, 7.6, 20,  小东西 
26864818, 7.6, 20,  以蓄满泪水的双眼为耳 
26901177, 8.0, 15,  流动的盛宴 
26808933, 7.8, 15,  不平　的江河 
26878102, 7.0, 13,  试论疲倦 
26903963, 7.2, 11,  遇见台湾：邂逅在岛屿的火车上 
