Tag: 青春 
The number of books: 280 

ID, Rating, Votes, Title
1221515, 9.5, 26466, 灌篮高手31 
1046265, 8.0, 178500, 挪威的森林 
1461903, 8.0, 114047, 何以笙箫默 
4714734, 8.4, 42919, 这些都是你给我的爱 
3879301, 8.1, 73797, 微微一笑很倾城 
3014576, 8.4, 40607, 陪安东尼度过漫长岁月 
1020459, 8.4, 34349, 此间的少年 
1059419, 8.1, 58586, 海边的卡夫卡 
4231381, 8.5, 25837, 那些回不去的年少时光 
2209098, 7.9, 78735, 致我们终将逝去的青春 
24754316, 8.7, 15697, 最好的我们 
4732378, 8.7, 14162, 那些回不去的年少时光·终场 
1418297, 9.1, 8041, 蜂蜜與四葉草 1 
2136140, 8.7, 13735, 雨季不再来 
2567919, 8.3, 26218, 匆匆那年（上下） 
3598313, 8.0, 45453, 西决 
1963310, 8.2, 29792, 大地之灯 
4874131, 8.2, 27900, 东霓 
1082518, 7.9, 47926, 麦田里的守望者 
1061977, 8.7, 11645, 血色浪漫 
1958227, 8.2, 25298, 那些年，我们一起追的女孩 
1440089, 8.3, 21166, 那些生命中温暖而美好的事情 
2250587, 7.6, 67263, 一个人的好天气 
2025999, 9.8, 2371, 灌篮高手（全31卷） 
3268399, 8.5, 12058, 上海堡垒 
1026425, 7.4, 92945, 三重门 
1039752, 7.8, 39321, 且听风吟 
1016300, 7.2, 142809, 梦里花落知多少 
1143694, 8.2, 16630, 动物凶猛 
5363752, 8.5, 10039, 哥斯拉不说话 
2339950, 7.8, 32339, 被窝是青春的坟墓 
1049219, 7.4, 71655, 长安乱 
1018153, 7.8, 30395, 水仙已乘鲤鱼去 
2331434, 7.7, 36482, 原来你还在这里 
26414020, 8.1, 16975, 我不喜欢这世界，我只喜欢你 
1049189, 7.4, 66712, 1995-2005夏至未至 
1926700, 7.7, 32171, 关于莉莉周的一切 
3394338, 7.5, 49181, 他的国 
1227838, 7.6, 38598, 年华是无效信 
1029159, 7.5, 47350, 八月未央 
6902639, 7.9, 20116, 青春 
10549863, 8.6, 6182, 光明与磊落 
3108829, 7.8, 22448, 全世爱 
1453210, 7.4, 50277, 一座城池 
3194071, 8.6, 5616, 少年巴比伦 
25747921, 7.2, 67758, 从你的全世界路过 
1059406, 7.1, 87336, 幻城 
1049070, 8.4, 7051, 等一个人咖啡 
3506871, 7.6, 26485, 曾有一个人，爱我如生命 
3293231, 7.8, 17893, 许我向你看 
2382705, 7.6, 25975, 不朽 
5366278, 8.0, 11574, 走吧，张小砚 
4241870, 7.7, 19725, 我在回忆里等你 
6773643, 8.2, 8038, 橘生淮南·暗恋 
3103080, 7.6, 23191, 须臾 
1047138, 7.7, 18972, 少年维特的烦恼 
4866987, 8.6, 4129, 如果·宅 
3406518, 8.5, 4670, 追随她的旅程 
1006004, 7.5, 25002, 樱桃之远 
6732193, 7.9, 11468, 十年一品温如言 
2980812, 7.8, 13333, 踮脚张望的时光 
2336093, 7.8, 13150, 池袋西口公园 
3730731, 8.0, 9419, 许我向你看（终结篇） 
2376336, 8.4, 4951, 未央歌 
26210487, 9.1, 1998, 强风吹拂 
1748232, 8.0, 9219, 忽而今夏 
1009160, 7.3, 34579, 像少年啦飞驰 
3018339, 7.7, 15299, 万物生长 
1440345, 7.8, 12639, 燕尾蝶 
3061282, 7.6, 17371, 山月不知心底事 
1034108, 7.2, 35129, 零下一度 
6088152, 8.0, 7213, 千秋 
1915536, 7.3, 26401, 尘埃星球 
5275500, 7.7, 11515, 尘曲 
1733250, 8.4, 3804, 韩寒五年文集（上下） 
3183785, 7.7, 11490, 爱你，是我做过最好的事 
3777123, 7.8, 9435, 告别天堂 
4737329, 7.8, 9031, 龙族Ⅰ 
1007334, 7.2, 29327, 草样年华 
1469051, 7.1, 35444, 左耳 
4881998, 8.4, 3487, 猜火车 
10343062, 8.3, 3912, 暗恋 
1596305, 7.0, 40852, 泡沫之夏 
5403007, 7.6, 10155, 剩者为王 
3146656, 8.4, 2924, 五月女王 
23795254, 8.0, 5172, 骄阳似我 
2237621, 8.4, 2817, 十八岁出门远行 
3257857, 8.0, 4990, 後青春期的詩 
2062430, 7.2, 20167, 泡沫之夏Ⅲ 
4175252, 7.9, 5370, 初恋爱 
2297786, 7.6, 8757, 北京，北京 
4898551, 8.2, 3308, 四叠半神话大系 
21460732, 8.3, 2813, 秒速五厘米 
3191328, 6.7, 58267, 小时代1.0折纸时代 
1067293, 8.5, 2091, 青春 
20424609, 8.1, 3620, 妩媚航班 
1291760, 6.8, 41902, 会有天使替我爱你 
3290010, 7.0, 25280, 澜本嫁衣 
1047851, 7.7, 6267, 晃晃悠悠 
6800500, 7.6, 7246, 南音 （下） 
7059909, 7.5, 8422, 南音 （上） 
1455933, 7.5, 8142, 你好，忧愁 
3864342, 7.9, 4141, 69 
1041616, 7.4, 9558, 那些忧伤的年轻人 
10476698, 7.5, 7732, 因为痛，所以叫青春 
24876477, 7.4, 9407, 很高兴见到你 
25748787, 7.7, 5537, 平生欢 
5341084, 8.1, 2957, 午时风 
4213445, 8.0, 3322, 击壤歌 
4833920, 7.4, 8979, 十八岁给我一个姑娘 
1958872, 7.6, 6088, 凉生，我们可不可以不忧伤 
3920144, 8.6, 1414, 春宵苦短，少女前進吧！ 
1006881, 6.7, 37099, 左手倒影，右手年华。 
20472730, 7.8, 4179, 龙族Ⅲ 
21321839, 8.2, 2286, 十年一品温如言 
2008972, 6.9, 21335, 沙漏 
3091349, 7.3, 9003, 鲤·孤独 
10527304, 8.1, 2395, 好想回到小时候 
19995933, 8.6, 1234, 蓝色大门 
4727980, 7.6, 4938, 鲤·上瘾 
6897140, 8.3, 1693, The Fault in Our Stars 
2062200, 6.3, 81199, 悲伤逆流成河 
5391766, 7.5, 4969, 忽然七日 
25728092, 9.1, 600, 小张和小丽 
1427831, 8.7, 870, The Perks of Being a Wallflower 
26146992, 7.4, 4792, 我们为什么会分手？ 
25895442, 6.9, 11558, 你的孤独，虽败犹荣 
24882309, 7.7, 2690, 与我长跑十年的女友嫁人了 
2973270, 7.7, 2542, 六弄咖啡馆 
10508054, 7.6, 2894, 云中人 
10537640, 6.9, 9807, 如丧 
6189764, 7.9, 1629, 长发飞扬的日子 
25917140, 7.2, 4768, 不要让未来的你，讨厌现在的自己 
25741244, 7.1, 5642, 我承认我不曾历经沧桑 
26590271, 8.6, 634, 我的鸵鸟先生 
5340646, 8.0, 1277, 十四岁 
25830077, 7.8, 1602, 阿尼玛 
21346610, 7.6, 2082, 莫失莫忘 
10739735, 7.6, 2060, 鲤·变老 
4887524, 7.0, 5258, 夏有乔木雅望天堂 
25788697, 7.6, 1932, 一切都是最好的安排 
10771015, 7.7, 1593, 姑娘，我们一起合租吧 
24754720, 6.9, 5880, 我的朋友陈白露小姐 
25836825, 7.3, 2742, 你是最好的自己 
25789570, 7.4, 2293, 满满都是我对你的爱 
26872990, 7.9, 1102, 余生，请多指教 
1468393, 7.2, 2960, 无限近似于透明的蓝 
5912249, 7.4, 2040, 生于一九九叉 
26301984, 8.2, 684, 白色流淌一片 
25942442, 8.4, 541, 那年夏天我还爱你 
26314932, 8.4, 520, 言叶之庭 
26656018, 9.1, 264, 那些年，我们一起追的球星 
24737118, 8.0, 747, 不要等到毕业以后 
25921293, 6.8, 4648, 愿有人陪你颠沛流离 
21331464, 7.8, 894, 那些荒谬的往事叫青春 
25786283, 6.8, 4283, 女王乔安 
5068504, 7.4, 1513, 十五年等待候鸟 
24699104, 7.0, 2856, 你要去相信，没有到不了的明天 
4920175, 7.4, 1419, 我喜欢你，你知道吗？ 
10564563, 7.1, 2161, 闺蜜 
26656779, 7.5, 1117, 当你的才华还撑不起你的梦想时 
25868407, 8.6, 317, 聲之形 01 
2117062, 7.8, 732, 麦田守望者 
26866300, 9.1, 197, 光芒纪·微光 
26671435, 7.2, 1673, 我们 
26561444, 7.7, 790, 少女哪吒 
26739865, 7.4, 1161, 向着光亮那方 
6039397, 8.0, 543, 哪啊哪啊神去村 
26384746, 8.0, 530, 再见，少年 
26335687, 7.6, 853, 我在最温暖的地方等你 
26609056, 7.2, 1523, 年少荒唐 
26581845, 7.9, 577, 拼了命，尽了兴 
25978608, 7.1, 1687, 再美也美不过想象 
26436743, 7.5, 913, 曾少年 
1962078, 8.6, 268, 校园秘史 
26865082, 7.7, 678, 就这样吧 
3805861, 8.3, 343, 疯狂阅读（青春卷） 
20434432, 7.4, 1015, 趁年轻.折腾吧 
26805297, 7.5, 849, 我必须恋爱的理由 
26890756, 8.5, 252, 你是我的虚荣 
26884309, 9.5, 115, 可我还是喜欢你 
20278327, 6.0, 12930, 谁的青春不迷茫 
26379007, 8.5, 237, 过去的，最好的 
26666471, 7.6, 585, 夜空最亮的星 
20645163, 7.2, 988, 停在新西兰刚刚好 
26877850, 8.2, 284, 你就适可而止吧 
26921125, 9.8, 82, 青春里那些隐秘而伟大的小事 
19973695, 6.9, 1495, 再不远行，就老了 
24699085, 7.7, 433, 不允许哭泣的场合 
26108423, 7.3, 722, 你看起来很美味 
25747192, 7.7, 421, 原谅我一生不羁放纵爱自由 
24298657, 6.7, 1709, 永远热泪盈眶 
26293455, 7.0, 1024, 我依然爱你，我只是不喜欢你了 
26732446, 6.9, 1164, 你丫上瘾了 
26925656, 9.8, 70, 《我和你，那一场风花雪月的事》 
26428276, 7.9, 305, 我们没有在一起 
25913805, 6.8, 1291, 对的时间对的人 
26358169, 7.3, 599, 那时，我们还不怕相爱 
26659614, 7.3, 597, 谢谢自己够勇敢 
26652086, 8.3, 195, 你的一切好与坏我都眷恋 
25847700, 7.9, 287, 青春是一件多么痛的礼物 
24745650, 7.5, 438, 我怕没有机会，选择真正喜欢的生活 
25866817, 6.8, 1145, 有些路，只能一个人走 
26895400, 9.2, 90, 镜像人之末世如你 
6101125, 7.9, 264, 想太多 
26931157, 9.6, 67, 《不爱我，别伤我》 
26639133, 7.6, 344, 我有个好故事，就要你一碗酒 
24708303, 7.5, 386, 横道世之介 
26637849, 8.1, 199, 名字和名字刻在一起 
25948155, 7.3, 470, 每一个优秀的人，都有一段沉默的时光 
25728480, 9.1, 86, 給郁結的詩 
26307520, 8.1, 187, 没有街道的城市 
25870331, 6.8, 908, 所有年轻人都将在黎明前死去 
26287355, 6.8, 861, 除了爱，我们什么都不会 
4712828, 8.2, 166, 青春无羁 
26911011, 8.3, 144, 名丽场 
26889862, 8.6, 110, 我还是很喜欢你 
26357479, 6.0, 3665, 我与世界只差一个你 
26590273, 7.8, 215, 你会想念你自己吗 
24089617, 6.6, 1044, 世界这么大，还是遇见你 
26760898, 7.8, 199, 花与爱丽丝 
26428516, 6.7, 797, 我只是敢和别人不一样 
26747676, 9.0, 73, 愿世上所有的孤单，都有温暖相伴 
26281271, 7.6, 234, 我不要一成不变的生活 
26266672, 7.3, 297, 你以为没有的，可能在来的路上 
26333102, 7.7, 189, 我不愿让你一个人 
26771922, 7.9, 157, 科比 
26907595, 8.7, 79, 孤独这种病，遇见你就好了 
26907263, 9.5, 47, 全世界我只想和你在一起 
26925607, 8.7, 75, 不如去闯 
26676261, 8.3, 101, 曾经，我爱过一个少年 
24845767, 7.0, 382, 总有一次哭泣，让人瞬间长大 
26658429, 7.6, 186, 没有人会因为心碎而绝望 
26878059, 9.5, 45, 人若犯我（全二册） 
26277384, 6.9, 420, 让未来的你，感谢现在的自己 
26289077, 7.6, 179, 这善变的世界，难得有你 
26879246, 8.8, 65, 飘二代 
26709057, 7.9, 131, 那些被我们辜负的人 
26394467, 7.0, 345, 就像没有明天那样去生活 
26636282, 6.8, 448, 如果你想过1%的生活 
25977760, 7.0, 331, 我们都是突然长大的 
26413830, 7.2, 239, 这辈子活得热气腾腾 
26689720, 8.7, 63, 好姑娘向暖而生 
26808156, 9.3, 41, 你可以活成自己喜欢的模样 
26292727, 7.7, 129, 就当一次路过 
26924863, 8.8, 55, 没有办法一直努力的人生 
25926869, 7.5, 151, 那些再与你无关的幸福 
26732962, 8.2, 81, 姑娘，你是你自己，不同于任何 
26298713, 8.5, 64, 我还爱着你，比想象中更深 
26236894, 8.0, 93, 二十几岁决定你的人生主题 
26391996, 7.6, 130, 二十八岁，我有点累 
26728755, 7.9, 95, 不喧哗，自有声 
26688714, 8.0, 84, 记忆里，微笑的你 
26889498, 8.9, 44, 小确幸不如大欢喜 
26695296, 8.5, 50, 因为是你，晚一点没关系 
25927346, 7.0, 184, 趁我们还年轻，趁我还爱你 
26688094, 7.2, 127, 我在等，等风等你来 
26847843, 8.0, 62, 等待提拉米苏 
26822709, 8.9, 33, 聋哑时代 
26843173, 8.8, 35, 我们还年轻，不够好又有什么关系 
26755104, 7.5, 87, 20几岁，你为什么害怕来不及 
26456492, 7.5, 85, 我不要在庸碌中老去 
26927994, 8.5, 38, 走在有光的路上 
26879547, 8.3, 42, 一日男友 
26688712, 7.3, 86, 他站在夏花绚烂里 
26761277, 7.9, 51, 困兽手记 
26847342, 8.3, 39, 撒野 
26817186, 7.4, 73, 我们始终独自行走在这个世界 
26924899, 9.7, 18, 即使不完美
26854398, 8.5, 32, 我不想做一个“通情达理”的好姑娘 
26868339, 8.9, 25, 世界上有千百种喜欢 
26914156, 8.1, 27, 你不努力，就别怪世界残酷 
26866433, 7.4, 44, 不期而遇的温暖 
26928786, 8.4, 18, 万物和你一样动人 
26924276, 7.9, 20, 愿你的青春不负梦想 
26918960, 8.0, 17, 《借我春风如少年》 
26920205, 7.7, 19, 我把我的好朋友们都拉黑了 
26925001, 8.2, 14, 我的世界从此多了一个你 
26599358, 7.1, 21, 你未曾坠落星海 
26610890, 7.2, 12, 一不小心靠近你 
