Tag: 音乐 
The number of books: 280 

ID, Rating, Votes, Title
2295324, 8.6, 4483,  地下乡愁蓝调 
19962936, 8.7, 3396,  只是孩子 
1963786, 8.5, 3087,  怎样鉴别黄色歌曲 
3178741, 9.2, 1199,  来自民间的叛逆 
1493350, 9.3, 894,  哈农钢琴练指法 
3095037, 9.0, 1166,  听音乐（插图第6版） 
1044203, 8.1, 3560,  伤花怒放 
10590165, 9.5, 639,  聆听音乐 
1536776, 9.1, 842,  拜厄钢琴基本教程 
1868786, 8.0, 2589,  列侬回忆 
26580056, 8.3, 1601,  把青春唱完1990-1999 
1144865, 9.1, 533,  见证 
1757759, 9.5, 346,  琴学备要（上下） 
4142964, 8.5, 848,  古琴 
3891385, 8.1, 1330,  制造伍德斯托克 
1223765, 8.3, 1029,  请宰了我 
2265482, 8.1, 1210,  遥远的乡愁 
25858095, 8.7, 593,  我是你的男人 
1424373, 7.7, 2032,  电影×音乐 
6311580, 8.7, 573,  天堂十字路口 
1229236, 8.8, 524,  断弦的耳朵 
5395157, 7.9, 1456,  小夜曲 
26584734, 8.4, 722,  乐之本事 
3427973, 8.6, 573,  台　流行音　200最佳　　（1975-2005） 
1208741, 9.1, 342,  约翰　汤普森简易钢琴教程(1) 
25829051, 8.1, 926,  与小泽征尔共度的午后音乐时光 
1056801, 7.7, 1543,  摇滚圣经 
4912669, 7.3, 2756,  忧伤的老板 
10467105, 8.1, 862,  感动，如此创造 
1428307, 9.4, 229,  西方文明中的音乐 
1493169, 8.9, 338,  指尖下的音乐 
1059690, 8.5, 460,  辛丰年音乐笔记 
4047917, 8.7, 375,  秋籁居琴话 
1005381, 8.8, 317,  音乐圣经 
2076086, 9.0, 266,  弹指之间 
6101070, 8.3, 519,  滚石30 
1038703, 7.7, 1046,  音乐影响了我的写作 
1198520, 8.5, 383,  北方人的巴赫 
2367265, 8.6, 347,  民谣流域 
1095832, 8.0, 647,  音乐理论基础 
24871971, 8.5, 358,  然而，很美 
1245500, 8.6, 311,  和声学教程 
24845006, 9.0, 204,  有生之年非听不可的1001张唱片 
7007774, 7.7, 765,  没有意义就没有摇摆 
1076234, 8.7, 252,  人类的音乐 
1116305, 9.1, 180,  论钢琴表演艺术 
1031144, 7.7, 691,  音乐笔记 
2294572, 8.5, 266,  管风琴手记 
3423381, 8.7, 220,  不可思议的惊奇 
1440188, 8.6, 236,  在音乐与社会中探寻 
1321743, 8.5, 256,  古典音乐 
1122587, 9.1, 156,  阿劳谈艺录 
1496108, 8.7, 213,  约翰　汤普森现代钢琴教程 
2247444, 8.9, 173,  勋伯格和声学 
5245585, 7.9, 451,  词家有道 
1865723, 8.0, 394,  左岸琴声 
25812901, 9.6, 99,  李志原创歌曲吉他谱 
4253524, 8.1, 338,  近世古琴逸话 
5957920, 9.3, 115,  混音指南 
25803500, 7.8, 421,  古典音乐的巨匠时代（1685　1897） 
1963618, 8.5, 199,  伟大作曲家的生活 
1011858, 8.9, 144,  企鹅激光唱片指南 
1064704, 7.5, 584,  燃烧的噪音 
3239321, 7.8, 391,  活埋蓝调里 
3697498, 8.4, 213,  永恒的日记 
11504666, 8.1, 279,  谁愿永生 
1036210, 8.1, 275,  听者有心 
25747192, 7.7, 421,  原谅我一生不羁放纵爱自由 
21965538, 8.7, 156,  披头士（上下册） 
5914557, 8.9, 133,  伟大指挥家 
1039005, 9.1, 114,  倾听雅尼 
1342236, 7.6, 453,  地地下 
25773535, 8.7, 150,  迈尔斯　戴维斯自传 
2029857, 8.1, 260,  音乐逸事 
1446301, 8.1, 258,  丰子恺谈音乐 
1536797, 9.1, 108,  铃木小提琴教材 
10457355, 7.8, 331,  摇滚谱系 
5423589, 8.4, 185,  　所有明日的聚　 
4060765, 7.8, 328,  纽约时报古典乐评精选 
4912650, 7.0, 896,  沿着　望塔 
1401013, 8.6, 148,  练琴的艺术 
1092163, 8.1, 232,  西方音乐通史 
1866052, 7.8, 318,  灰飞烟灭 
1075651, 7.6, 385,  音乐欣赏十五讲 
1024814, 7.9, 278,  爵士春秋 
25928734, 8.9, 114,  古典风格 
1114471, 8.4, 170,  民谣吉他经典教程 
26373145, 7.4, 466,  耳朵借我 
24855168, 9.0, 101,  琴道 
1076137, 8.2, 186,  西方音乐一千年 
1161357, 8.3, 166,  爵士名盘300 
1312718, 7.7, 294,  帕格尼尼 
1329696, 8.9, 100,  中国古代音乐史稿上、下册 
6959725, 8.1, 187,  尤克里里完全入门24课 
20284263, 6.5, 1475,  夜话港乐 
26584842, 9.1, 82,  布鲁斯往事 
1232499, 7.9, 214,  基本乐理简明教程 
26842329, 9.3, 70,  瞬：　　　歌　　　 
1074207, 7.1, 530,  李岚清音乐笔谈 
1130234, 9.2, 73,  牛津简明音乐词典 
1437446, 8.5, 119,  我的青年时代 
5986054, 7.6, 280,  我，作词家 
2592191, 7.5, 302,  古典音乐简单到不行！ 
24522649, 8.7, 99,  爱情是一盘自制卡带 
1802277, 7.8, 214,  嘻哈圣经 
3169788, 8.7, 97,  三联爱乐　2007年第1期 
1796853, 8.4, 122,  修补裂痕 
4867847, 9.4, 59,  配器法教程 
4744051, 7.2, 391,  答案从未在风中飘过 
1052730, 8.1, 148,  死于圣殿，生于酒馆 
6920204, 8.1, 145,  忆马勒 
26677405, 8.0, 156,  老灵魂 
26737210, 8.2, 129,  莫里康内 
1155613, 9.1, 66,  音乐之流 
10762714, 7.3, 297,  人间、地狱和天堂之歌 
4864801, 7.4, 263,  最美的音乐史 
1035027, 7.5, 234,  爵士圣经 
25797852, 9.2, 59,  溪山琴况 
1469342, 8.2, 118,  噪音 
6877595, 8.6, 86,  约翰　列侬 
3260750, 9.3, 55,  1000个键盘技巧 
1451669, 8.7, 81,  Radiohead 
1245485, 8.9, 70,  霍曼小提琴基础教程 
26844660, 9.4, 51,  经典摇滚音乐指南　齐柏林飞艇 
1031289, 7.7, 184,  高潮 
6851010, 8.2, 115,  孩子学钢琴，父母先上课 
3059144, 9.3, 53,  Fundamentals of Piano Practice 
4920489, 8.6, 82,  爵士乐 
3895264, 9.6, 44,  巴赫演奏指南 
2998626, 8.1, 123,  鸟儿为什么歌唱 
25750940, 8.3, 102,  想乐 
1148261, 8.7, 75,  莫扎特书信集 
4212274, 9.4, 48,  调性和声及20世纪音乐概述 
3462387, 8.3, 99,  碎心曲-音乐.哲学.文学.自杀 
1194876, 9.2, 53,  东亚乐器考 
3054847, 8.4, 91,  作为戏剧的歌剧 
6712200, 8.0, 126,  被禁于大都会歌剧院 
1771304, 8.5, 84,  欧洲中世纪音乐 
1961796, 9.4, 47,  The Books of Albion 
1031331, 8.7, 72,  古斯塔夫　马勒 
26334681, 9.4, 46,  我是谁人？ 
2989626, 8.2, 101,  我无法停止爱你 
1135022, 8.7, 69,  钢琴弹奏的基本法则 
25743455, 7.8, 142,  爵士乐群英谱 
25870328, 9.2, 50,  永生或猝死 
20254612, 8.7, 68,  莱比锡之旅（附谱例别册） 
1706376, 8.2, 99,  民谣吉他考级标准教程 
1536744, 8.9, 59,  钢琴演奏技巧 
1392561, 8.2, 95,  中国音乐史 
2286664, 7.2, 251,  五年顺流而下 
3662237, 7.6, 160,  论晚期风格 
1536735, 7.6, 161,  西方音乐史 
26846157, 8.7, 64,  我们都是赶路人 
7004460, 8.8, 59,  The Secret Piano 
2250340, 8.5, 71,  嵇康：声无哀乐论 
6801700, 7.6, 152,  必要的静默 
26265059, 8.7, 61,  练琴 
1005336, 8.9, 54,  近世西洋十大音乐家故事 
2248815, 7.4, 177,  荒岛音乐 
1223785, 6.2, 963,  废墟之花：摇滚・历史・文化 
10571762, 7.5, 154,  音乐的极境 
1088897, 8.3, 76,  流行音乐与爵士乐和声学 
1188789, 8.1, 89,  李斯特论肖邦 
1421907, 8.7, 56,  　在那　唱自己的歌 
26756122, 9.1, 44,  我是你的莫扎特：莫扎特书信集 
1419878, 8.4, 69,  肖斯塔科维奇书信集 
25917406, 8.8, 52,  音乐神童加工厂 
1958417, 8.5, 63,  　　神　　 
11615474, 9.5, 35,  超越　音　　 
1092309, 9.9, 28,  帕格尼尼24首小提琴随想曲 
1075642, 8.3, 70,  莫扎特：音乐的神性与超验的踪迹 
26422836, 8.1, 80,  昨日不辞而别 
11599398, 7.9, 93,  古典音乐日课书 
1905746, 9.1, 41,  音乐史学原理 
1108903, 8.3, 67,  与钢琴大师在一起的岁月 
2270333, 8.8, 47,  The Rest Is Noise 
1127371, 7.9, 88,  见证披头士 
25758648, 8.0, 78,  我为什么要练琴 
24696880, 8.3, 63,  听不完的历史 
10955651, 8.4, 58,  琴史新编 
1536796, 9.0, 40,  小提琴制作艺术 
3834725, 7.5, 119,  电影音乐 
2244706, 8.7, 47,  征服琴海1 
26836499, 8.1, 70,  谁也夺不走，我们做梦的自由 
25802943, 7.5, 114,  童子与魔法 
4243837, 8.4, 56,  音乐闲话 
25876391, 8.6, 48,  西雅图之声 
1464427, 7.7, 93,  默观无限美 
3544380, 7.8, 85,  间奏 
26825412, 9.2, 33,  认识乐理 
26805246, 9.2, 33,  摇滚狂人 
1121770, 8.2, 61,  音乐门铃 
1779374, 8.7, 43,  迷幻异域 
2271944, 9.5, 28,  The Jazz Theory Book 
1456117, 8.4, 51,  指挥生涯　　我的游学随笔 
22988643, 7.4, 109,  流行音乐的秘密 
10809730, 7.2, 133,  沿着公路直行：鲍勃　迪伦传 
4048630, 8.7, 41,  混音艺术与创作 
1958739, 7.1, 144,  摇滚成金 
1854780, 9.2, 30,  律学 
1915972, 8.3, 51,  古典音乐颠峰40部 
26696600, 7.7, 79,  遇见台湾：我曾听过你的歌 
2990369, 8.2, 54,  时间与静默的歌 
4818956, 7.1, 140,  音乐札记 
3413619, 8.8, 37,  MIDI手册 
26108253, 8.9, 34,  Girl in a Band 
4202383, 8.1, 56,  首演 
6729105, 7.9, 64,  这就是爵士 
26435812, 6.8, 185,  夜话港乐2 
7051733, 7.8, 69,  热爱音乐 
1116373, 7.4, 96,  巴赫传 
4412611, 8.5, 41,  实用录音技术 
4203199, 8.9, 32,  中央　　史（1956-1996） 
1905729, 8.2, 48,  音乐美学观念史引论 
1084709, 8.3, 45,  弗朗茨　舒伯特及其时代 
3225469, 8.6, 37,  轻松自学吉他 
1391532, 9.4, 24,  论贝多芬交响曲的演出 
2136232, 8.7, 34,  美国爵士乐全攻略 
26127798, 7.8, 62,  莫扎特 
1789736, 9.7, 21,  Improvisation 
26427097, 9.0, 28,  古尔德读本 
3630528, 9.0, 28,  　多芬 
26435308, 9.4, 23,  《20课轻松学会弹尤克里里》 
1963375, 8.7, 32,  日本音乐史 
1624969, 8.6, 34,  现代西方音乐哲学导论 
10464653, 7.4, 80,  约翰　列侬传 
1480866, 9.8, 19,  The Libertines Bound Together: The Story of Peter Doherty and Carl Barat 
26576026, 9.0, 27,  流行歌词创作指南 
7064464, 8.4, 37,  音乐、语言与脑 
20282667, 7.9, 48,  一起走过的日子 
1852948, 8.4, 34,  中国古代音乐史简述 
25811061, 7.9, 46,  荣光之路 
1739713, 8.1, 40,  音乐心理学手册 
1095906, 8.7, 28,  钢琴演奏中的触键与表情 
26409450, 7.7, 53,  回到苏联 
26425227, 8.6, 29,  How Music Got Free 
26345628, 8.0, 40,  吉他入门经典教程（超炫图解版） 
24735284, 8.2, 35,  音乐中的伟大性 
1637070, 7.8, 46,  李重光怎样读五线谱 
21360366, 8.5, 29,  迷　音　的　 
1352777, 8.4, 30,  　性　止 
4889892, 7.8, 43,  现代音乐人编曲手册 
11611486, 8.8, 23,  鎏金舞台 
1805127, 9.1, 20,  音乐风格演释指南 
1248315, 8.7, 24,  现代音乐分析方法教程 
25969351, 7.2, 63,  成为最好的自己 
5171790, 7.8, 39,  DJ玩全手册 
24877019, 7.0, 73,  疯狂的钻石：锡德　巴雷特的一生与平克　弗洛伊德的黎明 
23013088, 8.3, 28,  音乐奇案的医学密码 
25925205, 8.4, 26,  书信里的辛丰年 
1096431, 8.2, 27,  卡鲁索的发声方法 
25764226, 8.5, 22,  布鲁斯之声 
26738182, 8.0, 29,  钢琴物语 
26280230, 7.3, 44,  聆听大门 
6990277, 7.6, 34,  西方音乐简史 
24860392, 7.7, 31,  尤克里里指弹独奏完整教程 
25841002, 8.6, 18,  世界音乐通史 
10466147, 8.0, 24,  音乐哲学导论 
1374639, 8.0, 22,  　　怒女 ANGRY WOMEN IN ROCK:VOLUME I 
26890734, 7.0, 42,  知中　民谣啊民谣 
25894791, 7.7, 24,  遗憾的聆听 
4326038, 7.2, 33,  纯音乐 
4852891, 7.9, 19,  挖掘嗓音的潜力 
26874238, 7.8, 19,  呼吸 
11650637, 7.9, 17,  Unknown Pleasures 
7013943, 7.5, 21,  How Music Works 
25900773, 8.0, 16,  二十世纪音乐 
26286755, 8.1, 15,  嘻哈这门生意 
26931364, 8.0, 15,  如何听懂音乐 
26314560, 7.7, 16,  音　大　史 
26892668, 7.5, 17,  经典摇滚音乐指南：鲍勃　迪伦 
26706407, 7.7, 15,  古乐之美 
26854326, 8.1, 12,  爵士乐十三大师 
25788588, 7.3, 18,  中国音乐文献学初阶 
1762358, 7.6, 15,  　　　社　　 
26800762, 6.6, 25,  跑调：音乐大师的秘密生活 
2282328, 7.1, 17,  电子音乐创作与研究文集 
25807241, 7.7, 12,  电影配乐完全指南 
26276006, 7.5, 12,  不朽的小提琴家 
26712908, 7.7, 10,  音乐至上：里卡尔多　穆蒂自传 
