ID, Score, Rating, Votes, Title 
2075685, 30.0, 8.1, 214, 黎东方讲史:细说三国 
2075689, 28.1, 8.3, 126, 黎东方讲史之续·细说宋朝 
2075687, 23.3, 7.3, 129, 黎东方讲史：细说明朝 
2075265, 25.4, 7.9, 110, 黎东方讲史之续-细说两晋南北朝 
2075690, 23.8, 7.5, 117, 黎东方讲史之续·细说秦汉 
2075686, 21.9, 7.4, 88, 黎东方讲史：细说清朝 
2075684, 21.4, 7.3, 87, 黎东方讲史：细说元朝 
2075016, 21.0, 7.4, 73, 黎东方讲史：细说民国创立 
2075688, 19.6, 6.8, 95, 黎东方讲史之续.细说隋唐 
2060491, 45.0, 8.9, 1135, 逻辑学导论 
1916705, 27.0, 7.7, 179, 牛津西方哲学史 
1491257, 24.0, 7.9, 85, 政治哲学导论 
1833592, 27.5, 8.5, 98, 宗教哲学 
1493063, 23.2, 7.8, 79, 当代心灵哲学导论 
26267406, 21.9, 8.7, 34, 逻辑学导论（第13版） 
3040668, 18.2, 6.9, 62, 知识论导论 
6017115, 20.6, 8.4, 33, 当代语言哲学导论 
3314550, 19.7, 7.5, 51, 伦理学导论 
3346152, 20.7, 8.1, 40, 什么是心理学 
3080044, 17.6, 7.2, 42, 科学哲学 
1493062, 15.5, 6.7, 40, 形而上学 
5384062, 16.2, 7.3, 29, 哲学是什么 
5922754, 12.8, 7.1, 16, 当代宗教哲学导论 
1880079, 24.1, 8.9, 43, 弗洛伊德 
1808572, 22.2, 9.1, 29, 康德 
1798132, 18.5, 8.0, 29, 维特根斯坦 
1836701, 17.8, 8.1, 24, 苏格兰启蒙运动 
1837681, 18.2, 8.1, 26, 亚里士多德 
1822254, 15.3, 7.9, 17, 尼采 
1821233, 13.9, 7.5, 16, 女性主义哲学 
1798131, 13.7, 8.2, 11, 哈贝马斯 
1830690, 14.1, 7.7, 15, 早期希腊哲学 
1827059, 15.8, 8.2, 16, 海德格尔 
1948901, 64.6, 8.4, 57387, 盗墓笔记 
2057285, 59.1, 8.2, 31791, 盗墓笔记2 
2298149, 60.5, 8.4, 28305, 盗墓笔记3 
3266344, 61.1, 8.5, 26392, 盗墓笔记4 
5254315, 59.0, 8.4, 21967, 盗墓笔记7 
4173968, 59.2, 8.4, 22974, 盗墓笔记6 
3800166, 59.2, 8.4, 22785, 盗墓笔记5 
3986188, 33.5, 9.3, 138, 小逻辑 
24699319, 25.8, 9.4, 42, 哲学史讲演录（新校重排本） 
5395352, 23.2, 8.6, 45, 文化与人生 
3986209, 27.7, 9.4, 55, 伦理学  知性改进论 
3842939, 19.9, 8.4, 29, 近代唯心论简释 
5981848, 17.1, 7.8, 25, 黑格尔哲学讲演集 
10749321, 17.3, 8.1, 22, 五十年来的中国哲学 
11632940, 14.9, 8.0, 15, 黑格尔早期神学著作 
25773183, 17.1, 8.4, 18, 精神现象学（新校重排本） 
20390225, 12.9, 7.7, 12, 马克思博士论文 黑格尔辩证法和哲学一般的批判 
20399252, 14.5, 8.0, 14, 黑格尔 黑格尔学述 
10749348, 12.9, 7.7, 12, 现代西方哲学讲演集 
5503967, 31.9, 8.5, 205, 织梦人 
5362356, 25.4, 8.1, 94, 思维 
5364020, 24.4, 7.8, 99, 逻辑的力量 
3412260, 30.7, 8.5, 168, 道德的理由 
6126832, 25.8, 8.1, 101, 死亡课 
6822452, 22.0, 8.6, 37, 超个体 
6533225, 25.7, 9.3, 44, 爱因斯坦的望远镜 
5922752, 19.8, 7.8, 42, 社会学的意蕴 
4922087, 23.7, 8.1, 69, 咖啡与哲学 
6070283, 23.1, 8.8, 39, 生活的意义 
1430657, 43.6, 9.3, 611, 卡夫卡全集（全10卷） 
1082468, 29.7, 8.8, 111, 维特根斯坦全集（全12卷） 
1082469, 40.7, 9.3, 396, 加缪全集（全四册） 
5247161, 30.9, 9.5, 83, 费·陀思妥耶夫斯基全集（全22卷） 
1083004, 27.9, 8.8, 84, 索尔·贝娄全集（全14卷） 
1083005, 30.4, 8.8, 124, 川端康成十卷集 
1435617, 23.3, 9.0, 36, 雪莱全集（全7卷） 
1433925, 24.6, 8.8, 50, 杰克·伦敦文集 
1112015, 21.6, 8.8, 31, 屠格涅夫全集（全12卷） 
1435615, 19.7, 9.2, 19, 海涅全集 
1434365, 25.3, 9.0, 49, 泰戈尔全集 
1507296, 18.0, 8.1, 25, 新莎士比亚全集（全12卷） 
1275673, 23.2, 8.7, 42, 纪伯伦全集（全5卷） 
1082470, 22.0, 8.6, 37, 歌德文集（全14卷） 
1430652, 20.4, 9.1, 22, 果戈理全集 
1430656, 19.8, 8.5, 27, 马克·吐温十九卷集 
1435616, 19.4, 8.7, 23, 莱蒙托夫全集（全五卷） 
1656062, 23.3, 8.7, 43, 莫泊桑小说全集（全9卷） 
1430650, 19.8, 9.1, 20, 雨果文集（全20卷） 
1597270, 17.6, 8.2, 22, 勃朗特两姐妹全集（全10卷） 
1597284, 12.7, 8.0, 10, 普希金全集 
1857295, 40.7, 9.0, 528, 荣格心理学入门 
1476458, 33.9, 8.5, 285, 自我实现的人 
2003229, 29.1, 8.1, 181, 禅与日本文化 
1940983, 30.3, 8.4, 171, 禅学入门 
3113378, 30.7, 8.7, 142, 我与你 
2073515, 20.3, 8.4, 31, 文学与感觉 
2993504, 31.4, 8.8, 145, 西西弗的神话(新知文库) 
1862454, 24.9, 8.4, 68, 里尔克 
2993008, 21.1, 8.3, 38, 叙事虚构作品 
3886632, 19.4, 8.7, 23, 美的现实性 
3198357, 28.0, 8.7, 92, 道德箴言录 
2128909, 24.0, 7.8, 93, 弗洛伊德的使命 
1012544, 22.4, 8.0, 59, 雅典娜神殿断片集 
1071998, 23.6, 8.5, 51, 基督的人生观 
1761889, 20.1, 8.4, 30, 禅与中国 
1854352, 15.9, 7.9, 19, 自由主义政治哲学 
1471510, 22.9, 7.9, 69, 生活的科学 
1469264, 20.5, 8.1, 39, 火的精神分析 
3198352, 20.9, 7.4, 71, 关于爱 
3091889, 20.1, 9.0, 22, 罗兰·巴尔特 
1925891, 12.2, 6.9, 16, 浪漫主义与现实主义 
1449686, 17.5, 7.5, 33, 宗教哲学 
1545870, 16.9, 7.7, 26, 爱的意义 
3672605, 12.6, 7.4, 13, 思维的训练 
1274666, 15.9, 8.0, 18, 西田几多郎 
2361359, 14.7, 7.8, 16, 日本官僚制研究 
3279014, 14.2, 7.4, 18, 诗歌解剖 
3264949, 17.3, 8.1, 22, 法律与宗教 
3264954, 11.5, 7.0, 13, 古代中国人的美意识 
1887570, 16.5, 7.7, 24, 成长心理学 
3020041, 14.5, 7.2, 22, 劳伦斯 
1998052, 18.2, 8.4, 22, 伦理学 
3264950, 14.5, 7.2, 22, 欧洲小说的演化 
3634683, 18.2, 8.8, 18, 表现主义 
3232900, 11.1, 7.3, 10, 普罗米修斯之火 
3264925, 12.7, 7.6, 12, 文学结构主义 
1900528, 16.8, 7.6, 27, 认识萨特 
3264935, 12.7, 7.8, 11, 他们研究了人 
3536502, 16.4, 7.9, 21, 福泽谕吉 
3292945, 13.3, 7.4, 15, 超现实主义 
2283920, 47.9, 8.6, 2583, 西方哲学史 
2304817, 38.3, 8.5, 596, 资本论 
2308876, 35.0, 8.6, 310, 政府论 
2308525, 36.0, 8.6, 368, 论法的精神 
2306862, 36.8, 8.3, 572, 精神分析引论 
2283961, 34.5, 9.1, 187, 相对论 
2305071, 27.3, 8.0, 142, 人性论 
2284071, 30.3, 8.3, 187, 论美国的民主 
2283978, 32.9, 8.7, 201, 社会契约论 
2305066, 32.0, 8.4, 228, 查拉图斯特拉如是说 
2306699, 28.3, 8.4, 122, 战争论 
2308361, 24.2, 7.4, 139, 乌托邦 
2307504, 32.6, 8.7, 192, 君主论 
2305112, 27.7, 8.5, 102, 国富论 
2282850, 24.6, 8.0, 87, 物种起源 
2307078, 26.1, 7.9, 125, 艺术哲学 
2283989, 22.0, 7.8, 64, 法哲学原理 
2282758, 20.5, 7.6, 56, 路易十四时代 
2307979, 17.6, 7.3, 39, 经济学原理 
2308362, 17.7, 8.4, 20, 政治学 
1020296, 36.9, 8.7, 385, 恐惧与颤栗 
1278512, 29.4, 8.3, 159, 西方世界的兴起 
1151117, 23.4, 8.4, 53, 国家的神话 
1004939, 23.6, 8.3, 59, 社会学 
1000773, 26.7, 8.7, 74, 人类本性与社会秩序 
1051277, 22.2, 8.2, 49, 材料与记忆 
1073318, 24.3, 8.2, 71, 政治生活的系统分析 
1278724, 22.6, 7.5, 91, 人类学与现代生活 
1088828, 25.2, 8.2, 83, 一个幻觉的未来 
1008238, 21.3, 8.6, 33, 国家权力与个人自由 
1080005, 24.6, 8.7, 53, 旷野呼告 
1278489, 21.7, 7.7, 65, 平等与效率 
1074647, 16.1, 8.2, 17, 知识社会学问题 
1033627, 23.2, 8.5, 48, 社会学方法的规则 
1205566, 21.2, 8.5, 34, 自然的观念 
1018509, 19.3, 8.5, 25, 创造进化论 
1273952, 18.9, 8.3, 26, 内在时间意识现象学 
1004185, 13.8, 7.6, 15, 神人类讲座 
1252635, 15.0, 7.6, 19, 真理与进步 
1613877, 15.0, 7.6, 19, 社会学研究 
3410752, 35.2, 8.2, 481, 宽容 
4238168, 35.2, 8.4, 389, 人类的故事 
3410753, 22.2, 7.1, 125, 我们的奋斗 
4605568, 22.8, 7.3, 115, 与字母一起漫游世界 
6310246, 25.9, 7.7, 146, 圣经的故事 
5386036, 24.3, 7.7, 107, 房龙地理 
20463108, 56.3, 8.3, 16375, 观念的水位 
1288913, 45.4, 8.3, 2511, 半生为人 
20503529, 47.3, 9.2, 1157, 古拉格：一部历史 
3273876, 44.9, 8.1, 3053, 被劫持的私生活 
25881102, 47.4, 8.9, 1648, 独裁者手册 
1050929, 48.1, 8.7, 2358, 隐蔽的秩序 
3391717, 44.5, 8.1, 2837, 中国好人 
5276620, 41.1, 7.8, 2334, 什么都没有发生 
2049128, 44.1, 8.1, 2615, 丧家狗 
11605940, 40.9, 8.5, 910, 倒转红轮 
6808941, 41.0, 8.0, 1718, 七日谈 
3104580, 40.4, 8.0, 1540, 找寻真实的蒋介石 
10563202, 39.0, 8.3, 827, 可操作的民主 
21432137, 41.3, 8.7, 776, 共同的底线 
1392950, 37.7, 7.5, 1897, 花间一壶酒 
10466455, 35.3, 7.3, 1568, 不必读书目 
2142687, 35.9, 7.3, 1766, 张学良口述历史 
3640150, 42.7, 8.0, 2336, 血酬定律 
6308034, 41.5, 8.4, 1139, 从&#34;东欧&#34;到&#34;新欧洲&#34; 
4827310, 42.7, 8.8, 876, “中间地带”的革命 
3824491, 46.5, 9.0, 1270, 父亲的战场 
6556296, 38.1, 8.2, 796, 亚洲教父 
3223586, 45.8, 8.6, 1833, 中国人史纲（上下） 
26415165, 34.7, 7.9, 616, 沐猿而冠 
4243276, 42.9, 9.3, 547, 田园诗与狂想曲 
1958394, 37.6, 7.8, 1194, 工作DNA 
3092871, 36.9, 8.3, 580, 欧洲：一堂丰富的人文课 
20481426, 35.0, 8.4, 379, 处在十字路口的选择 
25928984, 33.8, 8.1, 418, 叶 
19955131, 29.6, 7.8, 266, 昨天的中国 
1431966, 32.8, 7.3, 930, 历史的坏脾气 
5982380, 37.0, 8.3, 590, 祸枣集 
4922253, 33.5, 7.9, 495, 历史：何以至此 
2142680, 35.1, 8.5, 348, 游民文化与中国社会 
6895949, 37.0, 9.0, 297, 联合政府与一党训政 
26279954, 25.6, 7.2, 232, 知识的边界 
25834607, 26.5, 7.9, 136, 自由的进化 
25834602, 28.9, 8.4, 135, 戊戌变法的另面 
2976504, 32.4, 7.6, 579, 李鸿章与晚清四十年 
25734522, 29.3, 7.9, 226, 南非的启示 
1908546, 29.8, 7.6, 342, 武夫当国 
6727722, 32.2, 7.9, 388, 进城走了十八年 
10563198, 25.6, 8.6, 67, 宝贝，你们好吗？ 
4870140, 31.4, 8.2, 245, 找寻真实的蒋介石 
10605332, 28.4, 8.1, 159, 天下得失 
4864801, 27.3, 7.4, 263, 最美的音乐史 
4243277, 31.3, 8.2, 241, 蓝衣社 
25733969, 27.0, 8.0, 135, 蹉跎坡旧事 
5346140, 28.0, 8.7, 92, 民国的政治逻辑 
4896403, 30.7, 7.7, 364, 闲看水浒 
26393369, 23.8, 7.2, 157, 我书架上的神明 
25720343, 22.5, 7.7, 75, 叛逆者 
4829676, 31.8, 8.0, 326, 花间一壶酒 
20282875, 25.5, 8.0, 104, 蒋介石 
3321575, 28.3, 7.5, 288, 谁在收藏中国 
26699680, 20.3, 7.6, 54, 1943 
5944468, 21.2, 7.5, 69, 走不出的门 
4127995, 22.0, 7.4, 90, 文化的江山（上下册） 
5260524, 22.4, 7.3, 106, 我这九十年 
3070942, 30.7, 8.3, 199, 如实生活如是禅 
11542902, 25.4, 7.7, 131, 超越左右激进主义 
4146758, 29.6, 9.1, 89, 聂绀弩旧体诗全编注解集评（全三册） 
5275260, 25.6, 8.0, 105, 赵俪生高昭一夫妇回忆录 
10506693, 31.2, 8.7, 153, 西安事变新探 
4243278, 27.1, 7.8, 165, 地缘大战略 
4821458, 29.0, 8.1, 176, 中国思想地图 
3236652, 29.5, 8.5, 137, 丧家狗 
5982381, 24.7, 7.7, 116, 走向革命 
6127279, 14.7, 5.7, 98, 改造我们的文化历史观 
25901133, 29.6, 8.8, 110, 古拉格 
26078835, 21.2, 7.7, 59, 一本书的历史 
25720332, 22.2, 7.5, 84, 政商中国 
3039155, 30.4, 8.3, 188, 中国的人心与文化 
6810722, 27.6, 8.1, 137, 亲历民主 
10428419, 26.0, 8.1, 103, 音调未定的传统 
25872374, 21.4, 8.0, 49, 武士政治 
25933601, 20.7, 7.2, 82, 一个戴灰帽子的人 
20481424, 22.1, 7.2, 110, 逃向苍天 
3290407, 23.5, 7.6, 100, 流逝的岁月 
20282877, 20.4, 7.2, 76, 决战 
24744718, 24.4, 7.9, 92, 直面内心的恐惧 
4263571, 23.6, 7.6, 102, 谁在拍卖中国 
26345368, 21.7, 8.3, 42, 无政府时代的来临 
26419790, 20.5, 7.6, 56, 此史有关风与月 
26808266, 18.2, 8.1, 26, 我书架上的神明续编 
26583248, 22.6, 8.3, 49, 民国文学十五讲 
25806559, 27.1, 8.3, 107, 血酬定律（精装） 
6861665, 23.3, 8.2, 60, 三峡记 
25854442, 18.3, 7.6, 36, 东方风暴 
3127909, 22.0, 7.6, 75, 真假共和(上) 
21751347, 21.9, 7.2, 105, 张学良口述历史 
24541904, 17.9, 7.7, 31, 蒋介石与国共和战 
6426096, 16.9, 7.7, 26, 通往立宪之路（上下） 
26053927, 25.6, 7.9, 114, 观念的水位 
24861384, 15.3, 7.3, 24, 新纲常 
10740538, 15.8, 7.2, 29, 盛成回忆录 
26114201, 19.1, 6.4, 133, 一碗清汤荞麦面 
25798055, 19.8, 7.8, 42, 民国人物过眼录 
26114461, 10.5, 6.0, 20, 中国近代的财与兵 
25720326, 17.9, 7.5, 36, 花间一壶酒（精装） 
20430617, 12.6, 7.4, 13, 自由的款式 
4007446, 14.6, 6.8, 30, 二十世纪中国史纲（上下） 
26133409, 18.0, 8.6, 19, 游民文化与中国社会（增修版） 
3405438, 22.9, 8.1, 60, 真假共和（下） 
4821825, 18.3, 7.5, 39, 地缘大战略2 
26280651, 17.8, 7.8, 29, 找不回的故乡 
26345369, 14.8, 7.1, 25, 访法札记 
21452563, 15.9, 7.8, 20, 北洋军阀统治时期史话 
6126966, 27.2, 8.9, 70, 在世界的爱心之中 
25591355, 17.6, 7.4, 36, 李鸿章与晚清四十年（精装） 
1032063, 54.4, 8.9, 4943, 旧制度与大革命 
1211052, 42.7, 8.5, 1242, 罗马帝国衰亡史（上册） 
1439441, 46.6, 8.9, 1454, 伯罗奔尼撒战争史 
1057653, 44.6, 8.7, 1338, 草原帝国 
1511912, 39.5, 8.4, 812, 高卢战记 
1043613, 41.4, 8.4, 1116, 工作与时日 神谱 
1020537, 37.9, 8.8, 413, 历史的观念 
1053109, 36.9, 9.0, 294, 封建社会（上、下卷） 
1853552, 36.7, 8.5, 452, 中世纪的城市 
1211051, 36.5, 8.5, 436, 罗马帝国衰亡史（下册） 
2185235, 36.5, 8.5, 442, 历史是什么? 
1039585, 33.2, 8.0, 419, 罗马十二帝王传 
2186646, 34.8, 8.8, 249, 蒙塔尤 
2327776, 33.8, 8.2, 376, 历史的地理枢纽 
1116343, 35.0, 8.3, 416, 蒙古帝国史 
1511839, 36.4, 8.7, 354, 希罗多德历史 
1197914, 36.4, 8.7, 356, 长征记 
1316628, 35.7, 8.5, 381, 法国革命史 
1116685, 33.4, 8.6, 239, 意大利文艺复兴时期的文化 
1037401, 33.3, 8.3, 309, 佛罗伦萨史 
1028670, 34.7, 8.7, 269, 塔西佗《编年史》 
4736004, 27.2, 8.9, 70, 美国文明的兴起（上下） 
1160154, 31.3, 8.0, 294, 亚历山大远征记 
21323553, 32.7, 8.8, 179, 历史的辉格解释 
1060019, 31.5, 8.4, 210, 古代社会（上下） 
24541892, 30.8, 9.5, 82, 地中海与菲利普二世时代的地中海世界（全二卷） 
1448236, 29.2, 8.0, 201, 欧洲文明史 
1915910, 31.0, 8.1, 255, 内战记 
1116356, 33.5, 8.5, 268, 阿古利可拉传 日耳曼尼亚志 
1438722, 31.5, 8.5, 191, 罗马史（上卷） 
4729534, 27.8, 8.8, 82, 美国政治传统及其缔造者 
1441453, 30.7, 8.6, 154, 历史学的理论和实际 
1130172, 32.4, 8.6, 201, 塔西佗历史 
24530454, 30.9, 9.0, 116, 巴黎，19世纪的首都 
5903928, 33.5, 9.0, 173, 旧制度与大革命 
1129291, 30.0, 8.6, 136, 风俗论（上册） 
1277282, 29.3, 8.2, 171, 路易十四时代 
1028120, 28.7, 8.9, 88, 新科学（全两册） 
1061684, 32.2, 9.0, 142, 罗马史（下卷） 
6847782, 27.6, 8.1, 138, 德国的浩劫 
23801770, 25.2, 8.2, 83, 西域考古记 
6901613, 20.3, 7.0, 92, 哥特史 
1049103, 31.1, 8.6, 164, 喀提林阴谋 朱古达战争 
1512134, 25.0, 7.5, 147, 西印度毁灭述略 
4736005, 23.8, 8.0, 76, 美国宪法的经济观 
21360242, 23.4, 8.1, 65, 古代世界的政治 
1116335, 27.8, 8.3, 120, 拿破仑时代(上、下卷) 
4882172, 29.8, 8.4, 157, 明日的田园城市 
4736056, 23.6, 8.3, 58, 英国的家庭、性与婚姻 1500-1800 
1042054, 23.7, 7.9, 81, 世界征服者史（全两册） 
11577152, 19.0, 8.1, 30, 革命节日 
1459060, 28.0, 8.6, 99, 秘鲁征服史 
1054616, 24.7, 8.7, 54, 十九世纪历史学与历史学家（上下） 
5380385, 28.9, 8.4, 133, 两次世界大战之间的国际关系 
4820915, 24.9, 8.2, 79, 法国革命史 
10571615, 25.4, 9.1, 47, 法国大革命讲稿 
10571764, 17.2, 8.0, 23, 十六世纪的无信仰问题 
6429805, 20.8, 8.5, 32, 往年纪事 
1245514, 23.6, 7.1, 169, 查理大帝传 
1577632, 24.7, 8.0, 89, 一六四〇年英国革命史 
1224331, 21.5, 7.5, 74, 盎格鲁-撒克逊编年史 
4811950, 21.7, 7.6, 71, 莱茵河 
1032048, 17.9, 7.7, 31, 地理学中的解释 
1058876, 21.2, 8.3, 39, 巴布尔回忆录 
1116324, 26.1, 8.7, 67, 征服新西班牙信史（全二册） 
1059079, 28.0, 8.7, 91, 风俗论（中册） 
5384624, 23.6, 8.3, 59, 论历史上的英雄、英雄崇拜和英雄业绩 
1116344, 23.3, 7.9, 75, 历史著作史（上卷全两册） 
1051113, 19.6, 7.3, 59, 法兰克人史 
1045665, 26.6, 8.6, 78, 风俗论（下册） 
1047365, 16.0, 7.4, 26, 古代的地理学 
1010538, 21.3, 7.9, 52, 人文地理学问题 
5352619, 24.2, 7.9, 88, 波斯人信札 
25761783, 19.9, 8.3, 31, 劫余录 
24530485, 22.9, 9.0, 34, 论李维罗马史 
1031046, 19.5, 8.3, 29, 法国文明史（第一卷） 
1723562, 20.5, 7.7, 52, 摩奴法典 
4780042, 19.3, 7.5, 47, 思想自由史 
1089379, 21.3, 8.4, 37, 史集（第一卷 第一分册） 
25761749, 20.9, 8.9, 26, 东南亚的贸易时代 1450-1680年 （第一卷） 
1004821, 58.6, 8.7, 12770, 理想国 
1008189, 58.0, 8.9, 8636, 西方哲学史（上卷） 
1004699, 53.7, 8.9, 4438, 作为意志和表象的世界 
1038292, 51.2, 8.6, 4403, 精神分析引论 
1005354, 48.2, 9.1, 1484, 逻辑哲学论 
1034259, 45.8, 8.5, 2058, 小逻辑 
1116367, 47.2, 8.7, 2018, 道德情操论 
1071023, 47.5, 8.6, 2390, 谈谈方法 
1060531, 46.7, 8.5, 2393, 忏悔录 
1178535, 41.3, 8.6, 869, 人性论（上下） 
1274953, 41.6, 8.7, 823, 伦理学 
1071384, 41.0, 8.5, 933, 物种起源 
1051943, 47.0, 9.1, 1235, 尼各马可伦理学 
1079756, 44.0, 8.5, 1532, 释梦 
1018360, 41.7, 8.6, 935, 性心理学 
1076280, 43.7, 8.7, 1149, 第一哲学沉思集 
1036446, 45.6, 8.9, 1242, 诗学 
1077833, 41.9, 8.7, 864, 形而上学 
1049872, 46.2, 8.9, 1374, 西方哲学史（下卷） 
1255584, 36.8, 8.4, 511, 时间与自由意志 
1012380, 39.4, 8.8, 516, 精神现象学（上卷） 
1228193, 39.3, 8.4, 775, 回忆苏格拉底 
1069441, 36.9, 8.3, 576, 纯粹理性批判 
1053009, 45.5, 9.2, 886, 游叙弗伦 苏格拉底的申辩 克力同 
1050527, 36.6, 8.8, 333, 逻辑学（上卷） 
21570668, 45.8, 9.2, 929, 会饮篇 
1035562, 37.0, 8.6, 429, 在通向语言的途中 
2045704, 39.3, 8.9, 467, 权力意志 
1439792, 37.4, 8.5, 508, 形而上学导论 
1232571, 39.7, 9.1, 412, 哲学研究 
1116325, 32.8, 8.6, 215, 人类理解论（上下） 
1245537, 42.3, 9.1, 609, 苏鲁支语录 
1039771, 37.6, 8.9, 354, 法哲学原理 
1915608, 35.9, 8.7, 325, 人类理解研究 
1052276, 36.9, 8.9, 318, 路标 
1074364, 37.7, 8.9, 361, 哲学史讲演录(第一卷) 
1116336, 33.0, 8.5, 246, 佛教逻辑 
1157293, 31.1, 8.2, 233, 原始思维 
1880660, 32.6, 8.9, 163, 自然哲学的数学原理 
1005360, 35.7, 8.7, 319, 面向思的事情 
1455960, 31.1, 8.3, 213, 人有人的用处 
1455362, 39.3, 9.3, 323, 历史理性批判文集 
1033561, 37.6, 8.8, 393, 文明论概略 
1436758, 31.1, 7.9, 315, 结构主义 
1652617, 38.4, 9.3, 284, 任何一种能够作为科学出现的未来形而上学导论 
1512490, 33.0, 8.3, 294, 实用主义 
1086511, 31.8, 8.5, 199, 人类的知识 
1251894, 38.1, 8.6, 520, 培根论说文集 
1002135, 33.1, 8.6, 229, 历史与阶级意识 
1042153, 34.3, 8.9, 214, 人类理智研究 
1036860, 30.7, 8.0, 267, 艺术的起源 
1443526, 30.7, 8.2, 220, 新工具 
1116326, 29.4, 7.3, 459, 人是机器 
1228654, 32.3, 8.6, 199, 物性论 
1116392, 30.8, 8.2, 224, 计算机与人脑 
1511983, 35.3, 8.5, 362, 劝学篇 
1082457, 34.5, 9.0, 201, 美学（第一卷） 
1841445, 31.4, 8.9, 136, 物理学和哲学 
1440342, 32.1, 8.6, 194, 发生认识论原理 
1315775, 34.9, 8.4, 372, 知性改进论 
1035947, 30.5, 8.5, 161, 科学史 
1536540, 31.2, 8.1, 261, 论宗教宽容 
1512933, 30.7, 8.2, 219, 基督教的本质 
11232671, 37.3, 9.1, 283, 悲剧的诞生 
1072989, 32.9, 9.0, 158, 薄伽梵歌论 
1048529, 32.5, 8.4, 247, 论老年 论友谊 论责任 
1070872, 36.6, 9.2, 237, 实践理性批判 
1251842, 36.9, 9.3, 226, 巴曼尼得斯篇 
1116342, 31.2, 9.0, 121, 斯宾诺莎书信集 
1075174, 32.1, 8.9, 150, 逻辑学（下卷） 
1245505, 32.3, 8.5, 217, 自然宗教对话录 
1248122, 30.0, 8.5, 149, 数理哲学导论 
4202381, 30.9, 9.0, 116, 逻辑学讲义 
1251787, 29.7, 8.7, 120, 野性的思维 
1245516, 31.7, 8.8, 152, 纯粹现象学通论 
1023088, 34.1, 9.2, 163, 精神现象学（下卷） 
1135056, 30.8, 8.4, 186, 道德原则研究 
1011561, 27.8, 8.6, 96, 人类的由来（全两册） 
1010750, 31.1, 8.7, 152, 伦理学的两个基本问题 
1884735, 31.5, 9.4, 96, 判断力批判 
1138451, 30.8, 8.5, 169, 最后的沉思 
1074986, 29.1, 8.1, 180, 我的哲学的发展 
1073103, 29.2, 8.5, 129, 笛卡尔哲学原理 
1265828, 32.8, 8.9, 168, 美学(第三卷下册) 
1072932, 28.8, 8.3, 144, 哲学辞典 
5373892, 31.5, 8.2, 250, 宗教的本质 
1245531, 31.0, 8.7, 149, 算术基础 
1116316, 31.8, 8.2, 266, 精神分析引论新编 
1048835, 26.2, 8.3, 91, 哲学和自然之镜 
6060527, 23.1, 9.0, 35, 爱因斯坦文集（全三卷） 
1259303, 30.3, 8.7, 133, 科学哲学的兴起 
1034760, 22.6, 7.4, 100, 拓扑心理学原理 
1075771, 24.9, 8.2, 79, 科学与近代世界 
1031345, 33.8, 9.2, 156, 哲学史讲演录（第二卷） 
6038169, 32.5, 8.9, 160, 薄伽梵歌 
4736047, 30.5, 8.9, 118, 尼采（全二卷） 
1136453, 30.1, 8.6, 138, 论学者的使命 人的使命 
5340428, 23.8, 8.0, 76, 艺术即经验 
1427513, 26.5, 8.3, 96, 宗教经验之种种 
1135048, 24.8, 8.5, 62, 人类理智新论 
1157313, 29.5, 8.4, 149, 物理学 
1511716, 25.0, 7.4, 166, 一年有半,续一年有半 
1721810, 26.1, 8.5, 78, 逻辑与知识 
1510740, 25.1, 8.1, 88, 全部知识学的基础 
1245515, 27.9, 9.1, 69, 神圣人生论（全两册） 
21357072, 36.0, 9.2, 214, 裴洞篇 
4202361, 28.3, 8.6, 103, 耶稣传 
1001355, 22.1, 7.8, 65, 论有学识的无知 
1252117, 29.5, 8.4, 149, 范畴篇 解释篇 
1042292, 32.3, 9.1, 133, 哲学史讲演录(第四卷) 
1513154, 32.5, 8.8, 173, 人生的亲证 
1074789, 27.2, 8.7, 81, 先验唯心论体系 
1099484, 26.2, 8.0, 118, 十七世纪英格兰的科学、技术与社会 
4882100, 28.9, 8.6, 115, 人类知识原理 
1073230, 30.7, 8.8, 131, 哲学史讲演录(第三卷) 
4859891, 23.2, 9.9, 23, 数学、科学和认识论 
1512250, 25.4, 8.5, 69, 灵魂论及其他 
1655575, 23.0, 7.7, 84, 心的概念 
1233480, 29.4, 8.9, 99, 欧洲科学的危机与超越论的现象学 
1245507, 25.5, 8.3, 81, 科学中华而不实的作风 
1245527, 25.1, 7.5, 151, 基督何许人也 
4922508, 25.0, 8.2, 81, 简论上帝、人及其心灵健康 
25784280, 33.0, 9.0, 160, 偶像的黄昏 
4735985, 28.6, 8.8, 94, 保卫马克思 
6861482, 25.6, 8.6, 66, 哲学片段 
1228655, 24.4, 8.1, 78, 狄德罗哲学选集 
5373898, 20.1, 8.9, 23, 科学与方法 
1070841, 23.3, 7.4, 116, 哲学的改造 
5340426, 25.1, 9.3, 40, 诠释学Ⅰ、Ⅱ 
1228585, 23.7, 8.5, 52, 论原因、本原与太一 
1441417, 26.2, 9.0, 56, 实验心理学史 
4882058, 22.3, 8.6, 39, 声音与现象 
1290256, 23.1, 8.1, 62, 多元的宇宙 
1043838, 21.4, 7.8, 57, 自然哲学 
21256236, 26.6, 9.3, 50, 奥义书 
1116322, 23.9, 8.7, 47, 十六、十七世纪科学、技术和哲学史(上下册) 
1020983, 26.5, 8.9, 63, 哲学史教程（上卷） 
1020146, 22.6, 8.1, 57, 尼耳斯·玻尔哲学文选 
1197893, 25.1, 8.5, 66, 美学（第二卷） 
1512353, 22.1, 7.9, 60, 善的研究 
1709713, 25.0, 9.0, 47, 科学与假设 
1028800, 22.7, 8.2, 54, 科学社会学（全二册） 
4202355, 20.7, 8.7, 28, 动物志 
20473985, 17.7, 8.0, 25, 精神的婚恋 
20276111, 27.5, 8.9, 73, 智者 
1245512, 22.3, 8.2, 50, 莱布尼茨与克拉克论战书信集 
4140491, 23.4, 8.4, 53, 自我的超越性 
2144470, 19.6, 8.1, 33, 逻辑与演绎科学方法论导论 
6885647, 19.1, 8.3, 27, 神秘神学 
1228656, 26.2, 8.8, 64, 美学(第三卷上册) 
6194399, 12.4, 7.5, 12, 科学-神学论战史 
1057417, 22.1, 8.3, 45, 新系统及其说明 
1116321, 20.7, 7.9, 46, 文化科学和自然科学 
1510739, 19.3, 7.8, 38, 感觉的分析 
1245506, 21.0, 7.9, 49, 亚里士多德的三段论 
2101399, 21.3, 7.2, 93, 袖珍神学 
5361435, 23.3, 8.7, 43, 感觉与可感物 
4882127, 20.1, 8.0, 39, 阿维斯塔 
21318652, 23.6, 8.1, 68, 为什么我不是基督教徒 
6861497, 18.0, 8.5, 20, 论原罪与恩典 
10539131, 19.1, 8.5, 24, 神学论文集 哲学的慰藉 
1245502, 20.3, 8.4, 31, 十八世纪科学、技术和哲学史(上下) 
1135839, 18.4, 7.4, 43, 论灵魂 
24697399, 15.0, 7.5, 20, 神学与哲学 
6847787, 20.7, 8.6, 30, 论隐秘的上帝 
1513187, 21.8, 7.8, 61, 健全的思想 
1659855, 16.8, 7.6, 27, 天象论 宇宙论 
6042658, 20.1, 8.9, 23, 思维方式 
1043182, 26.0, 9.0, 55, 哲学史教程（下卷） 
1245530, 19.3, 7.2, 61, 卡布斯教诲录 
6023969, 24.6, 8.7, 53, 论个人在历史上的作用问题 
21318647, 21.7, 8.2, 45, 美学原理 
1559500, 19.8, 7.0, 81, 泛神论要义 
5361434, 22.5, 8.4, 45, 心的分析 
1116341, 20.3, 8.9, 24, 实验医学研究导论 
1013635, 20.9, 9.0, 25, 自然的体系（上下） 
1512471, 18.4, 7.8, 32, 人类知识起源论 
4736006, 17.1, 8.4, 18, 行为的结构 
6861496, 15.5, 7.5, 22, 论《创世记》 
5373897, 17.6, 8.2, 22, 事实、虚构和预测 
1041278, 20.1, 7.3, 66, 对笛卡尔《沉思》的诘难 
1054859, 19.6, 8.6, 25, 对莱布尼茨哲学的叙述、分析和批判 
11530044, 15.0, 7.7, 18, 示教千则 
5254829, 18.5, 8.8, 19, 埃克哈特大师文集 
4882101, 23.7, 8.7, 46, 哲学作为严格的科学 
6847790, 14.0, 7.8, 14, 论神性 
6901609, 18.2, 8.4, 22, 单纯理性限度内的宗教 
6088296, 16.8, 8.3, 18, 伦理学中的形式主义与质料的价值伦理学 
4887604, 19.2, 8.4, 26, 物理学理论的目的与结构 
24698707, 12.7, 7.8, 11, 如何以言行事 
1089398, 52.3, 8.9, 3524, 西方哲学史（下卷） 
1254278, 43.6, 8.7, 1129, 思想录 
1427023, 42.2, 9.0, 664, 希罗多德历史（上下） 
1073143, 40.8, 8.8, 653, 美学(第一卷) 
1002958, 38.9, 8.7, 528, 战争论（全三卷） 
1160320, 40.9, 8.8, 658, 政治学 
1138452, 36.3, 8.6, 387, 意大利文艺复兴时期的文化 
1254280, 42.6, 9.3, 525, 论美国的民主（上下） 
1253835, 38.2, 9.2, 298, 哲学史教程（上卷） 
1034955, 35.4, 9.0, 233, 作为意志和表象的世界 
1281779, 30.2, 7.8, 298, 乌托邦 
1228659, 37.2, 8.9, 334, 西方哲学史（上卷） 
1160319, 34.3, 8.4, 332, 精神分析引论 
1022369, 34.3, 9.1, 181, 美学(第二卷) 
1061476, 31.2, 8.8, 141, 罗马帝国衰亡史（下册） 
1267621, 27.1, 8.5, 91, 感觉的分析 
1816714, 33.7, 9.4, 132, 国民财富的性质和原因的研究 
1067969, 33.3, 9.3, 134, 哲学史教程（下卷） 
1067576, 34.2, 9.2, 164, 旧制度与大革命 
1057558, 30.9, 8.8, 134, 美学（第三卷·上） 
1138468, 27.0, 8.8, 73, 中世纪经济社会史（上册） 
1410719, 30.7, 8.6, 154, 论人类不平等的起源和基础 
1281780, 26.1, 8.8, 63, 伦理学 
1002253, 27.7, 8.7, 87, 政治经济学的国民体系 
1022065, 29.7, 9.0, 96, 精神现象学（上卷） 
1263204, 27.5, 8.7, 84, 形而上学 
1255368, 32.7, 9.1, 141, 苏鲁支语录 
1255372, 22.2, 8.2, 49, 政府片论 
1138453, 25.4, 8.8, 56, 中世纪经济社会史（下册） 
1455893, 22.6, 8.8, 36, 就业利息和货币通论 
1269112, 24.1, 8.9, 43, 法学总论 
1171876, 18.5, 7.4, 44, 基督教的本质 
1080503, 23.1, 9.0, 35, 美学(第三卷下) 
3523852, 25.1, 8.8, 54, 理想国 
1137172, 24.0, 8.2, 67, 忏悔录 
1559796, 20.8, 8.3, 36, 路易十四时代 
1078701, 21.1, 8.4, 36, 精神现象学（下卷） 
1027071, 23.6, 9.0, 38, 神学政治论 
1026510, 21.5, 8.4, 38, 人性论（全两册） 
1079535, 16.2, 8.0, 19, 塔西佗《编年史》（全两册） 
1277981, 56.7, 8.8, 8050, 社会契约论 
1041385, 56.3, 9.2, 4493, 论美国的民主 
1060774, 56.1, 8.7, 8563, 君主论 
1400195, 49.6, 8.7, 2980, 论自由 
1468426, 46.6, 8.7, 1845, 利维坦 
1274469, 45.5, 8.4, 2250, 自杀论 
1048930, 49.0, 9.0, 1885, 联邦党人文集 
1022318, 46.4, 8.7, 1774, 爱弥儿 
1657455, 46.3, 8.6, 1973, 论人类不平等的起源和基础 
1454687, 48.7, 9.0, 1783, 政府论（下篇） 
1704159, 42.4, 8.6, 1044, 街角社会 
1016930, 45.1, 9.0, 1038, 论法的精神（上） 
1927487, 37.5, 7.7, 1353, 乌托邦 
10540815, 44.2, 8.4, 1792, 菊与刀 
1877291, 41.3, 8.5, 977, 论出版自由 
1276771, 37.7, 8.1, 843, 政府论（上篇） 
1051349, 35.1, 8.4, 381, 法国革命论 
1056867, 41.0, 9.0, 545, 政治学 
1116334, 34.4, 7.9, 579, 自由主义 
1434346, 33.6, 8.1, 402, 儒教与道教 
1079962, 40.5, 9.0, 509, 论法的精神（下） 
1068301, 32.6, 8.4, 253, 意识形态与乌托邦 
1315680, 38.5, 8.7, 494, 司法过程的性质 
1418669, 38.6, 8.6, 562, 社会学方法的准则 
1856985, 35.9, 8.6, 362, 代议制政府 
1427471, 31.2, 8.3, 216, 道德与立法原理导论 
1135838, 33.5, 8.0, 439, 罗马盛衰原因论 
1047120, 32.1, 8.3, 253, 神学政治论 
1023495, 35.5, 9.0, 237, 战争论（全三卷） 
1749104, 33.0, 8.4, 269, 古代法 
1884698, 25.6, 7.7, 137, 面包与自由 
1271758, 25.9, 6.9, 363, 太阳城 
1251777, 31.2, 7.9, 326, 政治学 
1116359, 35.2, 8.5, 355, 忏悔录（第一部） 
1442127, 30.6, 8.3, 195, 法律的道德性 
1888884, 28.1, 8.5, 108, 潘恩选集 
1245535, 30.6, 8.4, 178, 国家篇 法律篇 
1890228, 27.2, 7.9, 154, 女权辩护 妇女的屈从地位 
1029041, 31.5, 8.6, 176, 法的形而上学原理 
1071405, 28.0, 8.2, 136, 社会静力学 
24699604, 29.3, 9.1, 85, 金枝 
1723738, 30.3, 8.5, 155, 雅典政制 
6431983, 32.5, 9.2, 128, 宗教生活的基本形式 
1060371, 26.2, 7.8, 140, 政府片论 
1890256, 28.8, 8.3, 143, 阿奎那政治著作选 
3035655, 24.8, 8.2, 78, 马基雅维里主义 
1251897, 28.4, 8.6, 105, 海军战略 
1512559, 23.6, 7.7, 94, 论实证精神 
1116350, 22.0, 7.8, 64, 互助论 
10830525, 29.1, 8.3, 151, 一个孤独的散步者的梦 
5416379, 23.7, 8.3, 60, 托克维尔回忆录 
1135053, 24.6, 7.5, 138, 论世界帝国 
1062638, 27.8, 8.5, 103, 法学总论 
1512407, 24.8, 8.2, 78, 拿破仑法典 
10581399, 25.1, 8.1, 88, 原始分类 
1545860, 19.8, 6.8, 99, 乌有乡消息 
1266436, 26.7, 7.9, 141, 论特权 第三等级是什么？ 
1033919, 21.8, 7.3, 93, 政治中的人性 
1512160, 29.2, 8.4, 142, 忏悔录（第二部） 
4317954, 23.4, 8.4, 53, 新爱洛漪丝 
5384622, 21.8, 8.4, 40, 阿赞德人的巫术、神谕和魔法 
5384626, 22.5, 7.5, 90, 萨摩亚人的成年 
1275852, 23.6, 7.3, 137, 民族主义 
1273818, 20.9, 7.3, 77, 论平等 
1512769, 18.3, 7.7, 34, 什么是所有权 
24756360, 20.4, 9.0, 23, 中国家族法原理 
1116682, 19.0, 7.9, 34, 唯一者及其所有物 
4729578, 23.6, 8.1, 68, 休谟政治论文选 
1512898, 18.7, 7.3, 49, 自然法典 
4753787, 19.3, 7.7, 41, 对德意志民族的演讲 
1545842, 19.5, 7.1, 69, 基督城 
4882149, 21.7, 8.5, 37, 日本官僚制研究 
2033288, 17.8, 7.6, 33, 保守主义 
11604804, 29.0, 9.1, 81, 权威与个人 
20441111, 22.6, 8.0, 61, 法律与宗教 
4882105, 21.0, 8.5, 33, 杰斐逊选集 
2970489, 23.8, 8.5, 53, 代议制政府 
21360299, 21.0, 7.5, 67, 新大西岛 
1046281, 20.6, 7.9, 45, 大洋国 
26665640, 15.8, 8.5, 14, 教育思想的演进 
4736039, 21.8, 8.5, 38, 英国宪法 
21325838, 19.4, 7.8, 39, 图腾制度 
26271969, 12.2, 7.4, 12, 人类婚姻史 
10877386, 14.3, 7.9, 14, 互动仪式链 
1471897, 21.3, 7.7, 60, 社会主义神髓 
1440832, 17.7, 7.7, 30, 关于国家的哲学理论 
10797687, 17.4, 8.2, 21, 社会生活中的交换与权力 
1723739, 16.6, 7.2, 34, 回顾 
2144496, 22.3, 8.4, 44, 人文类型 
21365816, 11.3, 7.2, 11, 国家制度和无政府状态 
1889827, 15.3, 7.7, 19, 革命法制和审判 
1064510, 13.2, 7.5, 14, 政治正义论（全二册） 
1916287, 14.5, 6.1, 56, 人类幸福论 
1052969, 15.3, 7.0, 30, 拿破仑文选 上卷 
1545845, 19.9, 8.2, 33, 雪莱政治论文选 
21371526, 22.2, 8.9, 32, 法学导论 
24152912, 15.4, 8.2, 15, 法与国家的一般理论 
5937107, 21.6, 9.3, 24, 林肯选集 
21360261, 20.9, 8.7, 29, 权力论 
21360218, 17.7, 8.0, 25, 《人权与公民权利宣言》——现代宪法史论 
10808766, 16.9, 8.6, 16, 象征之林 
1071469, 17.1, 8.2, 20, 自然法权基础 
25752122, 17.0, 7.6, 28, 社会科学方法论 
1256317, 15.2, 7.0, 29, 和谐与自由的保证 
21325700, 16.8, 8.1, 20, 过渡礼仪 
21360281, 13.9, 8.3, 11, 社会世界的意义构成 
1099504, 18.1, 7.6, 35, 形而上学的国家论 
1390511, 16.9, 8.6, 16, 俄国社会思想史（第一卷） 
21365815, 17.7, 8.5, 19, 兵法简述 
1245503, 12.5, 7.1, 15, 为平等而密谋（上卷） 
6028977, 46.3, 8.5, 2249, 零ZEЯRO 
4579688, 43.9, 8.5, 1500, 丑的历史 
1958685, 44.5, 8.4, 1897, 美的历史 
10430397, 38.9, 8.9, 436, 艺术通史 
25697555, 36.6, 8.4, 492, 无限的清单 
24845006, 34.6, 9.0, 204, 有生之年非听不可的1001张唱片 
24721654, 38.1, 8.8, 421, 红书 
4736101, 29.4, 7.3, 457, 阅读的女人危险 
5951252, 38.9, 8.7, 530, 圆与方 
10457355, 30.8, 7.8, 331, 摇滚谱系 
4745595, 28.7, 7.2, 451, 写作的女人危险 
5350850, 23.8, 6.5, 388, 这是什么意思？ 
11530367, 31.5, 9.1, 118, 梦书 
4075123, 40.8, 8.6, 801, 书店风景 
4082445, 31.5, 8.1, 278, 有生之年非看不可的1001部电影 
10515314, 33.8, 9.1, 167, 红书 
5993322, 27.7, 7.3, 322, 她的故事 
7058697, 26.2, 7.6, 170, 有生之年非看不可的1001部电影 
4291662, 32.3, 8.6, 200, 时间的故事 
6953341, 32.6, 8.0, 373, 业余书店 
10515311, 35.4, 8.8, 274, 书店传奇 
3221874, 37.9, 8.5, 553, 书店风景（增订版） 
25774694, 27.8, 8.3, 120, 梦书 
3598301, 28.8, 7.7, 255, 阅读的女人 
24527087, 33.7, 8.7, 228, 干净的错误 
6890903, 33.2, 8.4, 276, 美的历史 
10528380, 26.1, 8.6, 72, 有生之年非吃不可的1001种食物 
24840471, 25.0, 7.8, 112, 电影通史 
6439059, 27.0, 8.2, 115, 女人与珍珠 
24931826, 22.9, 7.4, 107, 你为什么看不懂现代艺术？为什么你五岁时没做出来？ 
3032911, 29.1, 8.1, 181, 圣经的历史 
6100791, 22.5, 7.9, 64, 钱的历史 
24869617, 24.2, 8.2, 70, 通用设计法则 
24839474, 24.9, 8.9, 49, 色彩圣经 
10875947, 30.8, 8.6, 157, 丑的历史 
11599398, 24.4, 7.9, 92, 古典音乐日课书 
20505731, 21.4, 8.0, 49, 有生之年非看不可的1001幅绘画 
10515312, 32.6, 8.6, 210, 书店风景 
11599394, 22.7, 7.4, 102, 艺术日课书 
24738866, 24.5, 8.2, 73, 伦敦艺术指南 
24869618, 24.0, 8.5, 55, 通用设计方法 
25764608, 24.5, 8.2, 73, 有生之年非玩不可的1001款游戏 
11611250, 23.2, 8.4, 51, 世界动画史 
10553552, 31.2, 8.6, 167, 书天堂 
24738871, 21.3, 7.8, 56, 纽约艺术指南 
25714390, 28.9, 9.1, 80, 红书 
20441752, 22.7, 8.1, 58, 有生之年非看不可的101部邪典电影 
6953345, 23.8, 7.7, 98, 安格尔的小提琴 
25774986, 23.1, 8.5, 47, 艺术谱系 
5504377, 23.7, 7.9, 81, 有生之年非看不可的1001部电影 
24523846, 25.5, 8.5, 70, 零ZEЯRO（黄金版） 
25079759, 21.1, 8.7, 30, 时间的故事 
25734008, 20.9, 8.6, 31, 圣经的历史（黄金版） 
3447578, 20.9, 8.0, 45, 人类与宗教 
10876020, 20.0, 8.7, 25, 时间的故事 
25903082, 19.6, 7.9, 38, 501位电影导演 
25959132, 14.0, 7.8, 14, 有生之年非看不可的1001座建筑（第2版） 
6390767, 18.2, 8.3, 23, 世界宗教艺术图典 
10512604, 17.8, 7.8, 29, 有生之年非看不可的1001处自然奇观 
25665420, 22.9, 8.2, 56, 艺术原来如此神奇 
24745455, 22.0, 8.8, 33, 女人与女红 
25665467, 21.3, 8.4, 37, 摄影原来如此神奇 
26266109, 17.7, 7.7, 30, 有生之年非看不可的1001部电影（第10版） 
20452239, 23.4, 8.5, 49, 有生之年非看不可的101部科幻电影 
25766541, 16.7, 7.5, 28, 寻味法国 
25954581, 20.7, 9.0, 24, 有生之年非听不可的1001张唱片（第8版） 
25815774, 16.7, 8.0, 21, 摇滚天堂 
25816583, 17.5, 7.5, 33, 爵士巴黎 
20452229, 17.7, 7.8, 28, 有生之年非看不可的101部恐怖电影 
20452222, 18.8, 8.2, 27, 有生之年非看不可的101部黑帮电影 
25880301, 14.3, 7.9, 14, 改变世界的1001项发明 
26368856, 18.0, 8.6, 19, 501位文学大师 
25903078, 13.6, 7.4, 16, 501位艺术大师 
5350847, 14.7, 7.4, 20, 发明的历史 
25904547, 14.6, 7.9, 15, 有生之年非听不可的1001首歌曲 
25778312, 11.3, 7.4, 10, 有生之年非看不可的1001处历史景点 
26362233, 10.8, 7.2, 10, 米其林大厨 
20441750, 19.2, 8.8, 21, 有生之年非看不可的101部动作电影 
25984762, 15.6, 7.8, 19, 吉他族谱 
25845206, 15.0, 7.5, 20, 圆与方（黄金版） 
1013502, 54.0, 7.6, 39331, 钢铁是怎样炼成的 
1033997, 53.7, 8.6, 6662, 呼啸山庄 
1038196, 47.6, 8.4, 3171, 尤利西斯 
1427288, 54.8, 8.4, 10809, 小妇人 
1045926, 57.9, 9.0, 7370, 傲慢与偏见 
1092168, 51.0, 9.1, 2253, 追忆似水年华（上下册） 
1097835, 43.8, 8.0, 2880, 名人传 
1093098, 43.4, 7.8, 3576, 爱玛 
1007045, 47.8, 8.4, 3305, 茶花女 
1019642, 41.4, 7.9, 2122, 理智与情感 
1437488, 42.3, 9.2, 552, 群魔 
1033057, 41.7, 8.2, 1512, 劝导 
1083030, 41.8, 9.0, 624, 双重人格 地下室手记 
1101543, 34.6, 7.9, 603, 远离尘嚣 
1753403, 34.4, 7.5, 980, 诺桑觉寺 
1958115, 39.0, 8.3, 828, 我是猫 
1205351, 40.7, 8.6, 784, 双城记 
1222136, 36.3, 8.1, 650, 猎人笔记 
1506566, 43.4, 9.0, 791, 福尔摩斯探案全集（1-4卷） 
1095191, 41.6, 8.7, 825, 蝴蝶梦 
1010779, 43.8, 9.2, 686, 安徒生童话选集 
1060444, 39.6, 8.5, 734, 羊脂球 
1026961, 40.4, 8.7, 675, 小妇人 
1092558, 34.9, 8.0, 572, 少年维特的烦恼 亲合力 
1085552, 32.2, 7.9, 386, 匹克威克外传 
1082168, 32.4, 7.6, 576, 十日谈 
1106878, 34.1, 8.1, 442, 红字 
1029151, 33.1, 8.0, 409, 贵族之家 
1082167, 37.4, 8.5, 506, 红与黑 
1083482, 34.8, 8.3, 402, 天方夜谭 
1954707, 39.5, 9.1, 396, 罗生门 
1092583, 36.7, 8.6, 411, 简·爱 
1020080, 40.8, 9.3, 404, 悲惨世界（上下） 
1092559, 34.1, 8.1, 440, 雾都孤儿 
1008883, 38.0, 8.9, 379, 格林童话全集 
1085550, 35.5, 8.4, 409, 三剑客 
1062478, 36.8, 8.7, 380, 安娜·卡列宁娜 
1045819, 28.0, 8.0, 163, 新爱洛伊丝 
1043463, 32.3, 8.3, 261, 还乡 
1437263, 37.1, 9.0, 303, 莎乐美 道林·格雷的画像 
1053375, 33.4, 8.2, 351, 希腊古典神话 
1085469, 31.8, 8.3, 239, 驴皮记 
1478099, 26.4, 8.5, 81, 康素爱萝 
1322506, 28.8, 7.6, 283, 诺桑觉寺 
1326840, 33.4, 8.4, 289, 神曲 
1037484, 35.1, 8.6, 315, 巴黎圣母院 
1009463, 32.3, 8.5, 218, 茵梦湖 
1013520, 36.1, 8.8, 308, 欧・亨利短篇小说选 
1072864, 32.5, 8.2, 302, 苔丝 
1095190, 38.3, 9.1, 331, 福尔摩斯探案 
1085556, 27.9, 7.4, 296, 娜娜 
1085560, 31.9, 8.2, 268, 小男人 
1082176, 31.7, 8.1, 288, 汤姆·索耶历险记 
1692380, 29.4, 8.2, 175, 孤独漫步者的遐想 
1012198, 30.7, 8.2, 220, 复活 
1057341, 30.6, 8.0, 261, 爱的教育 
1211656, 24.5, 8.2, 73, 威廉·迈斯特的学习时代 
1092569, 29.4, 7.9, 233, 童年  在人间  我的大学 
1512326, 29.0, 8.0, 196, 忏悔录 
1053248, 30.4, 8.2, 207, 高老头 
1091895, 31.1, 8.3, 213, 孤星血泪 
1753476, 35.5, 9.1, 216, 海狼 野性的呼唤 
1101547, 19.7, 6.7, 108, 帕梅拉 
1097471, 24.5, 7.3, 165, 罗马神话 
1101545, 29.7, 8.6, 130, 被侮辱与被损害的人 
1085553, 33.7, 9.2, 153, 卡拉马佐夫兄弟 
1085565, 25.6, 8.6, 66, 伏尔泰中短篇小说集 
1105672, 24.8, 8.7, 55, 安德烈耶夫中短篇小说集 
1512640, 26.9, 8.1, 121, 纯真年代 
1091777, 27.1, 7.8, 166, 格列佛游记 
1085482, 30.1, 8.9, 111, 海上劳工 
1512492, 33.3, 9.0, 169, 九三年 
1085578, 23.9, 7.7, 100, 一个世纪儿的忏悔 
1097054, 26.6, 7.8, 150, 漂亮朋友 
1222127, 21.7, 7.0, 125, 阿格尼丝・格雷 
1005447, 27.6, 8.1, 138, 豪夫童话全集 
1085569, 26.7, 8.2, 109, 嘉尔曼 高龙巴 
1211648, 22.5, 7.6, 83, 烟 
1091230, 26.2, 8.0, 118, 鲁滨孙飘流记 
1085480, 20.0, 7.1, 77, 怎么办？ 
1101829, 20.6, 7.5, 62, 最后的莫希干人 
1085508, 24.1, 8.0, 80, 死魂灵 
1085496, 29.0, 9.0, 86, 马丁·伊甸 
1205386, 24.6, 8.3, 70, 无名的裘德 
1072230, 24.5, 8.0, 86, 邦斯舅舅 
1050210, 22.5, 8.0, 60, 魔沼-小法岱特 
1065534, 24.2, 8.3, 65, 交际花盛衰记 
1448780, 28.8, 9.2, 74, 白痴 
1014711, 20.8, 8.1, 41, 萨朗波 
1101550, 23.1, 9.0, 35, 斯居戴里小姐 
3094123, 28.6, 8.7, 100, 三剑客 
1085564, 26.4, 8.6, 76, 猎人笔记 
1085483, 14.7, 7.7, 17, 修女 拉摩的侄儿 
1085555, 24.4, 8.4, 63, 叶甫盖尼·奥涅金 
1085484, 26.3, 8.7, 69, 契诃夫短篇小说精选 
1082310, 20.5, 7.4, 66, 珍妮姑娘 
1511725, 20.9, 8.3, 37, 坎特伯雷故事 
1101548, 21.3, 7.8, 56, 贵族之家 
1208492, 20.3, 8.3, 33, 浮士德 
1330452, 18.2, 7.4, 41, 冰宫 
1215193, 25.7, 8.6, 68, 鲁滨孙飘流记 
1330116, 25.2, 8.6, 62, 远大前程 
1077693, 28.1, 9.4, 59, 基度山恩仇记 (上 下) 
1131634, 23.1, 8.3, 54, 堂吉诃德 
1138405, 9.1, 4.9, 44, 不平等的姻缘 
1642108, 22.7, 8.2, 54, 上尉的女儿 
1938544, 25.5, 9.1, 48, 罪与罚 
1099530, 20.9, 8.1, 42, 克雷洛夫寓言全集 
1016417, 21.9, 8.1, 50, 赫克尔贝里·芬历险记 
1754806, 16.6, 7.2, 34, 意中人 
1048773, 19.8, 8.5, 27, 歌德诗选 
1718841, 20.9, 8.0, 45, 一生 
1780795, 17.1, 7.1, 41, 娜娜 
3056728, 19.9, 8.0, 37, 九三年 
1097053, 21.1, 8.3, 38, 普希金中短篇小说集 
1780406, 23.1, 8.9, 37, 当代英雄 
1064478, 15.5, 7.5, 22, 处女地 
1642123, 12.7, 7.0, 17, 惊婚记 
1080110, 17.2, 7.6, 29, 前夜 父与子 
1291744, 16.7, 7.9, 22, 海上劳工 
2046236, 57.5, 9.3, 4694, 庄子 
2381748, 50.7, 9.1, 2154, 金刚经 心经 坛经 
1921589, 43.6, 8.9, 906, 周易 
1921597, 45.8, 8.9, 1285, 大学·中庸 
1921441, 45.7, 8.9, 1262, 诗经 
1924903, 46.8, 9.1, 1207, 老子 
1929958, 44.2, 8.8, 1115, 论语 
3843961, 45.2, 9.4, 697, 唐诗三百首 
3843957, 37.9, 9.1, 312, 黄帝内经 
1921420, 38.1, 8.7, 470, 战国策 
2116409, 35.0, 8.7, 283, 六韬·鬼谷子 
1924904, 39.3, 9.1, 387, 孙子兵法 孙膑兵法 
4090803, 32.7, 8.5, 234, 商君书 
3651353, 30.9, 8.4, 187, 淮南子 
2381658, 32.0, 8.2, 276, 颜氏家训 
2052475, 34.4, 8.5, 310, 左传 
3826301, 36.3, 9.0, 265, 地藏经•药师经 
1924902, 36.5, 8.7, 360, 孟子 
3651434, 31.7, 8.0, 318, 山海经 
2052476, 33.3, 8.6, 233, 墨子 
3843962, 37.5, 9.2, 270, 宋词三百首 
2052477, 32.8, 8.6, 217, 韩非子 
3843960, 37.7, 9.2, 278, 古文观止 
3843959, 33.6, 8.5, 270, 世说新语 
4090804, 30.7, 8.3, 198, 搜神记 
3661571, 26.7, 8.4, 92, 管子 
3673301, 31.6, 8.5, 195, 三字经 百家姓 千字文 弟子规 
3673340, 28.3, 8.7, 96, 人物志/中华经典藏书 
2376102, 27.9, 8.4, 114, 列子 
2069630, 31.8, 8.9, 143, 史记 
4133113, 29.8, 8.7, 123, 楚辞 
2569920, 28.3, 8.4, 122, 吕氏春秋 
3843965, 27.8, 8.3, 120, 元曲三百首 
2052474, 29.1, 8.5, 127, 资治通鉴 
2069629, 28.2, 8.3, 129, 三国志 
3660094, 24.0, 8.3, 63, 徐霞客游记 
2376104, 25.0, 7.9, 102, 荀子/中华经典藏书 
4137642, 22.8, 8.3, 51, 梦溪笔谈 
4030662, 25.5, 8.2, 87, 千家诗 
2381407, 23.2, 7.9, 73, 礼记·孝经 
4133065, 20.9, 8.2, 39, 孔子家语 
2701614, 22.1, 8.0, 56, 晏子春秋 
3682401, 20.0, 8.0, 38, 尚书/中华经典藏书 
4133054, 16.3, 7.3, 30, 水经注(中华经典藏书) 
2375504, 20.1, 8.1, 36, 国语/中华经典藏书 
3682402, 19.0, 8.1, 30, 贞观政要 
4090805, 17.0, 8.1, 21, 曾子•子思子 
4090806, 18.5, 8.5, 22, 后汉书 
4137641, 15.6, 7.9, 18, 汉书 
4133064, 12.6, 7.4, 13, 孔丛子 
25745879, 32.2, 9.0, 141, 物种起源 
4007098, 38.2, 8.7, 476, 理想国 
20375356, 36.2, 9.1, 241, 论美国的民主 
4313494, 29.2, 8.6, 120, 愚人颂 
4007097, 34.7, 8.5, 326, 富兰克林自传 
4820726, 35.3, 9.0, 230, 论自由 
6430576, 29.8, 8.1, 205, 菊与刀 
4007463, 30.9, 8.4, 189, 宽容 
26711347, 23.1, 7.5, 102, 乌合之众 
4147684, 29.4, 8.3, 159, 悲剧的诞生 
10767996, 29.9, 8.6, 134, 查拉图斯特拉如是说 
4729504, 19.4, 7.7, 42, 自然史 
3988909, 21.5, 7.4, 80, 审美教育书简 
4239057, 24.4, 8.4, 62, 论道德原理·论人类理智 
5328238, 24.3, 8.1, 77, 思想录 
10757668, 18.3, 7.6, 36, 方法论·情志论 
20367006, 27.0, 8.4, 97, 理想国 
4898645, 27.9, 8.7, 90, 沉思录 
23761498, 18.0, 8.1, 25, 自然史 
25740171, 27.3, 8.8, 76, 论人类不平等的起源和基础 
4273309, 23.3, 8.4, 52, 战争论 
24383317, 22.7, 8.0, 62, 西绪福斯神话 
6845348, 22.7, 7.7, 78, 人性的弱点 
24383325, 19.9, 7.7, 46, 孤独漫步者的遐想 
10768069, 18.9, 8.1, 29, 审美教育书简 
5996563, 21.0, 8.8, 28, 道德情操论 
11632947, 22.8, 8.6, 42, 富兰克林自传 
26336971, 17.4, 8.4, 19, 达·芬奇笔记 
20375431, 11.7, 7.2, 12, 译林人文精选：物性论 
5996561, 19.5, 8.3, 29, 国富论 
1317485, 46.4, 8.6, 2018, 生命是什么 
1000445, 51.9, 8.6, 4962, 时间简史 
1045119, 48.2, 8.9, 1866, 宇宙的琴弦 
1049136, 45.0, 8.6, 1595, 数学：确定性的丧失 
1206206, 40.9, 8.2, 1301, 皇帝新脑 
1046620, 43.7, 8.9, 929, 我们为什么生病 
1391740, 40.8, 8.4, 1012, 逻辑的引擎 
1291817, 44.2, 8.6, 1404, 细胞生命的礼赞 
1070820, 42.3, 8.7, 924, 上帝与新物理学 
6749832, 43.0, 9.0, 752, 复杂 
1120886, 41.3, 8.9, 632, 黑洞与时间弯曲 
1266422, 39.2, 8.4, 768, 可怕的对称 
1449356, 43.4, 8.6, 1238, 时间简史 
1000340, 39.0, 8.5, 661, 水母与蜗牛 
1110313, 37.2, 8.5, 490, 终极理论之梦 
1001292, 33.6, 8.0, 449, 惊人的假说 
1322880, 33.2, 8.0, 416, 夸克与美洲豹 
1068802, 36.5, 8.2, 602, 时间之箭 
10539147, 36.9, 9.2, 248, 宇宙的结构 
1391745, 36.9, 8.8, 351, 新量子世界 
1391743, 33.8, 8.3, 342, 四维旅行 
1037290, 32.4, 8.0, 359, 莎士比亚、牛顿和贝多芬 
5352345, 30.1, 9.1, 96, 黑洞战争 
1313582, 37.0, 8.5, 476, 千亿个太阳 
1122364, 31.6, 8.2, 256, 时间、空间和万物 
1007323, 32.2, 7.6, 555, 时间简史续编 
1050324, 32.8, 7.9, 431, 霍金讲演录 
3084815, 32.3, 8.5, 218, 物理学的困惑 
1322986, 30.2, 8.0, 244, 原子中的幽灵 
1120732, 29.6, 8.2, 181, 宇宙为家 
1072786, 27.6, 7.7, 201, 时空本性 
1122395, 26.8, 8.1, 119, 从反粒子到最终定律 
20492316, 26.9, 8.8, 71, 大宇之形 
1438447, 29.2, 8.4, 140, 物理天文学前沿 
1171729, 25.2, 7.6, 141, 未来50年 
2986290, 28.3, 8.6, 104, 看不见的世界 
5294977, 21.5, 7.4, 80, 神圣几何 
2981866, 28.0, 8.3, 125, 伽利略的手指 
3756525, 22.8, 7.9, 68, 解码生命 
1264278, 27.1, 8.0, 138, 果壳里的60年 
1172258, 24.7, 8.0, 89, 科学新领域的探索 
1318797, 25.3, 7.9, 108, 时空的未来 
26281143, 25.7, 9.2, 46, 基因组 
5352344, 25.1, 8.0, 96, 第二自然 
3689669, 23.1, 8.5, 47, 宇宙极问 
4735993, 27.2, 8.7, 81, 存在之轻 
5338171, 23.7, 8.4, 56, 生命的语言 
1172478, 23.3, 7.9, 75, 智慧的动力 
10571608, 15.5, 8.1, 16, 第一推动丛书（珍藏版套书） 
3085191, 23.0, 7.9, 71, 不同的宇宙 
3084510, 23.6, 8.0, 73, 伟大的超越 
10576146, 21.2, 7.8, 55, 比天空更宽广 
1954557, 26.7, 8.6, 80, 亚原子粒子的发现 
3085996, 22.2, 8.2, 49, 量子夸克 
24526645, 23.2, 8.3, 55, 量子之谜 
1889638, 23.6, 8.4, 55, 宇宙新视野 
6727798, 23.1, 8.9, 37, 宇宙传记 
3559689, 22.4, 8.7, 37, 恒星与行星的诞生 
2025947, 16.5, 7.5, 27, 无限远的边缘 
2986990, 18.8, 7.8, 35, 爱因斯坦尚未完成的交响乐 
25816094, 12.0, 7.7, 10, 宇宙的轮回 
3689670, 16.4, 7.0, 38, 量子世代 
25815520, 14.8, 7.1, 25, 数学的意义 
6968828, 17.8, 7.6, 33, 下一步是什么 
10571600, 14.5, 8.0, 14, 第一推动丛书·宇宙系列（珍藏本） 
25822374, 19.4, 8.7, 23, 寻找希格斯粒子 
3247590, 19.4, 8.2, 30, 图说宇宙 
4845440, 18.2, 8.4, 22, 行星的奇迹 
4263998, 14.4, 7.6, 17, 图解天文学史 
26289566, 12.0, 7.7, 10, 死亡黑洞 
4731481, 30.3, 8.7, 132, 西太平洋上的航海者 
4292262, 28.3, 8.8, 90, 人性论 
4289766, 29.1, 8.2, 166, 功利主义 
4716212, 25.0, 8.5, 64, 古代法 
4714738, 17.8, 7.5, 35, 心理学原理 
4837041, 29.0, 8.5, 126, 论人类不平等的起源 
4715842, 27.5, 8.4, 105, 查拉图斯特拉如是说 
4705929, 25.3, 9.1, 46, 联邦党人文集 
4328746, 23.9, 7.7, 99, 诗学诗艺 
4717286, 24.4, 8.4, 63, 政府论 
4717465, 27.5, 8.6, 91, 新教伦理与资本主义精神 
4705896, 19.1, 7.8, 37, 原始社会的结构与功能 
4294427, 20.4, 8.0, 41, 普通语言学教程 
4292984, 24.1, 8.3, 64, 道德形而上学基础 
4731474, 15.8, 7.3, 27, 经济发展理论 
4714648, 22.5, 8.2, 52, 第一哲学沉思集 
4287710, 17.9, 8.3, 22, 意识形态与乌托邦 
4328747, 24.5, 8.4, 64, 君主论 
4328748, 21.8, 8.4, 40, 逻辑哲学论 
4731482, 17.8, 7.8, 29, 神圣者的观念 
20386240, 30.8, 9.0, 114, 中国历代战争史（第1册） 
24849654, 21.7, 9.0, 28, 中国历代战争史（1-18） 
20492088, 24.7, 8.6, 57, 中国历代战争史（第4册） 
20386242, 24.9, 8.9, 49, 中国历代战争史（第3册） 
20386241, 26.6, 9.1, 56, 中国历代战争史（第2册） 
20492084, 21.8, 8.8, 32, 中国历代战争史（第5册） 
20492091, 22.1, 9.2, 27, 中国历代战争史（第8册） 
20492090, 20.9, 8.9, 26, 中国历代战争史（第7册） 
20492083, 22.1, 9.0, 30, 中国历代战争史（第6册） 
21966327, 19.8, 9.0, 21, 中国历代战争史（第13册） 
20645162, 18.5, 8.5, 22, 中国历代战争史（第10册） 
20492089, 20.4, 9.2, 21, 中国历代战争史（第9册） 
21966328, 19.5, 8.9, 21, 中国历代战争史（第14册） 
20645159, 16.2, 8.1, 18, 中国历代战争史（第12册） 
20645158, 16.1, 8.2, 17, 中国历代战争史（第11册） 
23155632, 17.4, 8.4, 19, 中国历代战争史（第18册） 
23155633, 13.3, 7.7, 13, 中国历代战争史15 
23155631, 12.9, 7.7, 12, 中国历代战争史16 
23155634, 12.7, 7.6, 12, 中国历代战争史17 
1203426, 62.2, 9.0, 14241, 人间词话 
1060025, 51.8, 8.8, 3740, 中国近代史 
1055347, 45.8, 9.0, 1145, 中国史纲 
1203363, 43.9, 9.0, 862, 中国小说史略 
1040538, 35.1, 8.2, 476, 中国哲学史大纲 
1045820, 34.6, 8.8, 242, 魏晋风度及其他 
1005567, 37.9, 8.6, 496, 清代学术概论 
1002262, 39.3, 9.1, 387, 宋元戏曲史 
1050256, 35.9, 8.6, 360, 国学概论 
1043650, 35.6, 8.6, 343, 中国历史研究法 
1007577, 39.6, 9.0, 440, 唐诗杂论 
1070445, 33.5, 8.7, 223, 书目答问补正 
1399660, 32.5, 8.9, 161, 国故论衡 
1313715, 31.3, 8.4, 202, 春秋史 
1410929, 33.9, 9.3, 146, 唐代政治史述论稿 
1203446, 29.9, 8.5, 146, 文心雕龙札记 
1027074, 33.7, 8.7, 228, 经典常谈 
1038361, 31.3, 9.1, 115, 魏晋玄学论稿 
1546126, 33.3, 9.1, 155, 秦汉的方士与儒生 
1683230, 31.9, 8.7, 171, 中国文献学 
1017931, 30.5, 8.7, 137, 明史讲义 
1593005, 26.5, 7.6, 181, 道教史 
1927927, 27.6, 8.9, 75, 中国近三百年学术史论 
1087278, 31.0, 9.2, 102, 元西域人华化考 
1168959, 24.0, 7.5, 121, 中国佛教史 
1071937, 24.5, 8.2, 74, 西洋文化史纲要 
1013805, 30.9, 9.1, 108, 中国中古文学史讲义 
1034645, 26.3, 7.8, 144, 白话文学史 
1117201, 24.6, 8.4, 65, 中国韵文史 
1275271, 29.4, 8.9, 99, 顾曲麈谈 中国戏曲概论 
1734372, 24.1, 7.4, 136, 清史大纲 
1007744, 23.6, 8.7, 45, 佛学研究十八篇 
1021229, 27.0, 8.6, 83, 论中国学术思想变迁之大势 
1023070, 26.9, 8.6, 82, 中国文学批评史大纲 
1979372, 26.8, 8.7, 75, 伏羲考 
1734366, 20.1, 7.7, 48, 大同书 
1061166, 27.4, 8.6, 90, 诗论 
1208760, 26.7, 8.4, 93, 当代中国史学 
1677212, 24.7, 8.1, 82, 中国思想小史 
1014709, 20.9, 7.9, 48, 中国戏剧史/蓬莱阁丛书 
1031088, 22.1, 8.0, 56, 魏晋思想论 
1030306, 26.8, 9.0, 62, 简牍检署考校注 
1012288, 20.4, 7.9, 44, 西洋美术史 
1055579, 17.7, 7.4, 37, 中国绘画变迁史纲 
1024490, 22.0, 8.9, 31, 校史随笔 
1202918, 18.0, 7.6, 34, 汉代婚丧礼俗考 
1278468, 17.7, 7.4, 37, 中国文献学概要 
1168999, 21.4, 8.0, 49, 中国基督教史纲 
1273813, 20.7, 8.0, 43, 中国文字学 
1472533, 14.9, 7.4, 21, 中国南洋交通史 
1500715, 16.8, 7.2, 36, 近五十年中国思想史 
1529971, 21.7, 8.5, 37, 中国目录学史 
1076267, 15.8, 7.2, 29, 中国近代文学之变迁 最近三十年中国文学史 
1015834, 12.3, 7.3, 13, 中国画学全史 
7163018, 13.7, 6.8, 24, 《诗经》讲义稿 
1722434, 14.7, 7.5, 19, 周易古史观 
1929957, 10.5, 6.0, 20, 中国传统思想总批判 
10428580, 16.8, 8.1, 20, 史学方法导论 
2032523, 42.7, 8.5, 1230, 失乐园 
2033808, 43.8, 8.7, 1163, 巴黎圣母院 
1916661, 41.5, 8.7, 806, 堂吉诃德（上下） 
2032561, 41.4, 8.7, 789, 红与黑 
1949585, 33.7, 8.5, 276, 草叶集 
1089120, 39.7, 8.6, 666, 安娜·卡列宁娜 
2033093, 39.5, 8.5, 724, 欧也妮·葛朗台 高老头 
2032280, 38.9, 8.5, 653, 伊索寓言 
1451699, 37.4, 8.3, 632, 鲁滨孙飘流记 
2032178, 39.7, 8.7, 605, 包法利夫人 
2032651, 36.0, 8.1, 617, 格列佛游记 
1089892, 40.2, 9.2, 404, 莎士比亚悲剧四种 
1462161, 38.5, 8.6, 554, 简·爱 
1916461, 31.0, 8.3, 209, 萌芽 
2033107, 36.6, 8.9, 304, 契诃夫小说选 
1452512, 33.6, 7.9, 504, 十日谈 
2056814, 41.8, 9.0, 617, 傲慢与偏见 
1916654, 27.9, 9.0, 73, 米德尔马契 
1880639, 37.9, 8.9, 375, 猎人笔记 
1916464, 29.1, 8.4, 138, 一位女士的画像 
2032103, 37.7, 9.2, 278, 索福克勒斯悲剧二种 
1880333, 34.8, 8.8, 249, 奥德修纪 
2033673, 34.2, 8.6, 273, 名利场 
1916347, 33.9, 8.7, 238, 变形记 
2032525, 27.2, 8.1, 129, 波斯人信札 
2032657, 31.1, 7.9, 318, 红字 
2132082, 34.0, 9.0, 187, 唐璜(上、下册) 
1915690, 26.3, 8.7, 70, 雄猫穆尔的生活观 
1916453, 31.9, 8.5, 204, 巴马修道院 
2032772, 37.0, 9.1, 271, 罪与罚 
1916656, 32.0, 8.5, 207, 十字军骑士（共两册） 
2032590, 32.8, 8.6, 218, 呼啸山庄 
2032529, 30.2, 8.7, 131, 拉辛戏剧选 
2032285, 34.6, 8.6, 292, 莫泊桑中短篇小说选 
2033641, 34.3, 8.6, 275, 德伯家的苔丝 
2032656, 31.0, 8.6, 160, 莱蒙托夫诗选 
1916458, 34.3, 8.7, 251, 马丁·伊登 
2032577, 34.6, 8.7, 265, 欧·亨利短篇小说选 
2033635, 30.9, 8.6, 158, 白鲸 
1960033, 28.0, 8.4, 116, 金驴记 
1959147, 33.5, 8.4, 290, 复活 
1862409, 30.5, 8.7, 136, 荒凉山庄（上下） 
2032503, 31.9, 8.9, 147, 皮蓝德娄戏剧二种 
2032194, 25.4, 8.3, 80, 蔷薇园 
1940607, 33.3, 8.9, 182, 幻灭 
1769760, 23.9, 8.0, 77, 二叶亭四迷小说集 
2032512, 30.3, 8.4, 171, 死魂灵 
3263793, 30.7, 9.1, 105, 埃涅阿斯纪 
1916479, 34.3, 8.9, 212, 九三年 
1511669, 22.5, 8.0, 60, 多情客游记 
2033054, 31.1, 9.0, 120, 埃斯库罗斯悲剧二种 
1916476, 27.2, 8.4, 101, 伏尔泰小说选 
2032187, 29.4, 8.5, 135, 沙恭达罗 
1949957, 27.6, 9.1, 65, 英国诗选 
2033809, 24.3, 8.8, 47, 萧伯纳戏剧三种 
1880534, 24.3, 8.7, 50, 吉尔·布拉斯（上下） 
1511146, 28.0, 8.4, 115, 鲵鱼之乱 
2032759, 22.6, 7.4, 101, 最后的莫希干人 
1084379, 20.7, 7.5, 63, 阿拉伯古代诗选 
1077856, 25.1, 7.9, 105, 万叶集选 
1474179, 30.3, 8.9, 114, 欧里庇得斯悲剧二种 
1880661, 21.3, 7.6, 65, 艾菲.布里斯特 
1093810, 28.4, 8.6, 106, 巴尔扎克中短篇小说选 
2028333, 24.7, 9.4, 36, 卡勒瓦拉（上下册） 
2032114, 24.9, 8.8, 52, 奥勃洛摩夫 
1916486, 25.3, 7.9, 108, 坎特伯雷故事 
2032760, 26.3, 8.6, 74, 古希腊抒情诗选 
2032559, 28.5, 8.9, 86, 托尔斯泰中短篇小说选 
1958619, 18.2, 7.9, 29, 波斯古代诗选 
2032766, 23.0, 8.0, 66, 裴多菲诗选 
2027732, 25.2, 8.1, 90, 席勒诗选 
1888152, 30.0, 8.7, 127, 泰戈尔诗选 
1959144, 28.9, 9.1, 80, 瓦尔登湖 
1916465, 25.6, 8.1, 96, 前夜 父与子 
2032276, 23.7, 7.6, 104, 罗兰之歌 
1958617, 20.4, 8.2, 36, 卡尔德隆戏剧选 
1970486, 32.4, 9.4, 110, 安徒生童话选 
2032763, 22.9, 8.7, 40, 维廉·麦斯特的学习时代 
2033073, 26.3, 8.3, 93, 一生 漂亮朋友 
1916492, 22.1, 8.5, 40, 维廉·麦斯特的漫游时代 
1958625, 20.9, 8.6, 31, 德国诗选 
2033676, 18.8, 7.8, 35, 玛丽·巴顿 
3436130, 24.6, 8.3, 70, 大卫·考坡菲（下册） 
2030142, 23.4, 9.6, 27, 蕾莉与马杰农 
2033806, 23.0, 8.1, 61, 高乃依戏剧选 
1939983, 23.4, 8.4, 53, 恶之花 巴黎的忧郁 
2033697, 21.8, 9.1, 27, 摩诃婆罗多插话选 
2033662, 25.5, 8.2, 87, 忏悔录（第一部） 
3078154, 23.7, 8.4, 56, 雪莱抒情诗选 
1085254, 20.6, 8.5, 31, 约婚夫妇 
1916352, 20.5, 7.4, 66, 破戒 
1916467, 20.1, 7.7, 48, 金钱 
2032550, 19.2, 8.7, 22, 克莱斯特小说戏剧选 
1921881, 19.9, 8.2, 33, 托马斯·曼中短篇小说选 
2033059, 17.9, 7.3, 42, 彭斯诗选 
2033692, 28.6, 8.9, 87, 莎士比亚喜剧五种 
2032190, 21.8, 8.5, 38, 高尔基短篇小说选 
1849345, 24.6, 8.5, 60, 大卫·考坡菲（上册） 
1916663, 23.0, 8.5, 46, 福尔赛世家（第一部） 
2032612, 25.3, 8.3, 79, 汤姆大伯的小屋 
1958621, 21.5, 8.3, 41, 董贝父子 
1958628, 18.6, 8.7, 20, 耶路撒冷的解放 
1329395, 20.6, 8.3, 35, 都德小说选 
2002917, 17.5, 7.6, 31, 谢德林童话集 
1916489, 11.9, 7.0, 14, 章鱼 
1880730, 18.9, 7.7, 38, 阿马罗神父的罪恶 
2033064, 18.0, 8.4, 21, 古罗马戏剧选 
1958627, 22.6, 8.7, 38, 格林兄弟童话选 
2032767, 24.2, 8.9, 44, 神曲:地狱篇 
1944928, 21.1, 8.3, 38, 拉封丹寓言诗选 
1916473, 19.4, 8.7, 23, 五卷书 
1959148, 13.2, 8.0, 11, 法朗士小说选 
2032764, 14.9, 7.4, 21, 怎么办? 
2364053, 17.7, 7.8, 28, 戏剧两种 
2033071, 13.5, 7.6, 14, 列王纪选 
2033700, 17.9, 8.3, 22, 特利斯当与伊瑟 
2029921, 18.8, 8.2, 27, 谁在俄罗斯能过好日子 
1940864, 22.8, 9.2, 30, 喜剧六种 
1853944, 16.9, 7.9, 23, 亨利四世（上册） 
1916471, 15.4, 6.9, 33, 臣仆 
2033089, 19.6, 8.2, 31, 博马舍戏剧二种 
2032570, 19.2, 8.2, 29, 雨果诗选 
2032588, 15.0, 7.8, 17, 霍普特曼戏剧两种 
2033735, 20.0, 8.5, 28, 易卜生戏剧四种 
1916481, 21.3, 8.9, 28, 小说戏剧选 
1959161, 18.9, 8.8, 20, 谢甫琴科:诗选 
2032509, 16.5, 8.2, 18, 维加戏剧选 
1916488, 19.6, 8.1, 33, 戈拉 
2032610, 13.3, 7.3, 16, 木工小史 
1940602, 18.1, 8.2, 24, 农民 
4238144, 52.0, 9.1, 2647, 岁朝清供 
3284547, 44.2, 9.0, 900, 文心 
3289274, 48.3, 9.1, 1516, 万历十五年 
3289272, 42.3, 8.6, 1028, 中国大历史 
20258506, 35.9, 7.8, 881, 怎样读书 
3289277, 38.4, 8.7, 491, 汉字王国 
3395066, 34.1, 8.0, 493, 写给大家的中国美术史 
3289275, 33.4, 9.0, 171, 国文百八课 
19976904, 34.3, 8.7, 253, 英诗的境界 
3350828, 35.0, 8.5, 343, 中国建筑文化讲座 
24379797, 35.5, 8.7, 305, 民主•宪法•人权 
4141812, 34.7, 8.6, 296, 京华忆往 
20258510, 38.1, 8.6, 520, 干校六记 
4238140, 34.0, 8.6, 265, 世界美术名作二十讲 
4238148, 32.3, 8.4, 240, 白石老人自述 
3351062, 33.6, 8.6, 246, 经典常谈 
3289288, 31.9, 8.4, 224, 国学常识 
20258511, 26.3, 7.8, 144, 留学时代 
4238147, 29.7, 9.1, 90, 文言读本 
3289287, 27.4, 7.9, 159, 语文闲谈 
4238141, 29.1, 8.0, 200, 故事和书 
3289285, 30.0, 8.4, 162, 语文常谈 
3289279, 28.4, 7.9, 193, 中国近百年史话 
20391552, 36.2, 9.1, 240, 谈美 
3289283, 28.6, 8.7, 100, 语文杂记 
20379797, 28.6, 8.2, 151, 三国史话 
20258508, 26.4, 8.0, 121, 北京城杂忆 
20282384, 27.2, 8.1, 128, 庄子浅说 
3289281, 25.8, 8.1, 101, 文章修养 
3289282, 25.9, 7.9, 122, 在语词的密林里 
20258509, 27.9, 8.4, 113, 给青年艺术家的信 
25889926, 31.9, 8.9, 145, 我们仨 
4238146, 27.7, 8.4, 110, 傅雷书信选 
3289278, 23.2, 7.7, 86, 论雅俗共赏 
20431880, 22.7, 7.9, 67, 古代的希腊和罗马 
20280354, 27.5, 9.0, 69, 给青年建筑师的信 
4238143, 19.7, 7.0, 79, 毛泽东的读书生活 
20376581, 26.0, 8.8, 62, 国史新论 
24754198, 30.9, 9.4, 88, 中国哲学简史（中学图书馆文库） 
19976890, 26.5, 9.0, 59, 诗论 
19978285, 21.3, 8.7, 31, 阅读与讲解 
20258507, 24.0, 8.0, 78, 师门五年记 胡适琐记 
21233505, 24.2, 8.5, 56, 读书与治学 
20391402, 19.3, 7.7, 41, 屐痕处处 
4238145, 18.7, 7.3, 49, 绿色遥思 
19976896, 24.4, 8.9, 45, 唐诗杂论 诗与批评 
20280237, 19.6, 7.8, 40, 标准与尺度 
10811877, 14.4, 7.3, 20, 语文杂话 
24849724, 13.1, 7.6, 13, 论书绝句（注释本）（中学图书馆文库） 
20282385, 13.5, 7.6, 14, 孔子传 
1253538, 43.0, 8.6, 1145, 剑桥中华民国史（上卷） 
1039126, 44.0, 8.8, 1079, 剑桥中国晚清史（上下卷） 
10740958, 37.2, 8.8, 369, 剑桥中国史（全十册） 
1477774, 39.8, 8.8, 553, 剑桥中华民国史（下卷） 
1005047, 39.7, 8.6, 673, 剑桥中华人民共和国史（上卷） 
1014192, 39.8, 8.5, 764, 剑桥中国隋唐史 
1052968, 40.4, 8.8, 610, 剑桥中华人民共和国史（下卷） 
1253638, 39.3, 8.4, 779, 剑桥中国秦汉史 
1777478, 37.5, 8.5, 522, 剑桥中国明代史（上卷） 
1962573, 35.5, 8.6, 339, 剑桥中国明代史（下卷） 
2010704, 35.7, 8.6, 346, 剑桥中国辽西夏金元史 
1786670, 68.8, 8.9, 46444, 百年孤独 
1774075, 32.4, 8.3, 269, 唐璜 
1449644, 38.0, 8.6, 508, 神曲 
1647083, 37.6, 8.8, 390, 安娜·卡列尼娜 
1203263, 28.6, 8.0, 181, 坎特伯雷故事 
1203267, 35.6, 8.7, 310, 巴黎圣母院 
1203103, 34.8, 8.9, 231, 浮士德 
1203122, 37.9, 9.0, 342, 呼啸山庄 
1203259, 27.6, 8.4, 108, 福尔赛世家 
1203266, 29.6, 8.5, 138, 白鲸 
1074101, 26.9, 7.9, 146, 巨人传 
1203257, 28.1, 8.2, 139, 哈克贝里·芬历险记 
2051745, 26.8, 8.8, 70, 伊利亚特 奥德赛 
2294671, 26.0, 8.3, 88, 海涅诗集 
1203261, 21.7, 7.8, 60, 弃儿汤姆·琼斯史 
1437891, 28.0, 8.4, 116, 红与黑 
1203262, 30.7, 9.2, 98, 罪与罚 
1647850, 28.4, 8.7, 98, 马丁·伊登 
1117208, 24.4, 8.5, 58, 普希金作品选 
1659013, 26.7, 8.9, 65, 泰戈尔抒情诗选 
1203121, 26.6, 9.0, 60, 大卫·考坡菲 
1203215, 21.9, 9.0, 29, 莎士比亚四大悲剧 
1659052, 23.7, 8.7, 46, 简·爱 
1002769, 20.8, 8.3, 36, 前夜 父与子 
1361264, 70.7, 9.0, 53257, 撒哈拉的故事 
1382846, 53.8, 8.6, 6735, 稻草人手記 
1382838, 50.3, 8.3, 5832, 雨季不再來 
1382836, 50.9, 8.7, 3677, 傾城 
1382829, 50.4, 8.6, 3882, 萬水千山走遍 
1361263, 54.0, 9.0, 4065, 哭泣的駱駝 
1382840, 50.0, 8.7, 3157, 背影 
1382833, 47.4, 8.4, 3092, 送你一匹馬 
1382834, 48.4, 8.6, 2808, 溫柔的夜 
1382842, 49.0, 8.8, 2369, 夢裡花落知多少 
1382830, 39.0, 8.5, 665, 高原的百合花 
1382832, 37.6, 8.7, 433, 我的快樂天堂 
3041317, 37.0, 8.7, 393, 我的靈魂騎在紙背上 
3041315, 37.2, 8.8, 368, 亲爱的三毛 
3041313, 33.0, 8.5, 246, 滚滚红尘（电影原著剧本） 
1291079, 26.0, 8.8, 62, 剎那時光(譯作) 
3041280, 29.4, 8.8, 107, 随想 
3041306, 29.8, 8.7, 122, 闹学记 
3041300, 27.4, 8.5, 97, 我的宝贝 
3041272, 27.4, 8.7, 83, 谈心 
3041304, 17.3, 7.8, 26, 流星雨（有声书） 
3040310, 20.5, 8.6, 29, 兰屿之歌 
2378017, 14.7, 7.6, 18, 清泉故事 
1813841, 58.7, 8.8, 11179, 枪炮、病菌与钢铁 
3930318, 50.9, 9.0, 2507, 超越时空 
1322358, 48.4, 9.0, 1706, 费马大定理 
1315199, 47.1, 9.1, 1264, 历史研究 
1315187, 37.8, 8.1, 853, 植物的欲望 
6750347, 41.3, 9.2, 477, 演化 
5417235, 33.4, 7.9, 487, 失败的逻辑 
4032570, 35.1, 8.5, 348, 进化的大脑 
1323573, 40.7, 8.7, 710, 美丽心灵 
3121161, 33.7, 7.9, 515, 性趣探秘 
2124111, 35.0, 8.7, 281, 世界科学技术通史 
6822344, 35.4, 8.4, 406, 崩溃 
3662403, 33.0, 8.7, 204, 美国人：建国的历程 
1315265, 31.1, 8.3, 215, 从混沌到有序 
1899787, 35.6, 8.7, 314, 希尔伯特 
1315250, 37.1, 8.8, 361, 福柯的生死爱欲 
3662397, 31.0, 8.6, 161, 美国人：民主的历程 
1810352, 30.3, 8.2, 202, 灵魂机器的时代 
1899804, 29.6, 8.1, 199, 涌现 
6861475, 30.2, 9.3, 85, 意识探秘 
2298747, 31.6, 8.7, 163, 现代世界中的数学 
4735702, 35.3, 9.1, 209, DNA：生命的秘密 
3423381, 33.4, 8.7, 220, 不可思议的惊奇 
3169416, 35.6, 8.8, 283, 黑塞画传 
1807777, 30.4, 8.3, 188, 世界史纲(上下) 
3617058, 26.0, 7.1, 283, 马桶的历史 
3662413, 32.2, 8.7, 179, 美国人：殖民地历程 
1315074, 31.0, 8.2, 229, 不论 
1313462, 31.2, 8.2, 239, 我的大脑敞开了 
3423021, 31.8, 8.5, 202, 通灵芯片 
2124112, 26.6, 7.9, 137, 脑的进化 
1881552, 31.7, 8.3, 236, 剑桥五重奏 
4742986, 29.4, 8.4, 147, 混沌与秩序 
3930317, 29.4, 8.5, 134, 确定性的终结 
3544903, 29.8, 8.5, 144, 知无涯者 
2053754, 30.1, 8.6, 138, 大自然的猎人 
4270905, 32.6, 9.0, 150, 人生舞台 
3154440, 23.4, 8.0, 70, 利维坦与空气泵 
1792954, 29.4, 8.7, 114, 欧洲漫画史 
3121168, 29.5, 8.3, 162, 细胞叛逆者 
4208898, 27.3, 8.4, 102, 心灵种种 
3121206, 28.1, 8.3, 126, 人脑之谜 
1315243, 28.3, 7.7, 231, 希腊罗马神话 
1794206, 27.7, 8.5, 102, 复杂性与后现代主义 
1315191, 29.0, 8.1, 176, 生命的未来 
5411576, 23.2, 7.7, 86, 癌症：进化的遗产 
3725156, 23.0, 7.5, 99, 本雅明 
3121205, 30.1, 8.3, 178, 伊甸园之河 
20492371, 27.7, 8.5, 101, 师从天才 
4715529, 25.6, 8.1, 96, 勾勒姆医生 
1442141, 24.6, 7.5, 136, 不确定的科学与不确定的世界 
1836229, 27.1, 8.2, 116, 爱因斯坦·毕加索 
2273757, 24.9, 8.3, 73, 数学与自然科学之哲学 
1315222, 27.3, 7.9, 157, 英美文学和艺术中的古典神话 
3121186, 27.7, 8.3, 119, 逻辑人生 
1841561, 28.2, 8.3, 130, 天地有大美 
2315855, 27.4, 8.2, 123, 宇宙的最后三分钟 
1315228, 30.5, 8.7, 138, 插图本中国文学史（上下册） 
1323571, 26.3, 7.9, 131, 机遇与混沌 
4294244, 21.8, 7.5, 79, 反物质 
6797698, 23.2, 7.8, 80, 隐秩序 
1873519, 17.2, 6.8, 55, 科学是怎样败给迷信的 
1802015, 26.7, 8.5, 85, 中国俗文学史 
3902644, 25.0, 8.0, 94, 无之书 
1445586, 26.4, 8.0, 122, 林肯的DNA以及遗传学上的其他冒险 
3930856, 29.5, 9.0, 94, 数字情种 
1879663, 28.0, 8.0, 163, 希腊神话与英雄传说 
1323570, 22.2, 7.4, 92, 伊托邦 
3121171, 27.8, 8.1, 142, 混沌七鉴 
11498185, 24.4, 8.4, 62, 无尽之形最美 
1825342, 25.5, 8.3, 81, 收获之神 
3121178, 22.0, 7.7, 69, 技术时代的人类心灵 
6789757, 29.1, 9.4, 68, DNA：生命的秘密 
6807753, 26.9, 8.8, 71, 改变世界的方程 
1445709, 25.6, 8.0, 106, 上帝的方程式 
3422812, 22.0, 7.5, 81, 进化是什么 
6731442, 22.6, 8.0, 61, 对称的历史 
1884435, 21.6, 7.5, 75, 数字密码 
3420220, 25.9, 8.4, 80, 六个数 
1323572, 23.2, 7.8, 79, 天遇 
1860178, 20.1, 7.2, 72, 从前有个数 
1313457, 21.8, 7.3, 93, 伽利略的女儿 
1882929, 24.4, 7.6, 120, 希腊罗马神话与传说中的恋爱故事 
2315899, 23.5, 8.1, 67, 人类的起源 
1313464, 27.4, 8.6, 89, 古多尔的精神之旅 
1323574, 28.7, 8.6, 111, 迷人的科学风采 
2077259, 25.3, 8.2, 84, 马克斯·韦伯思想肖像 
2282138, 26.0, 7.9, 124, 论罗马、死亡、爱 
2074530, 23.7, 8.4, 56, 对生命的敬畏 
1809771, 21.3, 7.6, 65, 大自然的常数 
3544904, 23.7, 8.4, 56, 20世纪场论的概念发展 
25826882, 17.9, 7.7, 31, 生活中的毒理学 
1900205, 26.3, 8.4, 86, 原子舞者 
1445585, 19.5, 7.6, 46, 未来是定数吗？ 
1899815, 28.2, 8.8, 88, 心灵裸舞 
3423187, 24.7, 8.2, 76, 生物共生的行星 
3422989, 23.9, 8.3, 62, 宇宙的本源 
4025012, 21.7, 8.1, 48, 如何切蛋糕 
2273677, 19.5, 7.5, 49, 复杂性 
1315127, 21.9, 7.5, 80, 真实地带：十大科学争论 
1799729, 20.8, 7.3, 76, 科学哲学 
2273301, 18.7, 8.1, 28, 通往斯德哥尔摩之路 
1899810, 23.1, 8.9, 37, 地球探赜索隐录 
1450744, 24.2, 7.9, 89, 原子在我家中 
2316725, 24.6, 8.2, 75, 自然之数 
1847583, 23.6, 8.3, 58, 酶的情人 
25719703, 20.0, 8.7, 25, 科学史与科学哲学导论 
1315231, 17.6, 6.5, 82, 法国史图说 
25949556, 16.7, 7.7, 25, 狂欢史 
1323575, 17.2, 7.2, 39, 恋爱中的爱因斯坦 
5417231, 19.7, 8.1, 34, 玻恩-爱因斯坦书信集 (1916-1955) 
1863621, 18.4, 7.5, 40, 爱因斯坦在中国 
1318194, 15.3, 7.2, 26, 第五元素 
2275771, 18.0, 7.7, 32, 病因何在 
4053335, 22.7, 8.2, 54, 大自然的基本力 
26617461, 12.7, 7.6, 12, 写在基因里的食谱——关于饮食、基因与文化的思考 
5241973, 20.3, 7.8, 46, 双螺旋探秘 
26628110, 17.2, 8.0, 23, 数学与人类思维 
3131239, 17.4, 6.8, 57, 欧洲文艺复兴 
3547117, 20.0, 7.7, 47, 造物 
2126739, 20.9, 8.7, 29, 爱因斯坦奇迹年 
5417229, 20.8, 8.3, 36, 卡尔·萨根的宇宙 
1860338, 18.1, 7.4, 40, 倒计时 
26293336, 23.1, 9.6, 26, 素数之恋 
2319383, 20.2, 7.7, 49, 周期王国 
1799731, 13.6, 6.4, 33, 斑杂的世界 
3121201, 18.2, 7.4, 41, 谁是造物主 
2273061, 18.9, 8.1, 29, 激情澎湃 
1832747, 17.5, 7.8, 27, 玻尔兹曼 
2273759, 15.3, 7.6, 20, 科学及其编造 
3929119, 19.4, 7.7, 42, 何为科学真理 
19941274, 16.4, 7.6, 25, 千年难题 
2273766, 17.7, 7.8, 28, 科学技术学导论 
3121204, 14.6, 7.3, 21, 地球-我们输不起的实验室 
25736221, 16.5, 8.0, 20, 大流感 
2315860, 18.0, 7.8, 30, 宇宙的起源 
11602635, 11.6, 6.7, 16, 技术的报复 
3561417, 12.5, 6.9, 17, 真科学 
4851803, 12.1, 7.2, 13, 现代科学与人类 
7067196, 14.3, 7.9, 14, 崩溃边缘的世界 
1040115, 28.1, 8.2, 138, 苏格拉底 
1063396, 20.5, 7.1, 86, 维特根斯坦 
1536660, 23.3, 7.7, 88, 康德 
1266588, 24.1, 7.5, 123, 加缪 
1536668, 24.4, 7.9, 91, 尼采 
1255945, 22.1, 7.3, 99, 荣格 
1792507, 21.2, 7.5, 69, 阿伦特 
1199056, 25.0, 8.6, 60, 克尔恺廓尔 
1536639, 22.1, 7.4, 91, 萨特 
1059431, 21.8, 7.4, 85, 海德格尔 
1016957, 21.6, 7.4, 82, 叔本华 
1255258, 21.6, 7.6, 69, 陀斯妥耶夫斯基 
1420391, 19.2, 8.0, 33, 伊壁鸠鲁 
1483258, 21.6, 7.5, 75, 柏拉图 
1018810, 18.0, 6.9, 60, 弗洛伊德 
1245804, 18.3, 7.5, 39, 斯宾诺莎 
1528044, 14.8, 6.6, 37, 福柯 
1039270, 20.6, 7.6, 57, 休谟 
1211532, 21.1, 7.6, 63, 奥古斯丁 
1142397, 18.8, 7.7, 37, 德里达 
1530205, 15.5, 7.5, 22, 罗素 
1227431, 17.7, 7.0, 51, 笛卡尔 
1257303, 14.8, 6.2, 54, 黑格尔 
1520487, 16.7, 7.0, 41, 梭罗 
1227518, 15.3, 7.2, 26, 莱布尼茨 
1257156, 18.9, 7.4, 47, 胡塞尔 
1252455, 20.0, 8.0, 38, 波普 
1252247, 18.1, 7.5, 37, 伽达默尔 
1064843, 16.7, 7.1, 38, 亚里士多德 
1135846, 16.7, 7.4, 30, 梅洛―庞蒂 
1211533, 18.8, 7.6, 40, 波伏瓦 
1010563, 17.2, 7.6, 29, 杜威 
1140191, 16.7, 8.0, 21, 帕斯卡尔.第2辑 
1101237, 18.9, 7.5, 44, 卢梭 
1000785, 11.3, 7.2, 11, 怀特海 
1247906, 13.8, 6.8, 25, 哈贝马斯 
1116243, 13.3, 7.3, 16, 阿奎那 
1420394, 16.3, 7.7, 23, 贝克莱 
1211430, 17.0, 7.4, 32, 霍布斯 
1257302, 15.5, 7.3, 25, 洛克 
1146533, 17.3, 7.6, 30, 密尔 
1251898, 13.3, 7.4, 15, 罗蒂 
1266217, 11.8, 7.1, 13, 皮尔士 
1170398, 13.0, 7.3, 15, 蒯因 
1245498, 11.9, 6.9, 15, 马克思 
1063852, 51.6, 8.8, 3583, 悲剧的诞生 
1041452, 44.3, 8.4, 1823, 存在与虚无 
1433411, 50.5, 8.8, 3022, 新教伦理与资本主义精神 
1076509, 41.9, 9.0, 627, 变化社会中的政治秩序 
1477442, 36.9, 9.0, 291, 为自己的人 
1017698, 33.3, 8.6, 235, 资本主义文化矛盾 
1784921, 38.2, 8.9, 390, 论道德的谱系 
1064649, 32.9, 8.8, 184, 分析心理学的理论与实践 
1784676, 32.2, 8.9, 153, 占有还是生存 
1019171, 33.0, 8.6, 224, 词语 
1071317, 30.3, 8.4, 169, 小说的兴起 
1039339, 28.3, 8.0, 171, 摩西与一神教--现代西方学术文库 
2137373, 30.1, 8.6, 138, 心理学与文学 
1465778, 24.5, 8.3, 68, 语言与神话 
1065838, 30.5, 8.9, 117, 在约伯的天平上 
1857535, 25.7, 7.9, 117, 文化模式 
2222397, 25.7, 8.4, 78, 符号学原理 
2974140, 25.8, 8.4, 79, 影响的焦虑 
1427019, 24.6, 8.3, 69, 俄国形式主义文论选 
1026609, 26.7, 8.7, 74, 俄罗斯思想 
1039663, 22.0, 8.9, 31, 艺术与诗中的创造性直觉 
5312085, 28.3, 8.6, 104, 发达资本主义时代的抒情诗人 
2373047, 17.9, 8.0, 26, 接受美学译文集 
3217934, 25.6, 9.0, 51, 存在与时间 
2133264, 15.2, 7.5, 21, 时间与传统 
2373050, 16.4, 7.8, 22, 结构主义和符号学 
1063369, 19.5, 8.5, 26, 胡塞尔思想的发展 
2374812, 15.0, 7.8, 17, 哲学和自然之镜 
3201157, 17.4, 8.2, 21, 科学知识进化论 
3421605, 18.2, 7.9, 29, 审美之维 
1008176, 30.3, 8.2, 202, 魏晋南北朝史 
1032760, 32.9, 8.6, 220, 战国史 
1011827, 29.4, 8.5, 135, 西周史 
1020089, 24.3, 7.5, 129, 宋史 
1063837, 26.1, 8.5, 77, 隋唐五代史（上、下册） 
1013094, 21.7, 7.3, 91, 明史（上、下册） 
1022556, 23.2, 7.7, 86, 秦汉史 
1003246, 20.7, 7.4, 69, 殷商史 
1005706, 21.9, 7.7, 67, 中华远古史 
1029891, 17.6, 7.4, 36, 清史（上、下册） 
20273773, 38.0, 8.2, 786, 人生的意义 
2975972, 40.2, 8.6, 729, 文学理论入门 
25829287, 37.6, 8.9, 357, 数学 
3550249, 38.8, 8.9, 430, 科学哲学 
4905941, 27.4, 7.6, 217, 达达和超现实主义 
5214612, 35.3, 8.2, 492, 福柯 
25870757, 37.0, 8.3, 586, 现代日本 
3067671, 32.5, 8.2, 298, 政治的历史与边界 
20501422, 34.5, 8.5, 316, 文学理论入门-牛津通识读本 
2977078, 34.7, 8.4, 360, 政治哲学与幸福根基 
5984387, 35.0, 8.3, 421, 佛学概论 
24532503, 34.3, 8.3, 369, 佛学概论 
3535073, 25.8, 7.4, 194, 设计，无处不在 
2981380, 30.4, 7.9, 277, 维特根斯坦与哲学 
3030859, 29.3, 7.7, 278, 大众经济学 
3225821, 30.3, 8.1, 223, 历史之源 
2983286, 29.4, 8.0, 210, 卡夫卡是谁 
6100918, 23.7, 7.2, 156, 基督教神学 
3195102, 24.0, 7.0, 206, 缤纷的语言学 
2989258, 29.7, 8.1, 202, 考古学的过去与未来 
25777854, 30.6, 8.7, 140, 科学革命-牛津通识读本 
3004812, 25.8, 7.5, 173, 古典哲学的趣味 
3313440, 25.9, 7.4, 197, 海德格尔 
4313495, 29.7, 8.4, 154, 哈贝马斯 
3875639, 25.8, 7.3, 218, 生活中的心理学 
5349583, 28.3, 7.9, 189, 社会学的意识 
26581735, 29.7, 9.0, 97, 黑格尔 
4857077, 30.6, 8.4, 180, 医学伦理 
3737103, 26.4, 7.7, 159, 克尔凯郭尔 
5990145, 27.9, 7.9, 176, 康德 
3614521, 27.6, 7.8, 182, 我们时代的伦理学 
3120641, 26.2, 7.7, 154, 后殖民主义与世界格局 
3866015, 22.7, 7.2, 124, 选择理论 
21372193, 24.7, 7.5, 141, 美国总统制 
6387169, 23.7, 7.0, 193, 犹太人与犹太教 
24527652, 33.2, 9.1, 152, 科学哲学 
3225820, 27.9, 7.9, 174, 法哲学 
24529678, 29.1, 8.2, 165, 福柯-牛津通识读本 
5379009, 22.7, 7.1, 140, 简明逻辑学 
3464504, 27.9, 7.8, 194, 西方艺术新论 
6000089, 25.2, 7.3, 189, 尼采 
24155919, 20.0, 6.8, 104, 简明逻辑学-牛津通识读本 
3162230, 26.1, 7.7, 152, 哲学的思与惑 
20501384, 23.3, 7.3, 129, 设计.无处不在-牛津通识读本 
20501391, 28.7, 8.4, 130, 历史之源-牛津通识读本 
20501396, 24.9, 7.6, 131, 大众经济学 
19951129, 24.7, 8.0, 89, 古典哲学的趣味-牛津通识读本 
26044319, 27.0, 8.2, 115, 马基雅维里 
24089405, 27.3, 8.2, 120, 卡夫卡是谁-牛津通识读本 
20501403, 25.0, 7.6, 135, 生活中的心理学-牛津通识读本 
3614418, 23.9, 7.6, 108, 印度哲学祛魅 
24383565, 28.1, 8.8, 87, 政治哲学与幸福根基-牛津通识读本 
24383568, 22.2, 7.5, 85, 法哲学：价值与事实-牛津通识读本 
4872491, 26.0, 8.0, 112, 叔本华 
10575153, 24.7, 7.5, 139, 资本主义-牛津通识读本 
26432962, 24.2, 8.2, 70, 量子理论-牛津通识读本 
3710712, 24.1, 7.8, 95, 全球化面面观 
24529676, 23.9, 8.0, 77, 维特根斯坦与哲学-牛津通识读本 
25836351, 23.2, 7.3, 125, 广告-牛津通识读本 
26345472, 24.0, 8.0, 79, 全球经济史-牛津通识读本 
4218913, 23.3, 7.5, 105, 亚里士多德的世界 
24298918, 20.1, 7.6, 51, 选择理论-牛津通识读本 
26357635, 23.0, 7.9, 71, 性存在 
4122383, 22.5, 7.3, 108, 国际移民 
24295133, 23.2, 7.6, 95, 社会学的意识-牛津通识读本 
24289230, 21.1, 7.8, 54, 康德-牛津通识读本 
24527668, 21.5, 7.1, 108, 缤纷的语言学 
25910256, 22.7, 7.8, 73, 罗兰·巴特 
25870953, 21.6, 6.9, 134, 犹太人与犹太教-牛津通识读本 
24289176, 22.0, 7.3, 98, 尼采-牛津通识读本 
22691327, 22.5, 8.1, 56, 我们时代的伦理学-牛津通识读本 
4909158, 22.1, 7.4, 91, 笛卡尔 
20499308, 22.7, 7.7, 78, 哲学的思与惑-牛津通识读本 
4753774, 17.3, 6.3, 95, 天文学简史 
24381788, 24.9, 8.2, 79, 考古学的过去与未来-牛津通识读本 
23858201, 19.7, 7.5, 51, 西方艺术新论-牛津通识读本 
24529674, 20.8, 8.4, 34, 克尔凯郭尔-牛津通识读本 
25870853, 21.0, 7.8, 53, 叔本华-牛津通识读本 
4048021, 19.0, 7.1, 62, 牛顿新传 
22690655, 17.0, 7.5, 30, 海德格尔-牛津通识读本 
1005692, 44.0, 8.4, 1719, 西方哲学史 
1116338, 46.0, 9.1, 1058, 叔本华论说文集 
3093431, 38.4, 8.3, 749, 一个孤独的散步者的梦 
1046202, 39.3, 9.0, 423, 自由选择 
1074329, 38.4, 8.9, 402, 尼采（上下） 
2109239, 44.2, 8.9, 993, 论人与人之间不平等的起因和基础 
2111791, 41.6, 8.7, 826, 哲学问题 
1002582, 32.5, 8.5, 227, 西方的没落 
1075249, 41.2, 8.9, 623, 西方哲学原著选读(上卷) 
1245533, 39.8, 8.6, 680, 论优美感和崇高感 
4835563, 35.9, 8.8, 298, 奥义书 
6110110, 44.0, 9.1, 782, 社会契约论 
4833802, 37.7, 8.9, 364, 薄伽梵歌 
1259315, 38.8, 8.7, 522, 哲学问题 
1271862, 37.7, 9.2, 278, 偶然、反讽与团结 
1031293, 37.5, 8.9, 350, 荷尔德林文集 
1894184, 39.1, 8.9, 447, 罗素自选文集 
10484450, 31.5, 8.7, 162, 金枝 
1071514, 37.3, 8.8, 372, 西方哲学原著选读(下卷) 
1197956, 35.1, 8.8, 261, 权力论 
5937121, 32.3, 8.3, 260, 为什么我不是基督教徒 
1762426, 29.7, 8.2, 182, 为什么我不是基督教徒 
1275842, 35.3, 9.0, 228, 充足理由律的四重根 
3836092, 31.9, 8.3, 246, 理论之后 
1168766, 29.2, 8.2, 169, 论民主 
1226635, 25.6, 8.3, 83, 思维方式 
25659948, 24.5, 8.8, 49, 试谈另一个中世纪 
1918328, 33.3, 8.7, 214, 小逻辑 
1066774, 26.6, 8.2, 106, 创造进化论 
1023494, 28.9, 7.8, 235, 罗马史（第一卷） 
1463876, 29.6, 8.4, 152, 存在主义 
1894641, 31.7, 8.9, 141, 科学与假设 
10876715, 33.3, 8.9, 181, 论法的精神 
1311965, 26.0, 7.8, 134, 论英雄、英雄崇拜和历史上的英雄业绩 
26309060, 29.2, 8.8, 103, 生命是什么 
1062960, 32.8, 9.1, 145, 美洲三书 
20387508, 23.2, 7.5, 104, 小说理论 
1052175, 27.6, 8.2, 127, 经济与社会（上卷） 
6800495, 24.1, 8.6, 52, 哲学语法 
25708977, 31.0, 9.3, 96, 摹仿论 
2030902, 33.1, 8.7, 208, 论自由 
4264066, 34.4, 9.0, 200, 权威与个人 
6749582, 33.9, 8.4, 313, 论科学与艺术的复兴是否有助于使风俗日趋纯朴 
1965596, 26.4, 8.7, 71, 科学与方法 
25771588, 31.3, 9.4, 94, 逻辑哲学论 
1253309, 28.4, 8.1, 159, 伦理学简史 
1075770, 34.7, 8.7, 270, 爱的艺术 
10564066, 20.5, 8.1, 39, 如何以言行事 
1703433, 31.5, 8.8, 149, 探求真理的指导原则 
1259310, 31.0, 8.7, 149, 非理性的人 
1047441, 22.8, 8.1, 59, 当代艺术的哲学分析 
24701792, 23.7, 8.7, 46, 在康德与黑格尔之间 
1027752, 28.9, 8.4, 134, 宗教与科学 
2041091, 29.8, 8.8, 113, 美国与中国 
1005561, 26.2, 8.5, 79, 日本政治史（全四册） 
3806060, 30.4, 9.3, 88, 爱比克泰德论说集 
1259305, 25.5, 8.9, 54, 当代哲学主流（上卷） 
2139767, 27.5, 8.9, 74, 科学的价值 
1165019, 20.3, 7.7, 50, 象征理论 
1612070, 22.7, 7.7, 79, 论语言的起源 
3136345, 23.5, 8.6, 47, 对人类自由的本质及其相关对象的哲学研究 
5437037, 31.7, 8.7, 165, 忏悔录 （上下册） 
1080942, 27.1, 8.1, 127, 罗马史（第二卷） 
26173218, 14.2, 7.4, 18, 俄国革命史（全三卷） 
24699232, 19.9, 8.2, 33, 论存在者与本质 
1447887, 26.9, 8.1, 122, 罗马史（第三卷） 
24753669, 31.6, 9.1, 120, 柏拉图文艺对话集 
24846685, 28.6, 8.9, 87, 拉奥孔 
6974378, 25.4, 8.6, 64, 智者 
6838057, 27.2, 8.6, 87, 瓦格纳事件 尼采反瓦格纳 
24849817, 24.7, 8.7, 54, 战时笔记（1914-1917） 
25712573, 27.0, 9.3, 53, 哲学研究 
2134760, 24.6, 8.6, 56, 历史对于人生的利弊 
4218726, 24.4, 8.4, 62, 心的分析 
1016532, 26.2, 7.8, 139, 论科学与艺术 
1068847, 19.6, 7.5, 50, 苏格拉底传 
1248112, 22.5, 7.6, 82, 资本主义的起源 
1880504, 16.7, 7.9, 22, 社会.经济和哲学-波兰尼文选 
1449360, 24.2, 8.2, 70, 野性的思维 
1259309, 23.4, 9.2, 33, 当代哲学主流（下卷） 
3193730, 27.2, 8.2, 118, 忏悔录 
1157323, 22.3, 8.0, 58, 政治论 
25782226, 28.4, 9.3, 65, 狭义与广义相对论浅说 
1063812, 24.8, 8.7, 55, 弗雷格哲学论著选辑 
1843272, 22.8, 8.5, 45, 第一哲学（上、下卷） 
1443472, 21.7, 8.5, 37, 普通认识论 
1428048, 20.1, 8.6, 27, 哲学和自然之镜 
2338892, 20.3, 7.9, 43, 认识与谬误 
1197909, 21.3, 8.7, 31, 道德语言 
2053939, 14.1, 7.7, 15, 琉璃宫史（全三卷） 
1939782, 22.5, 8.4, 45, 罗马-拜占庭经济史-(上.下编) 
10567157, 22.2, 8.7, 36, 政治经济学 
2000582, 20.3, 8.3, 33, 学术的秩序 
1255063, 15.9, 7.5, 24, 哲学主要趋向 
1228757, 17.1, 6.7, 58, 泛神论要义 
3529237, 19.7, 8.0, 36, 比较城市化 
2993415, 20.1, 8.6, 27, 布鲁诺对话 
10485839, 19.4, 7.7, 42, 山中来信 
2042035, 18.8, 8.2, 27, 逻辑经验主义 
26362918, 21.9, 9.5, 23, 自然与希腊人　科学与人文主义 
1274824, 22.3, 8.5, 41, 现象学运动 
10568332, 20.4, 8.0, 41, 诠释学 
1197911, 17.5, 7.7, 29, 维也纳学派 
26354332, 24.1, 9.4, 33, 泰阿泰德 
1821271, 16.3, 7.7, 23, 逻辑大全 
3180218, 20.0, 8.8, 24, 真理、意义与方法 
24886534, 15.0, 7.8, 17, 数学基础研究 
2362642, 22.7, 8.6, 41, 神、人及其幸福简论 
1764778, 13.3, 7.7, 13, 进步与贫困 
2266625, 13.7, 8.0, 12, 琉善哲学文选 
26357614, 46.4, 9.0, 1256, 海风中失落的血色馈赠 
6003394, 41.2, 8.2, 1368, 爱，始于冬季 
10604943, 38.6, 8.3, 773, 爱情半夜餐 
6010144, 42.4, 8.3, 1497, 动物寓言集 
6874612, 40.6, 8.1, 1396, 孤独的池塘 
5980585, 40.6, 8.3, 1096, 走在蓝色的田野上 
10522844, 43.8, 8.7, 1161, 游戏的终结 
19950785, 35.6, 8.3, 465, 雨后 
25724491, 39.9, 8.3, 971, 突然，响起一阵敲门声 
10604942, 39.5, 8.6, 646, 我打电话的地方 
6712406, 34.3, 7.7, 726, 一切破碎，一切成灰 
6781800, 38.4, 7.9, 1215, 回忆，扑克牌 
7175434, 33.0, 7.9, 452, 父亲的眼泪 
6791412, 42.3, 8.8, 823, 炽焰燃烧 
26298590, 34.9, 8.4, 370, 出轨 
19950784, 38.2, 8.4, 648, 空荡荡的家 
6310335, 34.7, 8.3, 394, 星期天 
26346222, 35.0, 8.3, 419, 美好的事物无法久存 
6874619, 30.4, 7.2, 651, 初恋总是诀恋 
7063852, 36.0, 8.2, 557, 石泉城 
6010156, 34.3, 8.1, 459, 狂野之夜！ 
11528311, 33.0, 7.8, 505, 耶稣之子 
6712398, 37.6, 8.4, 586, 母与子 
25722953, 32.3, 7.5, 634, 吃鸟的女孩 
26716997, 30.0, 8.5, 149, 隐秘的幸福 
24871460, 37.6, 8.4, 587, 幻之光 
20559350, 35.0, 8.3, 421, 抛锚 
19971923, 29.7, 7.7, 305, 摸彩 
20499983, 30.8, 8.1, 245, 死水恶波 
25871958, 29.8, 8.2, 187, 一个自杀者的传说 
5612203, 28.4, 7.5, 291, 美国鸟人 
26357615, 27.3, 7.6, 211, 二十一个故事 
26717934, 28.2, 8.4, 120, 新年快乐 
25862575, 29.4, 8.1, 189, 当我们谈论安妮·弗兰克时我们谈论什么 
26704178, 30.7, 8.4, 181, 我们飞 
24871648, 28.1, 7.7, 221, 俄罗斯套娃 
6966737, 30.6, 8.3, 195, 两次暗杀之间 
24871663, 25.1, 7.5, 150, 时光匆匆老去 
10794370, 27.3, 7.7, 190, 避暑 
24870341, 26.7, 7.0, 379, 水银虫 
24871630, 25.9, 7.9, 121, 幸福国的故事 
10763921, 24.7, 7.7, 115, 东区挽歌 
20273118, 28.2, 7.8, 203, 黑河钓事 
25852928, 25.7, 7.9, 117, 巴卡卡伊大街 
26374682, 25.0, 7.8, 112, 诗人的生活 
25862571, 28.3, 8.2, 143, 闯入者 
26762861, 19.8, 7.1, 74, 你们再也不写了？ 
25922763, 22.5, 7.4, 99, 奇山飘香 
26060679, 25.1, 8.2, 82, 时间之战 
25862570, 23.5, 7.8, 84, 当“9”翻转归零 
26422524, 24.9, 8.1, 85, 山区光棍 
26899141, 16.6, 7.8, 23, 千百种罪 
25901823, 22.9, 7.4, 106, 蝴蝶的舌头 
24871667, 23.3, 7.4, 115, 海的沉默 
24871492, 25.3, 8.1, 92, 绕颈之物 
26148546, 21.4, 8.3, 40, 迷宫 
25820469, 24.5, 7.8, 102, 牧神的午后 
26221734, 22.5, 7.6, 82, 维他命F 
25722934, 17.7, 7.0, 51, 房间里的阿尔及尔女人 
26392737, 22.7, 8.1, 58, 拳头 
25908740, 22.1, 7.4, 91, 夏屋，以后 
26431621, 21.2, 7.5, 69, 黑暗中的绽放 
26270311, 20.0, 7.1, 78, 忍川 
25862576, 21.5, 7.0, 118, 如果·爱 
25862574, 21.2, 8.1, 44, 别人的房间，别样的景观 
25908737, 20.2, 7.8, 45, 像你我一样的男孩和女孩 
25901234, 18.4, 6.9, 66, 大千世界 
26562185, 19.9, 7.7, 46, 他们自在别处 
26747346, 20.9, 7.8, 52, 四先生 
26383139, 16.1, 7.2, 31, 屋顶上的一架飞机 
1422085, 32.0, 8.9, 148, 猜想与反驳 
1785519, 30.8, 8.6, 156, 现象学的观念 
1439835, 29.2, 8.2, 167, 单向度的人 
1766416, 32.4, 8.8, 170, 人论 
2050424, 29.8, 8.3, 169, 存在主义是一种人道主义 
1427821, 20.3, 7.7, 50, 反对方法 
3065877, 27.1, 8.6, 85, 爱欲与文明 
1438701, 23.6, 8.5, 51, 客观知识 
1084912, 21.5, 8.5, 36, 心灵、语言和社会 
1556146, 16.8, 8.2, 19, 世界的逻辑构造 
1787646, 22.6, 8.9, 34, 时代的精神状况 
1203321, 26.2, 8.3, 92, 弗洛伊德后期著作选 
1084921, 19.7, 8.1, 34, 命名与必然性 
1546249, 19.7, 8.4, 28, 论文字学 
2294571, 22.6, 8.9, 34, 从逻辑的观点看 
1060952, 16.0, 7.6, 23, 结构人类学 
2253125, 12.7, 7.6, 12, 理性、真理与历史 
2253492, 18.1, 8.9, 17, 证明与反驳 
1248448, 15.9, 7.9, 19, 政治中的理性主义 
1875445, 19.3, 8.5, 25, 非理性的人（二十世纪西方哲学译丛） 
1213546, 57.4, 8.3, 20016, 变形记 
1418058, 53.9, 9.1, 3502, 小径分岔的花园 
1067293, 45.9, 8.5, 2090, 青春 
1105146, 51.0, 8.9, 2895, 局外人 
1105149, 44.0, 8.6, 1360, 米格尔街 
1864830, 30.5, 7.5, 447, 鲜花圣母 
1105150, 39.6, 9.0, 440, 菲雅尔塔的春天 
1046483, 39.8, 9.0, 455, 超越爱情的永恒之死 
1485131, 37.6, 8.2, 728, 另外那个女人 
1245758, 40.0, 8.8, 576, 都柏林人 
1105145, 40.9, 8.7, 737, 九故事 
1082133, 39.5, 8.6, 645, 迈克尔·K的生活和时代 
1018664, 39.1, 8.5, 676, 等待野蛮人 
1427938, 34.3, 8.0, 510, 墙上的斑点 
1105272, 38.8, 8.3, 809, 羊脂球 
1865968, 41.7, 8.6, 927, 罗生门 
1011548, 34.0, 8.2, 392, 彼得堡的大师 
1154561, 30.5, 7.9, 283, 抵达之谜 
1823405, 33.9, 8.1, 429, 男孩 
1864832, 27.6, 7.7, 203, 玫瑰奇迹 
1821567, 31.0, 7.7, 389, 慢人 
1400647, 37.2, 9.0, 307, 佩德罗·巴拉莫 
2222358, 30.2, 8.2, 201, 内陆深处 
2222182, 33.8, 8.4, 308, 福 
1400721, 29.0, 8.5, 126, 美好而狂暴的世界 
1021528, 29.3, 8.0, 207, 伊丽莎白·科斯特洛：八堂课 
1692662, 26.1, 7.6, 167, 奈保尔家书 
1544403, 31.1, 8.6, 164, 文化与价值 
2222357, 25.5, 7.7, 136, 幽暗之地 
1154564, 24.0, 7.8, 93, 有轨电车 
1661334, 35.0, 8.8, 260, 一个陌生女人的来信 
1245762, 28.7, 8.6, 111, 米佳的爱情 
1154562, 23.8, 8.3, 61, 惊马奔逃 
1400724, 20.6, 8.0, 42, 不灭的月亮的故事 
1105613, 31.3, 8.7, 155, 红色骑兵军 
1115956, 28.4, 8.5, 113, 卡夫卡散文 
1414980, 30.2, 8.6, 141, 红死魔的面具 
1872215, 21.7, 7.1, 111, 得过且过 
1105151, 24.2, 8.1, 75, 莫斯比的回忆 
1400709, 28.8, 8.3, 144, 雪国 
1105148, 20.7, 7.9, 46, 今天过得怎么样 
1593800, 27.7, 8.5, 102, 卡门 
1544395, 21.4, 8.0, 49, 黑暗深处 
2033947, 26.0, 8.4, 82, 麦琪的礼物 
1593821, 23.2, 8.1, 63, 百万英镑 
1154563, 24.0, 8.5, 55, 当代英雄 
1397782, 20.4, 8.2, 36, 儿子的否决权 
1544401, 17.3, 8.5, 18, 石榴石手镯 
1593815, 16.4, 7.9, 21, 盲音乐家 
1264288, 20.8, 8.5, 32, 狐 
1593808, 22.4, 8.8, 35, 挂在脖子上的安娜 
1245461, 22.1, 8.5, 40, 热爱生命 
1091816, 21.2, 8.8, 29, 初恋 
1510140, 17.1, 8.2, 20, 尼采散文——经典印象译丛 
1753931, 19.2, 8.0, 33, 圣诞颂歌 
1245462, 19.0, 8.4, 25, 最后一课 
1753938, 21.3, 8.4, 37, 变形记 
1753927, 21.2, 8.5, 34, 百万英镑 
1593824, 21.8, 9.1, 27, 泰戈尔散文 
1547291, 17.7, 8.4, 20, 伊泽吉尔老婆子 
1660436, 22.4, 9.3, 27, 摩哈摩耶 
1593820, 19.1, 8.3, 27, 麦琪的礼物 
1124367, 15.2, 7.5, 21, 劳伦斯散文 
1813462, 18.9, 8.1, 29, 热爱生命 
1823537, 18.9, 8.8, 20, 少年维特的烦恼 
1105147, 14.1, 8.0, 13, 屠格涅夫散文诗/经典印象 
1544397, 14.1, 7.7, 15, 莎士比亚戏剧故事 
1658847, 14.5, 8.0, 14, 泰戈尔散文 
1659889, 15.0, 7.7, 18, 茵梦湖 
1593803, 15.0, 7.8, 17, 茶花女 
3283983, 51.4, 9.2, 2133, 乡土中国 
3135722, 36.3, 8.5, 425, 留德十年 
3658068, 24.7, 7.7, 116, 大众哲学 
3717310, 25.7, 8.5, 73, 美学与意境 
3054800, 20.0, 8.0, 38, 元朝史（上下） 
3259005, 17.4, 8.3, 20, 葛兰西文选 
3053577, 24.1, 8.6, 52, 三松堂自序 
3390593, 21.9, 8.4, 41, 汉代学术史略 
3261386, 12.9, 6.5, 25, 中国共产党的三十年 
5280342, 12.0, 7.5, 11, 从鸦片战争到五四运动（上、下册） 
3707886, 46.1, 9.0, 1201, 中国通史 
1446867, 39.5, 9.2, 366, 兩晉南北朝史（上下） 
1427450, 39.9, 9.0, 462, 白话本国史 
1480858, 35.1, 9.1, 203, 吕思勉读史札记 
1427476, 36.5, 8.9, 298, 秦汉史 
1446869, 33.9, 9.1, 170, 隋唐五代史（上下） 
1427558, 35.7, 8.8, 291, 先秦史 
2336279, 30.5, 8.9, 117, 中国社会史 
3706510, 31.5, 9.1, 118, 中国文化思想史九种 
3091586, 28.9, 8.9, 91, 中国民族史两种 
1962745, 25.9, 8.8, 61, 吕思勉论学丛稿 
4737530, 24.9, 8.4, 68, 吕著史地通俗读物四种 
4179028, 24.4, 9.0, 43, 史学与史籍七种 
3196521, 21.8, 8.3, 43, 中国近代史八种 
4020973, 21.2, 8.3, 39, 文字学四种 
4894500, 21.3, 8.9, 28, 文学与文选四种 
5038598, 15.7, 8.3, 15, 吕著中小学教科书五种 
6874297, 12.0, 7.7, 10, 吕思勉诗文丛稿（上、下）（吕思勉文集） 
1044547, 66.2, 8.9, 31181, 射雕英雄传（全四册） 
1070851, 60.4, 8.5, 23509, 倚天屠龙记(共四册) 
1068308, 49.0, 7.6, 14857, 雪山飞狐 
1076045, 49.0, 7.6, 14943, 连城诀 
1052380, 47.3, 7.6, 10570, 飞狐外传(上下) 
1055976, 43.1, 7.2, 9547, 碧血剑（上下） 
1014533, 43.0, 7.2, 9472, 书剑恩仇录(上下) 
1063624, 51.8, 8.8, 3713, 鹿鼎记（全五册） 
1038140, 36.4, 7.3, 1955, 侠客行(上下) 
1011201, 39.9, 8.9, 511, 神雕侠侣(全四册) 
1011004, 39.5, 9.1, 399, 笑傲江湖(共四册) 
1644010, 37.0, 9.4, 213, 天龙八部（全五册） 
1610400, 23.4, 8.5, 49, 亚里士多德全集（第一卷） 
1610399, 18.9, 7.9, 33, 亚里士多德全集（第三卷） 
1275487, 20.0, 8.5, 28, 亚里士多德全集（第九卷） 
1555805, 18.2, 8.3, 23, 亚里士多德全集（第七卷） 
1545894, 17.5, 8.8, 16, 亚里士多德全集（第二卷） 
1275530, 17.1, 8.3, 19, 亚里士多德全集（第八卷） 
1721382, 14.6, 7.9, 15, 亚里士多德全集（第十卷） 
1275609, 13.9, 7.9, 13, 亚里士多德全集（第六卷） 
1545896, 13.2, 7.8, 12, 亚里士多德全集（第五卷） 
1275508, 12.7, 7.8, 11, 亚里士多德全集（第四卷） 
1873231, 70.9, 8.8, 77385, 明朝那些事儿（壹） 
1949338, 67.7, 8.9, 39096, 明朝那些事儿（贰） 
2052448, 66.5, 8.9, 32565, 明朝那些事儿（叁） 
2253642, 65.0, 8.8, 30077, 明朝那些事儿（肆） 
3009821, 64.4, 8.8, 27389, 明朝那些事儿（伍） 
3626924, 65.2, 9.0, 22703, 明朝那些事儿（柒）：大结局 
3274113, 64.2, 8.9, 22660, 明朝那些事儿（陆） 
1419432, 34.4, 8.0, 525, 熵：一种新的世界观 
1787092, 31.0, 8.3, 209, 文化与权力 
1439458, 26.7, 8.6, 80, 心我论 
1397577, 29.1, 8.3, 151, 结构主义和符号学 
1088113, 26.9, 7.5, 216, 社会的麦当劳化 
1943490, 29.6, 8.5, 140, 大众传播模式论 
2210083, 20.8, 7.6, 59, 政治的边缘 
2251959, 24.3, 7.9, 90, 现代政治分析 
3201174, 26.9, 8.8, 71, 从混沌到有序 
1839589, 24.5, 8.2, 73, 比较政治学 
2369653, 21.8, 8.8, 32, 禅与西方思想 
1770986, 21.9, 7.4, 87, 荣格崇拜 
1508186, 20.8, 7.9, 47, 新史学 
1084946, 23.5, 8.7, 44, 人工智能哲学 
1772999, 19.6, 8.1, 33, 资本的帝国 
2133183, 14.1, 7.7, 15, 突变论 
1440171, 23.3, 8.4, 52, 当代史学主要趋势 
1996618, 18.3, 8.2, 25, 混沌 
3201181, 24.2, 8.5, 56, 第三思潮 
1879085, 14.8, 7.1, 25, 虚无的全球化 
1858232, 18.0, 7.7, 32, 生态危机与资本主义 
1085237, 17.1, 8.2, 20, 后形而上学希望 
3122595, 14.6, 7.1, 24, 人际传播 
1005462, 16.5, 8.0, 20, 后现代主义与社会科学 
2347821, 11.3, 7.4, 10, 现代化：理论与历史经验的再探讨 
2301062, 13.8, 7.6, 15, 超循环论（The Hypercycle) 
2304115, 15.1, 7.3, 23, 比较现代化 
1085043, 18.2, 8.1, 26, 重构美学 
1556250, 13.2, 7.5, 14, 信息空间—认识组织.制度和文化的一种框架 
1433315, 15.0, 7.9, 16, 审美经验与文学解释学 
1707050, 43.1, 9.1, 688, 狭义与广义相对论浅说 
1507315, 39.7, 9.0, 450, 自然哲学之数学原理 
1445558, 39.7, 8.8, 548, 物种起源 
2356843, 32.6, 8.9, 164, 控制论 
4100363, 25.6, 8.6, 67, 人类和动物的表情 
1803252, 29.5, 8.8, 108, 关于托勒密和哥白尼两大世界体系的对话 
4928961, 29.1, 8.8, 101, 人有人的用处 
2112914, 25.4, 8.5, 69, 从存在到演化 
3180844, 25.2, 9.2, 43, 地质学原理 
2281380, 27.1, 8.9, 69, 薛定谔讲演录 
4085179, 26.1, 9.2, 49, 希尔伯特几何基础 
4871292, 27.3, 8.3, 110, 计算机与人脑 
1835311, 25.1, 8.5, 66, 天体运行论 
4041938, 23.1, 8.5, 47, 人类的由来及性选择 
3422797, 24.4, 9.3, 36, 笛卡儿几何 
2076537, 27.0, 9.1, 60, 基因论 
1996705, 21.9, 8.6, 36, 光学 
5380671, 22.4, 8.8, 35, 进化论与伦理学 
1922424, 24.1, 8.7, 49, 海陆的起源 
10518115, 22.0, 8.6, 37, 行为主义 
4712035, 17.9, 8.2, 23, 电磁通论 
2066242, 20.4, 8.1, 38, 心血运动论 
1884382, 22.2, 8.9, 32, 化学哲学新体系 
3171770, 19.1, 8.3, 27, 化学基础论 
3140717, 16.4, 7.9, 21, 热的解析理论 
6393105, 18.8, 8.9, 19, 世界的和谐 
4217078, 15.8, 8.2, 16, 人类在自然界的位置 
4267174, 13.6, 7.8, 13, 条件反射 
2349481, 13.3, 7.2, 17, 怀疑的化学家 
2305052, 17.7, 8.3, 21, 光论 
5398882, 26.0, 9.0, 55, 爱灵魂自我教程 
5398883, 26.3, 9.1, 54, 爱灵魂自我教程 
5398881, 24.8, 8.8, 51, 爱灵魂自我教程 
1858513, 70.5, 8.9, 61287, 月亮和六便士 
2035162, 65.1, 9.0, 22342, 刀锋 
2035179, 68.6, 9.2, 28015, 动物农场 
1865089, 58.1, 8.4, 19056, 瓦尔登湖 
2035171, 60.3, 9.0, 10667, 人生的枷锁 
1858576, 68.1, 9.3, 22467, 一九八四 
2160226, 58.6, 9.2, 6309, 快乐王子 
1856494, 59.5, 9.3, 6318, 卡拉马佐夫兄弟 
3136271, 57.5, 8.6, 12445, 罗生门 
1860750, 54.8, 8.4, 10762, 了不起的盖茨比 
1856025, 56.9, 8.9, 7254, 道连·葛雷的画像 
1872158, 49.1, 8.2, 5548, 蝇王 
2036561, 51.1, 8.4, 5785, 城堡 
1880831, 60.1, 9.2, 7827, 基督山伯爵（上下册） 
1849791, 48.8, 8.5, 3390, 铁皮鼓 
1885224, 57.6, 8.9, 8057, 傲慢与偏见 
1880992, 52.7, 8.4, 7628, 老人与海 
1858568, 54.4, 9.0, 4281, 罪与罚 
2046977, 48.0, 8.1, 5306, 我是猫 
1859108, 50.9, 8.8, 3250, 白痴 
1860757, 47.7, 8.0, 5808, 少年维特的烦恼 
3136255, 55.2, 8.8, 6386, 一个陌生女人的来信 
2039931, 56.9, 9.0, 6304, 小王子 
2050779, 42.9, 8.3, 1639, 魔山 
2161691, 49.0, 8.3, 4649, 伊索寓言 
3131626, 52.9, 9.0, 3414, 荒原狼 
1880829, 51.3, 8.6, 4486, 呼啸山庄 
2042629, 48.9, 8.7, 2681, 九三年 
2042633, 50.4, 9.0, 2334, 金蔷薇 
2036569, 41.0, 8.2, 1320, 愤怒的葡萄 
1889128, 49.8, 8.4, 4667, 茶花女 
2063329, 48.5, 8.4, 3698, 包法利夫人 
2160230, 45.7, 8.5, 2043, 细雪 
1894745, 49.1, 8.4, 4097, 简·爱 
1880987, 48.1, 8.5, 3027, 安娜·卡列尼娜 
2193876, 48.0, 8.8, 2034, 浮士德 
2050767, 49.8, 8.6, 3528, 绿野仙踪 
1894742, 46.8, 8.4, 2788, 红与黑 
1882915, 49.4, 8.9, 2266, 莎士比亚四大悲剧 
2174410, 42.3, 8.2, 1659, 名利场 
2170030, 39.1, 8.0, 1214, 白鲸 
1885215, 46.4, 8.3, 2958, 雾都孤儿 
1885213, 47.4, 8.4, 3104, 三个火枪手 
1892291, 38.7, 7.5, 2296, 十日谈 
2050768, 47.6, 8.5, 2768, 夏洛的网 
1885214, 46.5, 8.5, 2331, 双城记 
1880824, 48.5, 8.6, 2830, 一千零一夜 
1880991, 46.7, 8.6, 2128, 堂吉诃德 
1880986, 51.2, 9.2, 2081, 悲惨世界（上下） 
1888031, 42.0, 7.8, 2752, 格列佛游记 
1878265, 52.0, 9.1, 2654, 安徒生童话 
1885223, 41.4, 7.8, 2487, 理智与情感 
1885261, 47.1, 8.5, 2548, 巴黎圣母院 
2036576, 35.5, 7.4, 1394, 看得见风景的房间 
2174400, 41.1, 8.2, 1360, 达洛卫夫人 
1880823, 49.5, 8.8, 2566, 格林童话 
1880990, 44.8, 8.3, 2257, 复活 
2042631, 40.7, 7.9, 1893, 弗兰肯斯坦 
1885262, 45.1, 8.6, 1617, 笑面人 
1858493, 36.9, 7.8, 1049, 虹 
3136267, 41.3, 8.5, 969, 小城畸人 
1880825, 41.8, 8.2, 1526, 希腊神话 
1880827, 44.4, 8.5, 1629, 远大前程 
2036573, 37.1, 7.6, 1445, 儿子与情人 
1858583, 44.4, 8.4, 1841, 蝴蝶梦 
3127852, 42.0, 8.6, 982, 推销员之死 
2170469, 44.9, 8.8, 1255, 喧哗与骚动 
2193879, 42.3, 8.4, 1295, 神曲 
2161692, 45.3, 8.4, 2153, 海底两万里 
1893466, 42.5, 8.0, 2267, 鲁滨孙历险记 
1883349, 42.4, 8.3, 1494, 永别了，武器 
1858557, 40.5, 7.9, 1799, 情人 乌发碧眼 
1885218, 41.4, 8.1, 1616, 苔丝 
2161700, 50.8, 9.4, 1580, 乱世佳人 
2193881, 42.4, 8.2, 1714, 汤姆·索亚历险记 
2042167, 37.7, 8.1, 836, 无名的裘德 
2193878, 38.3, 8.0, 1065, 红字 
1858585, 40.4, 8.1, 1347, 欧叶妮·格朗台 高老头 
1894746, 37.6, 7.8, 1196, 金银岛 化身博士 
1894740, 40.6, 8.5, 874, 猎人笔记 
1880989, 38.8, 8.3, 806, 丧钟为谁而鸣 
2052229, 40.1, 8.1, 1293, 爱丽斯奇境历险记 
1893972, 39.2, 8.0, 1241, 漂亮朋友 
1914223, 40.1, 8.2, 1140, 哈克贝里·芬历险记 
2050777, 40.9, 8.3, 1155, 小妇人 
2042638, 42.8, 9.0, 720, 大师和玛加丽塔 
2161698, 40.1, 8.1, 1292, 八十天环游地球 
2044034, 36.2, 7.7, 1061, 爱玛 
1883354, 42.2, 8.8, 816, 马丁·伊登 
1894744, 36.0, 7.6, 1153, 钢铁是怎样炼成的 
1885229, 39.2, 8.1, 1092, 爱的教育 
3131613, 36.8, 8.4, 512, 八月之光 
2193875, 39.3, 8.3, 878, 尼尔斯骑鹅旅行记 
2169998, 42.1, 8.8, 798, 被伤害与侮辱的人们 
2046136, 33.8, 7.6, 749, 圣经故事 
1855425, 38.8, 8.6, 580, 当代英雄 
2050778, 33.7, 8.1, 410, 萌芽 
3127857, 39.1, 8.5, 679, 恶之花 
2050776, 37.6, 8.7, 430, 凯旋门 
1885226, 31.4, 7.4, 609, 娜娜 
3131641, 36.5, 8.5, 439, 莫里哀喜剧六种 
1856498, 34.4, 7.7, 753, 黑郁金香 
3127861, 32.0, 8.5, 208, 情感教育 
3134824, 36.6, 8.6, 406, 奥德修纪 
2161688, 31.5, 7.8, 378, 巨人传 
3127855, 31.0, 7.4, 559, 落洼物语 
3136264, 39.4, 8.7, 577, 诉讼 
2042967, 38.3, 8.3, 738, 木偶奇遇记 
1885227, 32.8, 7.6, 621, 嘉莉妹妹 
1893969, 32.9, 7.7, 559, 童年.在人间.我的大学 
1880828, 32.6, 8.1, 339, 还乡 
2042170, 30.4, 7.6, 389, 白衣女人 
2050787, 33.4, 7.9, 489, 剧院魅影 
3136257, 28.0, 8.2, 137, 柏林，亚历山大广场 
2042623, 30.0, 7.5, 400, 珍妮姑娘 
2161686, 37.9, 8.7, 452, 豪夫童话 
1858599, 33.1, 8.1, 369, 罗亭 贵族之家 
3127863, 29.8, 7.9, 249, 艰难时世 
3151043, 29.1, 7.6, 300, 罗兰之歌 
2194049, 27.8, 7.7, 210, 坎特伯雷故事 
1885221, 37.3, 8.7, 407, 泰戈尔抒情诗选 
3131605, 28.8, 8.5, 122, 国王的人马 
2161701, 35.6, 8.7, 310, 莎士比亚喜剧5种 
2048616, 35.3, 8.7, 298, 大卫·考坡菲 
3127862, 30.6, 7.6, 403, 王子与贫儿 
2193880, 33.5, 8.1, 398, 汤姆大伯的小屋 
3136270, 26.7, 7.9, 140, 弗洛斯河上的磨坊 
2169924, 28.1, 8.3, 126, 洪堡的礼物 
3131603, 28.3, 8.0, 172, 活下去，并且要记住 
3136272, 24.5, 8.1, 79, 耶路撒冷的解放 
2194125, 29.1, 8.3, 150, 帕尔马修道院 
2160231, 27.4, 7.9, 160, 所罗门之歌 
2161690, 34.3, 8.7, 251, 二十年后 
3131600, 26.2, 7.8, 141, 三毛钱小说 
3131608, 27.1, 7.8, 166, 天才 
2161693, 29.0, 7.9, 215, 斯巴达克思 
3131619, 24.9, 7.6, 131, 绿蒂在魏玛 
3136261, 26.8, 8.0, 130, 烦恼的冬天 
3127853, 25.1, 8.0, 96, 野兽的烙印 
3131632, 27.3, 8.0, 143, 歌德对话录 
2060483, 28.4, 7.8, 212, 克雷洛夫寓言 
2194050, 25.7, 7.2, 236, 斯佳丽 
2161695, 27.1, 7.7, 183, 前夜 父与子 
1893971, 25.8, 7.4, 194, 温泉 
3127856, 22.7, 7.8, 73, 约婚夫妇 
2194124, 29.5, 8.2, 177, 死农奴 
2161697, 30.1, 8.2, 196, 一生 两兄弟 
3131636, 24.5, 7.5, 133, 修女 
3136254, 21.7, 7.5, 77, 吉姆老爷 
3127866, 25.3, 8.0, 100, 贝姨 
6803721, 40.5, 9.3, 384, 中国历代政治得失 
7000811, 32.6, 9.4, 112, 国史大纲（上下新校本） 
6717822, 29.6, 8.5, 140, 中国思想史 
6097211, 31.9, 8.9, 147, 阳明学述要 
6809193, 30.1, 8.7, 128, 从中国历史来看中国民族性及中国文化 
6401124, 28.8, 8.6, 113, 中国历史精神 
6097219, 29.6, 9.1, 89, 国学概论 
6097214, 29.0, 9.0, 87, 中国近三百年学术史 
6401122, 26.7, 8.2, 109, 中华文化十二讲 
6094260, 23.1, 9.1, 33, 朱子新学案 
6713998, 12.9, 7.7, 12, 钱穆先生全集 
6116198, 22.9, 9.0, 34, 先秦诸子系年 
6030334, 24.4, 9.0, 43, 庄子纂笺 
6829167, 27.7, 9.2, 62, 中国文化史导论 
6097222, 30.5, 9.3, 89, 论语新解 
6097212, 24.6, 8.9, 47, 宋明理学概述 
6401126, 23.2, 8.4, 51, 中国文化精神 
6717823, 26.4, 9.1, 55, 學籥 
6097218, 23.5, 9.1, 35, 两汉经学今古文平议 
6097217, 19.0, 8.4, 25, 墨子 惠施公孙龙 
10049471, 26.9, 9.3, 52, 八十憶雙親 師友雜憶 (合刊) 
6981806, 25.6, 9.3, 43, 中国史学名著 
6784203, 23.5, 8.7, 44, 秦漢史 
6401123, 22.1, 8.5, 40, 中国历史研究法 
6097221, 19.2, 8.9, 20, 四书释义 
6976547, 13.4, 7.9, 12, 双溪独语 
10435396, 22.2, 8.6, 38, 人生十论 
6097215, 18.1, 8.0, 27, 孔子与论语 
6401127, 19.8, 8.2, 32, 国史新论 
6775828, 18.9, 8.1, 29, 中国学术通义 
