Series, Page, Type 
4995, 2, 1 
1417, 1, 1 
11671, 2, 1 
526, 5, 1 
526, 6, 1 
526, 7, 1 
526, 8, 1 
526, 9, 1 
4504, 3, 1 
4504, 4, 1 
4504, 5, 1 
17556, 9, 1 
17556, 13, 1 
17556, 14, 1 
17556, 15, 1 
25, 9, 1 
25, 10, 1 
25, 11, 1 
25, 12, 1 
25, 13, 1 
25, 14, 1 
24, 20, 1 
24, 21, 1 
24, 22, 1 
24, 23, 1 
18073, 1, 1 
18073, 2, 1 
4634, 5, 1 
4634, 6, 1 
4634, 7, 1 
27, 12, 1 
27, 13, 1 
27, 14, 1 
27, 15, 1 
27, 16, 1 
27, 17, 1 
3354, 9, 1 
19745, 13, 1 
19745, 14, 1 
3747, 4, 1 
3747, 5, 1 
1700, 8, 1 
3367, 3, 1 
2093, 1, 1 
175, 1, 1 
52, 14, 1 
52, 15, 1 
52, 16, 1 
6453, 1, 1 
3007, 1, 1 
3007, 2, 1 
18636, 1, 1 
3658, 15, 1 
3658, 16, 1 
3658, 17, 1 
3658, 18, 1 
13517, 4, 1 
2895, 2, 1 
721, 9, 1 
721, 10, 1 
14549, 12, 1 
14549, 13, 1 
14549, 14, 1 
14549, 15, 1 
14549, 16, 1 
14549, 17, 1 
14549, 18, 1 
14549, 19, 1 
14549, 20, 1 
14549, 21, 1 
14549, 22, 1 
14549, 23, 1 
14549, 24, 1 
14549, 25, 1 
14549, 26, 1 
7638, 8, 1 
4571, 3, 1 
4571, 4, 1 
4571, 5, 1 
4700, 8, 1 
2397, 2, 1 
2397, 3, 1 
2397, 4, 1 
2397, 5, 1 
295, 4, 1 
295, 5, 1 
295, 6, 1 
1776, 4, 1 
1776, 5, 1 
7547, 4, 1 
7547, 5, 1 
7547, 6, 1 
